1 9 170 42.31503132873902 3068 
2 9 179 10.840637429057626 3005 
3 10 168 13.522463268003108 2935 
4 10 164 42.63993587518134 2949 
5 11 180 14.081295924434283 3037 
6 13 163 27.990137511247248 2945 
7 13 167 43.12537724929638 3036 
8 14 162 15.143400858390006 3040 
9 16 164 43.22661711753406 3047 
10 16 174 37.89628205699043 3018 
11 16 168 10.040214603473704 2922 
12 16 177 28.79809412124108 2934 
13 17 179 21.216866064604403 3105 
14 18 169 35.99217497026922 2922 
15 18 167 34.484476456192134 2933 
16 21 164 18.024591410494153 3001 
17 21 175 32.85663293836613 2951 
18 23 179 38.65899964023467 2956 
19 24 177 37.01944078891534 3118 
20 25 170 34.93444629418505 3078 
21 25 164 47.29280578115576 2945 
22 25 172 49.76379661528009 2940 
23 26 180 32.80296482102163 3021 
24 26 178 18.979717052582792 2964 
25 27 179 23.37936206546379 3044 
26 31 173 23.181354283315656 2928 
27 32 174 40.80427148327726 2964 
28 38 179 27.701993369977252 2988 
29 39 170 41.86647334085873 3028 
30 40 162 40.042967573904384 2924 
31 40 181 17.412743828464293 3040 
32 43 174 26.00005904869772 3067 
33 48 172 33.77586356853621 2946 
34 49 165 43.48239264329124 2964 
35 52 164 47.630154801102215 3077 
36 52 164 14.839269164872292 2947 
37 52 178 12.33636831257198 2997 
38 53 169 42.10970462153886 3036 
39 54 177 20.732479623035815 3020 
40 54 173 29.729771923316022 3089 
41 54 180 21.2254520272972 2923 
42 55 164 24.241030072625588 3021 
43 56 165 44.490708113538 3087 
44 57 166 20.040307694101163 3057 
45 59 180 35.33331262635099 3006 
46 63 174 38.30332976549042 2997 
47 64 166 28.941945220249007 2930 
48 65 167 29.3608774064344 3065 
49 65 178 34.37937536018367 3062 
50 65 172 31.00135618662811 2992 
51 65 179 22.659004357868803 3043 
52 68 169 32.15975847388094 3037 
53 68 163 25.278555730355453 3116 
54 69 162 35.94760980139941 2934 
55 70 177 38.912117778475555 2983 
56 72 166 39.1971832333768 3037 
57 72 166 25.075001064937716 2927 
58 73 177 10.800130964146405 2967 
59 74 173 33.42081267202065 3072 
60 75 178 15.014000290362691 3115 
61 75 179 42.88909657481162 2992 
62 75 182 29.101692185515994 3028 
63 76 176 32.46954992139536 3055 
64 77 181 29.265891917952416 2946 
65 78 173 49.495314446469564 3046 
66 78 165 18.92368741239633 2990 
67 78 176 26.906169569558514 3105 
68 79 182 37.815623317574136 3001 
69 80 170 20.6526455814822 3068 
70 80 170 48.50068764758904 3104 
71 80 174 15.5068792909255 3047 
72 83 180 46.09086474893789 2962 
73 87 171 16.127434193289023 3025 
74 87 172 24.15222082198404 3003 
75 88 177 40.358980430893055 2923 
76 89 172 39.5128849713416 2973 
77 91 173 46.36907236580606 3051 
78 92 182 35.46664548012738 3087 
79 92 177 46.355442501791835 3042 
80 92 165 17.482876903536688 3101 
81 92 170 44.1481654678183 3059 
82 93 165 33.03170933608284 3030 
83 94 175 41.088981793572216 2941 
84 94 167 45.17391976669449 3019 
85 97 173 25.839718889834828 3022 
86 97 165 14.936161144987938 3068 
87 102 175 49.990827291505255 2946 
88 103 169 38.28050352642768 2938 
89 104 176 32.260116296305846 3026 
90 104 169 31.61080245917588 3086 
91 106 174 13.178637605161661 2929 
92 106 171 22.867753504541056 3060 
93 106 172 36.56758706181115 3039 
94 107 162 31.70862610569104 3088 
95 107 181 32.24280771787484 2920 
96 108 163 41.84422964630481 3075 
97 111 176 29.704856871708955 3104 
98 117 171 16.600936719417916 3088 
99 117 173 28.949898245559037 2973 
100 118 167 33.06128638056204 2926 
101 119 164 47.986730421229566 2990 
102 120 177 11.18958041324792 2977 
103 121 165 37.28875132559908 3012 
104 121 164 43.31203415475836 2969 
105 122 170 19.65426785275646 3023 
106 125 180 20.996092769305534 3094 
107 125 181 44.60213282232123 3117 
108 125 165 43.50665917203399 3116 
109 125 165 22.36599927345121 2987 
110 126 182 27.711130665097578 3021 
111 128 162 13.21635543144826 3110 
112 130 174 42.67338225340271 3032 
113 131 181 15.668156542336856 2958 
114 132 180 35.485013375138735 3067 
115 133 178 40.663168304173645 2927 
116 133 173 25.32675829047218 3030 
117 134 165 46.74404779461839 3115 
118 135 172 28.15343986848311 3092 
119 136 164 11.019223079811194 2939 
120 136 166 29.24004576761723 3119 
121 138 171 31.41903861995715 3043 
122 139 169 27.155653022512197 2956 
123 139 169 11.26848551689337 3000 
124 140 169 37.005625823065216 2960 
125 141 162 30.464805646985006 3026 
126 141 178 10.736643074204423 3082 
127 142 175 15.941569000655008 3001 
128 143 178 33.01361758699244 3012 
129 143 181 39.748802623012054 3069 
130 143 162 18.21791798885695 3019 
131 143 171 24.88396649675042 2993 
132 143 176 20.914306937913484 2970 
133 144 165 32.57740676089135 2986 
134 144 171 46.73979721891512 3095 
135 147 182 40.56332354046528 2985 
136 147 163 27.222189226058596 2922 
137 148 177 30.103622559235056 3020 
138 150 177 46.02345471137684 2946 
139 150 166 26.377509464037146 3025 
140 150 179 21.291107492940775 2967 
141 151 174 34.003422257100084 2992 
142 153 162 15.6766309365787 3041 
143 153 165 10.169269821472993 3089 
144 154 176 12.560040191716762 3074 
145 155 165 37.43895684473096 2922 
146 156 172 46.6293934883306 3056 
147 157 168 36.562871598017 2944 
148 158 182 20.980188969294737 3094 
149 160 162 42.57563920302735 3038 
150 166 179 31.67256464613919 3102 
151 166 172 15.77177045496812 2993 
152 166 163 22.664119199402247 3113 
153 172 165 20.86654522853259 2944 
154 173 173 47.12227795168499 2992 
155 173 176 46.02595017517836 3058 
156 174 181 24.93110806044079 2933 
157 175 177 18.339616461289665 3030 
158 175 163 15.319688658289333 3113 
159 176 176 11.614788358080311 3112 
160 177 177 26.086282564948352 2954 
161 177 166 48.47793275492559 3110 
162 178 181 26.82968676202266 3013 
163 178 180 26.191972928821606 2938 
164 178 162 14.679147148782459 3113 
165 179 175 20.854106795769663 3025 
166 183 165 33.86573400709281 2923 
167 183 172 11.605654678506214 3044 
168 184 177 12.983641027387861 3091 
169 185 178 11.650025767801626 3083 
170 186 180 25.420029184612332 3057 
171 187 178 17.78887625659994 2944 
172 190 168 28.725270847670537 3104 
173 190 174 44.30104664930661 3105 
174 192 178 23.575451234894253 2996 
175 193 176 12.22698598525746 3111 
176 193 163 26.205509346255283 3004 
177 196 182 38.92708347092915 3039 
178 199 172 42.98986990195108 3026 
179 199 167 27.9798902386597 2944 
180 199 163 38.99810693695723 3015 
181 199 178 11.255039519848257 3087 
182 204 181 45.91563254610262 2967 
183 205 178 16.111253831882596 3019 
184 207 173 22.773587473241307 3078 
185 209 181 31.47185420262609 3039 
186 209 169 35.993997842938114 2931 
187 210 177 26.80367593151393 2991 
188 212 164 45.684241868498574 2969 
189 213 174 43.45018252725897 3090 
190 214 171 18.109574061194703 3116 
191 217 164 45.97299170828768 3105 
192 220 170 30.932956032717588 3095 
193 221 180 25.417805185163168 3078 
194 222 177 30.135528754165616 3118 
195 222 170 18.04410919357249 3008 
196 223 168 36.69078243506431 3115 
197 225 180 42.265989062856264 2963 
198 226 178 33.21660089281555 2931 
199 228 181 34.98304061409334 3119 
200 228 163 45.11684511029503 3021 
201 229 177 49.794642984337784 2963 
202 230 180 37.62618586904503 2941 
203 231 174 18.726188928831426 2961 
204 231 164 43.13009491791637 2980 
205 232 172 24.515691723923876 2923 
206 232 172 40.73026714740907 2952 
207 233 166 42.568633608933105 3111 
208 233 172 21.666778307936646 2972 
209 235 168 14.205247672597409 3083 
210 236 164 26.28127803323617 3012 
211 237 173 34.155760741696795 3093 
212 238 171 18.49913844218751 2999 
213 239 180 30.026094323159217 3024 
214 241 177 40.651505409984004 3067 
215 244 170 22.718441662836074 2953 
216 244 172 18.957851382399355 2969 
217 246 167 45.30493549995938 3080 
218 247 178 25.59752886316375 3010 
219 248 166 15.615031040968699 3028 
220 250 165 42.24102431776865 2927 
221 250 173 16.42810642081065 3115 
222 251 169 12.05692452797743 3039 
223 252 170 29.066083630496166 3031 
224 252 171 39.27051418766532 2948 
225 259 174 13.61588800107993 3037 
226 261 177 18.751512054243904 3043 
227 261 170 18.079865636290833 3030 
228 263 181 19.939837286048242 3004 
229 267 163 42.80638567309789 2961 
230 268 165 41.46554804392929 3076 
231 268 179 43.52498938853651 2963 
232 269 172 21.44806332253113 3114 
233 269 173 27.815006747720506 2922 
234 269 166 24.904766142498037 2997 
235 270 174 15.955005141357542 3069 
236 270 163 44.63451304388918 2937 
237 270 180 14.874746772853541 3003 
238 270 181 12.887128500829895 2993 
239 271 181 11.8964876640809 2924 
240 271 163 19.700023603709774 3006 
241 272 166 33.00186782154814 3001 
242 272 170 44.514236811316 3073 
243 273 181 36.04198308125214 2961 
244 273 169 49.98259136160515 2967 
245 274 168 33.11523655808105 2966 
246 275 179 19.035878278738462 3057 
247 276 173 45.26706519155218 2929 
248 278 180 26.213142777696817 3054 
249 278 165 15.412942879006767 3064 
250 280 172 15.49621826999143 3091 
251 280 162 24.737795896933203 3047 
252 281 175 15.659690042677536 3110 
253 282 182 49.49195490505528 3105 
254 282 170 38.45993012403591 3086 
255 283 164 18.044411936619944 3038 
256 283 166 32.75416102500814 3025 
257 285 178 27.261088443797043 2934 
258 288 173 31.63784419266284 2992 
259 289 170 29.77650386822178 3031 
260 289 173 20.724973537365997 3073 
261 289 165 39.71695159627671 3083 
262 292 169 17.340210248055552 2952 
263 293 168 28.286027775078345 2932 
264 293 177 13.037311551303707 3000 
265 293 167 44.881697982445594 3006 
266 296 181 21.10177691214225 3105 
267 297 174 21.00727375267131 2987 
268 297 163 45.19413884356213 3082 
269 299 162 11.160997224885154 3113 
270 300 173 19.896142675683407 2929 
271 300 174 12.251626774301627 3108 
272 301 170 23.957560099082507 3103 
273 304 179 13.416063451898781 3004 
274 304 169 14.211559264662771 3095 
275 304 170 20.527781736509382 3097 
276 304 172 38.14293686853148 2971 
277 306 174 14.0120534433742 3019 
278 307 181 37.05951882183426 2938 
279 309 162 23.130323569491914 3026 
280 310 178 12.225947762637293 3094 
281 311 164 28.716832572621755 3026 
282 312 162 25.868840031737953 2991 
283 313 169 38.60466181171173 3119 
284 314 167 10.037636948986691 3021 
285 315 174 26.071479579060043 2943 
286 315 168 23.7083493682897 3107 
287 316 180 41.96604305879125 2932 
288 316 162 18.829647031838427 3019 
289 318 172 44.23714216823814 2945 
290 318 173 48.24407336853513 3095 
291 318 166 15.119385129066929 3061 
292 318 173 15.413642184585822 2998 
293 320 180 33.8164839624571 3068 
294 322 172 17.456457850087965 3078 
295 323 167 16.35279150174764 2935 
296 323 162 29.565053373856273 3052 
297 324 177 24.058143436222636 3065 
298 326 177 47.84441129565633 3071 
299 331 168 12.528444122201229 3080 
300 332 176 27.688137895334876 3058 
301 333 163 42.87396375299145 2973 
302 335 164 44.27607510612542 3002 
303 335 180 25.10456755109938 2943 
304 336 164 33.50980812577962 2986 
305 336 177 16.518408408293546 2979 
306 337 173 23.471058572499498 2989 
307 342 180 49.109169160578034 2922 
308 343 169 20.255403500086736 3039 
309 343 164 49.15829552256038 2980 
310 346 173 27.653349580852897 2924 
311 347 171 43.243543440179664 3082 
312 349 176 23.21652311603578 3064 
313 351 162 19.63247209234913 3038 
314 351 167 39.59787190989959 3034 
315 351 178 19.14637972570057 3087 
316 354 173 24.12429371230114 2942 
317 356 165 16.56035211398581 3069 
318 358 177 44.25309445493556 3007 
319 359 175 49.92044106588074 2981 
320 360 163 24.078306754508667 3040 
321 361 181 11.275638050284558 3082 
322 361 163 38.73520829900959 3058 
323 362 165 44.44317755409414 3056 
324 363 175 45.86897364374665 2969 
325 363 182 13.929618800703935 3067 
326 365 169 12.138100499054909 3102 
327 366 180 47.93565537498543 3108 
328 367 163 10.688110162884845 2935 
329 367 165 27.32317114050631 2991 
330 368 180 21.106753821015104 3021 
331 369 180 30.582150942563345 2948 
332 371 179 11.330830441803812 2939 
333 372 175 30.261693093918712 2948 
334 374 162 33.00196989501033 3013 
335 375 173 37.80114937493404 3098 
336 377 175 22.888680714736157 3116 
337 378 178 31.979424518976536 2997 
338 379 178 24.150678318400676 3009 
339 379 166 22.972820791171934 2958 
340 380 169 45.97051545326525 2949 
341 382 169 15.468110987765353 3074 
342 382 178 27.42931152953707 2960 
343 382 181 17.17773498988986 2979 
344 382 162 35.06855320737655 2934 
345 383 182 34.9226716529042 2980 
346 384 169 34.80711907431048 2930 
347 385 165 37.830626176658626 3061 
348 385 171 19.24015362023499 3017 
349 387 174 46.107439741229314 3060 
350 387 173 18.914331823585606 2974 
351 388 163 28.687826634616094 3020 
352 388 170 38.32234908288962 3082 
353 389 181 33.672024521295576 3085 
354 395 166 34.788734103649574 2925 
355 396 174 29.202333150031077 2958 
356 396 167 22.815685928628028 3060 
357 397 172 31.816216226942355 2977 
358 398 163 26.401483206811815 3015 
359 398 178 47.70302230481553 2965 
360 403 175 45.01951179674969 3049 
361 403 179 23.218307725403182 3070 
362 403 170 48.17219511905297 2945 
363 404 168 41.65618629494043 3050 
364 404 177 18.851829446764896 3034 
365 407 179 34.62184348034059 3033 
366 407 176 16.56738604845275 3075 
367 409 174 25.320103657232075 3107 
368 409 176 18.806044424141987 2996 
369 412 170 33.850437526061974 2987 
370 413 170 41.956194350747396 2992 
371 414 163 29.898034434790905 3093 
372 414 179 23.806376353067506 3041 
373 414 167 48.49226118560281 2962 
374 415 163 25.349068539225765 3023 
375 415 177 19.411042042790463 3048 
376 415 167 44.88667378359985 3096 
377 416 163 14.943659723809187 2964 
378 416 174 12.30255176566796 3100 
379 417 182 30.462568031035865 3071 
380 417 162 43.266793615500205 3060 
381 417 176 25.6152481820042 2964 
382 421 177 14.921475536433583 2937 
383 422 167 17.509180313897545 2948 
384 424 177 15.758533798075952 3085 
385 425 168 21.035102244645035 3038 
386 426 178 46.493977739414206 2986 
387 429 164 20.697895702358075 3004 
388 432 182 47.44513713206641 2958 
389 435 165 49.31634405946623 2983 
390 435 171 32.64094967943144 3029 
391 435 168 24.54258570235043 2976 
392 437 174 34.044386156397955 2934 
393 439 171 49.495932365944306 3095 
394 440 164 24.897485868910117 2973 
395 441 176 34.153447465224374 2987 
396 441 171 25.468654213669804 2939 
397 441 182 18.771302133064623 3120 
398 442 181 29.484233758805296 3078 
399 442 181 16.920394802642758 3082 
400 443 169 49.829517934231006 2991 
401 444 182 24.088134769638415 3037 
402 445 171 47.296118820848065 3099 
403 447 179 17.72515251508952 3027 
404 447 162 38.935785113392335 2953 
405 447 179 17.762232084198466 3085 
406 448 175 48.99422983906507 3092 
407 452 168 27.764345454855395 2927 
408 452 162 18.109632813851412 3104 
409 453 166 16.325630826030064 3011 
410 453 163 44.116597362519066 3101 
411 454 182 49.18769563931781 3017 
412 457 175 41.43309234386074 2946 
413 457 172 22.203835600604673 2967 
414 458 164 44.51523784316706 3065 
415 458 177 48.03507213902297 2946 
416 463 181 14.03775546155055 2979 
417 463 177 17.61086237124175 3059 
418 463 182 47.69103187648148 3101 
419 464 172 21.36882744027213 3002 
420 464 165 16.23225268563326 2969 
421 465 162 10.467405685581493 3075 
422 465 167 37.94725738173612 3104 
423 465 169 39.60375645097101 3075 
424 468 171 43.24339344575413 3035 
425 469 162 12.221111648920232 3095 
426 469 168 42.309807511872776 3119 
427 469 168 46.063494546568 2951 
428 470 167 48.80041202269335 3070 
429 470 167 43.61291886121618 3092 
430 470 163 19.125787254942942 3044 
431 471 173 40.571654885515464 2940 
432 474 172 37.92833199084602 2957 
433 474 168 13.21404882223684 3034 
434 474 171 22.368519670357085 3061 
435 475 175 11.708894997074818 2982 
436 475 177 33.24526686667164 2974 
437 477 165 47.187457863060295 2975 
438 479 163 28.652358613015384 3055 
439 481 168 12.148491966581814 2937 
440 481 165 15.577097758632474 2933 
441 482 168 11.820275373602831 2963 
442 483 174 40.08948316318086 2928 
443 483 168 44.93661935050775 2989 
444 486 173 21.627688785142904 3008 
445 486 174 44.29476946042723 3031 
446 489 169 45.486101539420424 2945 
447 494 180 20.01380285349919 3025 
448 495 182 16.471759583008293 3057 
449 495 173 37.76566619369696 3087 
450 496 180 18.83527089278513 3040 
451 496 167 26.20270217366891 3017 
452 498 174 42.85109094344533 2979 
453 500 172 45.06674952960472 2972 
454 500 177 17.773213675960996 3083 
455 500 181 34.71754008839439 3080 
456 501 177 26.489301319934604 3016 
457 502 173 18.99588226880665 3115 
458 502 169 39.9935703512044 2935 
459 502 178 20.55190427218654 3025 
460 502 167 18.485716760093716 2920 
461 502 165 14.334534382410485 3087 
462 503 179 10.04334950697726 3035 
463 504 176 21.675171088362426 3013 
464 504 176 45.066037343940344 3054 
465 504 164 33.64209356502242 2922 
466 504 166 41.29708990720463 3082 
467 504 179 11.693455136988135 2994 
468 508 178 44.87982525067031 2967 
469 508 172 27.7782060447017 3082 
470 508 180 30.582979822893922 3074 
471 509 172 44.70823876386527 3063 
472 510 171 20.30933510868865 3047 
473 510 175 29.418790175086666 2960 
474 511 166 33.60531350110274 2941 
475 511 179 20.11832472853102 3078 
476 512 180 45.07383879057386 3000 
477 515 178 31.56470506015786 3022 
478 517 181 16.52187184386638 3054 
479 517 182 44.221903779051985 2971 
480 519 162 43.05481769808823 3102 
481 519 176 35.54546844492862 3077 
482 520 181 49.1177449487479 2941 
483 520 181 36.95931334412015 2936 
484 520 178 12.719541348022405 2967 
485 520 165 38.35620750061764 3075 
486 523 182 41.28009246389543 3093 
487 523 168 43.183656388834144 2933 
488 525 172 35.30442533752706 2998 
489 526 169 18.257688936011828 2996 
490 527 169 42.36879986891523 3083 
491 528 169 29.479235746381605 3040 
492 529 171 33.597744952026275 3085 
493 530 164 41.61075110591624 3052 
494 534 182 10.893465593263606 3027 
495 534 164 47.037461621979794 3014 
496 535 178 22.34645612124818 3033 
497 537 168 35.96068352184147 3025 
498 538 174 38.18082299671558 3106 
499 538 170 31.65359159309677 2959 
500 539 170 25.146986010892856 2990 
501 543 166 39.20002093632973 2922 
502 544 177 39.5166716881193 3105 
503 544 168 39.70746671858174 2986 
504 545 179 12.065911610732067 3047 
505 545 180 13.766029649455493 3001 
506 545 162 14.823106021181847 3119 
507 548 167 20.372454921122618 2990 
508 549 181 26.75755870417874 3064 
509 549 172 49.76438877468138 3086 
510 550 168 18.38993274718165 3024 
511 550 166 36.93541321562499 3045 
512 550 173 13.083080221700243 3071 
513 550 169 15.406624650945675 2983 
514 550 182 19.881080176650528 2938 
515 551 169 21.485660356895213 2972 
516 551 164 16.088038424348696 3117 
517 552 163 19.41458011113061 3057 
518 552 171 45.133611458245994 2957 
519 555 179 49.05630891995759 3096 
520 555 165 21.859283006145557 3117 
521 556 162 18.22919356545125 3093 
522 556 168 26.589599572264362 3057 
523 558 173 49.94424953636656 3089 
524 558 177 28.66093929903407 2941 
525 559 171 45.735402382650896 3098 
526 560 177 28.852294901720548 3094 
527 561 174 32.91305169340578 2972 
528 561 182 25.041438885501922 3030 
529 562 171 13.401529283252094 2977 
530 564 170 34.23778523914369 3042 
531 564 179 34.344667057941315 3007 
532 564 179 44.99345297834942 2975 
533 564 182 28.918739189676725 3119 
534 565 163 42.654147210517735 3013 
535 565 168 15.52084237032286 3064 
536 566 178 47.195198013614664 2940 
537 568 169 26.683929440472674 3073 
538 569 162 43.45315828126011 3095 
539 569 164 46.96791317577703 3021 
540 573 177 16.00750946551528 3025 
541 573 182 27.686128663509606 3049 
542 575 177 41.93402911611457 2998 
543 578 166 15.091217195910254 3079 
544 580 175 36.195866991253475 3030 
545 581 163 45.06716502066722 2989 
546 582 171 10.647080478385353 2927 
547 583 167 12.614312962856516 3084 
548 584 167 41.73511251785574 3069 
549 586 173 40.623691455273544 3023 
550 586 166 24.654974604163034 2950 
551 587 162 11.703151577576945 3029 
552 589 167 17.248772934801686 3045 
553 591 180 38.07241950592906 2993 
554 591 164 15.01549406286792 3108 
555 592 176 37.50144994451026 3081 
556 595 179 25.75541925317325 2924 
557 595 171 31.541647233469043 2950 
558 597 182 19.201562039847666 2991 
559 597 177 14.399717505426262 3051 
560 597 171 16.989016980407605 2945 
561 599 167 49.13966641685174 2994 
562 601 176 48.197566497670664 2987 
563 606 169 44.45897308218833 3071 
564 608 174 33.61630035065315 3039 
565 612 180 49.45306086303789 2966 
566 612 178 26.852134938287637 3013 
567 612 177 47.21803049207632 2931 
568 613 165 13.039237147861078 3025 
569 615 176 31.618639237641645 3072 
570 615 167 22.755879304338805 3018 
571 616 165 10.444296949721675 3026 
572 618 167 18.197484798154647 3051 
573 618 168 36.383298878257975 3066 
574 619 175 25.72806746377681 2939 
575 620 172 23.654114427084558 3059 
576 621 166 35.587837654551805 3061 
577 622 169 48.39107253629843 3010 
578 624 174 39.29614221737449 2988 
579 624 182 31.889149239677046 3054 
580 626 170 12.89441918539941 3078 
581 626 168 47.8805765842272 3020 
582 626 171 24.659086923288662 3061 
583 627 175 30.319502982024616 2935 
584 627 167 11.4035712153313 3026 
585 627 166 41.94649114306466 3058 
586 628 169 42.17635037001685 3097 
587 628 175 36.305370413349415 2963 
588 629 164 24.683448719991166 3018 
589 630 167 37.827775237472835 2994 
590 630 170 26.34915642944566 3014 
591 631 169 35.49923374311488 3074 
592 635 169 34.78754716732955 2963 
593 636 177 45.32429201537711 3050 
594 638 182 28.392513553038093 3027 
595 639 169 26.88141418728187 3057 
596 642 179 49.77875491119554 2957 
597 644 172 17.94014626513524 3010 
598 644 165 19.81718948037817 2931 
599 644 179 15.9583441352801 3023 
600 647 167 37.847088749877074 3025 
601 647 168 46.50388593021158 3074 
602 647 162 48.03204243058884 2967 
603 648 164 31.907314908563897 3112 
604 651 164 43.31739563735751 2945 
605 653 163 41.352120599105206 3115 
606 655 176 39.582815681537966 3009 
607 656 173 16.697574640876343 3106 
608 658 175 24.155571320527454 3083 
609 659 182 47.048442481423486 3005 
610 659 163 26.14699664826716 3064 
611 659 162 13.745269720326796 2930 
612 660 173 49.95551251159775 2935 
613 660 179 26.950620752942736 2926 
614 662 182 13.546328027101389 2980 
615 663 182 42.59684680166147 2986 
616 663 170 16.21790368518335 2939 
617 663 167 38.04209064332628 3052 
618 664 179 32.70587157057998 3069 
619 665 177 37.0430963526144 2941 
620 667 181 12.24209332448089 3016 
621 667 171 28.673316104886762 3101 
622 668 175 32.597929812585626 3089 
623 669 175 35.725370032653544 3079 
624 671 181 42.93669269404476 2990 
625 674 164 43.87646527673782 3075 
626 675 168 37.664171629514414 3088 
627 675 175 18.203529781393513 2963 
628 677 172 29.819984976382194 3006 
629 678 162 33.693514230743915 2957 
630 679 179 41.53391412716081 3103 
631 679 179 11.492015455645742 2973 
632 679 176 37.34350775397722 3084 
633 680 172 33.61189281417852 3003 
634 681 170 39.79919054304929 2965 
635 683 173 18.227356535555366 3019 
636 684 167 41.88325931031968 3102 
637 686 169 11.745754884269438 2931 
638 688 169 35.8744924522652 3020 
639 690 175 19.0015918310327 2976 
640 691 174 13.911560817291665 3009 
641 692 180 42.868018451831574 3097 
642 693 175 42.43490112919194 2962 
643 693 168 15.967135974785286 2933 
644 694 172 35.92432644022584 2986 
645 694 177 11.59737411192645 3068 
646 694 169 29.063167414590907 2924 
647 695 174 36.82229741226788 2983 
648 695 178 14.415953396952306 2971 
649 697 170 15.985385476930126 3002 
650 697 164 23.649007574247193 3021 
651 697 171 41.10950149999221 2974 
652 697 163 26.644003724866742 3019 
653 701 166 15.121651750632417 3117 
654 701 182 12.63304036269474 2968 
655 704 175 37.36116396452413 2982 
656 705 179 29.561814599982732 2947 
657 705 167 27.914329914238518 2998 
658 706 173 43.25026952540059 2931 
659 706 181 12.724707751995874 2983 
660 707 175 25.244862609462047 3071 
661 707 165 46.717134853514104 3103 
662 709 178 14.800979186473754 3008 
663 711 179 20.64825284111833 2980 
664 712 177 17.229715841222056 3057 
665 712 168 11.224426866986438 2984 
666 713 176 15.886955944161656 2947 
667 715 177 10.517934186136099 3069 
668 715 171 25.909137556410716 3106 
669 715 170 46.7241079490184 3069 
670 715 178 18.293069751486964 2973 
671 715 163 48.24223013474979 2971 
672 716 176 42.147614727532016 3088 
673 716 177 42.37644334160328 3097 
674 717 175 17.764735134581127 2999 
675 719 172 36.47715007758953 3073 
676 720 177 47.200055193716075 3003 
677 721 179 12.690902295501484 2987 
678 721 169 22.042014496848765 3047 
679 721 168 20.565657023660997 3099 
680 721 166 18.01635596099645 3011 
681 721 169 18.575776344425996 3065 
682 721 162 12.199067121045935 2977 
683 722 181 49.17785567118537 3071 
684 722 171 33.05676853083375 3069 
685 722 169 32.465598873996406 3115 
686 723 172 22.445869855620465 2928 
687 723 172 38.27977879310582 3060 
688 724 181 49.43491844149372 3033 
689 728 174 23.169926807939184 3100 
690 729 176 43.42033647538745 3109 
691 729 169 22.647954543273066 3073 
692 731 164 34.784181290824364 2941 
693 732 176 45.55043764200758 3118 
694 733 172 33.18179818427218 2947 
695 733 177 11.95394809654713 2979 
696 734 180 41.5589244550893 3099 
697 734 166 46.35547617320096 3005 
698 735 171 44.431258206599615 2954 
699 736 168 13.894223958414091 2990 
700 736 172 47.28796781594355 2956 
701 737 168 30.15398303179483 3078 
702 737 167 42.437983158282435 2947 
703 737 164 19.418543954348337 3103 
704 738 182 12.943180747001882 3048 
705 739 173 40.57258749192109 3096 
706 740 180 24.27943689326714 2991 
707 741 176 37.93859065110872 3104 
708 741 165 11.605895766564851 3073 
709 741 179 10.71583162297912 3025 
710 741 167 34.215976318459184 3049 
711 745 176 49.9370656707669 3091 
712 747 176 44.68472755842681 2937 
713 747 170 13.18677909098312 2984 
714 747 178 13.326252785194598 3120 
715 752 174 11.291528684805918 2982 
716 752 165 23.536140296099983 3046 
717 754 174 14.782426483936554 3043 
718 756 168 20.072489684159677 3110 
719 758 182 32.20862638756688 2938 
720 759 171 10.405355718855947 3030 
721 760 177 24.915610164808296 2984 
722 760 167 17.77734816997392 3049 
723 762 173 45.76462055457763 3031 
724 762 180 44.357756361248406 2981 
725 762 178 21.81326186240549 3041 
726 764 178 33.48115846851946 3002 
727 765 167 21.382027551027953 3070 
728 766 170 34.14015602037015 3107 
729 767 176 21.694744851896036 3087 
730 771 167 16.15517252879645 3064 
731 771 163 46.363225000382855 3083 
732 773 173 39.1611104436992 2921 
733 775 162 44.49119218163396 3008 
734 775 181 23.36488654164564 3007 
735 775 178 15.960502779453098 3024 
736 777 165 15.476722929087572 3085 
737 778 175 11.955292272605655 3098 
738 778 174 43.76921668281378 3064 
739 778 166 17.544254836550852 3071 
740 779 168 38.03237956204465 3032 
741 780 172 44.737613022412866 2921 
742 780 181 35.38747964204575 3120 
743 781 173 16.617225141449534 2992 
744 784 170 24.397108291282073 2928 
745 786 165 28.948022137241516 3108 
746 786 163 12.427842896500296 3069 
747 787 181 14.92548601974546 3066 
748 788 180 38.50910811615554 3013 
749 788 172 17.66343463531402 2943 
750 788 162 13.337405090656897 3068 
751 789 165 12.217815286415457 2922 
752 790 164 20.21120385859661 2925 
753 790 177 45.63219561841355 3069 
754 791 165 32.91131001964919 3020 
755 791 182 42.47532741470863 2920 
756 792 178 19.182612826658247 3116 
757 795 182 11.489940232465546 2999 
758 799 173 15.087288937880029 3048 
759 800 174 26.18670649036303 2935 
760 803 168 11.183062096038384 2950 
761 804 162 15.917729466055226 3048 
762 806 169 33.173273567727314 2956 
763 806 178 39.348147982733465 3061 
764 807 179 26.498816255362417 2928 
765 807 164 43.40344376068697 2958 
766 809 171 23.5195507928394 3061 
767 809 172 43.12518865700702 2936 
768 809 165 35.249646899941936 3119 
769 809 166 24.488934551159076 3071 
770 810 171 13.843992613050862 2994 
771 810 177 43.39750593631639 3098 
772 810 171 31.044317060670817 2978 
773 811 170 40.36333547808792 2937 
774 811 171 27.83985219324272 3068 
775 813 175 30.380060906664795 3018 
776 815 179 21.182900994369078 2970 
777 817 170 29.527891423123805 2934 
778 817 175 49.09017020530504 3027 
779 818 167 22.288856576275073 3086 
780 820 172 24.456986265374418 3088 
781 820 167 24.864451072764474 2946 
782 820 182 47.827889239689696 2973 
783 822 174 26.038945584095675 2967 
784 823 162 38.10812787509829 2954 
785 824 162 43.20966276532846 3033 
786 825 181 29.006564292650253 3099 
787 825 178 26.24040317586647 3116 
788 826 179 47.92477398208333 3035 
789 826 167 48.58950728280857 2991 
790 828 168 26.153788241207437 3113 
791 829 169 43.31532656615299 3076 
792 829 169 36.658196099860376 3066 
793 829 179 46.68628667083428 3015 
794 830 164 49.35918940389256 3065 
795 830 173 24.775478795106206 2936 
796 833 162 36.31746681187831 3034 
797 834 174 33.18215129932216 3117 
798 835 162 29.334098591394806 3093 
799 837 182 39.408692810375506 2926 
800 837 174 16.02276130170534 2932 
801 837 177 26.9800828011225 3085 
802 838 172 35.372125356919184 2975 
803 840 169 12.496331036834288 3041 
804 842 170 28.961528371909317 3053 
805 842 164 27.68299867973694 3031 
806 844 179 20.279216364831385 2942 
807 846 180 24.031450897461312 3077 
808 846 169 24.87075543216291 3004 
809 847 174 29.824843343567593 3086 
810 849 181 21.73980805377047 3065 
811 849 181 47.845988578137145 3020 
812 853 174 22.91688124971261 3028 
813 855 172 38.13748545542673 2995 
814 855 167 38.34444012887933 2969 
815 859 172 12.273317874396152 3115 
816 859 167 43.82531204555192 3022 
817 860 165 25.053877110921658 2980 
818 861 175 30.142493987304913 3030 
819 861 173 30.869367712396873 2999 
820 862 178 24.618776529426842 3118 
821 863 164 14.18881627929573 3112 
822 864 163 45.99684576848823 3008 
823 866 172 21.57420714163755 3009 
824 866 163 46.542983283727516 3088 
825 868 162 32.27268566334917 2960 
826 869 174 40.967268480317465 2959 
827 869 178 36.10435912405285 2933 
828 870 174 48.17156664096058 3027 
829 870 171 25.34778656624885 3045 
830 871 182 19.313112365651964 3030 
831 871 173 39.006757523638676 3041 
832 873 169 43.678460420505296 3090 
833 874 179 35.97378079757321 2998 
834 875 177 43.77274696176856 2949 
835 875 169 19.643067571129322 2961 
836 875 182 11.703192652605857 3009 
837 876 173 19.727391764574527 2998 
838 876 182 39.61956680614104 3066 
839 877 170 49.85116280035371 2996 
840 878 162 40.2866893485286 2949 
841 878 176 40.45016968899002 3017 
842 879 180 12.222755100133273 3102 
843 879 163 48.92929317211196 3027 
844 880 170 26.88901693489951 2967 
845 881 164 39.96905139345206 3057 
846 883 174 44.60950093595587 3084 
847 883 177 16.472320876836932 3034 
848 883 178 10.73846575134207 2953 
849 885 182 47.77558873740982 3037 
850 886 171 47.85106146613276 3075 
851 886 165 49.83514865216787 3045 
852 887 178 24.30416350876568 2948 
853 888 164 31.115643630481436 3073 
854 888 164 33.25013011504108 3041 
855 891 176 13.878704967029968 3042 
856 891 176 12.557052759944462 3062 
857 893 163 30.2627701768532 2997 
858 895 172 32.560536595885736 2960 
859 896 180 15.497143486873979 2991 
860 897 178 39.298146926545094 2953 
861 899 162 31.547879007910083 2929 
862 899 170 38.47956576095633 3061 
863 899 179 12.833401978705279 3097 
864 901 167 46.871334279877075 2955 
865 902 173 41.54804879666277 3075 
866 902 169 39.59742564840823 3070 
867 903 173 24.148411829797904 2924 
868 904 172 32.67524384878725 3081 
869 904 182 41.74519338597533 3007 
870 905 178 16.38898812955247 2935 
871 905 164 13.777887964512212 3045 
872 905 175 44.68662973275971 3071 
873 907 166 21.42215238174551 3026 
874 908 174 40.946839970154315 2955 
875 914 166 37.571754817044216 3103 
876 915 163 29.35180376696875 3069 
877 915 173 27.116447437550807 3001 
878 916 162 26.478022924085636 3004 
879 916 181 20.66316110234346 3055 
880 917 167 12.058797698975464 3045 
881 917 181 26.442123323437702 2925 
882 917 182 45.18036089077755 3096 
883 919 174 22.299955198083335 2956 
884 919 170 34.16069429193481 2988 
885 923 179 30.31975121574252 3108 
886 923 166 36.33839432839197 2937 
887 924 179 15.505751049467023 3022 
888 925 169 39.01453656334983 3067 
889 925 173 26.065179418489038 2990 
890 927 162 15.303313407423897 2995 
891 928 165 27.032163323842852 2927 
892 928 179 31.062798739057563 3069 
893 928 177 12.112239673242877 3051 
894 929 164 36.02541495090216 3011 
895 929 174 17.062970780608453 3113 
896 930 171 28.55406095756555 3108 
897 932 175 46.71494531936212 3024 
898 932 176 16.4058671301756 3012 
899 933 181 12.7020336849681 3082 
900 934 172 13.323303453503827 2964 
901 937 177 32.99167876580448 3081 
902 937 180 49.4626241748596 2970 
903 937 166 33.04268644084363 3079 
904 940 182 24.38032062445464 2977 
905 941 169 39.7405401124076 3048 
906 943 163 10.451719357398034 2986 
907 944 178 24.20199746149125 3093 
908 944 173 17.607812634420682 2936 
909 944 175 41.489207595818144 3023 
910 944 169 23.691952104035696 2983 
911 945 166 13.198674141327555 3000 
912 945 180 45.16458102123383 2967 
913 946 170 42.62435301659663 3084 
914 947 163 26.77362550143335 2931 
915 948 162 11.146611243867461 2985 
916 948 179 10.958467963315389 3053 
917 949 166 15.994758077686129 3076 
918 950 168 28.281010230143803 3062 
919 951 174 42.14046027313928 3072 
920 951 173 47.945214137741075 2926 
921 952 162 33.883317684209054 3021 
922 954 174 31.181189636659532 3090 
923 955 175 39.346037192373544 3008 
924 956 169 42.404290608831914 2996 
925 958 170 37.20598917676777 2990 
926 958 170 20.488589562635834 3034 
927 959 170 23.023608211068932 3105 
928 960 181 25.93569622204025 3090 
929 960 168 45.82118631721042 2949 
930 961 181 31.545177300967957 3042 
931 961 180 38.77894587629804 2923 
932 964 169 44.410405884241804 3004 
933 965 167 28.90793940964808 2955 
934 965 164 11.299289689887772 3029 
935 966 177 45.84609100935769 3030 
936 966 164 38.216976069637724 2939 
937 967 170 16.282765659542946 3024 
938 968 177 46.61476756813042 3053 
939 968 174 31.29175169061272 3064 
940 969 162 35.192422967283534 3085 
941 970 163 48.34435898177743 3113 
942 970 162 17.553938100176943 2947 
943 971 172 46.50676888251404 3009 
944 973 177 36.41896543188657 3065 
945 973 177 44.707073039351776 3100 
946 975 166 47.86923347389728 3053 
947 975 181 17.54612803366028 3074 
948 979 177 42.05579639415205 2974 
949 979 170 19.356911712569644 2993 
950 979 178 15.759729359481845 3069 
951 980 163 41.87610341379551 2943 
952 981 167 38.008918999818825 3008 
953 981 178 33.109147989880945 2974 
954 982 164 31.673440285608333 2921 
955 986 177 17.18283135998113 2945 
956 986 180 24.456350249268645 2966 
957 986 178 10.663254037675616 3078 
958 988 163 32.977045292194575 2994 
959 989 182 40.776852670081496 2948 
960 990 164 26.598979571796168 2991 
961 990 168 41.10541923173458 3105 
962 991 175 38.827081095289984 3116 
963 991 171 43.78595943386238 3114 
964 993 170 45.60824716785558 3116 
965 997 180 32.20577077116055 3118 
966 998 167 28.978245595612925 2966 
967 999 166 10.075520249359675 3100 
968 999 163 13.163638738185202 3095 
969 1000 175 10.600401838095287 3006 
970 1001 168 34.459284664325494 2935 
971 1001 173 35.54276001362139 3036 
972 1001 174 33.09103938218505 3079 
973 1002 177 44.155625475115016 2921 
974 1002 181 19.5332219801059 3044 
975 1003 178 41.586119153592925 3038 
976 1004 165 32.79490510322878 2941 
977 1004 162 15.50893785153217 2942 
978 1006 170 20.77408664731823 3072 
979 1007 164 35.09572483129581 2964 
980 1008 181 33.19010201686848 2960 
981 1008 174 37.03200970767977 3043 
982 1010 181 25.26988780145855 2977 
983 1010 179 36.794310640775805 3107 
984 1011 176 36.36919252024413 2948 
985 1012 168 43.26257623814793 2980 
986 1013 167 14.111435771747134 3052 
987 1013 181 26.202005325862345 2980 
988 1013 181 12.253316457356247 3074 
989 1015 162 17.66710559752898 2986 
990 1015 181 24.770667377953544 2972 
991 1017 172 40.99087973943739 2977 
992 1017 164 36.10309084195424 3051 
993 1019 180 45.21914274198658 3015 
994 1019 164 20.506837032186947 3012 
995 1019 176 10.648899861982738 2938 
996 1019 179 21.64364414071397 3042 
997 1020 171 27.121802644696615 2970 
998 1021 171 33.47781802503768 3024 
999 1023 167 23.492991786398207 3021 
1000 1025 173 25.19668674089955 2990 
1001 1026 167 22.25017034456657 3078 
1002 1026 181 43.675435194380874 2952 
1003 1027 173 48.02180331948296 3095 
1004 1027 164 47.13422889325537 3059 
1005 1027 180 15.787138460846041 2942 
1006 1028 170 27.511167338061004 3105 
1007 1029 163 29.038116455930123 2935 
1008 1029 180 27.330164855586982 2978 
1009 1029 179 17.568682197364993 2996 
1010 1030 173 35.45600376828088 2977 
1011 1030 174 29.19632316937492 2954 
1012 1030 170 15.656653412293409 2946 
1013 1035 177 31.66565693361633 2991 
1014 1035 180 17.102499835897255 2993 
1015 1036 181 28.403826750821466 2933 
1016 1036 169 24.41839923633621 2940 
1017 1037 181 15.345245342370944 2950 
1018 1037 163 37.60201062449167 2969 
1019 1039 172 23.202896675223542 3093 
1020 1041 166 41.08631097004003 2961 
1021 1042 167 41.56396047708784 2937 
1022 1045 166 34.6973027890109 2930 
1023 1046 175 36.7968434944792 3112 
1024 1047 177 48.67000567765809 3041 
1025 1048 173 45.30295182206098 3083 
1026 1049 172 19.802843751053587 3092 
1027 1049 167 28.88271640902839 2972 
1028 1049 178 40.523341054201026 3015 
1029 1050 164 32.54400616689621 3044 
1030 1051 177 45.611483459374696 2920 
1031 1052 165 19.62888268109691 3052 
1032 1053 173 20.268064045872173 2939 
1033 1054 174 39.359615773299055 2968 
1034 1055 181 14.838240696185036 3096 
1035 1056 162 35.84527937075557 2937 
1036 1057 182 22.812838517590933 2987 
1037 1058 175 35.224049060601885 2955 
1038 1058 164 15.329057811811793 2960 
1039 1059 162 25.400589054247988 3120 
1040 1059 167 48.06629768772219 3030 
1041 1061 172 12.58906057728784 2994 
1042 1061 175 37.76033919815606 3008 
1043 1061 177 38.636429338364785 2964 
1044 1061 179 29.607409890331667 2977 
1045 1062 169 13.943284608536404 3056 
1046 1064 168 13.610097425499909 3071 
1047 1067 167 22.268700081885076 2957 
1048 1070 170 49.528226458169755 2973 
1049 1071 174 49.330440100530964 2980 
1050 1073 167 44.82231573848242 3064 
1051 1074 162 36.75981789462618 3062 
1052 1078 164 18.280121583658516 3011 
1053 1082 182 26.644650303494718 2970 
1054 1084 162 46.55189375167738 2939 
1055 1086 173 31.35309416556193 3003 
1056 1087 181 17.405060183658726 2946 
1057 1087 171 40.14811484076103 2955 
1058 1089 164 27.65428734019637 3076 
1059 1089 170 26.981567687648056 2976 
1060 1089 162 14.327667541516584 2960 
1061 1090 165 48.16803099301218 2927 
1062 1091 177 46.35285971768542 3112 
1063 1092 162 39.47220253598867 2950 
1064 1093 167 29.985041891753514 3092 
1065 1094 175 12.914602514453723 3034 
1066 1094 169 34.14022037341973 3093 
1067 1095 165 45.190496937841466 3020 
1068 1095 182 27.71109394925544 2981 
1069 1095 175 31.287616787505293 3005 
1070 1098 169 28.6740396876161 3108 
1071 1098 174 40.92891402423521 3055 
1072 1098 169 31.237449410719744 2971 
1073 1099 182 25.972988830039245 2942 
1074 1099 172 14.455501146075708 2989 
1075 1099 178 17.83557518371864 3095 
1076 1100 164 33.073233122998914 2931 
1077 1100 165 46.92859797239489 3040 
1078 1101 177 33.214441298696876 2940 
1079 1101 172 18.393220853749238 3024 
1080 1103 169 39.82361623682593 3030 
1081 1103 175 38.80750278184581 3090 
1082 1104 165 28.10040907854278 3012 
1083 1104 175 32.078787513133236 2992 
1084 1106 169 15.221087026187679 3117 
1085 1106 167 20.811413935137285 3083 
1086 1108 165 27.48479513060303 3027 
1087 1108 180 46.4318868860352 3062 
1088 1108 179 39.301772291111234 2987 
1089 1109 177 11.795628023145227 2964 
1090 1110 162 26.958601664512308 3105 
1091 1110 181 17.105499937465353 2985 
1092 1111 172 25.662291235968375 3075 
1093 1112 180 40.292863757197495 2940 
1094 1113 167 30.607062273818407 2946 
1095 1113 179 19.80960103057118 3084 
1096 1114 174 22.595960673252108 3071 
1097 1114 180 33.84751051367054 2971 
1098 1115 170 28.94858709883531 3093 
1099 1118 173 49.680632975135744 2971 
1100 1119 174 49.1660349386131 3074 
1101 1121 172 19.933793169781456 3102 
1102 1122 181 35.35313316247845 3025 
1103 1123 177 42.88793283819984 2995 
1104 1123 176 22.13874629405386 3114 
1105 1125 174 34.23476623547653 3098 
1106 1126 177 41.64195723454482 3049 
1107 1127 173 33.01434559776221 3087 
1108 1128 172 35.8822087217322 2999 
1109 1130 172 23.293774369960957 2922 
1110 1132 179 39.052033787229796 3116 
1111 1132 165 17.23500041786371 2943 
1112 1135 169 17.05101185285375 3076 
1113 1135 169 36.972434853165126 3017 
1114 1135 166 20.598247360403654 3093 
1115 1140 170 22.566884871720063 2953 
1116 1140 168 36.95957041253742 2936 
1117 1144 176 36.9960429577749 3076 
1118 1146 177 28.01279278372537 3012 
1119 1146 163 33.81034880716943 3070 
1120 1146 169 34.61474107360728 2983 
1121 1148 181 37.08734958299404 3003 
1122 1149 164 31.713240575074376 3024 
1123 1150 181 33.96499669502741 3061 
1124 1151 171 17.171572074537096 2957 
1125 1151 176 30.48811832885393 2938 
1126 1152 178 17.198659445456027 2992 
1127 1153 175 25.924119821849644 3085 
1128 1155 176 22.612148431446627 2995 
1129 1155 165 40.97863414336776 2927 
1130 1159 163 25.52859758263009 3084 
1131 1159 165 18.913025914106058 3077 
1132 1160 169 11.1342845331856 3022 
1133 1162 173 41.632324825917024 2942 
1134 1162 179 12.624140105007262 2961 
1135 1163 176 43.852452315943985 3012 
1136 1163 176 43.84724468320642 3052 
1137 1163 167 46.97097218816899 2954 
1138 1164 166 11.442615703266874 2944 
1139 1169 170 15.298980461624092 3016 
1140 1170 182 20.335465397176463 3036 
1141 1172 178 48.47339407132201 3114 
1142 1172 179 31.175295513804627 2951 
1143 1173 178 16.3147951878407 3019 
1144 1173 166 15.08324168171098 3021 
1145 1174 167 20.661406080586758 3103 
1146 1175 182 12.784808314732214 3015 
1147 1176 177 39.42542657541914 3006 
1148 1177 175 34.60123314817389 3062 
1149 1179 172 19.282515998315972 2972 
1150 1183 174 23.663479476690313 3001 
1151 1183 173 48.734360811088735 2924 
1152 1184 170 11.271395321426434 2938 
1153 1184 166 48.02438066229898 2928 
1154 1186 182 31.62253844592143 3071 
1155 1187 177 20.528189738537534 3114 
1156 1187 179 37.70834763300468 3088 
1157 1188 172 49.87631657581068 3100 
1158 1189 172 36.54282664693035 2958 
1159 1190 178 44.906132824261384 3013 
1160 1191 163 15.559850715840309 3017 
1161 1191 174 15.799663851546043 3076 
1162 1192 163 20.574101675994584 2949 
1163 1194 162 14.140528143128286 3096 
1164 1194 166 29.516857356722014 3110 
1165 1194 169 36.30616073929737 2959 
1166 1194 173 16.908429316604096 3016 
1167 1196 162 16.583255441652902 3097 
1168 1196 165 21.603251134034302 2938 
1169 1196 164 45.258044728452575 3094 
1170 1197 175 40.48843764110067 3060 
1171 1198 168 25.071355265468643 3092 
1172 1200 180 43.681407490181584 2924 
1173 1200 164 49.06450602142352 3114 
1174 1200 173 16.710032204811963 3111 
1175 1202 168 15.534828328430574 3073 
1176 1202 164 49.82353433924739 2977 
1177 1203 166 48.2441125446302 2939 
1178 1205 162 33.48323916162875 3060 
1179 1207 178 28.442754060514332 3091 
1180 1209 167 27.705147738437557 3033 
1181 1212 172 17.91562173642898 2993 
1182 1213 176 26.51210717444153 3109 
1183 1213 182 48.41140671313207 2949 
1184 1215 174 19.68111865728943 3115 
1185 1216 177 46.46325644346451 3011 
1186 1217 181 12.578624810656063 2959 
1187 1218 165 36.49602318109375 3025 
1188 1218 172 24.881456681563417 3066 
1189 1219 178 17.249192615436296 3110 
1190 1221 167 21.470584490292943 3054 
1191 1222 166 27.288300554982246 2965 
1192 1222 165 36.73290279630104 2932 
1193 1222 169 32.70094354422007 2937 
1194 1224 176 23.162890693202236 2966 
1195 1224 175 36.11305153156228 3075 
1196 1227 171 11.946256489543883 3105 
1197 1228 166 49.87436321454285 2959 
1198 1228 169 46.911659749140455 2995 
1199 1228 163 16.03850796523663 3091 
1200 1231 178 46.63244438641551 3103 
1201 1234 162 41.10693881181105 3115 
1202 1236 169 10.613087915117173 2935 
1203 1236 165 29.694992799645348 2985 
1204 1236 162 41.3998639706185 2951 
1205 1240 163 26.957196816870127 3057 
1206 1241 172 28.83555683885176 2980 
1207 1243 182 11.755805415309958 3082 
1208 1243 178 23.746529880695412 3096 
1209 1245 165 14.761989545131557 2970 
1210 1246 171 30.353227193858345 3012 
1211 1249 179 11.520979961391337 3038 
1212 1249 177 36.315637714635436 3101 
1213 1250 179 40.69117927821231 2928 
1214 1251 177 44.891612987884024 2977 
1215 1254 162 38.590674331132576 3083 
1216 1255 164 18.59444117120703 3029 
1217 1256 177 31.93526059654108 3120 
1218 1260 175 47.06895473416389 2977 
1219 1261 162 36.33044455717093 2952 
1220 1261 166 12.076722684606423 2994 
1221 1262 175 14.947234173843418 2922 
1222 1263 163 49.06119848435032 3008 
1223 1265 178 18.12827607121327 2991 
1224 1266 180 26.523684752861488 3050 
1225 1267 165 24.322888283088272 2921 
1226 1267 179 24.596409781784025 3087 
1227 1272 176 27.817796273011602 2997 
1228 1277 173 40.85160092627868 2946 
1229 1277 174 25.937786334198712 3049 
1230 1277 163 16.198393140281855 3000 
1231 1278 172 41.36614713264587 3056 
1232 1279 165 47.31875032131899 2973 
1233 1280 178 49.754305148683706 3017 
1234 1284 182 11.298575186307867 3094 
1235 1286 181 37.590436058052056 3102 
1236 1288 171 15.07639154869349 3054 
1237 1288 169 39.059684350251544 3096 
1238 1289 182 37.41424242426545 2947 
1239 1289 168 26.549015660872616 2945 
1240 1291 174 33.48278081265426 3084 
1241 1292 175 22.103190058064214 3015 
1242 1294 165 49.887720890481575 2946 
1243 1296 172 40.02719894489909 3064 
1244 1296 181 31.24691088456649 3012 
1245 1297 163 16.09335974481389 2994 
1246 1297 177 40.24851738314965 3024 
1247 1298 163 42.74587077001272 3058 
1248 1298 181 13.06656407047965 3036 
1249 1299 174 31.614073607847963 3071 
1250 1300 166 33.91051487385731 2988 
1251 1301 178 47.75182958774203 3047 
1252 1301 164 40.77164138358267 2985 
1253 1301 164 23.748916185349557 3032 
1254 1302 162 38.16465369568489 2992 
1255 1304 173 19.28420777635384 2934 
1256 1305 172 34.77919941337014 3069 
1257 1306 170 35.7296764552312 3090 
1258 1306 174 10.595025124653343 3054 
1259 1306 168 13.68683242972612 3041 
1260 1309 168 18.76887170861476 3074 
1261 1310 176 36.43776196652399 3096 
1262 1311 175 35.061093972252266 3038 
1263 1311 177 34.74509926572996 2966 
1264 1311 168 36.979263185478736 2993 
1265 1311 182 26.351040739729562 3076 
1266 1312 182 43.77409884040166 3034 
1267 1313 164 41.699289518676295 3059 
1268 1313 177 13.648228650196067 3100 
1269 1314 162 23.21209993252157 2954 
1270 1314 177 41.48341074841362 3033 
1271 1314 167 30.412963226088845 3061 
1272 1315 182 18.34623812141752 3041 
1273 1315 168 40.889411686537585 3019 
1274 1315 169 18.220235975799135 2940 
1275 1317 166 19.681828193722502 2963 
1276 1318 164 47.11757546292545 3006 
1277 1319 174 28.398628205062188 2920 
1278 1320 180 23.42880712036751 3108 
1279 1320 173 19.375503209065386 3044 
1280 1320 178 13.822782334013954 2981 
1281 1321 166 26.98423564188515 3002 
1282 1322 164 31.00084816008991 3109 
1283 1323 172 46.79475437368174 2931 
1284 1323 166 45.25917166157918 3055 
1285 1324 172 15.072487744587324 3083 
1286 1325 177 41.500541123681465 3001 
1287 1326 179 13.231485237289299 3101 
1288 1328 172 19.034816833666053 3056 
1289 1328 181 28.403175176971722 3027 
1290 1328 164 37.3466900242941 3078 
1291 1330 169 29.973039368531307 2925 
1292 1331 168 35.47883549517745 2938 
1293 1331 179 31.018009108399525 3092 
1294 1332 165 32.42391838676741 3050 
1295 1332 172 39.976448344974116 3034 
1296 1333 182 13.134460727253249 3052 
1297 1333 181 19.9995421846644 3052 
1298 1334 177 39.31386896757517 2973 
1299 1335 173 35.158363225319974 3080 
1300 1336 175 31.34843083435083 2995 
1301 1337 167 45.793989464647474 2939 
1302 1338 175 47.34514134023737 3059 
1303 1338 170 15.986461694303614 3115 
1304 1339 171 34.855208326602494 3055 
1305 1340 182 11.022561203272616 3010 
1306 1340 167 39.63113276923462 2937 
1307 1340 166 47.059949873308796 3064 
1308 1341 172 44.56923892579822 3108 
1309 1342 164 19.00736943421454 2998 
1310 1343 170 22.710549727867107 3022 
1311 1344 181 34.12609184178709 2958 
1312 1344 176 37.396818613311126 3019 
1313 1344 167 22.61296539039197 3014 
1314 1346 174 18.488978159516623 3062 
1315 1347 176 40.481840963209805 3110 
1316 1348 178 37.566488317657964 3108 
1317 1353 172 15.548828774586863 3105 
1318 1354 172 40.64831255141472 3117 
1319 1356 173 18.12032381877343 3075 
1320 1356 177 21.09614803135838 2972 
1321 1357 162 15.397971936835546 3093 
1322 1357 169 47.16917661981795 3051 
1323 1359 169 21.72874193376268 3069 
1324 1359 168 35.15081297328047 2946 
1325 1362 176 14.650111537500585 3056 
1326 1364 163 30.576570331392116 3118 
1327 1364 165 36.473858934847215 2997 
1328 1367 171 10.026069387396994 2936 
1329 1367 175 21.85634111175469 3081 
1330 1367 170 27.11413354196101 2921 
1331 1368 165 32.31530423312427 2943 
1332 1370 177 39.23624019383326 2931 
1333 1371 172 12.590479126125697 2980 
1334 1371 181 40.42653706255918 3022 
1335 1371 182 36.97088503663255 3058 
1336 1372 165 35.1570381156241 3104 
1337 1372 180 34.910823768638494 3023 
1338 1373 174 46.02693984309269 2949 
1339 1373 176 38.956696607204215 3041 
1340 1375 176 46.619616199146854 3118 
1341 1375 164 30.71392631075184 3065 
1342 1376 169 27.84337376809216 2947 
1343 1376 177 49.47990416542709 3024 
1344 1377 172 18.641624476634515 2974 
1345 1378 176 34.224997693121885 3062 
1346 1381 172 43.81540107627784 3022 
1347 1381 173 48.68550628878263 2981 
1348 1381 179 14.532501838508608 3059 
1349 1382 177 11.884443809234138 2996 
1350 1382 170 39.65500749622051 3058 
1351 1383 167 10.162892622914 2995 
1352 1383 172 42.735054351065045 3102 
1353 1385 180 17.306669204099975 3102 
1354 1385 165 18.42962428154169 2936 
1355 1386 173 47.21462075123513 2953 
1356 1389 179 40.710874719575436 3002 
1357 1389 168 21.089906264295628 2990 
1358 1390 173 32.633311734241765 3075 
1359 1392 177 48.45399482321265 3114 
1360 1392 177 16.58414794133631 2935 
1361 1392 168 28.126687620356204 3088 
1362 1395 172 23.500726688099085 2924 
1363 1395 176 12.898516676740401 3010 
1364 1399 176 47.75336546828128 3033 
1365 1401 181 30.50702040427897 2963 
1366 1401 178 21.60549060338756 3026 
1367 1403 174 38.45400157626821 2996 
1368 1403 174 23.074735056647086 2948 
1369 1403 164 27.732915107490893 3022 
1370 1404 177 12.977458140637879 3119 
1371 1404 167 25.71428997651801 3066 
1372 1404 182 13.341008556043938 3065 
1373 1405 175 37.27712186689777 2934 
1374 1405 163 46.509434826152955 3033 
1375 1405 174 21.31921864929142 2951 
1376 1406 172 25.66157954631509 3082 
1377 1407 182 41.573324199507944 2940 
1378 1408 173 28.278234957497265 3006 
1379 1409 174 24.37406800000337 3083 
1380 1410 181 48.15072603395114 3104 
1381 1412 180 13.533949894680788 3068 
1382 1412 171 41.05519952815989 2931 
1383 1413 174 26.08855687408523 3032 
1384 1415 166 33.06075197776014 3109 
1385 1416 175 18.038521469720482 3101 
1386 1417 181 20.3011338488164 2979 
1387 1417 173 22.878378976577718 2964 
1388 1418 164 28.185755962280545 3031 
1389 1419 171 32.35277481084332 2950 
1390 1419 167 12.197122975463163 3024 
1391 1419 165 40.197948593193956 3119 
1392 1420 180 44.37423635628193 2960 
1393 1420 176 38.53556121718701 2960 
1394 1420 162 44.23491509385532 3099 
1395 1421 178 32.34869011093703 3048 
1396 1421 170 35.33800680392122 3004 
1397 1421 181 48.308272308845844 3089 
1398 1422 176 44.52876541960261 2994 
1399 1423 182 13.405177959967588 3112 
1400 1423 168 15.890989766507309 2967 
1401 1424 175 45.04336488131624 3064 
1402 1424 173 14.264456476102275 3106 
1403 1425 167 39.4871460163874 2932 
1404 1425 163 41.54116768611583 2935 
1405 1425 173 20.907129393118268 3108 
1406 1428 171 26.481388572291014 2987 
1407 1428 178 20.456418781752852 3065 
1408 1429 172 38.00594645212152 3085 
1409 1429 162 46.44108986249475 2933 
1410 1431 171 25.3618076888311 3007 
1411 1432 177 44.740511744970235 3003 
1412 1433 164 11.003101925509462 3105 
1413 1434 171 49.11905326448362 3046 
1414 1434 168 16.657060531623568 3088 
1415 1435 174 37.17136956858394 3000 
1416 1436 166 20.404893155040575 3001 
1417 1436 176 34.97325953383989 2920 
1418 1438 171 14.813431539418636 2967 
1419 1441 180 24.839656050787365 3004 
1420 1446 179 10.21449074148638 3067 
1421 1446 177 29.44686841620453 2976 
1422 1446 167 40.081560443236725 3041 
1423 1447 182 49.705350171061276 3019 
1424 1448 179 14.316246700693132 3117 
1425 1449 176 34.271939892667234 2970 
1426 1450 165 12.867669927140648 2957 
1427 1450 173 44.70013747836019 2973 
1428 1452 167 48.68332571377826 2990 
1429 1452 178 35.137888359464526 2979 
1430 1452 174 46.76928335895411 2938 
1431 1453 163 34.223685532843675 3012 
1432 1453 174 27.93616888964604 3048 
1433 1454 175 12.056742325714215 2921 
1434 1457 167 46.77381459410445 3055 
1435 1460 168 35.37192894427934 3005 
1436 1460 179 24.32934446709394 3095 
1437 1460 164 46.48281653177098 2994 
1438 1462 175 11.722162156072287 3120 
1439 1464 164 17.416553995181058 3093 
1440 1464 167 42.20318529635895 2930 
1441 1466 164 23.686191201348347 2996 
1442 1467 169 47.216197349462085 2994 
1443 1467 170 26.30954324153862 3031 
1444 1468 173 45.016041306455044 2943 
1445 1472 173 35.76348590056649 3005 
1446 1474 163 15.25145013793865 3120 
1447 1476 163 36.29913165120138 3041 
1448 1479 173 29.364132028903196 3038 
1449 1481 164 33.75927046877769 3040 
1450 1481 172 36.918505238201746 2998 
1451 1481 174 30.601055773481765 3032 
1452 1483 167 34.17707297864237 3104 
1453 1483 171 17.06349934461305 3064 
1454 1483 166 42.17559173852464 2971 
1455 1483 181 45.823048569961145 3116 
1456 1484 177 49.73166754033614 2984 
1457 1485 173 47.12266537560567 2927 
1458 1485 164 46.30562549297997 3009 
1459 1487 178 20.084447928942808 3106 
1460 1489 163 40.96980443924236 2973 
1461 1491 166 31.777966373665578 3033 
1462 1494 164 20.335912150924486 3015 
1463 1496 181 43.87272042594005 3035 
1464 1496 174 49.59975678051368 3038 
1465 1497 170 15.364391497866512 3073 
1466 1498 170 22.74459790263913 3097 
1467 1499 170 44.892028927026885 3120 
1468 1499 170 21.87843846768352 2970 
1469 1499 162 36.993885559356464 3021 
1470 1501 173 28.834682792770636 3100 
1471 1502 176 34.82313038951147 3046 
1472 1503 175 29.41472337556639 3026 
1473 1503 168 38.66271667513706 3034 
1474 1504 178 25.969187223331293 2964 
1475 1506 173 27.056692166241284 3022 
1476 1507 168 21.196795568334295 2988 
1477 1508 168 19.00651183750529 3011 
1478 1508 177 41.64101232583505 2961 
1479 1509 172 35.31623498752929 3034 
1480 1510 182 20.00918380366912 2935 
1481 1511 173 25.627054722011824 2971 
1482 1511 165 45.650186898269084 3050 
1483 1513 177 49.65183369220447 2935 
1484 1514 168 47.6449714222317 3049 
1485 1514 163 44.979493626454506 3094 
1486 1515 177 36.64010442751696 3099 
1487 1516 166 25.487253802657428 3097 
1488 1517 182 13.672603318200562 3079 
1489 1518 170 13.127076629914963 3094 
1490 1518 172 35.30793883580079 2994 
1491 1519 170 48.476931686122846 3064 
1492 1519 168 26.015809366227938 3083 
1493 1519 182 13.762449205841554 2932 
1494 1523 162 30.892699968894156 3022 
1495 1523 173 16.90253626955115 3003 
1496 1524 162 22.769166292352004 3080 
1497 1525 176 25.046878684622705 3038 
1498 1527 179 21.04423136864092 2944 
1499 1527 177 38.21665852696219 2968 
1500 1527 170 27.673446824665078 3102 
1501 1528 182 14.864029660605397 3033 
1502 1531 181 26.077107179729836 3050 
1503 1531 175 21.606115836056507 3093 
1504 1532 170 41.28934441801586 2943 
1505 1534 180 11.015900854723885 3061 
1506 1536 162 49.06537076900291 3081 
1507 1536 164 39.416376958353815 3111 
1508 1537 173 45.780643667985295 3035 
1509 1538 179 45.48495416536605 3061 
1510 1538 170 20.83589835806864 2995 
1511 1540 179 13.194711514987606 2969 
1512 1541 182 48.505407671125226 3037 
1513 1543 171 49.08618971566253 2996 
1514 1544 168 47.43834257331887 2935 
1515 1546 174 10.906367612076494 2981 
1516 1546 163 29.17850010734417 3099 
1517 1546 180 16.752611738938725 3017 
1518 1550 166 28.13442880686406 3055 
1519 1551 172 25.018031905529767 2933 
1520 1551 162 45.865361265259864 3027 
1521 1552 173 25.622553297810736 2966 
1522 1552 172 30.07549879402263 3089 
1523 1554 163 18.230590537805377 3103 
1524 1554 162 33.64470798162188 3081 
1525 1555 172 41.93528849328674 2964 
1526 1559 175 44.74186988564646 2990 
1527 1560 165 24.488428030215612 2980 
1528 1560 174 28.352010679439417 2986 
1529 1560 163 18.915261695932465 2986 
1530 1560 164 38.96270226584159 3008 
1531 1564 172 45.38076082874443 3046 
1532 1567 168 43.738142698353364 3066 
1533 1567 171 26.051083186415394 2978 
1534 1569 162 47.14496023072309 3103 
1535 1569 181 17.962007869441592 3000 
1536 1570 164 35.42742630681447 3039 
1537 1571 163 45.546243294841545 3000 
1538 1571 169 45.68396548770889 3011 
1539 1572 179 29.403959652896358 3065 
1540 1573 179 20.925430494245504 3090 
1541 1573 171 20.299944371626584 3079 
1542 1575 172 44.49040457540248 3047 
1543 1582 177 18.735979054291924 2925 
1544 1582 173 45.90001489671587 2972 
1545 1582 167 36.59249110920593 3069 
1546 1583 178 24.644967726006435 2934 
1547 1584 168 36.62915702045228 2940 
1548 1584 176 15.498071024113088 2986 
1549 1584 182 35.66220000424104 2952 
1550 1585 181 47.80400995106526 3105 
1551 1585 163 25.048012733994973 3104 
1552 1585 180 45.58426804652419 2949 
1553 1585 162 12.853784738392534 2921 
1554 1586 177 38.54712965950459 3034 
1555 1586 168 48.40845805004862 2934 
1556 1589 162 14.99960128528016 2995 
1557 1591 168 42.94690706968752 3113 
1558 1593 180 44.07426884793027 3018 
1559 1594 169 48.4126693312141 2991 
1560 1595 172 36.672721806312666 3025 
1561 1597 169 37.56443696574536 3115 
1562 1599 169 14.529095924953728 3001 
1563 1599 163 16.435378025587553 2925 
1564 1603 162 32.960786096183824 2985 
1565 1603 166 18.848812325487856 3100 
1566 1604 169 12.463174604060768 2926 
1567 1605 171 30.21608645658741 3082 
1568 1605 182 23.517843787852605 2957 
1569 1608 164 36.72001629294249 2968 
1570 1610 164 34.14409197025243 2973 
1571 1612 181 42.21550154399771 3072 
1572 1612 179 31.667223255241964 3025 
1573 1615 177 38.31381089163106 3018 
1574 1615 169 34.48347364672319 2947 
1575 1616 176 19.07374174377263 3077 
1576 1616 165 32.39108967169375 2999 
1577 1617 175 26.37137244669505 3069 
1578 1618 171 34.864887876272036 3060 
1579 1618 181 19.916885189894977 3102 
1580 1619 176 33.40435037590355 3075 
1581 1619 179 13.759877406634544 3101 
1582 1621 175 12.45996628101183 2980 
1583 1622 163 49.34950653995787 3119 
1584 1622 174 29.825683662031427 3018 
1585 1625 179 34.274999282070425 3090 
1586 1625 174 24.317547232089876 2991 
1587 1626 169 16.73751710766176 3005 
1588 1626 177 11.925831788944524 3086 
1589 1628 166 42.72972180135844 3030 
1590 1628 178 29.42277897875541 3063 
1591 1628 178 47.12709690186359 3064 
1592 1628 182 49.1915103897834 3046 
1593 1629 173 44.9850718286229 2996 
1594 1630 173 13.56030723531986 2951 
1595 1632 164 10.870376199916286 3113 
1596 1632 165 15.153021142702304 3119 
1597 1632 167 24.342995953288625 3085 
1598 1632 181 36.910235354450066 2951 
1599 1633 162 16.41382042963141 3058 
1600 1634 175 28.180342451161003 3053 
1601 1634 177 13.068873520088427 2989 
1602 1635 181 30.532672952991664 3113 
1603 1636 174 46.0092732951656 2959 
1604 1637 164 49.59233164955197 2988 
1605 1638 178 28.398960374101982 3009 
1606 1639 170 24.394510261958033 3083 
1607 1640 180 35.73939830649181 3001 
1608 1642 162 23.157171247177523 2963 
1609 1642 173 16.97606861134728 3073 
1610 1644 165 37.471487948131006 3007 
1611 1644 181 48.33005250458969 3042 
1612 1645 165 15.71622593980646 2971 
1613 1645 168 31.870081958549342 2981 
1614 1646 164 35.772526581107854 3075 
1615 1647 179 39.181946644025814 3110 
1616 1647 181 23.78236893917814 3112 
1617 1647 176 13.562845241861389 3053 
1618 1648 164 31.62209765556768 3091 
1619 1649 177 37.6915583187469 2996 
1620 1649 164 33.62676344664351 3087 
1621 1650 180 27.03412125338437 3024 
1622 1650 163 29.58507470966072 3003 
1623 1650 168 10.603724397032192 2931 
1624 1650 166 18.43546023439246 3019 
1625 1651 181 49.60876331559661 3080 
1626 1651 164 43.78504117027462 3111 
1627 1651 179 19.564599819438943 2929 
1628 1652 176 44.32598987402846 3040 
1629 1652 168 25.222740232722572 3098 
1630 1652 165 43.664075533185255 3073 
1631 1653 179 39.072004888274904 3079 
1632 1654 165 16.39475190202871 2977 
1633 1655 177 18.40371099298926 3107 
1634 1656 174 22.628521422985543 2964 
1635 1657 165 33.511071796656026 2995 
1636 1657 179 21.26697262957853 3056 
1637 1657 169 42.87482458441785 2985 
1638 1659 170 44.43334260079658 3003 
1639 1659 178 19.217432234866926 3012 
1640 1659 162 26.700103433054938 2928 
1641 1661 173 35.64867119253226 3111 
1642 1662 169 21.744046596392543 3057 
1643 1662 174 49.57431708562607 3001 
1644 1663 180 34.50016822499447 2969 
1645 1664 175 17.298351379173415 2953 
1646 1665 179 33.54641465418197 3094 
1647 1668 162 45.51962882626331 3015 
1648 1668 181 23.508708941950896 3016 
1649 1668 164 19.73782833359559 2970 
1650 1669 164 15.81032576623282 3006 
1651 1669 165 22.240368845414764 2925 
1652 1669 172 12.93630620095092 3120 
1653 1669 165 43.57883842551637 3061 
1654 1670 176 47.16162515513179 2936 
1655 1671 164 48.816013984299715 3069 
1656 1671 162 11.024223414488098 2997 
1657 1672 174 46.531307417317585 3091 
1658 1673 162 17.04740152876802 2932 
1659 1675 175 27.615972153826934 3062 
1660 1675 172 41.673604853001315 2941 
1661 1676 179 37.48080092292757 2998 
1662 1677 162 44.322618014919485 2951 
1663 1681 180 36.68374610494125 3042 
1664 1681 182 20.131935375388778 3079 
1665 1681 179 49.05937704941115 2932 
1666 1684 178 26.863969938120732 2939 
1667 1686 170 20.34667326296347 3077 
1668 1687 165 15.469920003546092 2953 
1669 1687 177 46.43487762608158 2955 
1670 1688 179 31.072064226269198 2971 
1671 1689 170 32.3428527933964 3093 
1672 1690 172 31.750775570227283 3062 
1673 1691 175 47.35475302819281 2938 
1674 1693 164 39.642559772601466 3009 
1675 1694 164 47.93470809712987 2986 
1676 1694 174 20.185243208586748 2920 
1677 1695 177 29.06881510644758 2921 
1678 1695 166 26.476349317310163 3075 
1679 1695 177 29.754155061147994 3068 
1680 1697 165 21.891849902154163 3004 
1681 1698 181 35.72648843368272 2950 
1682 1698 182 22.793928528569168 2982 
1683 1698 182 27.699669827522673 3056 
1684 1699 165 23.725901280425976 3094 
1685 1699 176 37.49035021526662 3092 
1686 1701 162 45.1660020511608 3106 
1687 1702 165 17.487550543862675 2920 
1688 1704 166 43.49983959598605 2998 
1689 1705 172 15.318013149252781 2926 
1690 1707 179 41.65187913031358 3117 
1691 1708 172 30.317268799707307 3052 
1692 1713 180 44.6443139545226 3107 
1693 1714 177 33.11108871104718 2988 
1694 1715 167 38.65740638000446 2952 
1695 1716 169 35.88439995000149 2997 
1696 1716 178 18.232937961857036 2960 
1697 1716 176 24.525970130311624 2966 
1698 1717 166 40.65804258132411 2980 
1699 1718 182 18.01961908907217 3063 
1700 1719 182 30.53886343344341 2924 
1701 1719 180 44.22934904366083 2928 
1702 1720 179 30.642416685781605 3074 
1703 1720 169 40.36275600674927 3108 
1704 1721 176 49.24887809287865 2929 
1705 1721 172 29.089089814093555 3046 
1706 1721 164 16.192242718516432 3107 
1707 1722 174 39.12673085561529 3006 
1708 1723 169 16.692865576937525 2939 
1709 1723 177 28.973338767464327 3101 
1710 1723 172 37.248948509012415 3011 
1711 1725 169 43.91279782845758 2920 
1712 1726 177 14.553720970690879 3020 
1713 1727 172 41.63824163941885 3054 
1714 1727 178 12.749367000624886 2946 
1715 1728 166 12.039028106107438 3113 
1716 1729 174 15.095427159524938 2931 
1717 1730 176 45.88367272427299 2989 
1718 1731 166 49.44939259190853 3102 
1719 1731 172 30.937249033857576 3046 
1720 1733 168 35.71416616062048 2978 
1721 1734 172 16.501049385095126 2943 
1722 1734 173 18.95139406059322 2952 
1723 1734 162 49.442096353341135 3080 
1724 1734 175 47.315345480156004 3060 
1725 1735 168 22.781469760975547 3026 
1726 1735 164 34.28234971073333 2968 
1727 1736 172 13.525481885621584 3045 
1728 1736 177 28.415774828549306 2977 
1729 1736 168 46.679686149156 2950 
1730 1737 162 23.293595515468084 2975 
1731 1737 163 46.904275564200745 3116 
1732 1737 172 43.849538902874215 3078 
1733 1738 175 25.57462173373469 3028 
1734 1738 164 36.63677037927943 3098 
1735 1740 180 25.330920148454933 3005 
1736 1743 182 38.795760298664106 3017 
1737 1746 180 48.39094069246657 3049 
1738 1747 166 45.10635323729438 2998 
1739 1747 167 20.56624761712902 2950 
1740 1748 171 45.31062292085446 2995 
1741 1749 162 12.336198475368096 2935 
1742 1749 176 33.59387826340462 3026 
1743 1751 181 28.678469491428594 2981 
1744 1751 180 27.95981353293525 3045 
1745 1751 171 31.27310478673349 3099 
1746 1754 168 36.55322950878426 2953 
1747 1754 163 24.616971760905276 3002 
1748 1754 173 21.79824154391548 2949 
1749 1754 182 44.97441546094767 3118 
1750 1754 171 22.90113579787288 2981 
1751 1755 179 42.863896267328016 3094 
1752 1755 163 24.002323479134798 3097 
1753 1755 182 15.935164484271557 3089 
1754 1757 177 32.75086381139752 3014 
1755 1760 181 21.13739160859157 2933 
1756 1763 170 28.87794833610377 2995 
1757 1766 163 26.288337030377807 3014 
1758 1766 164 43.18916237656894 2944 
1759 1767 165 22.462890905142146 2969 
1760 1768 182 23.387388999571833 3065 
1761 1768 176 31.578978604345775 2991 
1762 1775 166 34.59005208962645 3107 
1763 1776 179 49.226053279030765 3108 
1764 1777 168 46.59684943937716 2949 
1765 1777 170 21.201728701850016 3104 
1766 1778 165 33.55704141802193 3062 
1767 1778 181 44.21924321076746 2978 
1768 1780 168 17.08706282005265 3114 
1769 1780 182 39.938508889046844 3017 
1770 1780 180 44.82302953817449 2920 
1771 1781 164 13.983963807492131 3032 
1772 1786 171 10.448555113873441 3020 
1773 1787 181 46.31862009662199 2942 
1774 1789 164 38.610206806282505 2926 
1775 1791 177 20.7642385807829 3072 
1776 1791 179 27.01469129626258 3083 
1777 1792 167 13.27286148193898 3034 
1778 1795 180 45.31779577063241 2960 
1779 1795 167 11.781162480732617 3020 
1780 1796 167 35.6824855459119 3025 
1781 1796 172 14.748577746878308 3094 
1782 1796 164 12.936210215205218 2984 
1783 1796 162 49.35540043491024 3111 
1784 1797 177 34.65877741037638 2932 
1785 1797 166 11.823203016550629 2970 
1786 1799 171 25.709254328364377 2968 
1787 1800 162 13.537850168471529 3071 
1788 1801 182 26.722345485099467 2994 
1789 1801 173 32.96435155387152 3100 
1790 1802 173 38.93562773798811 3108 
1791 1804 180 45.93357963630502 3024 
1792 1806 163 24.594435742123608 3034 
1793 1807 174 41.20332114950171 3016 
1794 1807 171 49.923673831374785 3117 
1795 1811 165 20.42576629139671 3078 
1796 1812 170 49.689658012503216 3058 
1797 1812 176 28.008698885376624 3074 
1798 1813 170 24.589739590756828 3067 
1799 1814 175 44.53725488342633 3013 
1800 1816 178 15.133061747094828 2959 
1801 1817 177 35.2300865204462 2927 
1802 1818 173 48.97900927409771 3110 
1803 1818 168 15.136069639065797 2938 
1804 1820 176 46.55354305753286 2964 
1805 1821 171 20.58491740744783 2930 
1806 1822 178 19.270994829432734 2945 
1807 1823 181 19.27640979353759 3022 
1808 1826 177 24.481148352398613 2967 
1809 1827 176 12.194528072265651 2939 
1810 1829 163 33.13817589675871 3082 
1811 1830 178 22.344266744187365 3039 
1812 1832 178 43.79201201083551 3098 
1813 1833 167 12.425132384057207 3082 
1814 1834 176 42.49565963643346 3047 
1815 1834 169 26.21328564100693 2972 
1816 1836 178 30.532342079518816 2987 
1817 1837 175 27.4897368304855 3010 
1818 1837 171 14.826261098248974 2959 
1819 1837 181 28.447656564921232 3043 
1820 1838 181 43.02534255607964 3002 
1821 1838 176 30.69771123308208 3025 
1822 1839 173 43.05764750269256 3028 
1823 1839 166 23.5937508541248 3001 
1824 1839 165 21.275682679059827 2928 
1825 1839 177 26.84387186549209 3104 
1826 1840 180 23.954693840105797 3064 
1827 1840 173 28.825250080167088 3062 
1828 1841 165 34.13368032527025 3074 
1829 1841 167 29.327542530444912 3025 
1830 1842 175 12.09408240745374 2967 
1831 1842 173 15.094159007760046 2960 
1832 1843 172 36.45057221558951 2994 
1833 1844 168 36.97459678289596 3119 
1834 1846 175 16.190083176065095 2982 
1835 1846 177 24.995209317715002 2960 
1836 1847 165 30.96148030826379 3090 
1837 1850 168 21.73424398635678 3084 
1838 1851 177 14.579440772589392 3026 
1839 1853 171 47.25869778691116 3082 
1840 1854 167 20.181050540610737 3040 
1841 1854 169 31.272376325798284 2987 
1842 1856 171 19.775854495286342 3110 
1843 1857 163 39.33245874495558 2963 
1844 1857 178 33.996124321402164 3084 
1845 1857 174 17.532996870145517 3064 
1846 1859 167 30.368048645092365 2987 
1847 1860 175 39.7484468733173 3034 
1848 1860 176 29.245686911698098 2986 
1849 1863 167 44.83889829550069 2973 
1850 1863 170 40.63143013736163 2940 
1851 1864 176 40.53429547052084 2971 
1852 1865 162 44.11329828118553 2922 
1853 1866 165 33.41802336706894 3070 
1854 1866 173 48.79435345773521 3096 
1855 1866 172 37.281970403818335 3104 
1856 1867 173 49.62580910695404 2937 
1857 1867 176 25.71308621330647 3047 
1858 1867 167 16.62488932159547 3093 
1859 1868 175 34.059477990460785 2932 
1860 1869 179 36.627139967706086 2924 
1861 1869 177 18.667977321654973 3055 
1862 1869 172 41.59188075890397 3012 
1863 1870 178 11.851870682110519 3012 
1864 1870 166 27.50134663237858 3054 
1865 1870 162 17.216552105145443 2948 
1866 1874 181 35.671392811220116 3120 
1867 1876 167 31.837542342435018 2987 
1868 1876 178 34.76038902980741 2998 
1869 1876 170 15.762763904757971 3055 
1870 1877 177 17.371635491350744 3042 
1871 1878 168 32.93449161695768 3012 
1872 1878 175 31.38938848511858 2928 
1873 1879 167 37.918948851297216 3062 
1874 1882 168 42.3196868189814 3103 
1875 1883 162 46.11268627281821 3048 
1876 1886 173 22.88577431303827 3105 
1877 1886 178 26.186968303499572 3051 
1878 1886 172 41.838955902028374 3005 
1879 1886 166 18.934796514419503 3020 
1880 1886 166 44.13321897413657 3012 
1881 1888 179 19.284400951812103 2993 
1882 1890 169 44.1122847179706 3093 
1883 1891 178 19.06092008541194 3089 
1884 1893 178 37.51605221352666 2933 
1885 1895 176 10.037707090581804 2950 
1886 1896 173 41.537058233753086 3040 
1887 1899 166 37.20401259186649 2929 
1888 1900 170 12.348748044231108 2921 
1889 1901 164 36.56424831056595 2924 
1890 1904 174 42.48629014557013 2952 
1891 1904 176 34.18027079462055 3112 
1892 1905 169 37.92621556280032 3000 
1893 1906 168 37.93252909049788 2989 
1894 1907 176 14.441718189298566 3025 
1895 1908 177 18.700131651230446 3012 
1896 1909 168 44.47786153566928 3032 
1897 1909 172 22.03232841135186 3063 
1898 1914 173 49.547560305534105 3000 
1899 1916 170 16.961365444693264 2943 
1900 1917 182 46.6703138272418 3104 
1901 1917 179 31.066982313355197 3065 
1902 1917 175 21.417256973102393 3068 
1903 1918 163 15.785003101178017 3008 
1904 1919 172 48.947248268578406 3098 
1905 1920 182 13.231029607288821 2964 
1906 1922 180 16.06256015609603 2929 
1907 1923 181 41.32054028039078 3069 
1908 1924 178 42.529410915591185 3046 
1909 1925 172 43.300292609204064 3109 
1910 1925 165 12.665441864806937 2931 
1911 1925 164 26.530902496930974 2963 
1912 1925 170 48.58603678061974 2929 
1913 1927 174 10.387808042743142 3045 
1914 1929 163 12.363465719943697 3118 
1915 1929 182 42.03123239771496 2945 
1916 1929 171 44.67336886240014 2925 
1917 1930 166 16.82925094402906 2960 
1918 1930 176 39.44408607417098 3091 
1919 1934 174 30.13480702347007 3034 
1920 1934 170 47.28043362521228 3083 
1921 1935 175 38.527634144951435 3015 
1922 1935 163 13.304556964235497 2928 
1923 1936 182 19.841380385164513 2953 
1924 1937 178 31.943154311513883 3011 
1925 1939 173 31.030952134991065 3120 
1926 1939 171 17.903867298003355 3042 
1927 1939 165 24.85344429719634 3060 
1928 1941 174 36.33745388989187 2970 
1929 1942 170 29.60534702540048 3076 
1930 1943 169 47.615240352378464 3107 
1931 1943 176 43.74198276101163 3029 
1932 1944 176 48.2511857968231 3052 
1933 1947 179 45.35914038585642 2974 
1934 1948 176 48.65122669630369 3057 
1935 1949 166 10.28413551806947 3068 
1936 1949 177 48.800449580628715 3000 
1937 1953 171 32.1168507940413 3008 
1938 1958 163 10.156823525768095 2945 
1939 1959 181 39.38031109412014 2929 
1940 1959 175 22.237936728943026 2931 
1941 1961 182 40.12063517704474 3081 
1942 1962 171 16.995092015859296 3061 
1943 1964 172 23.258095823282055 3109 
1944 1964 164 44.5888467357819 2979 
1945 1965 175 17.688828580881157 3094 
1946 1966 162 11.085716616137002 3093 
1947 1966 176 49.48860875479403 3029 
1948 1967 178 36.49704833154095 3082 
1949 1967 166 34.12140901753149 3030 
1950 1967 174 13.42454250294785 3112 
1951 1968 171 48.80463888683963 3061 
1952 1969 167 30.04669852745321 3052 
1953 1969 179 13.516680559965767 2933 
1954 1969 182 23.587859243863626 2972 
1955 1971 173 23.550813028951495 3046 
1956 1971 163 22.581196199858688 3090 
1957 1971 182 48.57819950521656 2936 
1958 1971 182 13.477135396596571 2978 
1959 1973 179 31.596692749770106 2987 
1960 1973 175 41.986171115335374 2951 
1961 1973 170 46.26308495354515 3001 
1962 1974 170 10.65846327926145 2944 
1963 1974 174 23.295974888266684 2974 
1964 1974 175 43.12512600510595 2974 
1965 1974 175 23.790536161551202 3016 
1966 1975 164 41.72587855501447 2959 
1967 1977 181 20.412796499643985 3050 
1968 1977 164 43.06792371944701 3044 
1969 1978 167 34.3324529424321 2921 
1970 1978 175 18.050862752227566 3030 
1971 1979 182 38.366426123711236 3030 
1972 1981 181 21.04637822298804 3015 
1973 1982 168 16.350126297504257 2960 
1974 1982 174 25.26269230673811 2940 
1975 1982 163 33.03847467033589 3095 
1976 1982 177 27.710230143392348 2967 
1977 1983 167 10.71537029092009 2996 
1978 1984 182 23.027516487003442 3063 
1979 1985 178 14.48345123790309 2963 
1980 1985 168 33.24984315417719 3114 
1981 1986 173 47.43587852580646 2968 
1982 1987 166 46.91927372053452 3062 
1983 1987 171 25.281653152981377 3047 
1984 1989 175 18.352859714034157 3025 
1985 1989 162 29.727901413205565 3090 
1986 1989 175 23.14322356938463 3073 
1987 1990 171 35.73768869747992 2928 
1988 1990 173 34.04116975626256 3061 
1989 1991 162 31.70157792920162 3037 
1990 1993 164 30.50486751767312 3040 
1991 1993 167 23.63434449562853 2990 
1992 1993 172 29.337887188932527 3009 
1993 1995 164 33.62864944135533 3000 
1994 1995 164 44.91047506546071 3088 
1995 1996 169 45.79834936817745 2964 
1996 1998 175 29.63856663054159 2949 
1997 1998 180 30.675823842389693 3066 
1998 2000 162 25.75466646835658 3005 
1999 2000 165 22.858913536738736 2943 
2000 0 162 24.812187830936207 3120 
