1 4 14 0.06259477096762757 377 
2 4 15 0.08760110430134672 378 
3 5 16 0.07151057959308962 374 
4 5 16 0.0636300581152387 381 
5 8 14 0.039498759323291575 379 
6 9 16 0.08849000074063196 379 
7 10 16 0.0035068261182776006 375 
8 11 15 0.05757814905339571 381 
9 11 16 0.0026484262316695288 381 
10 14 16 0.06541447255759951 373 
11 15 16 0.02546571865498602 376 
12 17 14 0.02058704459720263 380 
13 19 15 0.02066718180837622 374 
14 19 16 0.05787296522179589 377 
15 20 16 0.0597608901569076 380 
16 20 15 0.049020280365287036 374 
17 21 16 0.0575747759253516 379 
18 22 16 0.021518655200287857 378 
19 23 14 0.0463259937440661 374 
20 25 14 0.07266912199502934 377 
21 28 14 0.08731106059261211 380 
22 29 14 0.05205377192323532 381 
23 31 15 0.021540755402533338 376 
24 33 15 0.03021978936880568 380 
25 34 14 0.08856597081958285 381 
26 34 15 0.0433907676715462 371 
27 35 14 0.07906883766367159 376 
28 36 16 0.013632697641174939 375 
29 37 15 0.051513736012581544 380 
30 40 15 0.014507644612609855 371 
31 45 14 0.01279748029931518 372 
32 45 16 0.0672019553675491 377 
33 48 14 0.08408120751376072 374 
34 51 14 0.022185024181825296 379 
35 55 15 0.08232462658141153 381 
36 56 16 0.02000389806986654 375 
37 57 14 0.08699460763032117 379 
38 57 16 0.019511023269396445 380 
39 59 15 0.07923999643686229 374 
40 60 14 0.01687102038880622 373 
41 62 15 0.0832969892520173 372 
42 62 14 0.026545830137928526 381 
43 62 15 0.0675586264721977 371 
44 63 14 0.041626478157399976 381 
45 66 14 0.02915100252491157 379 
46 66 16 0.009141026730783097 380 
47 66 15 0.050579293441158316 377 
48 68 15 0.08901911023591537 375 
49 69 15 0.08648886419459464 380 
50 72 15 0.08652663264470309 379 
51 72 14 0.0510622249748563 380 
52 72 16 0.01523392166858956 371 
53 72 15 0.07086377920175423 373 
54 72 14 0.047440303535493215 377 
55 73 16 0.08184779149369334 381 
56 73 15 0.008112174689169388 381 
57 74 14 0.08643181467600146 380 
58 75 16 0.04509226752040782 375 
59 77 15 0.01581337748684039 379 
60 77 14 0.025482420160909285 377 
61 77 16 0.07398027516912371 374 
62 79 16 0.063444678870182 378 
63 82 16 0.04930933061325199 372 
64 82 14 0.028250239581096487 376 
65 84 16 0.05746722079662654 376 
66 88 16 0.06410503421595709 378 
67 89 14 0.0755223055514243 371 
68 94 15 0.057197215735841606 375 
69 94 16 0.013196936591417789 378 
70 95 16 0.0062327201686377285 379 
71 96 14 0.06838201473220054 379 
72 100 15 0.032847280881873074 377 
73 100 14 0.043249786337958986 374 
74 101 14 0.004973274759896488 377 
75 102 16 0.05601033152522306 376 
76 103 15 0.01002349437640086 379 
77 105 15 0.03304451472529886 374 
78 105 14 0.0225660648562286 380 
79 106 16 0.08559641688334256 380 
80 106 16 0.08227606736627287 380 
81 108 16 0.044150773343551206 372 
82 108 14 0.035294169429651724 372 
83 108 15 0.0034091370446702345 381 
84 110 15 0.07172760878786612 375 
85 111 16 0.024120050907740852 381 
86 112 16 0.05128275850887249 374 
87 113 14 0.012275821194674612 372 
88 114 16 0.020594565205357237 372 
89 114 14 0.01583193081345155 377 
90 115 15 0.006451147876730247 379 
91 116 15 0.06217966320717729 374 
92 117 14 0.08654587414568142 378 
93 117 14 0.0737044254200626 376 
94 118 16 0.07583821537935401 381 
95 118 15 0.05229412184443621 380 
96 119 16 0.05549376780656991 374 
97 119 14 0.0020672186535962405 377 
98 120 15 0.027187254442259945 376 
99 121 14 0.07538952861540883 374 
100 122 15 0.08266097831964424 372 
101 125 16 0.08395024494787885 378 
102 126 15 0.020288914413043056 376 
103 126 15 0.06334626738503775 376 
104 126 16 0.08372850655678386 381 
105 128 15 0.010247738612953566 373 
106 128 16 0.0769200241668087 376 
107 129 15 0.014998645285166399 379 
108 129 16 0.0300763629554552 381 
109 130 15 0.05586141713789766 375 
110 131 15 0.048217020940929244 373 
111 131 14 0.06788094891225593 378 
112 131 14 0.01839406831306559 375 
113 132 16 0.004313236969214268 375 
114 133 15 0.0020099130160487026 378 
115 133 14 0.00382682128723088 381 
116 133 14 0.08174446200511273 378 
117 135 14 0.04411856713553144 373 
118 137 16 0.05526886603586686 374 
119 137 16 0.04294231477209983 372 
120 137 16 0.05294380754854808 373 
121 138 16 0.07578013589450822 377 
122 139 14 0.030395914109524094 371 
123 139 16 0.053478481812915736 378 
124 139 15 0.04654212733907019 375 
125 141 15 0.01621275612089754 371 
126 141 16 0.0070924446865423905 372 
127 142 16 0.05637984837947211 371 
128 143 15 0.020944956764361623 373 
129 143 16 0.02435772059741125 374 
130 143 15 0.03006429276796143 371 
131 144 15 0.03884374716265808 380 
132 144 14 0.047325372472517335 380 
133 145 15 0.012131184944031457 380 
134 145 15 0.0571963554420839 378 
135 145 14 0.0014464544417965221 373 
136 148 16 0.008843902709312922 379 
137 149 16 0.06439541659365311 378 
138 149 15 0.021684007443741396 381 
139 149 14 0.07534509905981351 375 
140 149 16 0.016590700478825767 377 
141 150 16 0.06935470316793808 379 
142 150 14 0.05248801889122907 378 
143 153 14 0.04128257104155549 375 
144 153 15 0.0010570017137044934 378 
145 154 16 0.0777665201049614 379 
146 154 14 0.0341877655490523 371 
147 155 16 0.07606132269166599 379 
148 155 16 0.035776985900658184 372 
149 158 16 0.08037764186581538 376 
150 158 15 0.04055874051640651 376 
151 159 15 0.07902065860110127 374 
152 159 16 0.037965463085553874 380 
153 160 14 0.044485862853777584 376 
154 160 16 0.07015805555831008 380 
155 160 15 0.03813994264705314 372 
156 161 15 0.031668602326587435 373 
157 162 15 0.016510858876173002 374 
158 164 15 0.012977348849970757 377 
159 165 16 0.02287363705301402 380 
160 167 14 0.05255389636983675 379 
161 167 15 0.025274745111210164 374 
162 167 14 0.07037348980834184 379 
163 168 16 0.04891836430285217 377 
164 169 14 0.01849216366708684 374 
165 169 14 0.009471092027157024 379 
166 170 15 0.004136339559879713 381 
167 171 15 0.08821615946175625 377 
168 173 14 0.06679254996404815 377 
169 177 16 0.05305997091270917 377 
170 178 16 0.04040428934787236 378 
171 180 14 0.00472863874166685 378 
172 180 16 0.08220068223903867 371 
173 181 16 0.0708219887515172 381 
174 183 16 0.03759956167853952 376 
175 185 14 0.05152588726777267 376 
176 187 14 0.037096175019384045 377 
177 194 15 0.021960036425008194 380 
178 194 15 0.046569784356736824 371 
179 194 15 0.052807636557927244 376 
180 195 14 0.034337501714432346 371 
181 195 14 0.0315237258585013 378 
182 195 14 0.05310568920684819 372 
183 196 15 0.046443450762141104 373 
184 197 16 0.07774880564563932 371 
185 197 15 0.04334283075811728 380 
186 197 15 0.05579132875433901 373 
187 200 14 0.0490758454623114 377 
188 200 15 0.054141812906317824 376 
189 201 16 0.08694247796844054 372 
190 201 15 0.07660562515678024 375 
191 202 16 0.018150586895934073 379 
192 203 15 0.02534511045741814 379 
193 204 14 0.07345769090720372 372 
194 205 16 0.03203840194708855 375 
195 206 14 0.03163724906007923 379 
196 207 14 0.04968584175103249 380 
197 208 14 0.0721613018154866 374 
198 208 16 0.044502444113124 372 
199 209 14 0.07533531446979908 373 
200 211 15 0.016904092477390976 376 
201 211 16 0.04818994526389304 376 
202 211 15 0.06897576889240814 374 
203 213 15 0.022498275874494326 373 
204 213 14 0.019580818936824743 379 
205 216 14 0.07718062479939562 377 
206 218 16 0.08814923100993759 378 
207 219 15 0.056188689216451024 376 
208 219 16 0.03789621956701168 381 
209 219 14 0.029262494386603066 373 
210 223 16 0.04878176942047797 375 
211 224 16 0.011436482077734868 376 
212 224 15 0.024748349472195365 381 
213 224 14 0.06264081605600132 378 
214 224 15 0.04294396575576974 374 
215 225 16 0.08054329317668221 374 
216 226 15 0.03831290276567765 381 
217 227 16 0.08145035626701282 372 
218 228 15 0.08063504705433995 371 
219 228 16 0.05001916876949141 377 
220 228 15 0.0014594014937719473 375 
221 228 14 0.0628555397322916 375 
222 230 15 0.0817335362447726 379 
223 231 15 0.04112572947254398 380 
224 232 16 0.0762073447880895 380 
225 232 16 0.02403661508263178 381 
226 232 16 0.032706670098406526 376 
227 233 15 0.05990108204815398 380 
228 235 16 0.04356675818149566 381 
229 235 16 0.07010931906384037 376 
230 236 14 0.07297986253054842 372 
231 236 14 0.025731954230059986 374 
232 237 16 0.007204064084595909 371 
233 238 16 0.028427947240416997 377 
234 239 15 0.07137814538435551 380 
235 242 14 0.08045500398395594 380 
236 242 16 0.06665037302899918 380 
237 244 16 0.04109969376217507 373 
238 245 15 0.012621065810470563 373 
239 246 14 0.08603091595158464 377 
240 247 14 0.01989699339588614 380 
241 248 15 0.08311029094535585 375 
242 251 14 0.029961522101797023 373 
243 252 14 0.07424825746623445 374 
244 253 14 0.05663679878714043 380 
245 253 15 0.020533809291560755 381 
246 253 15 0.061651305094831174 372 
247 253 15 0.02649988255312925 373 
248 254 14 0.06734963128632124 379 
249 254 16 0.019822422798474893 375 
250 254 16 0.03742469614182627 379 
251 256 14 0.006059503550083163 374 
252 256 15 0.020180096703649158 375 
253 257 16 0.020668940689047007 378 
254 257 16 0.02166831901962135 373 
255 257 14 0.0372495009334034 378 
256 259 15 0.08576504106421629 376 
257 260 15 0.017373870921161598 375 
258 260 16 0.03688332067654588 373 
259 262 16 0.033456056099743836 371 
260 263 15 0.05849290051383564 372 
261 264 15 0.035769873862808665 371 
262 266 16 0.02634438820235685 374 
263 267 14 0.07883499940532664 376 
264 267 16 0.0536056339511349 380 
265 270 15 0.07882295693819284 376 
266 271 16 0.02375529308988908 378 
267 271 15 0.03723501334248702 381 
268 272 15 0.03582608426886483 372 
269 272 15 0.055220956707792625 372 
270 273 14 0.06187186191967418 378 
271 274 16 0.0013248947280357216 373 
272 274 16 0.003836155493743329 375 
273 277 14 0.0850625536091892 381 
274 278 15 0.020374468505074447 371 
275 278 15 0.039045327496697896 380 
276 281 16 0.022919394630834037 378 
277 282 14 0.057110677651619625 372 
278 285 16 0.07187522521746594 381 
279 285 14 0.06940417413038034 375 
280 285 15 0.08247426523363875 374 
281 287 16 0.032650996996885215 372 
282 288 16 0.012267783412294998 381 
283 291 14 0.029839484810765628 378 
284 293 16 0.0879150120349806 378 
285 294 14 0.02536343356982557 375 
286 294 16 0.07556389196956016 373 
287 294 14 0.03006234391492726 374 
288 295 14 0.07086295454142352 381 
289 299 15 0.041664852828977535 371 
290 303 16 0.06153682416901898 377 
291 303 16 0.015614130031818493 377 
292 305 14 0.022841130555701278 381 
293 306 16 0.04056298406564444 374 
294 308 14 0.023353746809245603 377 
295 309 16 0.016801273257617915 371 
296 310 14 0.02248836623833495 375 
297 310 15 0.015446440678415753 379 
298 311 15 0.06365405203738875 371 
299 311 16 0.004344470214769163 378 
300 311 15 0.0021637423231347175 380 
301 313 14 0.04760010444101186 380 
302 314 15 0.06506338589688615 374 
303 318 15 0.05934364774945306 374 
304 319 15 0.04748178121944878 379 
305 319 15 0.05772653713574181 381 
306 321 14 0.08350920700725438 373 
307 322 14 0.0830748181551332 380 
308 323 16 0.049458083577662515 378 
309 323 16 0.07503745311269261 376 
310 324 15 0.03902156716490398 372 
311 326 16 0.07679099455153995 379 
312 329 15 0.01789905774940217 376 
313 331 14 0.005912701661386236 373 
314 332 15 0.04692779799791643 381 
315 332 15 0.06218801931993431 374 
316 339 16 0.05621696561370224 374 
317 339 16 0.006249205951987221 379 
318 340 14 0.0042286400293475145 371 
319 342 14 0.03633608153107079 375 
320 342 15 0.03504602715015172 381 
321 342 14 0.05006538370921406 373 
322 342 14 0.026852089588874684 381 
323 343 15 0.044234642017588865 376 
324 343 15 0.025273456942103773 371 
325 344 15 0.08052144048744274 374 
326 344 14 0.05887617054056763 375 
327 346 15 0.015002853233740069 374 
328 348 14 0.04232093242119462 376 
329 349 15 0.05242039810474046 373 
330 351 14 0.057148699055380815 373 
331 353 14 0.016646714548788848 373 
332 353 15 0.04486678853045885 375 
333 353 14 0.01902128637979812 381 
334 354 16 0.024463798246872913 377 
335 355 16 0.05271229880406403 374 
336 355 15 0.05024363264409412 381 
337 355 16 0.0029625865241328726 379 
338 359 14 0.061110455512075196 377 
339 360 14 0.0743075202280863 376 
340 363 15 0.01799443484619281 373 
341 363 16 0.015602303925653836 371 
342 365 16 0.01619322173253889 379 
343 368 15 0.01582144878334074 377 
344 368 14 0.0738704857305708 380 
345 370 15 0.034033802233802486 376 
346 371 16 0.012505526259918565 372 
347 371 16 0.0012009420808849127 373 
348 373 15 0.05745116179492938 379 
349 373 16 0.07523056857864417 380 
350 374 15 0.007383634675927719 380 
351 374 14 0.02976858807953656 380 
352 375 15 0.02381968609250162 376 
353 376 14 0.07956507112780876 378 
354 377 14 0.03430508265627451 379 
355 377 14 0.03993391427842239 372 
356 377 14 0.04094164906084738 374 
357 378 14 0.053227597373530326 380 
358 378 16 0.023844644212287547 377 
359 379 15 0.04315755873963676 373 
360 380 16 0.041570510780609714 381 
361 381 16 0.076232111010756 373 
362 381 14 0.05562806852636415 379 
363 383 16 0.089728202081497 380 
364 383 14 0.0014260508416684197 373 
365 386 15 0.005190890979524057 372 
366 388 16 0.063653055833563 380 
367 393 14 0.02352736693704588 371 
368 398 15 0.0790363854144865 371 
369 398 15 0.044191540121910296 375 
370 398 15 0.035513664254799314 372 
371 400 16 0.048753815247854805 374 
372 401 15 0.022012654643571578 378 
373 401 14 0.08010991307176933 372 
374 403 15 0.010979697830595724 378 
375 403 14 0.05291459713506657 381 
376 403 15 0.06412389097936956 372 
377 403 16 0.019884031113912088 379 
378 403 14 0.025033597918578166 375 
379 404 16 0.020793403103146337 380 
380 404 16 0.0618960979029672 377 
381 405 15 0.08537544748923839 376 
382 405 14 0.08180951661909096 377 
383 407 15 0.005194620104835922 378 
384 407 14 0.07574130075270084 381 
385 408 14 0.05616548775212374 377 
386 409 15 0.0605292400030621 374 
387 409 14 0.03507102871813319 381 
388 409 15 0.025878192325209676 373 
389 409 16 0.07763350131223694 373 
390 410 16 0.048821768730937624 381 
391 411 15 0.08388455117541435 378 
392 412 14 0.0818671915445044 377 
393 413 16 0.03858104712902563 380 
394 413 16 0.043601340739605345 374 
395 415 16 0.023662056479868653 379 
396 417 14 0.035044454470129834 371 
397 418 14 0.06696694868624647 373 
398 419 14 0.04239590922052735 374 
399 419 14 0.05537669698411589 379 
400 419 16 0.059117931989272544 377 
401 420 14 0.0743870471563496 371 
402 420 14 0.07194689511870848 371 
403 422 15 0.05544289352376348 374 
404 422 15 0.053155835338970975 371 
405 422 14 0.07315431476099014 374 
406 422 16 0.01514493773802007 375 
407 423 14 0.03722320491788708 371 
408 426 16 0.0743772119227163 374 
409 426 15 0.059698760291142634 372 
410 427 16 0.006671021497233981 378 
411 427 14 0.027833711963380112 374 
412 427 15 0.05069746040557476 372 
413 429 15 0.04849390840379395 376 
414 432 16 0.008111625182153717 374 
415 433 16 0.04822156455552385 374 
416 435 16 0.07164037294359671 375 
417 436 16 0.005041688741051636 381 
418 436 16 0.061389568265617415 373 
419 437 16 0.07932134902447706 377 
420 438 16 0.013053447725760881 373 
421 440 16 0.04513922716514556 381 
422 441 15 0.07286193858620049 378 
423 442 16 0.07960201117833608 378 
424 442 15 0.01266771759207037 374 
425 446 16 0.02518767483868191 381 
426 447 14 0.04516553415658262 371 
427 448 15 0.07820601856753628 374 
428 448 14 0.06712411633708278 376 
429 448 14 0.03781382081762509 375 
430 450 14 0.08711080337086867 376 
431 451 14 0.06422236478668257 375 
432 451 14 0.0520952329077941 376 
433 452 15 0.0868519715343178 378 
434 452 14 0.08739758613461805 376 
435 453 14 0.07172750436853163 375 
436 454 15 0.04087844354702198 381 
437 457 16 0.03873735909307643 371 
438 457 14 0.06849201907549378 377 
439 457 16 0.0447222128594483 381 
440 458 16 0.003967908441873851 376 
441 460 14 0.04356790173640312 377 
442 460 16 0.017323758628941116 379 
443 460 14 0.027952750581543173 378 
444 461 15 0.020873098152088945 373 
445 461 15 0.019467480820989726 372 
446 462 16 0.06513720331442761 380 
447 464 14 0.01311659133968767 373 
448 465 14 0.07111457919678627 379 
449 465 14 0.04749733915424937 372 
450 467 16 0.051947101250732014 376 
451 468 15 0.031459493627848015 375 
452 468 15 0.02595301248444334 372 
453 468 14 0.0840102787011479 375 
454 469 16 0.06572497007951739 376 
455 469 14 0.06890913210917866 375 
456 469 15 0.06520981873463556 372 
457 470 14 0.05723618849151342 373 
458 470 16 0.08902736241710527 381 
459 472 16 0.06843783624855151 374 
460 473 14 0.026406814100579466 381 
461 473 15 0.032426301766653995 380 
462 474 16 0.030267330979562215 376 
463 480 14 0.04319488028247946 371 
464 481 16 0.027711278438464687 380 
465 481 16 0.04655698360306265 373 
466 481 16 0.03299647664385209 376 
467 481 15 0.06709766852813856 374 
468 482 16 0.05506113197076618 376 
469 482 14 0.0336414618287129 375 
470 484 15 0.07290390805191198 372 
471 484 14 0.004764097407800422 371 
472 484 14 0.009371966006331368 372 
473 485 14 0.027450056852491207 375 
474 486 16 0.076708797884805 377 
475 488 14 0.023194491632363718 381 
476 490 16 0.050354106915351485 372 
477 492 16 0.0018948723151948868 376 
478 492 15 0.058201266942838475 380 
479 493 16 0.004462187082465907 381 
480 493 15 0.02490838168834992 379 
481 494 16 0.0028562254375942044 374 
482 495 16 0.0810658011491228 373 
483 497 15 0.07242177820667324 371 
484 498 14 0.05396500169626892 376 
485 498 14 0.00876791275834443 381 
486 500 16 0.06047120473200697 378 
487 500 16 0.05470104344099399 375 
488 500 15 0.08411758279854353 375 
489 501 16 0.08838267087202312 379 
490 501 14 0.084551358883894 376 
491 501 16 0.029981252235675968 372 
492 502 14 0.015472917062957989 380 
493 502 16 0.07959847575755494 381 
494 502 15 0.007855421791203765 375 
495 504 14 0.08123096977585054 374 
496 504 14 0.05446972687192814 376 
497 506 14 0.04517378134396175 380 
498 509 16 0.042255376919236615 373 
499 509 14 0.0318959417745152 381 
500 510 16 0.02257809889526087 379 
501 510 16 0.006364631996299357 379 
502 511 14 0.03427638453451064 380 
503 511 16 0.019867093081712122 375 
504 513 15 0.011022494405347853 371 
505 515 14 0.010290557009125012 371 
506 516 14 0.005635167360022378 376 
507 519 15 0.007398463484050104 375 
508 521 14 0.06562019221751578 375 
509 522 15 0.01576625332097249 378 
510 522 14 0.009830129804948226 373 
511 522 16 0.008179392468711594 380 
512 522 16 0.03847686506313723 381 
513 524 14 0.08388445226199662 374 
514 524 15 0.06372053229108703 377 
515 525 15 0.007433849414464141 376 
516 526 14 0.0810936862141441 377 
517 526 15 0.029098545981162214 377 
518 529 16 0.037927826274326615 380 
519 529 14 0.0542905836164383 372 
520 529 14 0.01396875156688267 371 
521 530 14 0.0848070770209154 372 
522 536 16 0.08976284666976346 375 
523 536 16 0.04900572393141544 372 
524 537 14 0.05056962378654294 379 
525 537 14 0.06589486261459475 373 
526 538 14 0.04361870289635188 378 
527 538 15 0.08109702882476899 379 
528 538 14 0.061015321898592774 375 
529 539 14 0.07976812040078289 378 
530 539 14 0.06870361832750829 375 
531 540 15 0.0016709403214351282 373 
532 542 14 0.06130842543371297 377 
533 542 14 0.01610572039022756 373 
534 542 15 0.044474229560715464 379 
535 543 16 0.02572728736951259 381 
536 546 15 0.01190652448675936 377 
537 546 15 0.036661197169703306 377 
538 547 15 0.004719830328934348 377 
539 549 16 0.08078076648192448 377 
540 549 14 0.036914126094732776 374 
541 550 15 0.029294279477966884 371 
542 553 16 0.0128384932663724 379 
543 555 16 0.0882294213669162 373 
544 556 16 0.019643871486263946 376 
545 556 14 0.025074558438693557 375 
546 558 16 0.005638426907788095 375 
547 560 15 0.08355229802806265 372 
548 560 15 0.059657460040112395 375 
549 561 16 0.04652027323614578 380 
550 561 16 0.08117698653213783 374 
551 561 15 0.08537441110877474 374 
552 561 16 0.0456865307748767 376 
553 564 14 0.07530853468017491 380 
554 564 15 0.05427628940978792 378 
555 565 14 0.08107727467278442 374 
556 566 15 0.027205232508607964 371 
557 567 14 0.060626842761788646 375 
558 570 15 0.0687575166463849 371 
559 570 15 0.032384842071978504 371 
560 571 16 0.019511500743391214 380 
561 571 15 0.055911953814956845 371 
562 575 16 0.015367645208903127 378 
563 576 16 0.04793002523289032 372 
564 577 15 0.08522248799385583 376 
565 579 14 0.024008898038876385 377 
566 580 16 0.001174693967890826 380 
567 580 15 0.07560391670588401 380 
568 580 16 0.06039387474832033 378 
569 580 14 0.048473659967508013 371 
570 581 14 0.0800116096490827 373 
571 583 16 0.03258833675626173 373 
572 585 16 0.06693383840823344 379 
573 589 14 0.03584028052935924 378 
574 590 15 0.06943035447849806 378 
575 591 16 0.06371190459761981 379 
576 592 15 0.02462477108454251 373 
577 594 14 0.010835171854335388 376 
578 596 15 0.011425532377439797 374 
579 597 16 0.004010930169578073 372 
580 597 14 0.016862101251521995 373 
581 598 15 0.08711787004490763 372 
582 598 14 0.0015091994015388561 377 
583 599 15 0.05348209850675314 372 
584 599 14 0.030157886106662906 377 
585 599 15 0.037659323619560724 378 
586 600 16 0.08139923422389252 379 
587 602 16 0.03776904943881375 374 
588 602 16 0.04699907391657637 371 
589 602 14 0.08847966518086217 378 
590 602 15 0.07275348896122555 379 
591 603 16 0.05894707049205486 371 
592 604 14 0.007578849270460492 378 
593 604 14 0.08277405963192695 379 
594 605 16 0.01668973259025757 373 
595 605 16 0.004806802274720089 378 
596 607 15 0.04819535740234843 381 
597 608 14 0.027245964943324357 377 
598 611 16 0.07161651064233723 375 
599 611 16 0.027699251439967727 377 
600 611 15 0.08154841813489466 378 
601 613 16 0.05966818206816458 379 
602 614 14 0.04797787536049528 377 
603 614 14 0.08732437622004363 380 
604 614 16 0.026012807625413973 380 
605 614 15 0.04198329534196994 372 
606 614 16 0.05005447105182245 377 
607 619 16 0.08641017401557595 373 
608 620 14 0.014308418742051694 380 
609 621 15 0.04229244363781005 379 
610 622 14 0.0738753309374701 380 
611 623 16 0.009391860337776375 380 
612 625 15 0.07996396083295017 376 
613 626 15 0.00695640990966636 376 
614 627 16 0.04018426009368681 375 
615 628 15 0.038280207145496466 380 
616 628 16 0.08932186705465214 375 
617 629 14 0.025349396289568962 379 
618 629 15 0.02476093827806566 380 
619 633 14 0.06988354487539415 377 
620 635 16 0.04746832511795672 376 
621 635 14 0.046601672290721645 379 
622 635 15 0.06549269998625576 377 
623 636 14 0.06151830955376651 371 
624 636 14 0.011629959952226796 377 
625 637 15 0.06358613730433622 376 
626 637 15 0.05627902121582839 381 
627 638 16 0.028931362408546074 376 
628 638 15 0.02724620757176866 379 
629 638 16 0.06024973457629651 375 
630 638 16 0.0023116220055974177 381 
631 639 16 0.05827342581394556 375 
632 640 15 0.027551553415346996 373 
633 641 14 0.07606147829579826 377 
634 641 16 0.010592231684609904 378 
635 642 16 0.005985643119643992 372 
636 643 15 0.06222262242509904 375 
637 643 16 0.002532478832886241 375 
638 645 15 0.04529453151911589 377 
639 650 15 0.0642228151594046 375 
640 651 15 0.002417909606807833 379 
641 652 14 0.08493285034084991 379 
642 653 15 0.08035167657677948 371 
643 654 14 0.0284033635255165 375 
644 655 16 0.05012356989710386 371 
645 657 15 0.0550613578524962 375 
646 657 14 0.040271258894584716 371 
647 659 15 0.014891817910427665 371 
648 660 14 0.06304052288000354 378 
649 660 14 0.07222809093824577 371 
650 661 16 0.018735919267068617 380 
651 661 14 0.03292360434050427 378 
652 665 16 0.07529507380062622 381 
653 666 14 0.017578620338136695 376 
654 666 15 0.07727245001170009 380 
655 666 16 0.07226669594729696 379 
656 666 15 0.045085838446664264 377 
657 667 16 0.031941132398266105 373 
658 667 16 0.08331568544535808 374 
659 668 14 0.0727742402915422 380 
660 672 14 0.029606204631678776 380 
661 672 16 0.048314487598796016 379 
662 672 14 0.06468193352927093 372 
663 672 16 0.07872714906431445 372 
664 673 16 0.06379991110290428 381 
665 674 15 0.08878211045564185 375 
666 680 16 0.0312663225134929 379 
667 681 15 0.06936016762561358 374 
668 681 16 0.015237844309427196 380 
669 682 14 0.07366918437723737 375 
670 683 16 0.05880042536212682 378 
671 685 14 0.00516329180482417 380 
672 686 15 0.004477088133002144 378 
673 686 16 0.08277948769825101 374 
674 687 16 0.005106916300770352 371 
675 688 15 0.04529679590226122 378 
676 688 14 0.03256840603193403 375 
677 688 15 0.007729322360890972 379 
678 689 14 0.05247750495214919 376 
679 689 14 0.07954208791597873 379 
680 690 15 0.08803021935737303 376 
681 691 14 0.05629587417097693 372 
682 692 15 0.001679441064632433 374 
683 692 14 0.07025805114254575 381 
684 693 15 0.0483450020926504 371 
685 693 16 0.04126789183084566 376 
686 694 14 0.05769493365864576 381 
687 697 15 0.01607223806652648 379 
688 697 15 0.05722908456953952 376 
689 698 16 0.018549699831947396 371 
690 700 14 0.028353972378362135 372 
691 701 14 0.083861086339151 380 
692 702 14 0.05835296155920945 373 
693 702 16 0.04817533925602021 379 
694 704 16 0.007012231275393421 375 
695 704 14 0.05810809588921309 381 
696 705 15 0.0869562239855667 380 
697 706 15 0.015188848910371307 371 
698 706 16 0.012649322649422503 380 
699 706 15 0.009632505979416336 375 
700 708 16 0.06083330494092884 371 
701 708 16 0.07326179525875809 378 
702 710 16 0.011277748267954534 380 
703 710 16 0.04912678482485101 380 
704 713 15 0.06599612439513661 372 
705 713 14 0.04123284098737339 376 
706 717 16 0.014012615496231631 374 
707 717 16 0.05801517173143052 375 
708 720 14 0.07170956490243177 380 
709 720 16 0.030499075460070496 371 
710 723 16 0.026018733083805527 376 
711 726 16 0.03449806250967518 373 
712 726 14 0.05222192787832025 376 
713 729 15 0.006247167913038098 373 
714 731 14 0.07019550954687469 374 
715 732 14 0.08738774208891151 380 
716 733 15 0.04141411032039214 371 
717 734 14 0.0493464949085768 375 
718 734 15 0.011661823330234987 373 
719 734 15 0.010453644274267725 378 
720 735 16 0.013945243958867468 376 
721 735 16 0.08241563637877519 372 
722 736 15 0.015366999104585423 374 
723 738 14 0.0017049824329362384 375 
724 740 16 0.07687394773930337 372 
725 741 15 0.010106633827908006 374 
726 742 14 0.002206043246984682 378 
727 742 14 0.07654003439271542 372 
728 743 14 0.07890875629238085 379 
729 744 16 0.01151961670310352 376 
730 744 14 0.07500995661254448 375 
731 744 16 0.04744814846481648 377 
732 745 16 0.0012597430218899332 376 
733 745 14 0.07950852867406161 372 
734 746 16 0.005104433026462498 376 
735 747 14 0.04297337802315975 375 
736 748 15 0.020418785884609315 378 
737 750 16 0.08558022665185587 372 
738 751 16 0.007839863485470604 378 
739 752 14 0.055747724821664256 375 
740 752 15 0.06002194839770343 380 
741 753 15 0.05975456243445191 379 
742 754 15 0.049037274361874675 375 
743 754 14 0.0819483311348829 379 
744 755 16 0.013940826656652559 380 
745 758 15 0.027726652398913032 377 
746 760 14 0.04373654399770523 379 
747 762 15 0.05543775061675373 377 
748 763 14 0.081321491255952 372 
749 764 14 0.08117528743373073 376 
750 764 14 0.027119670033233092 381 
751 764 14 0.06897067994661002 377 
752 764 14 0.00615987804770097 380 
753 766 14 0.045626571831223976 380 
754 766 15 0.03382901793026534 380 
755 768 15 0.08228189920511773 375 
756 768 15 0.0442973520198401 375 
757 768 16 0.0417522884099142 380 
758 769 14 0.005166614617349322 372 
759 770 16 0.04993798908108793 380 
760 771 15 0.001965092037151267 379 
761 771 16 0.07543673591990878 376 
762 772 14 0.05330481996438092 371 
763 772 15 0.04885077423325262 377 
764 773 15 0.054195751324578115 377 
765 773 15 0.048581934536860646 378 
766 775 15 0.023530817651794367 371 
767 780 15 0.02574511091616867 375 
768 781 16 0.0692115248304813 381 
769 781 15 0.021710867168382008 378 
770 782 14 0.06476388677560173 371 
771 784 14 0.07385277646085374 377 
772 785 16 0.08836674050506572 371 
773 785 16 0.023285372763650124 372 
774 785 16 0.05895088790597192 376 
775 790 14 0.0023454268201868866 374 
776 791 15 0.039655419209922084 372 
777 791 16 0.08368876727775541 373 
778 792 16 0.07170332500095215 372 
779 793 16 0.03129977285773924 381 
780 794 16 0.0700141135048404 375 
781 795 15 0.040076066470736055 372 
782 796 14 0.0541236773878471 371 
783 797 15 0.028364551276700515 381 
784 798 16 0.007071463362549428 374 
785 804 16 0.050960420103295614 380 
786 804 14 0.02101219498191368 376 
787 805 16 0.0664229215690668 377 
788 805 16 0.007272528928366213 377 
789 805 15 0.03950455005270665 375 
790 806 16 0.07091235814886196 380 
791 806 14 0.01656912652597905 372 
792 806 14 0.06731920897094067 377 
793 809 14 0.03410597713727417 380 
794 810 15 0.01790749515087277 372 
795 811 16 0.028347236084694395 376 
796 812 16 0.08616909280379301 375 
797 813 14 0.0705357311152076 376 
798 814 15 0.02547759466284237 380 
799 814 14 0.045189742802244914 373 
800 814 16 0.046345667786033495 372 
801 814 16 0.04856929218227668 378 
802 814 15 0.053136261758642764 380 
803 815 14 0.08720748063231737 381 
804 817 16 0.06089775169663945 374 
805 818 15 0.003685116644377685 373 
806 821 16 0.0761231155771133 378 
807 821 16 0.07375980267035766 378 
808 822 16 0.07183106185739538 371 
809 822 16 0.039875620388460674 372 
810 823 15 0.07994523075302526 381 
811 824 16 0.01779396535204537 380 
812 825 14 0.08728022825562003 371 
813 826 15 0.0015246350343672218 374 
814 830 16 0.03306316891239259 375 
815 832 16 0.05835060807403764 373 
816 832 16 0.027881081576086843 376 
817 833 16 0.004458260914585707 381 
818 833 14 0.06019025290356682 374 
819 837 15 0.06506621919423229 375 
820 840 15 0.06832362371403217 377 
821 841 16 0.035919965273599294 377 
822 842 15 0.038031269917569395 375 
823 842 16 0.04883683338080834 375 
824 843 15 0.012717593186029868 380 
825 843 14 0.033130908155212656 374 
826 844 14 0.012044708400849487 379 
827 850 16 0.08104858089688896 372 
828 850 16 0.023268886994550556 377 
829 850 15 0.08085308731905068 378 
830 852 15 0.012114914179445959 371 
831 853 15 0.01278947541089609 376 
832 854 16 0.003114603671097794 374 
833 855 14 0.08183995325838261 381 
834 855 16 0.03344347620092492 373 
835 857 16 0.010816720723900167 377 
836 859 16 0.04839618379742626 378 
837 861 15 0.06219621477200475 371 
838 861 14 0.024625507175920512 373 
839 862 15 0.05504313946375536 371 
840 863 16 0.029894009174936766 381 
841 864 15 0.02985319190542972 380 
842 865 15 0.04606702796100764 372 
843 866 14 0.0448361811171277 377 
844 867 16 0.05066352685952517 377 
845 868 16 0.04804534153395308 381 
846 870 14 0.0741066333470885 371 
847 870 15 0.05433775896021175 378 
848 870 14 0.0883931925092351 375 
849 870 15 0.019473302006865267 375 
850 871 15 0.01046498107501212 375 
851 871 16 0.0021262730287992266 371 
852 872 16 0.05592354098354692 374 
853 873 15 0.08623821588379443 381 
854 874 16 0.0016687038687566826 380 
855 881 15 0.044002597402573645 380 
856 881 14 0.07828834145123421 378 
857 884 15 0.004418868426025723 371 
858 885 15 0.03442740934029013 375 
859 886 16 0.02597739345142196 380 
860 888 16 0.039768749531506595 375 
861 889 14 0.06651001811431485 371 
862 891 16 0.07210421001048932 374 
863 894 14 0.08530433411713176 373 
864 894 14 0.08299957602752006 380 
865 894 16 0.033646635280235614 374 
866 895 14 0.06407423452815059 373 
867 895 16 0.016685305589030097 380 
868 897 16 0.07027740610379726 375 
869 897 16 0.08688033427940034 380 
870 898 15 0.017602614466184777 376 
871 898 15 0.027800061955017757 377 
872 899 15 0.06922290398167658 373 
873 899 15 0.02575208629076138 373 
874 900 16 0.04832607573729231 371 
875 903 16 0.011628741384095292 373 
876 903 14 0.060932116276778726 372 
877 903 15 0.021116056671484747 381 
878 904 16 0.0314362648012813 378 
879 904 16 0.08920385968158247 377 
880 907 15 0.07523883753972001 374 
881 910 15 0.07514349842337391 372 
882 911 15 0.027560311500932987 379 
883 913 14 0.07244935660609689 377 
884 913 16 0.07702699622749826 371 
885 915 15 0.07763831217534156 376 
886 917 14 0.0032428508256404226 373 
887 917 15 0.03581304046013354 374 
888 919 15 0.049519540607687464 378 
889 921 15 0.03737778080067298 378 
890 921 15 0.07975913463924439 381 
891 924 14 0.03771100319938413 376 
892 926 16 0.03944569788052219 378 
893 927 16 0.005572885802463739 371 
894 929 15 0.07892211181114904 378 
895 930 15 0.06787991255906342 374 
896 930 15 0.05973338941487331 371 
897 931 14 0.0894430010071148 378 
898 932 15 0.0652358778879323 371 
899 933 15 0.07415485248257535 379 
900 933 15 0.03320413910787609 380 
901 933 16 0.015118676461452117 381 
902 933 15 0.013217364785046228 374 
903 935 15 0.05708748041839456 374 
904 935 16 0.032214262623980534 378 
905 937 16 0.07309871492009541 378 
906 937 14 0.07385676487160946 377 
907 938 14 0.051767290935035376 377 
908 938 15 0.07263629320356334 371 
909 939 16 0.055720966755017656 376 
910 940 16 0.07646279494443373 374 
911 940 14 0.07816556234668731 372 
912 941 15 0.06759171366437908 381 
913 941 15 0.021622845511809756 378 
914 942 15 0.06077307553821598 372 
915 945 14 0.05608489799717494 372 
916 946 16 0.08409210592039312 375 
917 946 14 0.011411632020945695 372 
918 946 15 0.018445536384955285 371 
919 947 15 0.08118894063836922 375 
920 948 15 0.07917953349766844 377 
921 949 16 0.0477160080458643 377 
922 950 15 0.026052171273748516 376 
923 951 15 0.0432644661860783 378 
924 952 16 0.08291056700019708 381 
925 953 14 0.04156196298188135 374 
926 955 14 0.08311199334203503 371 
927 955 15 0.0614721071411939 372 
928 956 14 0.014331910258762015 371 
929 958 16 0.0186289099261684 379 
930 959 16 0.08165396532926339 377 
931 960 15 0.017767780431527647 378 
932 961 16 0.08728748012691274 374 
933 963 14 0.06895689544166093 380 
934 963 14 0.029101921666630632 375 
935 965 15 0.01178640701956106 374 
936 965 16 0.0018349951660385296 374 
937 965 16 0.024474249840883557 379 
938 966 16 0.061682596612066404 377 
939 968 14 0.061737080755631175 379 
940 971 15 0.007897602642160006 374 
941 975 15 0.06321579405633213 381 
942 977 14 0.049685585525592185 381 
943 977 16 0.08126212248445443 374 
944 979 16 0.07956575441476775 375 
945 980 15 0.016863111344999418 381 
946 982 14 0.003176764982604988 374 
947 983 14 0.08980431211508182 380 
948 984 14 0.036234425101465746 381 
949 985 16 0.05487685130795944 378 
950 988 16 0.0898313118497902 380 
951 989 14 0.05483807967369532 373 
952 990 14 0.0051257145556850145 380 
953 991 14 0.05548741284133126 371 
954 991 15 0.05490498113208748 377 
955 992 14 0.02450159263049677 376 
956 993 15 0.028960983781609845 378 
957 993 14 0.043716908221529266 381 
958 994 16 0.03455862014184267 377 
959 994 16 0.00828814918586317 381 
960 995 16 0.06293462076081541 377 
961 995 16 0.0022188493788040595 378 
962 997 14 0.02346879212350673 375 
963 998 14 0.04833076296104241 372 
964 998 15 0.014006267604608613 376 
965 999 15 0.03774834057129244 378 
966 999 15 0.08828136448294623 376 
967 999 16 0.0394303626713361 378 
968 1000 14 0.0024891606042495252 372 
969 1000 14 0.017059965248129572 376 
970 1000 16 0.06727805408831207 378 
971 1002 16 0.0023903631604345796 381 
972 1002 15 0.04467652906957391 381 
973 1002 16 0.05401140370806451 371 
974 1002 16 0.002560204080627277 373 
975 1003 15 0.06686638171491595 371 
976 1003 16 0.004576165507641427 374 
977 1004 16 0.061881644375979185 372 
978 1004 16 0.05731030504753237 380 
979 1005 16 0.08555647644681955 376 
980 1007 16 0.006602590815936471 379 
981 1008 15 0.040423372490693533 376 
982 1008 16 0.06723216845411503 380 
983 1008 14 0.05354313397102152 377 
984 1008 14 0.04554754914502324 374 
985 1011 14 0.022553555463340442 379 
986 1011 14 0.0869751024232512 374 
987 1014 16 0.049218206785474526 378 
988 1017 14 0.03441068497416371 375 
989 1017 16 0.05939362344992477 381 
990 1018 15 0.08928104448717834 381 
991 1019 14 0.0633328079258577 376 
992 1022 16 0.08731652299083438 381 
993 1022 14 0.06043959766129721 377 
994 1024 16 0.013971379186786249 379 
995 1025 16 0.0337804878851767 379 
996 1026 16 0.05354403399704209 372 
997 1026 16 0.06521274206703405 374 
998 1028 16 0.0781680718618055 376 
999 1028 14 0.026381022860281923 378 
1000 1028 16 0.02607657283085107 371 
1001 1033 15 0.032213517449158895 379 
1002 1034 14 0.007279850626176398 377 
1003 1034 14 0.037621059538884054 377 
1004 1034 16 0.06516607672429596 371 
1005 1035 16 0.08400769035969578 376 
1006 1037 14 0.06523374741278654 378 
1007 1038 16 0.0770892125730076 373 
1008 1039 16 0.0228907316952055 378 
1009 1039 15 0.07733123845993313 374 
1010 1040 15 0.029262515836999778 371 
1011 1042 15 0.0784565230108947 381 
1012 1042 14 0.01582754746978412 372 
1013 1044 15 0.02968357016893233 378 
1014 1045 14 0.026192247748076894 374 
1015 1045 15 0.0692131063042421 371 
1016 1047 16 0.028828906697349062 372 
1017 1047 14 0.01235827860364323 371 
1018 1047 15 0.054729597726989584 374 
1019 1049 14 0.01366501110216238 374 
1020 1049 16 0.03702160377918197 381 
1021 1049 14 0.08331603855910846 377 
1022 1050 16 0.04766743998118576 381 
1023 1050 15 0.08731080233153811 377 
1024 1051 15 0.04556049879104004 374 
1025 1051 14 0.021450650632220236 371 
1026 1052 15 0.046664277322971646 377 
1027 1052 14 0.01561103318792079 379 
1028 1054 15 0.06358913597286876 376 
1029 1054 14 0.007383730844493737 377 
1030 1054 16 0.015834518859524957 378 
1031 1054 15 0.004083795482558758 373 
1032 1055 16 0.06311088518038553 376 
1033 1055 16 0.0726903792230561 373 
1034 1056 15 0.055060750977486084 372 
1035 1056 16 0.08615724998097937 378 
1036 1056 15 0.05914574229566236 373 
1037 1056 14 0.08382966897348557 373 
1038 1058 16 0.05357273805094699 377 
1039 1060 14 0.08944507686291531 381 
1040 1061 16 0.052072252163974826 381 
1041 1062 15 0.04673786374489977 379 
1042 1063 16 0.025138470777379462 376 
1043 1064 16 0.0069401253806506856 372 
1044 1064 14 0.030440206960358162 372 
1045 1065 16 0.0567658728354483 379 
1046 1067 16 0.07285543508142132 379 
1047 1068 14 0.06317236078527558 377 
1048 1068 16 0.0787587221119014 376 
1049 1070 16 0.019936856558245553 373 
1050 1071 14 0.017409130280357836 377 
1051 1072 16 0.08735856376511596 377 
1052 1072 14 0.015570532876473909 380 
1053 1072 14 0.03484865013891814 379 
1054 1074 15 0.05468015801748128 373 
1055 1076 15 0.014426907469881817 380 
1056 1077 15 0.07821278900167886 379 
1057 1077 15 0.010333360371178473 373 
1058 1078 15 0.058325861783200955 379 
1059 1078 14 0.014041874951844422 377 
1060 1079 15 0.012851011921041617 378 
1061 1081 15 0.028656618347710286 380 
1062 1082 16 0.05132569798777365 373 
1063 1083 16 0.054185469619984765 380 
1064 1085 14 0.006419141690779503 377 
1065 1086 14 0.08771732679289096 378 
1066 1087 14 0.06298193980889225 371 
1067 1090 15 0.009734515035300564 379 
1068 1092 16 0.002512978528727771 373 
1069 1092 14 0.029666446146807014 379 
1070 1093 14 0.057173068169055985 374 
1071 1093 14 0.06835942109555612 372 
1072 1095 16 0.04161749892643233 374 
1073 1096 14 0.03340610556392754 376 
1074 1097 16 0.014547349476742938 372 
1075 1098 16 0.014090447805942923 371 
1076 1099 14 0.02668924989773952 375 
1077 1101 14 0.04576104235541025 380 
1078 1102 15 0.05929830664228833 381 
1079 1102 15 0.08942886784865893 373 
1080 1102 16 0.017461028243727156 374 
1081 1103 16 0.006823281008631117 381 
1082 1104 14 0.07140778585430219 381 
1083 1105 16 0.00183374360433865 377 
1084 1105 15 0.06320990353966596 380 
1085 1105 16 0.030940160291783297 371 
1086 1106 16 0.06378643437216053 373 
1087 1107 16 0.026738030874356 377 
1088 1107 15 0.010102766634918006 375 
1089 1107 15 0.04356712669438428 377 
1090 1107 15 0.061153990509450556 371 
1091 1108 14 0.025828570968637807 380 
1092 1109 15 0.04000216599645164 374 
1093 1110 14 0.06363211012407805 373 
1094 1111 14 0.055170054658375996 379 
1095 1117 16 0.051175958436073185 377 
1096 1117 14 0.048593856600444435 376 
1097 1118 15 0.0030639104325942963 374 
1098 1119 14 0.04723313937080816 371 
1099 1119 15 0.013856850365706525 381 
1100 1119 14 0.0869910058626601 380 
1101 1120 15 0.030850346094261488 377 
1102 1120 15 0.057688932362322504 376 
1103 1120 15 0.012379738284070848 381 
1104 1120 14 0.006252433351197026 380 
1105 1122 14 0.06470288109672002 375 
1106 1122 16 0.06543135111130918 379 
1107 1122 16 0.08340059493304802 374 
1108 1122 14 0.07359886566150703 379 
1109 1123 16 0.006229217245579023 381 
1110 1125 16 0.024525938690774594 376 
1111 1126 15 0.06213105258612542 376 
1112 1127 16 0.019455927596257704 379 
1113 1131 16 0.05246501149667064 373 
1114 1131 14 0.08893626688985985 380 
1115 1131 14 0.08510815584217796 373 
1116 1135 15 0.052463612052721084 375 
1117 1136 15 0.04876618582664599 374 
1118 1136 15 0.08647327503933581 378 
1119 1138 15 0.056791330368159275 373 
1120 1140 16 0.0691327935963758 373 
1121 1141 14 0.05374702191827664 380 
1122 1142 16 0.023377885752303384 372 
1123 1143 14 0.03474578720167669 371 
1124 1144 14 0.05266815359417764 379 
1125 1145 15 0.05509440861710159 380 
1126 1145 14 0.07168405593522052 378 
1127 1146 14 0.08656560078785076 380 
1128 1147 16 0.05861076931542856 371 
1129 1147 14 0.06423371206342589 381 
1130 1147 14 0.0518182814274672 376 
1131 1148 16 0.025705498877676213 377 
1132 1148 14 0.07865531216322198 379 
1133 1148 15 0.056190994136894316 371 
1134 1150 14 0.03531244632674202 378 
1135 1150 15 0.004121011450626528 376 
1136 1151 14 0.05329368968337512 374 
1137 1151 16 0.04324959137486556 374 
1138 1151 15 0.08047638385665165 376 
1139 1152 16 0.046612516192925564 371 
1140 1154 15 0.06146532533893933 377 
1141 1154 16 0.03789354980479942 375 
1142 1161 16 0.07355073616341751 372 
1143 1161 16 0.07833702700744152 377 
1144 1162 15 0.0789201381316167 379 
1145 1163 15 0.08024039959573606 376 
1146 1165 14 0.08728105303801334 372 
1147 1168 14 0.07219982512969841 376 
1148 1169 16 0.06528771703660534 374 
1149 1170 15 0.08056351790587123 375 
1150 1171 15 0.03975143867314814 376 
1151 1172 15 0.020664282766980062 379 
1152 1172 16 0.046624758734633974 379 
1153 1175 14 0.0761291573006465 378 
1154 1177 15 0.05500224391637681 376 
1155 1177 14 0.038166325211594715 378 
1156 1177 16 0.07772390494726808 374 
1157 1178 14 0.08890881277315693 376 
1158 1178 16 0.04271739341867489 379 
1159 1179 14 0.07667406360341938 380 
1160 1181 15 0.0866098320008824 373 
1161 1185 15 0.05866565655721805 380 
1162 1185 16 0.006874297660520346 375 
1163 1186 14 0.06161486322384666 376 
1164 1186 16 0.06440793104438594 377 
1165 1189 14 0.08866962827956403 372 
1166 1192 15 0.046873196022490723 375 
1167 1193 14 0.07897915796802706 379 
1168 1195 16 0.061746113105531374 373 
1169 1198 14 0.0751346365336789 372 
1170 1199 16 0.08233823193886994 379 
1171 1201 16 0.03654900106303903 379 
1172 1202 16 0.01235430321651217 378 
1173 1202 16 0.01727671026342876 378 
1174 1202 14 0.04397166418966513 373 
1175 1205 14 0.08662375490310309 377 
1176 1206 16 0.03856886941758554 377 
1177 1207 15 0.04396308968462916 371 
1178 1207 15 0.0773771637929275 376 
1179 1207 16 0.026759573336167776 377 
1180 1208 15 0.004354101958979857 371 
1181 1208 16 0.008014718260158805 379 
1182 1209 15 0.01215929987188925 371 
1183 1210 16 0.07848340631652191 374 
1184 1210 16 0.047480721595381414 379 
1185 1212 15 0.00968103725764088 375 
1186 1212 16 0.07704498916081735 372 
1187 1213 16 0.0018268719654754007 373 
1188 1213 16 0.05600416028101646 381 
1189 1214 14 0.08417351351814197 376 
1190 1214 16 0.05697362344590771 372 
1191 1215 16 0.05158309061656889 372 
1192 1217 15 0.05395804554280569 377 
1193 1218 14 0.04176099060876259 373 
1194 1219 15 0.06973341729780606 381 
1195 1220 15 0.03572340182946047 374 
1196 1220 16 0.07701969543013737 373 
1197 1222 15 0.03727312412145646 380 
1198 1222 14 0.05035012112849886 374 
1199 1223 15 0.014351925713458967 377 
1200 1223 15 0.08944624124525812 371 
1201 1226 14 0.057320366766616226 378 
1202 1227 15 0.08658999154248774 372 
1203 1227 14 0.05255819528677954 376 
1204 1229 15 0.0011660913983554855 380 
1205 1230 15 0.007165877037771334 372 
1206 1230 15 0.006367103533014364 377 
1207 1231 16 0.08196632008068723 371 
1208 1231 14 0.04107225902235382 373 
1209 1231 14 0.006233383466157025 376 
1210 1234 14 0.0616341590402704 377 
1211 1236 14 0.007934595729921974 372 
1212 1237 14 0.05046640842909361 373 
1213 1239 16 0.003466784340156257 381 
1214 1240 16 0.0010983915165296903 371 
1215 1240 15 0.031528380930859114 371 
1216 1241 15 0.05547550032747233 378 
1217 1241 16 0.026831171734206793 373 
1218 1241 14 0.001642733153516404 379 
1219 1243 14 0.0809976368093725 381 
1220 1243 14 0.010189747523708943 378 
1221 1243 14 0.0725161422307747 380 
1222 1245 16 0.04764845932810531 372 
1223 1247 15 0.0823647685707687 371 
1224 1247 14 0.058609974582006806 372 
1225 1251 14 0.042795035786849914 372 
1226 1251 16 0.08243866186209343 378 
1227 1252 14 0.017645758718101583 376 
1228 1252 15 0.018489221615839362 378 
1229 1253 15 0.08393916564400893 381 
1230 1254 16 0.07929116524344594 381 
1231 1256 14 0.008580040746802018 373 
1232 1257 15 0.007965900037050765 375 
1233 1257 15 0.06675006776231435 376 
1234 1259 16 0.025730397740074396 376 
1235 1259 16 0.045263984719624936 375 
1236 1259 14 0.08099542655006375 375 
1237 1261 14 0.04923934450524623 378 
1238 1261 14 0.06738280704046666 372 
1239 1261 14 0.03906352887244307 380 
1240 1264 14 0.03775732865379709 381 
1241 1265 15 0.017112942684507738 372 
1242 1266 15 0.022422215229374685 372 
1243 1267 14 0.030818341688926398 379 
1244 1267 14 0.042564007076823285 371 
1245 1269 16 0.009198245373121913 380 
1246 1271 16 0.075607129593368 372 
1247 1271 16 0.02951600764235773 372 
1248 1272 16 0.08580984225619606 381 
1249 1272 16 0.040127986457066944 373 
1250 1274 15 0.08426447642508407 373 
1251 1275 14 0.046164726045231884 380 
1252 1278 16 0.03817132602856723 374 
1253 1279 16 0.06825916432211676 371 
1254 1279 14 0.05762732759730358 373 
1255 1280 14 0.01381599613176741 379 
1256 1283 14 0.06974809785929716 377 
1257 1283 16 0.07680761911487646 380 
1258 1283 15 0.05738630210721224 372 
1259 1284 14 0.057698986425073914 379 
1260 1287 15 0.08769754336709862 377 
1261 1288 16 0.0590788494324596 371 
1262 1290 14 0.029411869184564277 377 
1263 1290 14 0.03760306224559583 376 
1264 1291 15 0.001240180980367573 372 
1265 1291 15 0.014232350321523746 375 
1266 1292 15 0.05490655498255839 371 
1267 1294 15 0.07944447266604854 371 
1268 1296 16 0.07594886551381369 375 
1269 1298 15 0.0015553982623958773 373 
1270 1299 16 0.06813832489606639 381 
1271 1301 14 0.011832596688131289 375 
1272 1301 14 0.001307871355620528 372 
1273 1301 15 0.043147115487541396 373 
1274 1304 15 0.07902971691114379 377 
1275 1306 16 0.058030518251141076 376 
1276 1306 16 0.06943472769073013 375 
1277 1308 14 0.0509265917200219 375 
1278 1309 14 0.07815484797003969 379 
1279 1309 16 0.030559696832024554 371 
1280 1309 14 0.08552460501183327 377 
1281 1309 14 0.03325894982449269 381 
1282 1311 16 0.022258676592637222 377 
1283 1312 14 0.06747222777471736 371 
1284 1312 16 0.016722277056749356 377 
1285 1312 16 0.02112092311017749 373 
1286 1314 14 0.023297006726413064 374 
1287 1317 16 0.08353613695211852 376 
1288 1318 15 0.03993435220132385 375 
1289 1319 15 0.02385034108571761 376 
1290 1322 16 0.02940165150539865 381 
1291 1323 14 0.011633955579769657 381 
1292 1323 16 0.06161148186485961 372 
1293 1324 15 0.06545298384290296 379 
1294 1325 14 0.010524294684548696 372 
1295 1326 14 0.050752115682801906 374 
1296 1327 14 0.03566859866476779 372 
1297 1328 15 0.048064265917428614 373 
1298 1330 14 0.06475624645932902 380 
1299 1330 15 0.05977787128989094 372 
1300 1331 14 0.008497780630486906 371 
1301 1334 15 0.026807330033727324 380 
1302 1334 14 0.026563349696917416 372 
1303 1334 16 0.0062996487576107586 380 
1304 1335 15 0.05330503143596945 378 
1305 1336 14 0.0769260778490434 375 
1306 1337 15 0.03067781744622575 373 
1307 1337 14 0.02857075611084775 378 
1308 1338 16 0.027923059663679636 372 
1309 1339 14 0.08858730610623035 377 
1310 1339 15 0.04227868361109647 375 
1311 1339 15 0.011117419458189677 374 
1312 1340 15 0.08505011110563987 379 
1313 1341 16 0.019936986155831348 380 
1314 1341 16 0.023813224712754925 371 
1315 1342 15 0.021999282686910353 379 
1316 1342 15 0.035484296469972205 373 
1317 1342 15 0.006393314949066029 378 
1318 1344 16 0.027877405433988048 377 
1319 1344 16 0.044964445651733784 374 
1320 1344 14 0.022098100442959113 379 
1321 1346 15 0.08002492880366052 380 
1322 1347 15 0.08508869732223603 371 
1323 1348 16 0.06309585841284254 376 
1324 1348 14 0.01734433704670808 373 
1325 1352 15 0.04572090215504708 381 
1326 1353 15 0.07677587851003306 373 
1327 1354 16 0.06212165928659094 375 
1328 1356 15 0.047518142650172276 376 
1329 1356 14 0.0030955914093136207 374 
1330 1358 15 0.014498430648595965 379 
1331 1358 16 0.016942484291843318 375 
1332 1361 15 0.05362292886401198 376 
1333 1363 14 0.0330970957490685 373 
1334 1364 14 0.05984122466004777 376 
1335 1365 14 0.03935214440627677 372 
1336 1366 16 0.06776696687122542 371 
1337 1369 15 0.03413258568988055 371 
1338 1369 16 0.08203690814567559 373 
1339 1370 15 0.02605233464599388 371 
1340 1373 15 0.08928099466555026 376 
1341 1373 16 0.06009954246671024 379 
1342 1374 16 0.00884190042449334 380 
1343 1374 14 0.08053630486679038 375 
1344 1375 15 0.021528839559900034 372 
1345 1375 14 0.08023414223154433 374 
1346 1375 15 0.01796567387787251 375 
1347 1376 14 0.033750281800691936 374 
1348 1379 15 0.013245448589718378 379 
1349 1384 15 0.043437446592755495 372 
1350 1385 14 0.04050201525453852 378 
1351 1386 15 0.0361472223333778 381 
1352 1388 15 0.05214764216768208 377 
1353 1388 16 0.004937393431344973 372 
1354 1388 15 0.06504175309867266 373 
1355 1389 14 0.08759268469454463 377 
1356 1389 15 0.03287914386795546 377 
1357 1391 15 0.06030207334735801 378 
1358 1393 15 0.06991746600122022 379 
1359 1395 14 0.07505326322911535 380 
1360 1396 15 0.006859473866861213 374 
1361 1399 15 0.04944563864781692 376 
1362 1399 14 0.03902450612623564 372 
1363 1400 15 0.030664671607202522 375 
1364 1402 15 0.015657799104224872 379 
1365 1402 16 0.07851418517802274 379 
1366 1403 15 0.013676354342228633 379 
1367 1404 14 0.018485710521823344 374 
1368 1404 14 0.043990570605699594 372 
1369 1405 14 0.057522050696551266 379 
1370 1405 14 0.06249276405129102 378 
1371 1405 15 0.030189457459177085 373 
1372 1406 14 0.07794469423672003 371 
1373 1408 16 0.055558679792917925 378 
1374 1409 15 0.053678000529265774 371 
1375 1410 14 0.0414994740447686 371 
1376 1411 14 0.06734829918218244 376 
1377 1411 14 0.08710365451534043 373 
1378 1414 15 0.06282104100284733 377 
1379 1414 15 0.075690602081437 375 
1380 1414 16 0.04651032001531277 379 
1381 1415 15 0.07580149685621407 373 
1382 1415 15 0.0028914002181392303 379 
1383 1421 16 0.0791458634658601 378 
1384 1422 14 0.07600492830328032 378 
1385 1422 16 0.04255188409770338 379 
1386 1423 15 0.01775288794485834 374 
1387 1423 15 0.012882963760410586 377 
1388 1424 16 0.032453530497578584 381 
1389 1424 16 0.008691735878299797 377 
1390 1425 16 0.06299340933375777 381 
1391 1426 15 0.025479949215885332 381 
1392 1426 15 0.04400739551884925 376 
1393 1427 16 0.023200888605099095 371 
1394 1427 16 0.0755142682447512 377 
1395 1428 14 0.03514141748744144 380 
1396 1429 16 0.08565534564314488 374 
1397 1429 15 0.04709854095380113 375 
1398 1429 14 0.01093776514084651 374 
1399 1430 15 0.07407286221623187 375 
1400 1430 14 0.049412909039689014 375 
1401 1431 16 0.06672706205338352 381 
1402 1433 15 0.050357889131387036 377 
1403 1434 16 0.0027370041575962463 381 
1404 1434 15 0.06875829175503079 371 
1405 1435 14 0.004964996519200635 374 
1406 1437 15 0.04944659865856507 381 
1407 1437 14 0.019591405131470552 373 
1408 1438 15 0.06743816282663685 372 
1409 1438 15 0.00408488683125249 371 
1410 1440 15 0.06820854921844102 376 
1411 1441 15 0.06727318695846343 379 
1412 1442 16 0.06774414673377727 378 
1413 1445 14 0.029476193330633064 378 
1414 1445 15 0.044675862879432364 372 
1415 1445 14 0.07761001941958463 372 
1416 1446 14 0.06526934028250266 371 
1417 1446 14 0.06581201878081358 378 
1418 1446 16 0.033711392152507784 376 
1419 1447 16 0.04828982273282127 381 
1420 1449 15 0.005681106791375693 379 
1421 1450 15 0.03503109171629339 381 
1422 1453 14 0.026404424203737294 371 
1423 1455 14 0.04829724949075251 376 
1424 1456 14 0.04641713663068413 373 
1425 1457 16 0.08583937475815041 375 
1426 1458 15 0.02976558671071893 376 
1427 1459 14 0.08064539588939729 378 
1428 1460 14 0.022400071724424868 372 
1429 1461 14 0.08467577997474283 376 
1430 1461 16 0.07739365865784728 379 
1431 1461 15 0.05018381029525172 373 
1432 1461 15 0.08400856690097254 376 
1433 1464 16 0.025425492505969097 381 
1434 1465 16 0.004373867237210918 372 
1435 1466 15 0.06794213445177645 379 
1436 1469 15 0.01331348545104125 371 
1437 1470 15 0.08336645250394163 371 
1438 1471 14 0.011373573473764723 372 
1439 1472 14 0.015173079942402377 377 
1440 1473 16 0.07163997845024044 372 
1441 1473 15 0.04645015980446207 380 
1442 1480 14 0.021240680658253727 376 
1443 1480 14 0.06505985997313096 378 
1444 1481 15 0.07992318537152275 378 
1445 1483 14 0.054337178837936095 371 
1446 1483 16 0.08386559030794788 381 
1447 1484 14 0.0010155744243819916 374 
1448 1484 15 0.022200120903575826 373 
1449 1488 14 0.031069007875570456 371 
1450 1489 14 0.07934678810750893 379 
1451 1490 14 0.0021742525794353766 372 
1452 1491 14 0.08635384148573864 377 
1453 1493 16 0.025522681241272785 375 
1454 1493 14 0.038182805325525836 377 
1455 1494 14 0.08978165130948298 377 
1456 1494 15 0.08457949236832306 373 
1457 1494 15 0.01403429202863516 379 
1458 1495 15 0.022785244984060118 379 
1459 1496 15 0.018333240119827787 379 
1460 1496 16 0.03039977263951804 380 
1461 1497 16 0.04176566490148241 378 
1462 1498 15 0.06369204252757345 376 
1463 1498 16 0.012330829210970829 377 
1464 1499 16 0.005228641906803423 378 
1465 1499 15 0.0456887108743552 379 
1466 1502 15 0.00839077527605566 374 
1467 1504 14 0.07594131400784239 374 
1468 1504 15 0.010844684835575921 377 
1469 1504 15 0.0477968357228625 379 
1470 1505 15 0.025294711586829482 381 
1471 1507 14 0.023931648927056313 378 
1472 1507 14 0.057656924171753714 376 
1473 1508 14 0.03861169508874667 376 
1474 1509 16 0.016949161524065032 371 
1475 1510 14 0.0627021193705809 373 
1476 1510 14 0.03561523266427934 372 
1477 1510 16 0.008032602167172383 374 
1478 1510 15 0.08836805809529426 374 
1479 1510 14 0.053489525463923514 375 
1480 1511 14 0.06305645993649554 372 
1481 1512 15 0.06152008978783674 373 
1482 1512 14 0.03992511087562075 372 
1483 1514 15 0.06559007372530559 373 
1484 1517 14 0.010422966315348923 381 
1485 1518 15 0.0894319556802748 379 
1486 1520 15 0.0072003214707432395 380 
1487 1521 15 0.07982417061628655 372 
1488 1521 16 0.009586362973266531 380 
1489 1522 15 0.03744994770985193 379 
1490 1522 16 0.07050039673089822 378 
1491 1523 14 0.06338691879495505 374 
1492 1523 15 0.021477336169871835 373 
1493 1525 14 0.07692290107660386 371 
1494 1525 16 0.05063182269422209 379 
1495 1526 16 0.02268464358354755 376 
1496 1528 15 0.07395075519155568 373 
1497 1529 15 0.08023552271204898 371 
1498 1529 16 0.0507338853087581 371 
1499 1530 15 0.061611777347505794 379 
1500 1535 16 0.044313905867216785 373 
1501 1537 15 0.06749817124762968 378 
1502 1539 14 0.012660678040877438 378 
1503 1539 14 0.06276552340031075 371 
1504 1541 15 0.0708830073639181 371 
1505 1542 16 0.005157418221307041 378 
1506 1542 14 0.07597915334035683 375 
1507 1543 15 0.05447940180384891 372 
1508 1543 16 0.016309502350281575 372 
1509 1545 15 0.022338285288347068 380 
1510 1545 15 0.018198714198472157 375 
1511 1545 16 0.04715590115993434 371 
1512 1545 14 0.013504881719551814 380 
1513 1545 15 0.03837739105257326 381 
1514 1546 15 0.07139471663320544 373 
1515 1546 14 0.032306215222339126 371 
1516 1551 16 0.062080525636751475 372 
1517 1552 16 0.02128385793165515 379 
1518 1552 14 0.017783130410476525 378 
1519 1554 14 0.015067811411921362 371 
1520 1555 15 0.05442093021890386 378 
1521 1556 15 0.0461964208301349 375 
1522 1556 16 0.07771983212286758 379 
1523 1556 16 0.04020424409077616 373 
1524 1557 15 0.08937819253384126 375 
1525 1558 16 0.05145572349255208 372 
1526 1558 14 0.031050851264629198 381 
1527 1561 16 0.059318901652117506 381 
1528 1562 15 0.05164166150424914 379 
1529 1562 14 0.06908539617548809 376 
1530 1562 16 0.03391038893822869 373 
1531 1562 14 0.019907096990354894 373 
1532 1562 16 0.0052990448497551405 381 
1533 1563 14 0.007104801243291349 373 
1534 1564 16 0.03768218217286513 376 
1535 1564 16 0.04878678159550734 376 
1536 1564 14 0.08337883969691888 376 
1537 1566 15 0.028718215797298708 373 
1538 1568 16 0.005099832297452445 376 
1539 1570 16 0.012590018448723164 376 
1540 1570 14 0.03189743418672717 375 
1541 1571 16 0.05646622049755477 381 
1542 1572 15 0.08010557154014618 372 
1543 1574 15 0.03945318775759294 373 
1544 1574 15 0.028841713254693452 374 
1545 1577 15 0.06364244036099198 380 
1546 1577 14 0.017448222509297426 380 
1547 1578 15 0.020107836031441402 378 
1548 1579 16 0.079363464261652 381 
1549 1579 15 0.07662609491203307 374 
1550 1580 16 0.05764124054657383 373 
1551 1580 16 0.012358441529856722 373 
1552 1581 14 0.04944427757034449 381 
1553 1581 14 0.0070181730743587014 377 
1554 1581 16 0.07725520520038129 371 
1555 1585 15 0.06804830429255534 380 
1556 1586 15 0.016446337864113085 378 
1557 1586 16 0.014362506578575913 380 
1558 1587 14 0.06584977725262431 379 
1559 1587 14 0.08415181951195039 371 
1560 1588 15 0.07424894320811515 380 
1561 1589 15 0.016627473515264685 373 
1562 1590 14 0.04927665287427363 377 
1563 1591 14 0.04149966762378461 371 
1564 1592 14 0.0033264112571967895 379 
1565 1592 14 0.024865737780222972 374 
1566 1593 14 0.003533405252725897 381 
1567 1595 14 0.08124455740754566 379 
1568 1597 15 0.03738128237308905 377 
1569 1599 15 0.08108112338439076 374 
1570 1603 16 0.043218909349974244 377 
1571 1603 15 0.05669972741156973 381 
1572 1603 16 0.06888159096897023 380 
1573 1603 14 0.07035345856399931 376 
1574 1605 16 0.015485499582787755 378 
1575 1605 16 0.08845289070835562 377 
1576 1606 16 0.053604172750728235 372 
1577 1607 16 0.07515384148204322 381 
1578 1607 14 0.05716987210423088 377 
1579 1608 15 0.06908750489632091 374 
1580 1608 15 0.07121461953564423 377 
1581 1609 16 0.00933130754228658 380 
1582 1609 15 0.061000947374958654 381 
1583 1610 15 0.06926506826983839 375 
1584 1610 15 0.04451500900578523 372 
1585 1611 15 0.01699275390351672 381 
1586 1611 14 0.06150003789372689 379 
1587 1615 14 0.04991517822208148 379 
1588 1616 15 0.01699988568731631 379 
1589 1616 16 0.07973897623313539 376 
1590 1618 15 0.04743068753734069 372 
1591 1618 16 0.0706152901634485 377 
1592 1619 15 0.08812655866972093 373 
1593 1620 14 0.08057341143347971 371 
1594 1620 14 0.009544167287726082 376 
1595 1622 14 0.02071958675311508 372 
1596 1622 14 0.02231296379486633 378 
1597 1624 15 0.01617956854356529 373 
1598 1625 16 0.06092190337395356 373 
1599 1626 16 0.009205649406388714 373 
1600 1626 15 0.023408302987516276 379 
1601 1626 14 0.02051365694219293 375 
1602 1627 14 0.047646148043723136 380 
1603 1628 16 0.04695268674915218 381 
1604 1629 15 0.05635916016661197 381 
1605 1630 15 0.04374575704924033 379 
1606 1630 15 0.05093856604450459 375 
1607 1631 16 0.04336194552460436 376 
1608 1631 16 0.06422643147374327 379 
1609 1631 14 0.0138997898972446 380 
1610 1632 15 0.06385485495577914 380 
1611 1633 15 0.0048930932118774854 381 
1612 1634 15 0.057103105551159154 378 
1613 1634 14 0.06986976200137135 373 
1614 1636 16 0.0053378309269403856 377 
1615 1637 16 0.018275718225419096 372 
1616 1637 16 0.037339591378056876 372 
1617 1637 14 0.04196606952807134 381 
1618 1639 15 0.02722855598398209 381 
1619 1640 15 0.017809771453817305 381 
1620 1642 16 0.043341198487782215 377 
1621 1644 16 0.08703112551499231 378 
1622 1648 16 0.0426140975603285 372 
1623 1649 14 0.033569492163079126 373 
1624 1649 15 0.06485601253493897 376 
1625 1649 15 0.014365049519167113 380 
1626 1650 15 0.06999064816470248 380 
1627 1650 14 0.05179966611743549 381 
1628 1652 15 0.006427311879743686 381 
1629 1652 14 0.043761464262204 374 
1630 1653 15 0.06220750844545095 374 
1631 1654 14 0.06321779112596153 377 
1632 1654 16 0.04546095995670739 380 
1633 1654 14 0.06303664534328206 381 
1634 1654 16 0.07020980924443745 381 
1635 1655 16 0.016661053051835052 379 
1636 1656 16 0.047643213330234746 372 
1637 1658 15 0.04917392225750279 372 
1638 1659 14 0.013827479331613695 376 
1639 1660 15 0.08361083140969003 376 
1640 1660 15 0.08175796244411916 375 
1641 1662 14 0.0888235435672275 373 
1642 1663 16 0.06734770533460481 373 
1643 1666 15 0.0024958304742405896 374 
1644 1668 14 0.08004367322801471 381 
1645 1670 15 0.028087600453481285 374 
1646 1672 16 0.047928918571129984 377 
1647 1672 14 0.04305123485613725 372 
1648 1673 15 0.04240549757786124 372 
1649 1674 14 0.08858381011989261 381 
1650 1674 14 0.0223407446811946 378 
1651 1674 15 0.014837457261472252 381 
1652 1675 14 0.07510585607545443 381 
1653 1676 15 0.070053793914238 373 
1654 1676 15 0.08662556759745031 371 
1655 1676 14 0.08779655219266513 372 
1656 1676 16 0.06569394394703568 380 
1657 1677 15 0.05955150693948065 374 
1658 1678 16 0.04158802349036275 378 
1659 1682 14 0.042343329777607346 381 
1660 1683 15 0.034137552176307075 381 
1661 1683 16 0.04953751755573404 377 
1662 1683 15 0.05935827792672007 380 
1663 1684 14 0.01239713930616057 377 
1664 1684 15 0.06538076617428762 379 
1665 1685 14 0.053920382529216174 375 
1666 1689 14 0.02055203622410694 372 
1667 1690 15 0.04550543052849276 378 
1668 1691 14 0.05478018872173461 378 
1669 1692 16 0.007324233587472792 377 
1670 1695 15 0.056732253159274125 381 
1671 1698 14 0.04385226918740792 376 
1672 1699 16 0.022468098993229796 380 
1673 1703 16 0.02929327875155389 378 
1674 1703 14 0.03150274460774287 380 
1675 1705 16 0.039074341978002136 377 
1676 1708 14 0.08856720487803921 371 
1677 1708 16 0.050926210940206176 371 
1678 1709 16 0.05692759050905463 379 
1679 1710 16 0.016776476544908662 371 
1680 1711 14 0.024503997383722085 371 
1681 1711 15 0.046004092134485725 378 
1682 1712 14 0.050301798641741495 371 
1683 1714 16 0.039591542625385896 374 
1684 1714 15 0.021946528395803248 381 
1685 1715 14 0.0836693943872914 378 
1686 1717 16 0.007959851691331173 373 
1687 1718 16 0.01328304289853045 373 
1688 1718 14 0.005887789653513763 375 
1689 1720 14 0.04357982322611726 372 
1690 1720 15 0.02502809549651947 372 
1691 1720 14 0.07515781671285234 373 
1692 1720 16 0.0020963134484582764 371 
1693 1722 14 0.0713017735524725 375 
1694 1722 16 0.07606772939596625 374 
1695 1724 15 0.045634175306024365 373 
1696 1724 14 0.07515716421678978 379 
1697 1724 16 0.0704095924759208 378 
1698 1725 16 0.03897679587891961 373 
1699 1726 16 0.006355927242006 371 
1700 1726 15 0.07610702934672939 375 
1701 1728 15 0.040315496641135325 371 
1702 1729 16 0.0137844251929344 372 
1703 1731 15 0.07693876720829697 377 
1704 1732 16 0.006933793028112842 375 
1705 1733 15 0.046512049741862946 378 
1706 1734 16 0.05206305886364996 375 
1707 1735 16 0.05981806643216467 371 
1708 1737 14 0.06171265041950157 373 
1709 1737 14 0.08322126025683257 381 
1710 1738 14 0.04162524376439695 375 
1711 1738 15 0.04336283900015867 377 
1712 1739 14 0.03530955551803427 380 
1713 1739 14 0.0772358415902894 375 
1714 1741 16 0.015161378031958474 375 
1715 1741 15 0.05907174201183201 381 
1716 1742 14 0.010749011252815958 378 
1717 1743 14 0.005833094889912309 378 
1718 1743 14 0.04633548178143702 379 
1719 1745 15 0.08266754487425265 379 
1720 1747 15 0.07177720315502023 377 
1721 1748 15 0.03773820587440399 378 
1722 1749 14 0.003473628132047676 378 
1723 1749 15 0.05724297398560768 377 
1724 1750 15 0.0542210991404239 381 
1725 1750 16 0.07336328503512322 381 
1726 1752 14 0.06557005503016361 381 
1727 1752 14 0.08234866153232137 380 
1728 1754 15 0.0601454542078224 374 
1729 1755 15 0.03199004025531337 372 
1730 1755 15 0.03928689150287162 376 
1731 1756 14 0.024907120399203096 381 
1732 1756 14 0.013254575705824525 379 
1733 1757 14 0.01765511991531285 381 
1734 1757 16 0.03977333841774688 381 
1735 1758 15 0.06066315825111155 379 
1736 1759 14 0.02893571920722935 377 
1737 1761 15 0.08946791512234518 372 
1738 1761 14 0.08460672067116791 378 
1739 1765 15 0.08483849626054396 378 
1740 1765 15 0.04976310170614721 373 
1741 1767 16 0.012988097085343538 375 
1742 1767 15 0.038184447367126576 372 
1743 1768 16 0.025310097057453927 381 
1744 1769 16 0.04998465814971912 371 
1745 1770 14 0.04874899264654783 373 
1746 1770 14 0.022765073049923194 374 
1747 1771 15 0.008131494705909162 376 
1748 1773 16 0.009176372270595173 375 
1749 1774 16 0.036415518843790406 372 
1750 1776 16 0.017404732528343025 372 
1751 1776 16 0.03374493945767146 379 
1752 1777 14 0.022243566266976874 374 
1753 1778 15 0.0027512678913848973 372 
1754 1779 16 0.06947597957032453 374 
1755 1779 14 0.07886716075040905 375 
1756 1781 14 0.02886779881627306 377 
1757 1782 14 0.06625887198241248 377 
1758 1782 15 0.017934968103302217 376 
1759 1782 14 0.0520528297751613 381 
1760 1782 15 0.029910336242262588 371 
1761 1784 16 0.04980986019819907 377 
1762 1784 16 0.0022633636072827102 378 
1763 1786 15 0.0027323957388519964 376 
1764 1788 15 0.08740277588470051 380 
1765 1789 14 0.07597926752931161 373 
1766 1789 16 0.06546260696131834 371 
1767 1791 16 0.013378843195692589 380 
1768 1791 14 0.007960584256283045 378 
1769 1791 14 0.019885360925832735 377 
1770 1792 16 0.06826026803088198 381 
1771 1793 15 0.020275126129145164 371 
1772 1793 15 0.08067475358545473 377 
1773 1794 15 0.040949308707445134 375 
1774 1795 16 0.060167655482247874 372 
1775 1795 16 0.07737896770067743 379 
1776 1796 14 0.0323863248656674 375 
1777 1796 16 0.02877526131973737 375 
1778 1799 15 0.0860562860679736 381 
1779 1802 15 0.04990667851342491 379 
1780 1802 14 0.0014571827435477672 377 
1781 1805 16 0.048443578537118434 377 
1782 1807 15 0.0077163602127777045 376 
1783 1809 16 0.01602572119905199 378 
1784 1811 16 0.07339011491396179 375 
1785 1811 16 0.08116428487854464 378 
1786 1814 15 0.014176297550909742 373 
1787 1814 14 0.08824180343244545 378 
1788 1816 16 0.0584419891833038 372 
1789 1816 16 0.02198948083697489 378 
1790 1816 16 0.07212587862070328 379 
1791 1820 15 0.052035609681115036 379 
1792 1820 15 0.05592396634184597 381 
1793 1821 16 0.07712839336069495 373 
1794 1822 15 0.056849053829645245 378 
1795 1823 15 0.041307428040970894 371 
1796 1824 15 0.08880409571442513 374 
1797 1824 15 0.02734015469840698 373 
1798 1825 16 0.018793422190442045 374 
1799 1825 16 0.005053322729152491 379 
1800 1825 14 0.07922334640986481 379 
1801 1828 14 0.0719798017165365 373 
1802 1829 15 0.013633467492015876 379 
1803 1830 15 0.058639950998577224 378 
1804 1830 14 0.0017312211039407091 376 
1805 1831 16 0.059292280772886584 373 
1806 1832 14 0.030749377669567146 377 
1807 1833 16 0.07867176799201209 380 
1808 1833 16 0.04868810075275124 377 
1809 1833 14 0.057546740837153665 376 
1810 1833 16 0.08813043184747382 377 
1811 1834 14 0.06126343773583644 376 
1812 1834 16 0.06862369103596429 372 
1813 1834 16 0.08908972243696701 374 
1814 1835 14 0.028980843323907473 377 
1815 1835 16 0.06641729947325091 379 
1816 1836 14 0.06712375080692765 377 
1817 1836 14 0.06322637036567545 374 
1818 1837 14 0.06150592464016399 379 
1819 1838 16 0.06971839466567381 376 
1820 1842 15 0.08689012354168722 376 
1821 1842 14 0.039713002941960465 379 
1822 1843 15 0.079175962065436 375 
1823 1844 16 0.08492690086735336 373 
1824 1845 14 0.009156994288787423 373 
1825 1845 15 0.0474357319087367 371 
1826 1845 15 0.03651555494497103 374 
1827 1846 16 0.005719790299996881 381 
1828 1847 15 0.032912116650398726 380 
1829 1848 14 0.04685766110491588 378 
1830 1848 14 0.046318455715160786 380 
1831 1851 14 0.0760343944025856 381 
1832 1852 15 0.004070416024283494 381 
1833 1855 16 0.0525806946377491 373 
1834 1856 14 0.007124039445907721 377 
1835 1856 14 0.010117726435922562 375 
1836 1856 16 0.012304591014020119 375 
1837 1856 14 0.039420660286647265 374 
1838 1857 15 0.05782341198335814 380 
1839 1859 15 0.0780064436563583 374 
1840 1861 14 0.08464489967825035 371 
1841 1861 15 0.0022207340170306727 372 
1842 1862 15 0.0298136236037768 376 
1843 1862 15 0.044622298991756466 371 
1844 1863 14 0.08963004917751992 378 
1845 1864 16 0.07783117313503236 377 
1846 1864 16 0.021892958519251927 375 
1847 1865 16 0.08153774861473308 374 
1848 1866 15 0.004715989192693302 379 
1849 1866 15 0.008936411775843884 374 
1850 1867 14 0.011231739412222694 373 
1851 1868 16 0.04306432096436079 378 
1852 1869 15 0.07922296748565778 376 
1853 1869 14 0.057616160063836276 381 
1854 1870 16 0.07019111276539791 380 
1855 1873 16 0.063005671322639 379 
1856 1873 15 0.07938210001187684 378 
1857 1876 14 0.031604698816328214 371 
1858 1876 16 0.038571367283546154 373 
1859 1877 14 0.03621593833921499 372 
1860 1878 16 0.04228970880466585 378 
1861 1880 15 0.05714305018274461 373 
1862 1881 15 0.08201024180708284 381 
1863 1881 16 0.08931025771652962 381 
1864 1881 15 0.042377976667155114 374 
1865 1883 16 0.019580872621898067 372 
1866 1883 14 0.06666877942825071 378 
1867 1885 14 0.08522939398708895 376 
1868 1886 15 0.012379495649088579 374 
1869 1887 16 0.03513066619240651 373 
1870 1887 16 0.06443571096651511 377 
1871 1888 14 0.0553875481506113 375 
1872 1888 14 0.04411620295653133 379 
1873 1891 16 0.007176198897474757 373 
1874 1891 14 0.036038734816840286 381 
1875 1891 15 0.08087772551949762 381 
1876 1892 14 0.02333526638335438 372 
1877 1893 14 0.08065307691900872 373 
1878 1894 14 0.008108019712080396 381 
1879 1895 16 0.026540927328587614 374 
1880 1898 14 0.0013500535640032256 378 
1881 1900 16 0.027074034868238617 381 
1882 1900 16 0.06261663904895912 381 
1883 1901 16 0.044850146437880385 381 
1884 1902 14 0.056373817358974204 380 
1885 1904 15 0.004221505986781639 378 
1886 1905 15 0.0021356404002738274 375 
1887 1905 16 0.04143111196682793 375 
1888 1906 15 0.07232860991609198 378 
1889 1907 14 0.06338225799028632 379 
1890 1907 14 0.054497827005577267 376 
1891 1910 14 0.08313247693748183 381 
1892 1910 15 0.0497601653723738 371 
1893 1911 14 0.057744350856901425 378 
1894 1911 14 0.04948796531493922 376 
1895 1912 16 0.008919231862632337 372 
1896 1913 15 0.047203695062965456 381 
1897 1913 16 0.00849442147021982 374 
1898 1914 15 0.0874144322433294 371 
1899 1914 15 0.07384508853448861 371 
1900 1915 15 0.0682081224660795 375 
1901 1915 14 0.026004709135436645 371 
1902 1916 14 0.06984052086264281 372 
1903 1917 15 0.0382140917787661 380 
1904 1919 14 0.003237198193492931 376 
1905 1921 15 0.027735520375133892 380 
1906 1921 16 0.0768045812005936 380 
1907 1921 15 0.0638923313260457 373 
1908 1921 15 0.015240949583808332 376 
1909 1922 16 0.03139719535424289 378 
1910 1923 16 0.021258230073026012 380 
1911 1923 14 0.08365095936413587 380 
1912 1924 15 0.028851624099669567 376 
1913 1924 14 0.08154930894709188 377 
1914 1925 14 0.03330247083085331 374 
1915 1927 16 0.0027651626506393075 371 
1916 1927 15 0.039041439872283173 375 
1917 1927 15 0.04554935185692717 377 
1918 1927 16 0.008766775832440121 375 
1919 1929 14 0.053678788263414164 372 
1920 1930 14 0.04100454970223564 377 
1921 1931 14 0.04812162685483263 379 
1922 1932 15 0.07584368138545454 374 
1923 1934 16 0.0763230554072304 379 
1924 1934 16 0.029999630779091048 372 
1925 1934 15 0.03457244509585886 377 
1926 1934 15 0.06809453100144276 380 
1927 1935 15 0.03512414507836555 379 
1928 1935 15 0.027388079157676038 381 
1929 1935 15 0.005248821464172402 380 
1930 1935 16 0.029418999186804202 374 
1931 1938 15 0.05783571329738837 371 
1932 1939 14 0.007734348524133559 380 
1933 1940 16 0.08376238459330732 379 
1934 1941 14 0.03243652553573425 373 
1935 1942 15 0.04112310515632274 377 
1936 1942 14 0.049932411681411326 372 
1937 1942 16 0.02541483534518809 377 
1938 1944 15 0.0800173218549743 376 
1939 1944 15 0.0056736024627264715 380 
1940 1947 16 0.007763034854027079 374 
1941 1948 14 0.006608314412687206 381 
1942 1948 16 0.06844938965165127 381 
1943 1949 15 0.08603722038531084 372 
1944 1950 16 0.051866478080433015 376 
1945 1950 16 0.014060041192552455 373 
1946 1950 16 0.05667560508539367 373 
1947 1951 15 0.006375465780538584 372 
1948 1952 15 0.07784057743013037 375 
1949 1955 15 0.018618708849728192 371 
1950 1956 15 0.01665966979281156 378 
1951 1957 15 0.07582943636158081 372 
1952 1958 16 0.07369833105471978 374 
1953 1959 14 0.056432910173719486 375 
1954 1959 16 0.02350871711055091 375 
1955 1959 15 0.047302928204695956 374 
1956 1961 14 0.03669201364726266 377 
1957 1961 15 0.07344181703609304 381 
1958 1962 16 0.0703830878651764 375 
1959 1962 14 0.0391990004468579 375 
1960 1962 15 0.05437894998362715 380 
1961 1963 15 0.033575861171880925 381 
1962 1964 14 0.04347082136019451 381 
1963 1964 15 0.07077149404584676 376 
1964 1965 14 0.06387960389008271 374 
1965 1966 14 0.079200339247933 377 
1966 1968 16 0.07480680964671872 375 
1967 1968 15 0.05701451941090048 378 
1968 1969 14 0.07878726218767394 377 
1969 1973 14 0.039944806248406635 379 
1970 1973 15 0.011134476370783256 376 
1971 1975 14 0.07144451467769873 378 
1972 1978 16 0.05844811070834445 377 
1973 1980 16 0.04043951128209575 381 
1974 1980 16 0.016183274359982115 376 
1975 1981 16 0.05893711898541795 372 
1976 1982 15 0.031722603137958966 377 
1977 1982 15 0.06932681890528318 376 
1978 1983 14 0.016155447713869023 376 
1979 1983 16 0.07268071025174601 373 
1980 1984 14 0.07022236272969348 379 
1981 1984 14 0.023283590565416845 374 
1982 1985 16 0.061321471934971165 374 
1983 1986 16 0.06408112943571861 371 
1984 1987 14 0.020661909515238473 375 
1985 1987 15 0.08117668288052235 376 
1986 1988 15 0.08644888128221788 372 
1987 1989 15 0.06496231066561393 380 
1988 1990 14 0.08373036601396844 380 
1989 1992 14 0.018883281688995508 376 
1990 1993 16 0.04720147950577755 375 
1991 1993 15 0.03229668249244637 380 
1992 1996 16 0.0013835439992757703 372 
1993 1996 16 0.08909567826639102 379 
1994 1996 15 0.029367736892150414 373 
1995 1996 16 0.00729600890049942 373 
1996 1997 14 0.04825407744826256 378 
1997 2000 14 0.08231518107925424 371 
1998 2000 14 0.08280103726873456 379 
1999 2000 16 0.015024468836738431 374 
2000 0 15 0.0012102399628029987 380 
