1 2 8 0.06975977709879173 174 
2 5 9 0.06245380900082924 173 
3 6 9 0.03496812755941086 172 
4 7 10 0.07887567705115234 168 
5 8 8 0.02529262017021012 174 
6 8 8 0.04693496724799344 166 
7 9 8 0.005463113989015242 168 
8 10 8 0.0696990901840882 174 
9 10 8 0.05326285118879003 171 
10 12 9 0.07273606705888334 175 
11 12 8 0.07291552540670188 168 
12 18 9 0.08357870163775584 168 
13 18 10 0.08954237875093896 166 
14 18 10 0.009335766655969246 176 
15 19 8 0.049332734398498786 168 
16 20 9 0.01538502880389948 175 
17 20 8 0.06144462844626115 169 
18 21 10 0.07002391683298552 175 
19 21 8 0.08646919330532485 170 
20 21 8 0.007991583526171506 173 
21 24 8 0.06697466386165071 166 
22 25 9 0.0181137674370013 174 
23 26 10 0.052268771987144094 169 
24 27 10 0.07470106705915634 173 
25 29 8 0.058184680540448785 174 
26 33 10 0.048147130738250825 176 
27 34 8 0.06973269568488867 175 
28 35 8 0.036106354196791327 171 
29 36 9 0.05588421127103731 167 
30 36 8 0.03133111179012168 169 
31 36 8 0.04654922198751684 172 
32 37 10 0.0347168224191299 168 
33 37 8 0.0010267239175011126 170 
34 38 10 0.07964781036154626 169 
35 38 10 0.03019962988141333 166 
36 39 9 0.06440708284626048 171 
37 39 10 0.012489706083296272 171 
38 41 10 0.03793533203634038 167 
39 41 10 0.057808907895445065 168 
40 41 9 0.07052210150764311 174 
41 43 9 0.05160835899319908 167 
42 44 9 0.05952628945282089 175 
43 46 10 0.040439567916941144 168 
44 49 9 0.03647115017120349 167 
45 52 8 0.019059231386998342 169 
46 54 9 0.022457629453573266 174 
47 55 9 0.00638613524931241 173 
48 55 10 0.07685811360244695 175 
49 56 10 0.057566601053571066 170 
50 59 8 0.053943658008079556 171 
51 61 9 0.08138160494605252 171 
52 62 8 0.0776106367685032 172 
53 64 10 0.05322633566938693 174 
54 69 8 0.06716151065626068 166 
55 69 8 0.05315739638738227 176 
56 69 10 0.022952485900116355 173 
57 69 8 0.055979962356829914 175 
58 70 8 0.06800213877285849 174 
59 72 9 0.058784985220224135 166 
60 72 10 0.062069723913256894 173 
61 73 10 0.027599822320274827 170 
62 75 9 0.06680271031456288 176 
63 76 8 0.08760323622258767 172 
64 76 10 0.0817643827312091 173 
65 76 10 0.045797324014554656 174 
66 77 8 0.0200528380730219 168 
67 78 8 0.0883189113873607 175 
68 79 10 0.03070784079041743 172 
69 82 10 0.06432584955496715 175 
70 83 9 0.01264212108037165 173 
71 88 9 0.06276217595881542 170 
72 89 9 0.0833218606240614 168 
73 91 8 0.01692029403041096 173 
74 91 10 0.07242994322099511 170 
75 94 9 0.03720986571929193 175 
76 99 8 0.06669567165650213 173 
77 99 8 0.05852953531561512 171 
78 100 9 0.04143347508559391 174 
79 100 9 0.06836702974470665 168 
80 101 8 0.060403366711326976 172 
81 101 10 0.0353320907172135 174 
82 102 10 0.07742518000975328 169 
83 103 9 0.021658633297493665 168 
84 104 10 0.03303122020536082 170 
85 105 10 0.05219041456610057 170 
86 105 9 0.030023037781115515 174 
87 106 8 0.05455461306671214 176 
88 106 8 0.06317262829257056 169 
89 108 10 0.06346376346350918 171 
90 110 8 0.032479978680921756 166 
91 111 8 0.0073839803508116385 167 
92 111 9 0.06433696486332283 173 
93 111 9 0.059381221406385534 172 
94 112 9 0.06379620550950492 166 
95 113 10 0.004755306287328619 175 
96 113 8 0.08925378476135613 176 
97 114 8 0.022779216179447524 169 
98 114 8 0.038453251265767145 170 
99 115 8 0.03772530231928465 166 
100 116 9 0.060120302563977615 166 
101 118 10 0.007407095880855213 176 
102 120 9 0.060340748479969814 169 
103 121 10 0.026032859452246343 171 
104 121 10 0.04097611522488097 170 
105 125 10 0.03547938647466483 169 
106 126 10 0.03926454967465665 167 
107 128 9 0.0798181453843718 170 
108 130 8 0.0702522171924928 173 
109 131 9 0.08083201266708742 175 
110 132 8 0.08312159700297554 169 
111 134 10 0.07688476800453121 172 
112 139 8 0.026534779199868973 168 
113 139 8 0.01567876421053404 168 
114 139 9 0.025840037765667304 167 
115 140 10 0.03493845888130807 168 
116 143 9 0.025604718081670433 176 
117 144 9 0.04969108002547635 166 
118 146 8 0.08824755851088681 175 
119 146 9 0.06777419339394358 170 
120 148 8 0.011648026550586426 174 
121 148 9 0.003475438773305317 172 
122 148 8 0.06940213985723362 171 
123 149 9 0.04906334733773356 171 
124 149 10 0.016445189550727664 171 
125 151 9 0.01278925445264728 174 
126 152 9 0.04369299827820962 174 
127 156 10 0.044928029078399746 171 
128 159 10 0.05525971421373871 172 
129 160 10 0.0346018191673864 169 
130 162 10 0.03529515692991387 172 
131 162 9 0.028045220193919904 170 
132 163 10 0.06978160789090683 171 
133 163 9 0.019642011610296398 166 
134 166 8 0.006076768672279211 167 
135 166 8 0.06673098920673515 176 
136 166 9 0.01217012681870306 175 
137 166 10 0.037280409692442056 174 
138 169 10 0.02460875996482736 172 
139 172 10 0.04810962714839921 176 
140 172 10 0.07069148124990624 168 
141 173 10 0.012595300312759142 174 
142 174 9 0.05326981582329682 167 
143 175 10 0.020831343537671434 172 
144 176 9 0.08674174141190066 170 
145 177 8 0.032764805444254766 167 
146 180 8 0.014259296867087535 174 
147 180 8 0.08169944044657047 171 
148 182 9 0.05738729477620014 169 
149 182 10 0.044489465929872477 169 
150 182 8 0.08754532624361779 174 
151 183 9 0.06660876837116009 172 
152 183 10 0.04544000767912736 172 
153 183 10 0.04721608087210845 173 
154 185 8 0.04445606371414434 170 
155 185 9 0.057937672526993146 171 
156 187 10 0.06946626405265346 166 
157 188 10 0.08641750580143474 174 
158 189 8 0.015794936093102514 166 
159 192 9 0.0760708759358796 166 
160 192 9 0.03641229299300312 176 
161 193 10 0.056751235244649784 173 
162 193 8 0.05559319978895293 173 
163 193 9 0.0746966657376584 174 
164 193 8 0.07347146581317013 174 
165 194 10 0.034815794579280704 176 
166 195 9 0.03853247788024784 176 
167 196 8 0.07281577740832726 170 
168 197 10 0.08304317709355728 172 
169 198 10 0.03201865890725584 169 
170 199 10 0.08818287444521661 169 
171 200 9 0.04141519923892439 175 
172 201 8 0.009386250518181677 172 
173 201 8 0.05468262819022276 175 
174 201 10 0.04971094400434898 173 
175 201 9 0.029434586586395348 176 
176 202 8 0.08766043752677916 172 
177 203 10 0.05955030352433693 172 
178 203 10 0.03831168855609194 166 
179 204 10 0.02489290041098086 174 
180 205 10 0.058331959164628557 176 
181 206 8 0.044703987129963096 166 
182 207 8 0.054387985662177 169 
183 207 10 0.07232965575919145 176 
184 207 9 0.047193802808482614 170 
185 208 8 0.07267959313148409 167 
186 208 10 0.07865007579696844 170 
187 210 8 0.056434851333991 174 
188 213 9 0.0779534041334277 166 
189 213 9 0.06129015801776162 169 
190 214 9 0.035335778460497215 173 
191 214 9 0.04532928982335104 172 
192 217 9 0.07551784195743665 166 
193 218 8 0.03698256104545557 174 
194 219 9 0.059841435406417516 175 
195 220 10 0.01592078248576507 174 
196 220 8 0.00534781065823194 169 
197 220 8 0.04651248742572835 166 
198 223 9 0.028917295776021684 175 
199 223 10 0.08461220107759347 169 
200 223 10 0.06358062729851384 171 
201 225 8 0.08292990803892471 173 
202 225 8 0.048119428505745826 168 
203 226 8 0.06133363729133126 167 
204 229 10 0.04271431820320929 175 
205 230 10 0.003611678445419107 171 
206 232 8 0.007488706007900367 170 
207 233 10 0.012563152680205521 167 
208 233 9 0.01417213853913371 171 
209 234 8 0.07685533317885618 169 
210 237 9 0.061887382861761715 175 
211 237 8 0.04419203304302099 167 
212 237 9 0.05002268613587117 166 
213 239 10 0.04701174640226332 168 
214 239 9 0.030718491380707483 167 
215 240 9 0.032648726260964364 174 
216 240 9 0.0491360750337507 166 
217 241 8 0.08651176742329586 168 
218 241 8 0.02676457322937378 171 
219 241 10 0.08345038970909006 174 
220 244 9 0.07727667771458824 170 
221 248 8 0.0012623239573652098 170 
222 249 8 0.055996005448808076 166 
223 251 10 0.035947087105936394 176 
224 251 10 0.04789299003439856 167 
225 252 10 0.06239178889277625 166 
226 252 9 0.04723266825645814 166 
227 253 8 0.06225843785638181 170 
228 253 10 0.08776146768802537 170 
229 253 8 0.017498911404125655 176 
230 256 10 0.06698164056331524 176 
231 256 10 0.06146372493684598 173 
232 257 9 0.052220463023914386 168 
233 258 10 0.07836381854823353 171 
234 258 8 0.04771518721682149 166 
235 263 10 0.05177262222021961 174 
236 263 8 0.05098304516763693 173 
237 265 8 0.08327638330200338 168 
238 267 8 0.08831837452450539 169 
239 268 10 0.03429471307077039 173 
240 270 10 0.03983125468026062 166 
241 271 8 0.07479490280262363 176 
242 272 10 0.04596784542955273 166 
243 273 9 0.03737119027544202 166 
244 274 9 0.04588625358418628 166 
245 277 9 0.03486359896855761 171 
246 277 8 0.05857521303026372 173 
247 277 10 0.017458524904610803 175 
248 278 10 0.04033414793411585 172 
249 278 8 0.0020670109770914535 167 
250 278 10 0.08554552766709578 169 
251 279 8 0.014107282733574446 167 
252 280 8 0.08196179602871531 174 
253 281 9 0.04164737629936814 171 
254 282 8 0.055579161491593955 170 
255 282 8 0.02291952291107715 176 
256 284 8 0.007004660995259624 176 
257 284 10 0.055575264892488145 176 
258 285 8 0.05450622819931604 170 
259 286 10 0.0774487936731406 173 
260 286 9 0.07402013116441168 171 
261 287 10 0.052789704334912126 175 
262 288 10 0.04408820561401672 176 
263 288 8 0.016096051167091428 172 
264 292 10 0.06173494365174917 171 
265 293 8 0.05971439019605646 168 
266 293 10 0.06090111157188218 176 
267 293 8 0.013356048011568682 170 
268 294 8 0.06812869512180933 172 
269 294 8 0.05351395472743599 170 
270 295 9 0.046575703444535925 173 
271 296 10 0.05818993154475623 175 
272 298 9 0.08462644951163938 169 
273 298 9 0.045370873626584825 174 
274 300 10 0.07385974737973576 172 
275 300 10 0.0035223448636444396 170 
276 301 8 0.003927557160303555 173 
277 302 8 0.056934837222184974 173 
278 303 8 0.004371083066889596 170 
279 303 9 0.030805664023661562 167 
280 304 10 0.08167268494936192 166 
281 305 8 0.06853697536249558 170 
282 305 9 0.010623610120775014 167 
283 305 8 0.03191615449340245 172 
284 307 9 0.038128767512478644 173 
285 308 10 0.0397767077565634 168 
286 309 9 0.03879420680263747 175 
287 309 10 0.059851507872113976 169 
288 311 10 0.022109630711951832 172 
289 311 8 0.04686376890319973 168 
290 312 10 0.02351088095826021 173 
291 312 9 0.01346679237836338 175 
292 313 10 0.01804636008861469 170 
293 315 8 0.07106790432895504 170 
294 317 8 0.08279895100969108 166 
295 319 10 0.08865319712921294 168 
296 320 10 0.05133821609745535 175 
297 320 9 0.05519039402353319 166 
298 322 10 0.015784522803558142 170 
299 322 8 0.07310255074765044 175 
300 326 8 0.009040721937960357 176 
301 326 9 0.040787722573937264 167 
302 326 8 0.017408975749873625 167 
303 328 10 0.058879650221004255 176 
304 331 9 0.025920020568806032 176 
305 331 10 0.027315080920933408 170 
306 332 9 0.07628748497060239 168 
307 335 9 0.042005164329301715 172 
308 336 9 0.0735096410901784 168 
309 336 9 0.07817777466063354 168 
310 337 8 0.005805035172055619 176 
311 338 9 0.06683802639059244 167 
312 338 8 0.02347202717885758 176 
313 340 8 0.025392696872115327 167 
314 343 10 0.04937142632346386 175 
315 344 9 0.05143589048332911 176 
316 344 10 0.047967098151921454 174 
317 347 9 0.005554429235969717 168 
318 348 8 0.05736156866403075 172 
319 351 9 0.055020300479779384 176 
320 352 8 0.08650679354550403 176 
321 354 10 0.07948076602600623 174 
322 354 8 0.004050069364126832 166 
323 356 10 0.06700160180511827 166 
324 356 8 0.08104600647367088 167 
325 356 9 0.06793425339124179 170 
326 360 8 0.040006514999786316 171 
327 360 9 0.01490897075820733 169 
328 362 10 0.010149757875031619 175 
329 362 10 0.07749562820149952 166 
330 364 10 0.062274126521762486 174 
331 365 9 0.033074189624131785 166 
332 366 10 0.02934275536857493 166 
333 366 9 0.03592518567626874 173 
334 367 9 0.010326359972867506 170 
335 368 8 0.008395975541958228 173 
336 369 8 0.08821696165321415 175 
337 370 9 0.03798968234686871 172 
338 371 10 0.08897312743454684 168 
339 374 8 0.008302477559151096 173 
340 374 10 0.08929617111379026 175 
341 375 8 0.07399791566877877 176 
342 376 9 0.04807843190606931 166 
343 377 9 0.0023765538557001826 166 
344 379 10 0.0638366195977472 175 
345 379 9 0.04722591555916158 172 
346 379 10 0.014727835432093252 176 
347 380 9 0.05032811262067609 167 
348 380 9 0.03024958674950643 170 
349 381 8 0.03749039796852425 166 
350 381 9 0.00992271704799524 169 
351 383 10 0.07830743683266032 170 
352 384 9 0.07471871253825825 175 
353 384 9 0.05358010900147943 175 
354 385 10 0.08649664439631163 168 
355 385 8 0.05729482379489529 171 
356 386 10 0.002703819141886017 166 
357 386 10 0.07478386359845683 175 
358 389 8 0.06684412429956811 172 
359 390 10 0.07804755380009974 172 
360 391 9 0.025663006902475863 169 
361 391 9 0.05315633348383676 170 
362 392 8 0.07597658332363377 176 
363 392 9 0.006923244555665837 171 
364 393 8 0.035984916056798426 173 
365 395 9 0.03183470940936633 169 
366 395 10 0.030336253176105252 169 
367 395 9 0.035076575976233274 176 
368 396 9 0.062217916299600974 174 
369 396 10 0.030568927128182582 176 
370 396 10 0.08476201244647044 169 
371 398 9 0.05725379462342883 168 
372 398 9 0.04065386759565607 173 
373 399 9 0.06844064290019473 174 
374 400 8 0.016931739377453785 166 
375 400 8 0.01895585065952348 168 
376 400 8 0.06390619038222206 167 
377 401 8 0.03440261850306539 166 
378 402 10 0.08027564740309802 176 
379 403 10 0.03474276643554008 170 
380 407 9 0.013647910512802126 171 
381 407 10 0.05992190576860011 172 
382 407 9 0.024982670198720157 168 
383 409 10 0.07314440860721633 171 
384 409 10 0.03571165631383054 171 
385 409 9 0.00855502611434631 167 
386 410 8 0.03051029339044762 171 
387 411 8 0.061142683152486665 169 
388 414 10 0.026785400382599137 175 
389 417 10 0.0313116379859789 170 
390 418 9 0.06451384190393461 173 
391 419 9 0.027427090811884866 172 
392 420 10 0.0036351691436810637 169 
393 420 8 0.05488212253478632 170 
394 421 10 0.051079684935933095 175 
395 422 10 0.06596964290020403 168 
396 422 10 0.061402565938047916 170 
397 425 9 0.014242462565549084 171 
398 426 10 0.014684713354580006 173 
399 426 10 0.062419621183891764 166 
400 427 9 0.017946149995966023 175 
401 428 8 0.007798766898034709 171 
402 429 8 0.034737407919587536 169 
403 430 8 0.012351184695555736 168 
404 431 8 0.024242433721368778 168 
405 431 10 0.01494337025763013 168 
406 431 8 0.07104731563632674 175 
407 432 9 0.06902880180866297 169 
408 432 10 0.055224163219358025 175 
409 433 9 0.04710732752236048 170 
410 433 8 0.029077804413860143 176 
411 435 9 0.05364236301990178 168 
412 435 10 0.003875581949650736 168 
413 435 9 0.05842996262047584 172 
414 437 9 0.08268398167457873 176 
415 437 9 0.0490238939616728 173 
416 438 10 0.06897523378005543 172 
417 439 8 0.00306190055683599 174 
418 439 9 0.04587859215036724 175 
419 441 8 0.062131824018101516 174 
420 442 10 0.03643980727818973 173 
421 444 9 0.01128231320830957 173 
422 445 9 0.0844572304828485 172 
423 445 8 0.03492330896848717 168 
424 446 8 0.06187610294620637 172 
425 448 10 0.06549326220863609 175 
426 451 8 0.02840328352667188 174 
427 453 9 0.016054094374651103 175 
428 456 10 0.03720441003211609 166 
429 457 10 0.021068131183580537 172 
430 459 8 0.015597307646810186 176 
431 459 9 0.0027423312386354176 170 
432 460 8 0.04327164269091766 176 
433 461 10 0.08394019638242044 172 
434 461 9 0.03784488420976533 175 
435 461 10 0.05805421294098617 173 
436 463 9 0.02641420062827948 167 
437 463 8 0.07295686966701943 173 
438 463 9 0.06444077444364615 171 
439 463 8 0.0032079381791350952 174 
440 463 8 0.026679750085243106 175 
441 465 9 0.08634509825966045 172 
442 465 9 0.03261293076437716 172 
443 465 8 0.0447334089830876 166 
444 465 10 0.04562037980860781 176 
445 467 10 0.03586767033129917 167 
446 470 10 0.06015662016304058 174 
447 470 9 0.020142615754491767 170 
448 471 9 0.0661372974252761 170 
449 471 9 0.07226716724138724 172 
450 472 8 0.061588559558176464 170 
451 473 8 0.036309674860353455 168 
452 474 8 0.07303462321705931 168 
453 477 10 0.07068229286023786 173 
454 477 10 0.07503338037311179 176 
455 478 9 0.020073687304117727 174 
456 479 10 0.08127072527106623 167 
457 479 9 0.08393942593172712 166 
458 481 10 0.04075072516201438 172 
459 483 8 0.06516812197259991 169 
460 483 8 0.045496745119846395 174 
461 484 10 0.07185830451986436 175 
462 485 8 0.035841292067609304 175 
463 486 8 0.07742377497725575 168 
464 486 8 0.026450303327278903 169 
465 487 9 0.06479430863254051 166 
466 488 8 0.06582437160048286 174 
467 490 10 0.03271968490485951 171 
468 490 9 0.06570704742522505 175 
469 490 9 0.054355763434433005 166 
470 492 8 0.04751727326400588 171 
471 493 8 0.057600088178616476 172 
472 494 9 0.08759059647904971 168 
473 496 9 0.023989099273449988 171 
474 496 9 0.022520768701349704 167 
475 497 10 0.05016117684303361 172 
476 497 9 0.03826999725759357 168 
477 499 9 0.007610104444671918 172 
478 499 10 0.02117133587973146 172 
479 502 10 0.046574846336666136 173 
480 505 8 0.05271959920800764 173 
481 505 8 0.06541744141148872 174 
482 505 10 0.04141407648910489 175 
483 506 9 0.05378562785128953 172 
484 508 8 0.06037686062978811 172 
485 508 8 0.01868938889056862 169 
486 509 9 0.020044575837319913 174 
487 511 8 0.031505493308752956 172 
488 512 8 0.06953022502728644 168 
489 512 9 0.011004268022449557 172 
490 513 10 0.06458736146634872 173 
491 513 9 0.04260998848080979 171 
492 515 10 0.05193311063316688 171 
493 516 9 0.07650322092564618 168 
494 517 10 0.012311410265033143 171 
495 517 8 0.06813731804894445 166 
496 524 10 0.010477374662537762 175 
497 524 9 0.08405582015132812 170 
498 525 9 0.08148010558570931 176 
499 528 9 0.025026143333006023 174 
500 530 8 0.01666413214050073 166 
501 530 8 0.0337866800023368 171 
502 531 9 0.04023229440003806 169 
503 532 8 0.026596710678246704 168 
504 533 8 0.060735202741716246 170 
505 534 8 0.03132644729173041 169 
506 534 8 0.03885086088680512 171 
507 534 8 0.024052082045798395 169 
508 535 8 0.03185227506926293 171 
509 536 8 0.027881668735239236 170 
510 537 9 0.07371232630840809 174 
511 538 10 0.030935287444872582 175 
512 539 10 0.04888324900255078 176 
513 541 10 0.0027359190230779214 174 
514 543 8 0.0053853062306045705 168 
515 545 9 0.0011805578878575573 168 
516 545 8 0.05287935598478618 167 
517 545 10 0.07351424716938348 168 
518 546 9 0.03008896195695712 176 
519 547 8 0.014080218981240112 168 
520 548 10 0.023307152868613443 170 
521 548 8 0.05246071956612215 168 
522 549 10 0.043284559859623574 175 
523 550 10 0.03656417031920865 169 
524 552 9 0.002243758263666383 173 
525 552 10 0.08609169489699688 172 
526 552 9 0.007317023845423877 169 
527 552 9 0.001148431000123366 170 
528 554 9 0.04010351773192431 173 
529 554 9 0.07989395303535295 167 
530 556 8 0.054187746777688735 175 
531 557 9 0.04950115831595205 173 
532 557 8 0.08984549222095861 166 
533 559 10 0.021243385941889577 168 
534 563 9 0.04511127623868713 176 
535 565 10 0.015873360248085694 169 
536 565 8 0.05832458471789264 166 
537 567 8 0.07803596994639081 174 
538 569 9 0.01982396216518026 175 
539 570 10 0.06649687003370369 168 
540 570 10 0.053363504125457206 173 
541 572 8 0.07427797074953979 166 
542 572 10 0.010700182720121593 170 
543 572 9 0.009276423798361522 173 
544 573 10 0.004524578136395063 173 
545 574 10 0.06624623752636913 174 
546 574 9 0.009335624554808505 175 
547 574 10 0.04939494239390951 174 
548 576 8 0.03945905660115112 171 
549 577 8 0.05797787107907592 169 
550 577 10 0.07488240805470406 171 
551 577 10 0.02818640178191161 175 
552 578 9 0.03779132903045667 170 
553 579 10 0.010958810649624885 175 
554 581 9 0.08059524416025288 175 
555 581 9 0.06560572519738911 174 
556 582 8 0.042435523826886125 168 
557 582 8 0.05319079457585323 174 
558 582 9 0.08894958005649496 169 
559 588 8 0.02666004766069841 176 
560 588 8 0.08162208179982496 170 
561 588 9 0.04423636830370729 169 
562 590 9 0.042012426213586675 174 
563 592 10 0.07466194350278582 173 
564 592 8 0.009974326266984242 170 
565 595 8 0.03111490814105403 173 
566 595 8 0.03655111893937032 171 
567 595 10 0.04483753926545192 175 
568 596 9 0.04263869747224403 173 
569 597 9 0.015788025087358416 175 
570 597 8 0.04158218689880154 171 
571 597 10 0.06787460385949146 175 
572 598 9 0.05757023197442557 176 
573 598 8 0.006081857321733265 171 
574 601 10 0.015542752474894131 171 
575 601 9 0.021389037714282952 167 
576 602 8 0.0632020561479802 170 
577 602 8 0.04866628872315737 168 
578 604 8 0.07803523410897824 173 
579 605 8 0.0634717982431391 169 
580 605 8 0.026411983610649493 167 
581 606 9 0.016643170084131003 171 
582 609 10 0.0046796709135518855 169 
583 610 10 0.08745966902652269 171 
584 611 10 0.03799694126459829 166 
585 612 8 0.03176112098293824 169 
586 612 10 0.030765700780807512 168 
587 613 10 0.008547926639015872 174 
588 614 9 0.04594245017583795 173 
589 615 10 0.04391122228833498 171 
590 616 8 0.008703427295256952 168 
591 616 10 0.08942721189405282 172 
592 620 8 0.023903434316636434 169 
593 620 8 0.04625519944890219 168 
594 625 8 0.059432276872561134 174 
595 626 8 0.08599079977001918 172 
596 630 9 0.08771270957957125 166 
597 631 9 0.04903779784416244 167 
598 631 8 0.04768970472403012 170 
599 631 8 0.004750584300423496 171 
600 631 9 0.07380615012606699 167 
601 633 9 0.0315368250433044 175 
602 634 9 0.08849417775467537 166 
603 635 10 0.08692188240839588 173 
604 642 10 0.07689207189563932 176 
605 643 10 0.02556345671362856 173 
606 644 8 0.06331792742932597 175 
607 644 8 0.0095913346909377 171 
608 645 10 0.07574598399353327 167 
609 646 9 0.0013507621407085417 172 
610 646 8 0.022134218950745223 166 
611 646 8 0.009224973301173327 167 
612 647 10 0.08987310411001924 174 
613 648 10 0.039273679409942336 174 
614 651 9 0.05266505036165554 175 
615 651 9 0.04023278338814538 173 
616 652 8 0.012787405347031346 166 
617 653 8 0.020810029040047036 175 
618 654 9 0.05973122668500372 176 
619 654 9 0.03901624167585951 168 
620 656 9 0.014758888784095783 176 
621 656 10 0.07274018748648411 173 
622 656 8 0.07896461658937737 172 
623 657 9 0.028165692779052315 176 
624 657 10 0.023700217389015826 170 
625 659 8 0.015578960275643275 171 
626 661 9 0.054317790205378594 172 
627 662 10 0.05975394167872801 170 
628 662 9 0.002679587100080783 169 
629 662 9 0.03270451048242989 175 
630 664 9 0.0036711448660153136 174 
631 665 10 0.08709017404338625 174 
632 665 8 0.048837314785434995 172 
633 668 8 0.08928490144530021 170 
634 669 10 0.01653675469532111 173 
635 669 9 0.062013754921658754 166 
636 669 10 0.02837541712407286 176 
637 671 8 0.07065843029233528 173 
638 672 9 0.03983035994462236 168 
639 672 10 0.0045541859981300115 173 
640 675 9 0.0465990864306321 176 
641 676 10 0.004470555332231034 166 
642 677 10 0.0028519199099386995 172 
643 677 8 0.049537704438788244 174 
644 678 8 0.026130620720340506 167 
645 678 8 0.04610550948725548 171 
646 680 10 0.011847447855233985 174 
647 680 10 0.024978936855972324 168 
648 682 10 0.0470417249170283 168 
649 683 10 0.032926948367917624 173 
650 686 10 0.08373150406593301 166 
651 687 8 0.008842495006061542 174 
652 689 10 0.03165052836489131 175 
653 690 10 0.01522939717268236 168 
654 691 10 0.038501779926979354 171 
655 692 10 0.08806194205014135 176 
656 693 10 0.027161435230610136 168 
657 693 10 0.009970368095307245 168 
658 694 9 0.0873074617333722 170 
659 695 10 0.06946164898136607 166 
660 696 10 0.04221986913706484 174 
661 699 8 0.08813011319917101 169 
662 699 10 0.08781489159160685 169 
663 699 8 0.004008953679348573 175 
664 700 8 0.05319334569230525 166 
665 702 9 0.07400915729559801 166 
666 702 9 0.019154744871125378 174 
667 702 9 0.07831868946995856 176 
668 703 8 0.007373542640220231 170 
669 705 8 0.0393708003570885 172 
670 706 10 0.05006795347386446 174 
671 707 9 0.041794598750526664 172 
672 707 10 0.061104867463376324 176 
673 708 9 0.08620724006996275 174 
674 708 9 0.06286087751578738 173 
675 710 10 0.03167316736730428 171 
676 711 10 0.07944122522113124 175 
677 714 10 0.056149018054256636 168 
678 715 8 0.04050699540172027 170 
679 715 8 0.05835577638920526 176 
680 722 8 0.08772659601622312 170 
681 722 10 0.028327200343271082 173 
682 723 10 0.08748538059071438 176 
683 724 10 0.029147808393644312 171 
684 726 9 0.06561873916889889 169 
685 726 8 0.061893770606301524 170 
686 726 8 0.01701987515121591 169 
687 727 10 0.047808402410973005 172 
688 727 8 0.06050320932518101 168 
689 728 10 0.05324974680907623 167 
690 728 8 0.004754516006815911 176 
691 729 10 0.0761453185596763 171 
692 729 8 0.07438849316421654 174 
693 730 10 0.016073293388357147 171 
694 731 8 0.016633817718184674 174 
695 732 9 0.004053608513976173 172 
696 733 9 0.08282361588686732 176 
697 733 10 0.07497705495675748 175 
698 734 9 0.02609347759511185 167 
699 735 8 0.04448566647933959 170 
700 735 8 0.019887924983237146 175 
701 735 8 0.0621229972356852 169 
702 737 9 0.0446348308976264 172 
703 737 8 0.01658262196496905 167 
704 737 9 0.00834839386382416 166 
705 738 9 0.07340819911507247 170 
706 739 8 0.012988587679356813 173 
707 739 9 0.03635622964436058 166 
708 741 8 0.007802245306423305 174 
709 742 9 0.049992274568311824 170 
710 743 8 0.08496683162178804 167 
711 743 10 0.03280512009160275 175 
712 745 10 0.08237793380469514 174 
713 745 10 0.06923929933755774 167 
714 750 8 0.02686916808189946 176 
715 751 10 0.0835143207630311 171 
716 751 9 0.07724283300959954 169 
717 752 10 0.08277996448864108 170 
718 752 8 0.04911823281874286 168 
719 754 9 0.06473923125424291 173 
720 754 9 0.025108876435798195 173 
721 755 8 0.06772089660420542 170 
722 758 10 0.07909824168342877 173 
723 758 10 0.057830795894447964 174 
724 759 9 0.06780993750804776 168 
725 761 9 0.05567674997154041 172 
726 763 10 0.08272814407209049 171 
727 764 9 0.038661311018033905 168 
728 764 10 0.03755690835325374 174 
729 764 9 0.059157923122392174 168 
730 765 9 0.011946605888674591 167 
731 766 9 0.04552415197557677 171 
732 766 10 0.06153951079244136 174 
733 767 10 0.04439090298277542 171 
734 767 8 0.06237442026061875 171 
735 768 10 0.04330656772820637 176 
736 768 8 0.08974597121191445 176 
737 770 8 0.06862509502164636 167 
738 771 8 0.0886716533025444 168 
739 772 10 0.0030998994768035456 173 
740 772 8 0.0834563065118255 169 
741 773 10 0.05251679953298962 174 
742 774 10 0.014026782778651967 170 
743 775 10 0.024188437294361664 168 
744 775 8 0.023135040208313366 171 
745 776 10 0.07806366946556945 168 
746 776 9 0.08113905991176165 170 
747 776 9 0.056467149508599504 171 
748 777 10 0.02449727108632433 169 
749 778 9 0.014241969264748813 176 
750 779 9 0.011921213850097284 168 
751 779 9 0.08873913061805538 166 
752 785 8 0.037175052431003774 172 
753 785 8 0.08483566982699055 168 
754 787 9 0.048283415133199094 171 
755 787 9 0.0779656661264191 174 
756 787 10 0.06586358698833268 176 
757 788 10 0.05579358293027033 171 
758 790 10 0.020777993933464287 176 
759 795 8 0.04800922466228524 172 
760 796 10 0.008814702218289668 174 
761 800 10 0.044101209791382656 170 
762 801 9 0.05554092794153482 175 
763 804 9 0.05573116168934094 174 
764 805 8 0.021030482397592476 166 
765 805 8 0.06490106168645339 173 
766 806 9 0.0551889280904932 172 
767 807 9 0.008491944145467958 175 
768 809 8 0.07866999980250552 169 
769 809 8 0.023039974128067728 175 
770 812 9 0.02920595329902083 171 
771 812 10 0.04672146074261486 171 
772 812 10 0.053253091539937195 176 
773 812 9 0.08155871384222434 170 
774 813 10 0.01829601768514944 176 
775 814 9 0.03828170534622378 168 
776 814 9 0.030780300282180005 172 
777 814 10 0.07881114491728428 169 
778 814 10 0.01959119271937841 174 
779 816 9 0.011751185672430275 166 
780 816 9 0.0257531309283294 169 
781 816 10 0.054173321708806316 172 
782 817 8 0.03760812720977624 171 
783 818 9 0.03569659485311088 166 
784 821 9 0.047841972850827995 176 
785 824 9 0.04392853437425177 170 
786 824 9 0.039517566889549396 171 
787 825 10 0.07780997877409551 171 
788 826 8 0.04698001403727362 173 
789 827 8 0.03974648721278385 173 
790 828 8 0.05782252803428483 169 
791 828 10 0.019916143180938588 176 
792 830 9 0.012991856661622024 168 
793 830 9 0.03266934519982685 172 
794 830 8 0.03450217582998586 167 
795 832 10 0.08741048536768382 175 
796 832 10 0.05175442490764075 169 
797 832 9 0.07609124882039069 174 
798 833 9 0.06326192483406494 172 
799 834 9 0.02657433036388643 172 
800 834 8 0.020163831431174402 172 
801 836 10 0.03574684616276501 176 
802 836 9 0.048505695340531826 172 
803 836 9 0.009883882803847222 166 
804 837 9 0.021057084301641358 172 
805 837 9 0.014508551708975047 175 
806 838 10 0.08546644209573782 173 
807 838 10 0.06678665482271094 171 
808 839 9 0.05550675797217171 167 
809 841 10 0.05066991532985659 175 
810 841 8 0.01702727395070686 167 
811 841 8 0.07881539470364551 173 
812 843 8 0.012052144467787143 173 
813 843 10 0.08860188840538145 169 
814 843 10 0.051758334636637864 166 
815 843 10 0.04899622903701112 168 
816 844 9 0.03043899599821598 174 
817 844 9 0.08152747614466291 169 
818 845 9 0.06370794677242676 167 
819 847 9 0.04533916617774386 171 
820 847 8 0.059690815735721346 171 
821 848 10 0.029497940959630337 169 
822 849 9 0.015141874972294748 176 
823 849 8 0.04039876962895876 175 
824 852 10 0.03750235976342307 173 
825 853 8 0.005272397373433792 173 
826 854 8 0.04207374139413849 173 
827 859 10 0.014599101173080917 174 
828 860 10 0.008034397521188076 175 
829 860 8 0.04055770682767353 166 
830 862 8 0.008064457828285083 174 
831 862 8 0.020326603678875503 171 
832 863 8 0.07114857861840768 171 
833 863 10 0.06570576739158812 169 
834 864 9 0.0021435984222624546 169 
835 865 8 0.029400772528713117 173 
836 866 10 0.0012251474303027286 174 
837 869 9 0.043145142010998214 172 
838 869 8 0.051043630800379894 166 
839 870 10 0.05423324096497757 175 
840 871 10 0.02053359679241719 166 
841 874 9 0.0725074226667658 176 
842 875 8 0.08479961530073778 168 
843 877 9 0.05112040372392929 175 
844 878 8 0.0559066748451542 169 
845 878 9 0.038778663040773924 172 
846 878 9 0.05590649273886773 170 
847 879 8 0.06445502096356324 176 
848 880 8 0.016491085845524358 174 
849 881 8 0.05699968577256032 166 
850 881 10 0.08740142696058154 170 
851 881 8 0.030615534056856703 167 
852 883 8 0.07080648726501583 174 
853 883 8 0.050219815877128815 175 
854 883 9 0.030727647175167353 168 
855 886 8 0.0599594177022336 170 
856 887 8 0.07626723478510222 173 
857 888 8 0.08570096305811532 170 
858 888 10 0.003456669908501194 169 
859 888 9 0.05290270641315414 174 
860 890 9 0.06818188551151247 173 
861 890 8 0.06360815450301585 170 
862 890 10 0.0556768765085444 171 
863 892 9 0.05505454341048006 175 
864 892 9 0.03980781320261381 169 
865 892 8 0.03769112078589847 166 
866 894 8 0.08641834708948978 166 
867 895 9 0.010786015002336044 172 
868 896 8 0.029924077832691798 170 
869 898 9 0.041175813791581965 169 
870 898 9 0.07106956858275923 169 
871 898 10 0.006482243303042211 170 
872 900 8 0.08672327396239236 166 
873 900 9 0.08741034037885169 168 
874 901 8 0.07996341775618108 171 
875 901 9 0.0566520943299691 171 
876 901 8 0.030646480177113886 167 
877 902 9 0.08151346282166941 167 
878 902 8 0.028419421314013735 176 
879 903 8 0.05107444090180408 171 
880 904 8 0.0712205023017896 171 
881 905 10 0.015186121009565602 176 
882 905 9 0.03917817927096465 176 
883 907 9 0.07884109994253465 176 
884 907 10 0.0340229481752394 170 
885 911 9 0.017801639936759914 167 
886 911 10 0.02880998900612939 168 
887 912 9 0.014803678168653144 168 
888 913 10 0.019288270145531892 166 
889 915 9 0.012972466790527982 173 
890 915 10 0.06610730562137043 173 
891 915 9 0.04608996100970941 172 
892 916 9 0.00883453542115091 171 
893 916 10 0.03443000085817091 175 
894 917 9 0.029490051999797953 171 
895 919 10 0.08300347111775362 174 
896 919 9 0.079460030040099 167 
897 920 9 0.06510484684926389 171 
898 922 9 0.03454955739744907 170 
899 923 9 0.0432997384129171 174 
900 924 9 0.033010283376761915 174 
901 926 9 0.04411479096597802 172 
902 927 9 0.07021334432703118 166 
903 927 10 0.019246905798447726 170 
904 929 8 0.02653415379573937 168 
905 931 9 0.0646080302978116 167 
906 931 10 0.026817089716025564 168 
907 932 10 0.08532464952393898 172 
908 933 10 0.0433641564319798 176 
909 934 9 0.03632420086776375 176 
910 934 9 0.06819894446262657 175 
911 935 10 0.031856318452820685 176 
912 935 9 0.020875022636086798 168 
913 936 8 0.042193518797336405 170 
914 936 10 0.08628929647198677 173 
915 939 10 0.011064852530978574 170 
916 940 10 0.06275888895756314 174 
917 940 10 0.08003228989058103 168 
918 940 9 0.004857034063616442 175 
919 941 8 0.04051288590366954 170 
920 942 8 0.0638243095060582 170 
921 942 8 0.05183132263927674 168 
922 945 10 0.004863056934289218 166 
923 945 10 0.0015307764343591439 166 
924 947 10 0.028187300258731358 169 
925 950 9 0.04173821191029215 172 
926 951 8 0.05340224139647696 169 
927 955 8 0.038851143195015446 174 
928 956 10 0.025186666994344024 176 
929 956 8 0.027871221718614753 173 
930 956 10 0.023440973902028896 172 
931 957 9 0.05411443133873763 170 
932 960 10 0.04968693818719458 176 
933 961 9 0.019076529469775425 174 
934 962 9 0.03682239611964681 174 
935 964 9 0.01039675108118224 176 
936 964 8 0.042896632027842045 174 
937 965 8 0.050416949014176766 175 
938 965 8 0.06292121085962006 167 
939 966 10 0.03698968753251709 171 
940 968 10 0.05760543728311156 169 
941 968 8 0.013051987529688863 170 
942 969 8 0.04581536402368315 168 
943 969 9 0.024724810882424956 170 
944 969 8 0.08112514923017677 170 
945 970 8 0.08274135536013064 166 
946 970 8 0.07073415279475682 175 
947 971 8 0.0738508812511074 171 
948 972 8 0.08048471996954293 174 
949 972 8 0.07705036724062 172 
950 974 8 0.08476151611938036 176 
951 974 8 0.05184723899667606 172 
952 974 9 0.06213578263769709 167 
953 974 8 0.06335939203558096 174 
954 975 9 0.037633630857256684 170 
955 978 10 0.04579749933204519 166 
956 978 8 0.008746692960327835 172 
957 979 10 0.035929338224551716 170 
958 980 8 0.02710271156481305 171 
959 981 9 0.0601858207982121 171 
960 981 8 0.05531564355374841 171 
961 981 8 0.08425738704358987 174 
962 982 8 0.04327890254148849 174 
963 982 10 0.03177065917291365 167 
964 983 10 0.032284798348253756 172 
965 983 9 0.0438892822369678 174 
966 985 9 0.04309669601773764 170 
967 987 10 0.04050607894540944 172 
968 989 10 0.05201751590697233 169 
969 989 8 0.05487557841123843 170 
970 991 10 0.08441893957217649 176 
971 991 9 0.04051434127346377 167 
972 991 10 0.02390845288266031 175 
973 991 9 0.028442846462370074 176 
974 992 10 0.051689572568207096 172 
975 993 10 0.04103871589667248 171 
976 994 10 0.05274546982554333 173 
977 994 8 0.03473406214558972 167 
978 995 9 0.06190613183924562 172 
979 995 10 0.027075671123776603 170 
980 996 10 0.03750850638650105 174 
981 997 10 0.05871164441663928 171 
982 997 8 0.004158730378319724 169 
983 997 10 0.07958891987236841 174 
984 998 9 0.07321868168522604 176 
985 999 8 0.05452633894747634 173 
986 999 9 0.022247084091816475 170 
987 999 10 0.009891017424199768 173 
988 999 8 0.04924553812368011 172 
989 1000 9 0.010055499010914903 174 
990 1000 10 0.016411695951163104 176 
991 1004 9 0.05915476448872972 175 
992 1004 10 0.053908628271564264 175 
993 1007 9 0.0158124653791484 168 
994 1013 8 0.07705128341188941 173 
995 1016 8 0.032871222372794856 172 
996 1016 9 0.07971470320345933 167 
997 1018 9 0.051872962409439866 173 
998 1018 8 0.057707904069916376 170 
999 1019 8 0.07265610536740838 166 
1000 1022 8 0.02697803570525602 171 
1001 1023 10 0.03186593466859521 166 
1002 1025 10 0.03268364271796633 166 
1003 1026 9 0.08674286631383342 166 
1004 1027 8 0.05324893246534567 174 
1005 1028 8 0.07088303725611012 175 
1006 1028 9 0.05706324613376651 175 
1007 1029 10 0.031074523996907192 168 
1008 1029 9 0.052609497030977184 167 
1009 1029 8 0.05823120770528361 169 
1010 1029 10 0.08095186647740067 176 
1011 1029 9 0.06705753772378177 171 
1012 1031 8 0.005507747719520404 171 
1013 1032 10 0.016419861434317784 168 
1014 1033 8 0.04278620351483967 170 
1015 1034 9 0.04025825767749571 170 
1016 1035 10 0.07391816047798523 171 
1017 1037 8 0.065650383537224 169 
1018 1038 10 0.04732870438715811 169 
1019 1039 10 0.029383514708314993 175 
1020 1039 10 0.023812124945191214 175 
1021 1040 10 0.08649249443721169 170 
1022 1041 10 0.016632973339465257 175 
1023 1044 10 0.07496703685685772 171 
1024 1048 10 0.017748252159935442 173 
1025 1049 9 0.014566486576171808 170 
1026 1049 9 0.009783430465195302 174 
1027 1051 10 0.052597465107883636 166 
1028 1051 10 0.061265578757804515 175 
1029 1054 9 0.01989121367142193 170 
1030 1055 8 0.044884942032376134 167 
1031 1055 10 0.027854621448025554 172 
1032 1057 9 0.0285897656730958 174 
1033 1059 10 0.04064192298484563 172 
1034 1059 10 0.00352643598787327 171 
1035 1060 8 0.02946453195308802 173 
1036 1061 8 0.016254160392361713 172 
1037 1062 8 0.04145161965621005 172 
1038 1064 8 0.054316007595700204 167 
1039 1066 10 0.020546000454430318 169 
1040 1067 9 0.02923637369678663 176 
1041 1068 9 0.059269646404494856 176 
1042 1068 10 0.0775491182457236 169 
1043 1068 8 0.04567164000452131 166 
1044 1069 9 0.0744734080732997 170 
1045 1070 9 0.08673268534290897 166 
1046 1071 9 0.015477243014800718 170 
1047 1072 8 0.02312783005239847 171 
1048 1074 9 0.031945482497116394 172 
1049 1074 8 0.060499950473166586 176 
1050 1074 8 0.04722084170868263 168 
1051 1075 8 0.02185580399723186 175 
1052 1075 10 0.06517698491759262 176 
1053 1075 9 0.05696970713925765 176 
1054 1076 9 0.08273805838491675 171 
1055 1078 9 0.036258655220932856 169 
1056 1078 9 0.0460582459130601 175 
1057 1079 8 0.035740440285890664 168 
1058 1079 10 0.07024830520030806 175 
1059 1082 10 0.07806003849479523 166 
1060 1087 10 0.009499947715752743 172 
1061 1088 8 0.0636244963996213 170 
1062 1089 8 0.0472305508201191 173 
1063 1090 8 0.03780987844924277 173 
1064 1093 8 0.04639000942837351 166 
1065 1093 10 0.08073608143933966 176 
1066 1094 10 0.0791839942477083 166 
1067 1094 8 0.07036022982908618 170 
1068 1095 10 0.03473806831584455 176 
1069 1096 9 0.048101090668936856 175 
1070 1096 8 0.08809919746929099 168 
1071 1098 8 0.005824797548239758 168 
1072 1100 8 0.07082788910708344 172 
1073 1100 9 0.02086362796413525 168 
1074 1101 8 0.08359045415585811 167 
1075 1102 10 0.043544384472865606 176 
1076 1102 8 0.018144260263959072 166 
1077 1103 10 0.016459445944493296 172 
1078 1106 8 0.04546529903533469 168 
1079 1106 8 0.022574127355323083 176 
1080 1106 10 0.03507353604618802 167 
1081 1106 10 0.009765791184780753 175 
1082 1111 8 0.0608887826165681 168 
1083 1111 10 0.0788367312463661 176 
1084 1112 9 0.08058496844546832 170 
1085 1113 10 0.08198427769521982 175 
1086 1114 8 0.022630486931225775 167 
1087 1115 8 0.06226361814906762 173 
1088 1116 8 0.0831890027613542 167 
1089 1117 8 0.017292900034885077 166 
1090 1119 8 0.06847986537248615 172 
1091 1119 10 0.03689464965321701 167 
1092 1121 9 0.07216043238121898 167 
1093 1124 10 0.023565743882139167 175 
1094 1126 10 0.06271353381711883 172 
1095 1126 10 0.08905069132039292 176 
1096 1127 9 0.04151142183093675 170 
1097 1127 10 0.06660025722707062 173 
1098 1129 8 0.035329701898558344 169 
1099 1130 10 0.016038907027426826 168 
1100 1131 10 0.08276124652782704 167 
1101 1136 8 0.08645670040010084 176 
1102 1137 10 0.03147073125143429 176 
1103 1137 9 0.009357093411035178 167 
1104 1137 8 0.04329438382039694 172 
1105 1137 10 0.027592750790867624 176 
1106 1139 8 0.01284514668341033 166 
1107 1139 9 0.045243166074440885 167 
1108 1140 10 0.01512346512030581 169 
1109 1141 8 0.027678768727643497 173 
1110 1143 10 0.08078300303135813 167 
1111 1144 9 0.06227026776843756 175 
1112 1145 9 0.08937747503680006 170 
1113 1145 8 0.08091083249598875 174 
1114 1147 8 0.025891865408327913 167 
1115 1151 9 0.05678099027803696 176 
1116 1151 8 0.024756103341861006 166 
1117 1151 8 0.07219800188447771 175 
1118 1152 10 0.056452307365104336 172 
1119 1153 9 0.06376981682480154 174 
1120 1153 10 0.0059741095634164455 176 
1121 1154 8 0.0754236255310216 169 
1122 1154 9 0.05455872536138449 172 
1123 1155 9 0.03562116358471458 169 
1124 1156 10 0.07357893377764707 167 
1125 1156 10 0.03948787578896021 169 
1126 1158 8 0.08087229681706368 170 
1127 1158 8 0.011708715856867065 171 
1128 1158 9 0.027260591712848486 170 
1129 1159 8 0.07381437917345889 171 
1130 1159 9 0.03205329525268568 171 
1131 1161 9 0.07169766827708617 170 
1132 1161 8 0.06764676114882004 171 
1133 1161 10 0.006259913030257752 174 
1134 1164 8 0.05420070590503892 171 
1135 1166 8 0.0012405789218184657 169 
1136 1167 8 0.04006594708769517 172 
1137 1168 9 0.04989400883704869 174 
1138 1168 10 0.07000372359580737 173 
1139 1171 8 0.08980123846079316 167 
1140 1171 10 0.04787656750810923 174 
1141 1173 9 0.06627407450003892 175 
1142 1173 9 0.018096185876953285 170 
1143 1174 9 0.04663751587992738 176 
1144 1175 8 0.04067383944874183 173 
1145 1175 10 0.07899741429536614 167 
1146 1176 8 0.08892614628693264 176 
1147 1180 10 0.02359953109424676 176 
1148 1181 10 0.034185268196954256 176 
1149 1182 9 0.05879826347455721 169 
1150 1184 9 0.052491155770508585 168 
1151 1186 10 0.08129147987722223 172 
1152 1187 8 0.08410006914682373 174 
1153 1187 9 0.0694715009822641 172 
1154 1188 8 0.06993978520401573 166 
1155 1190 8 0.024724770174903495 173 
1156 1191 9 0.0735443767502003 170 
1157 1192 10 0.04520363456725419 172 
1158 1194 8 0.054107386230510736 173 
1159 1194 9 0.08299931743123329 173 
1160 1194 8 0.003559395726589107 167 
1161 1196 10 0.0017749848051010176 168 
1162 1196 10 0.01814078964250394 168 
1163 1197 9 0.04351523376248887 176 
1164 1197 9 0.06628449871901414 168 
1165 1198 10 0.0819069243538322 170 
1166 1199 9 0.034406612763589986 173 
1167 1200 8 0.026104810633815468 169 
1168 1202 8 0.012597480320484352 166 
1169 1203 9 0.01937949822674314 175 
1170 1204 9 0.056839381773096394 175 
1171 1205 10 0.0772191419247143 171 
1172 1206 8 0.006525018279737462 166 
1173 1207 10 0.02141760947542754 166 
1174 1208 10 0.04458600150035458 167 
1175 1210 9 0.07710753411573724 173 
1176 1210 10 0.08843207350921072 176 
1177 1210 9 0.022738637489073208 166 
1178 1211 8 0.0720591674879268 173 
1179 1211 10 0.04829817447663064 172 
1180 1213 9 0.014252617598301067 167 
1181 1213 8 0.04689771028545157 172 
1182 1215 9 0.009195926688853877 173 
1183 1215 10 0.07736253150421403 171 
1184 1216 8 0.03033123219861614 173 
1185 1216 8 0.03863867604448251 169 
1186 1217 10 0.07951096268671284 176 
1187 1219 9 0.08231210182548852 174 
1188 1219 9 0.036299526905194 176 
1189 1221 10 0.06904607635591739 174 
1190 1223 9 0.0689599793616283 168 
1191 1226 9 0.010541178418876033 173 
1192 1226 8 0.014310352369390437 176 
1193 1226 9 0.018623648661905627 174 
1194 1227 10 0.053345582698652416 176 
1195 1227 8 0.05070719499945279 168 
1196 1227 9 0.006071986398349247 172 
1197 1229 10 0.013648074487813022 173 
1198 1230 9 0.08074544281330276 169 
1199 1230 8 0.048427522415765124 170 
1200 1231 9 0.006929350419885574 169 
1201 1231 9 0.08554234173300845 169 
1202 1233 9 0.054142540993777355 169 
1203 1234 9 0.07904201957703379 169 
1204 1234 10 0.03325953623777019 173 
1205 1236 10 0.02727828845849151 175 
1206 1236 10 0.08334095138397041 173 
1207 1237 8 0.006769417653614468 169 
1208 1238 8 0.06178249630395052 175 
1209 1238 10 0.0041291119575602876 174 
1210 1240 8 0.08678766756677554 169 
1211 1240 8 0.03991036778606553 170 
1212 1240 10 0.05275447515011107 176 
1213 1240 10 0.043945234139933356 166 
1214 1240 9 0.0615292710002788 171 
1215 1241 10 0.030228145158347798 175 
1216 1244 8 0.05610370323879381 173 
1217 1245 8 0.07168514987321964 171 
1218 1249 10 0.0030588081787945535 167 
1219 1251 8 0.00921385369891338 175 
1220 1253 8 0.04213006688914504 172 
1221 1254 8 0.045530567526077245 176 
1222 1259 9 0.08043148694006448 166 
1223 1260 8 0.03984158844138316 171 
1224 1260 9 0.07651903325760873 171 
1225 1261 8 0.0840152402502499 174 
1226 1262 9 0.057952074668906346 172 
1227 1262 8 0.08817202955167362 166 
1228 1263 10 0.08930454353690766 172 
1229 1263 10 0.08927076158078619 167 
1230 1264 10 0.01976676374999114 167 
1231 1264 10 0.04575082790275796 167 
1232 1265 8 0.06604572266437762 167 
1233 1267 9 0.01442069409321705 168 
1234 1270 10 0.02028963130891487 167 
1235 1270 8 0.08071356938991758 171 
1236 1272 9 0.0629515485656504 176 
1237 1274 8 0.02348243901784571 172 
1238 1274 8 0.058615352558181955 169 
1239 1274 8 0.04164693137824165 167 
1240 1275 9 0.0290474304430785 175 
1241 1276 8 0.011040407662966947 176 
1242 1276 8 0.056606906046311536 169 
1243 1278 8 0.01083149455396603 173 
1244 1278 8 0.04997447005634929 174 
1245 1281 9 0.05843738729273634 166 
1246 1281 9 0.011347053301444216 167 
1247 1283 9 0.03303572793496365 168 
1248 1284 10 0.07950268945985262 169 
1249 1284 10 0.06761773769045681 170 
1250 1285 10 0.02552315067304088 174 
1251 1286 9 0.022882942208873627 170 
1252 1287 9 0.047547272310979674 175 
1253 1293 10 0.05831399711865061 174 
1254 1295 8 0.047849338002651134 169 
1255 1300 9 0.06786465552827241 168 
1256 1302 9 0.03412023694044935 173 
1257 1303 10 0.013833990841617478 167 
1258 1304 8 0.03569623460470744 168 
1259 1305 8 0.009380702557362054 175 
1260 1305 10 0.018816074709768524 167 
1261 1309 8 0.026161857070231904 171 
1262 1310 8 0.0695702873767179 172 
1263 1316 8 0.07246416955631298 170 
1264 1316 9 0.08952741958292793 169 
1265 1316 10 0.03964210301750634 166 
1266 1316 10 0.022520693653918344 168 
1267 1318 8 0.04579353478510218 172 
1268 1319 8 0.07208833742291094 168 
1269 1320 9 0.08638736102769873 167 
1270 1321 8 0.0515643968651206 176 
1271 1321 9 0.08498780035648287 175 
1272 1323 10 0.08109883695730434 168 
1273 1324 10 0.07649899490081741 167 
1274 1327 9 0.04617145026131232 176 
1275 1328 9 0.08651114744510888 174 
1276 1329 8 0.0132230821823894 170 
1277 1329 8 0.06140849388631733 174 
1278 1330 9 0.08256269141429755 169 
1279 1330 9 0.055498818078150124 166 
1280 1330 10 0.0174973861758259 172 
1281 1332 10 0.03906403607350197 174 
1282 1332 9 0.016346765483979887 174 
1283 1335 9 0.04556160452585825 167 
1284 1336 8 0.0206111680758219 173 
1285 1336 9 0.0038713213248568455 174 
1286 1337 8 0.07046609521659225 170 
1287 1337 9 0.07186661956349417 174 
1288 1337 10 0.034051210097361284 167 
1289 1338 8 0.08186283890433531 166 
1290 1339 10 0.06329356898715276 173 
1291 1340 8 0.045910357126270056 167 
1292 1341 8 0.07609236630106847 168 
1293 1342 8 0.08801720600514032 168 
1294 1344 9 0.044033120743253405 167 
1295 1348 8 0.0861562619835375 171 
1296 1348 9 0.016877936050863154 171 
1297 1348 8 0.012608049696397432 168 
1298 1349 8 0.006060734010701824 166 
1299 1351 8 0.02972745795202786 171 
1300 1351 8 0.07611944901504332 168 
1301 1351 9 0.02787650283383605 167 
1302 1351 10 0.05829252609411935 169 
1303 1352 10 0.07765234681498462 166 
1304 1357 10 0.02472368509313694 176 
1305 1359 9 0.06323421461678884 174 
1306 1360 9 0.08396992260034483 166 
1307 1360 10 0.07667175642331986 175 
1308 1360 8 0.05022235662297906 172 
1309 1361 10 0.020408493405609626 175 
1310 1362 9 0.023459329089408263 175 
1311 1362 10 0.02059424079506267 175 
1312 1362 10 0.049289751970934916 167 
1313 1362 10 0.023542127598210713 166 
1314 1363 10 0.0709984968728963 170 
1315 1363 9 0.058486926533429844 175 
1316 1365 9 0.05581650036010936 171 
1317 1365 8 0.0016443030936445515 175 
1318 1367 8 0.00934390612806768 173 
1319 1367 9 0.04869225197818313 172 
1320 1367 8 0.028876029548575762 173 
1321 1367 10 0.010823126544138813 172 
1322 1367 8 0.07602856848847477 176 
1323 1368 10 0.009131448488650044 168 
1324 1368 10 0.041276591788629004 170 
1325 1369 8 0.07142155515668885 174 
1326 1369 10 0.03294090044455619 172 
1327 1370 9 0.004004586709199537 172 
1328 1372 10 0.08596434652180888 175 
1329 1372 9 0.0362259711818406 176 
1330 1372 8 0.07790126752960852 173 
1331 1375 10 0.042306172637711095 169 
1332 1376 9 0.034926533454440675 174 
1333 1378 9 0.02695562212231692 171 
1334 1381 8 0.008357524202214316 176 
1335 1382 10 0.06896765326972498 175 
1336 1383 10 0.06913610559896509 176 
1337 1385 8 0.04455677827774206 176 
1338 1388 9 0.07549613164444866 176 
1339 1389 10 0.07059152404425625 170 
1340 1390 8 0.02202507043918951 169 
1341 1391 9 0.010508204498127602 176 
1342 1391 10 0.03663939191027029 175 
1343 1392 8 0.08068458330873575 166 
1344 1393 9 0.059268873847970846 175 
1345 1393 10 0.05223295754596817 173 
1346 1394 9 0.08285956184568498 174 
1347 1395 9 0.08846159968595473 168 
1348 1397 9 0.08012791661629719 171 
1349 1397 8 0.03519337579975876 171 
1350 1397 10 0.08407828927367288 173 
1351 1398 9 0.03551645485052624 168 
1352 1399 8 0.06267681539820556 174 
1353 1400 9 0.029527233854585846 168 
1354 1400 8 0.005891525095355055 168 
1355 1400 9 0.05805996242311644 170 
1356 1402 9 0.027503951988772826 166 
1357 1402 9 0.033150358061707345 173 
1358 1403 10 0.03588344747281839 176 
1359 1404 8 0.032252379906637686 166 
1360 1404 8 0.0626651322220948 173 
1361 1404 8 0.036614750156110175 173 
1362 1405 9 0.0843972609158579 174 
1363 1405 10 0.021554995690138825 175 
1364 1405 9 0.059839917478592485 171 
1365 1406 8 0.07677742867580487 172 
1366 1406 10 0.005928116466770166 170 
1367 1407 10 0.06954275341996176 170 
1368 1407 10 0.016407638884703774 173 
1369 1408 10 0.055536818840433856 173 
1370 1411 10 0.042790987306991254 172 
1371 1411 10 0.03634736939495456 169 
1372 1412 10 0.009543910566531276 173 
1373 1412 8 0.06397653477894695 172 
1374 1412 10 0.06932446922769042 170 
1375 1413 10 0.05140204087939676 172 
1376 1414 8 0.055157582041248536 175 
1377 1414 9 0.03180683538339874 175 
1378 1419 8 0.07478246141506777 175 
1379 1419 9 0.07488643059953842 173 
1380 1420 8 0.012168448897473191 175 
1381 1422 8 0.07223317204664897 173 
1382 1422 9 0.059287764877451 175 
1383 1423 9 0.012238507653915934 173 
1384 1424 8 0.027965828371051035 173 
1385 1427 10 0.07301022000579996 169 
1386 1427 9 0.018595509806034943 166 
1387 1427 10 0.027032632992485074 175 
1388 1428 9 0.04058456396395509 174 
1389 1429 10 0.059493291476003705 176 
1390 1429 8 0.023992908358522733 173 
1391 1430 10 0.011208069793336512 166 
1392 1430 9 0.04939691958167022 170 
1393 1431 10 0.07665864264636572 176 
1394 1431 9 0.07769528108581206 166 
1395 1432 9 0.01694348216175321 176 
1396 1434 8 0.028164590539518312 174 
1397 1435 8 0.03098320649261927 176 
1398 1435 10 0.03405630224154628 166 
1399 1435 10 0.007657498293772968 170 
1400 1436 8 0.014120427439615568 166 
1401 1438 8 0.031683491324830636 173 
1402 1441 9 0.05930715146492939 175 
1403 1441 10 0.0726316950075589 172 
1404 1443 8 0.07364347562333091 172 
1405 1443 10 0.038700762220875234 170 
1406 1443 9 0.06886481671938492 173 
1407 1444 9 0.0322074522950689 167 
1408 1444 8 0.02665107817209457 175 
1409 1445 9 0.03419167502512607 170 
1410 1445 9 0.019520484638268606 166 
1411 1447 10 0.043221712925118415 170 
1412 1448 8 0.08763610842466074 170 
1413 1449 8 0.0780625753470311 176 
1414 1451 9 0.01874129412473904 169 
1415 1451 9 0.06974744875004633 175 
1416 1452 9 0.027903136505425856 166 
1417 1453 9 0.062095919222895396 176 
1418 1454 9 0.057249841248132385 173 
1419 1455 9 0.025167560073756562 171 
1420 1456 10 0.016847103674589307 172 
1421 1456 10 0.07643677838688144 169 
1422 1459 9 0.0019922279508780266 171 
1423 1461 9 0.08259643790634517 171 
1424 1461 10 0.01063538716815569 170 
1425 1461 8 0.08019354811665838 170 
1426 1462 9 0.016168073511853547 176 
1427 1463 8 0.0817513530132392 170 
1428 1464 10 0.05386660579298749 168 
1429 1464 8 0.055272044315827586 172 
1430 1466 9 0.08131180690968329 176 
1431 1466 9 0.003515523724317471 168 
1432 1467 9 0.07523679926597389 171 
1433 1467 10 0.046310705053251765 174 
1434 1469 10 0.04244531197290227 168 
1435 1470 10 0.00230455739698642 167 
1436 1470 9 0.0713643287566926 167 
1437 1471 8 0.08835197112114498 166 
1438 1472 10 0.08633030510824237 169 
1439 1472 8 0.074737907538227 172 
1440 1473 8 0.05307764225995119 173 
1441 1474 8 0.03840376997534723 174 
1442 1474 9 0.024940814701792564 168 
1443 1476 10 0.058765213359856065 174 
1444 1476 9 0.06894610535516542 171 
1445 1476 10 0.04414105825231681 170 
1446 1477 10 0.04516680068502384 168 
1447 1479 8 0.07352188352175981 169 
1448 1482 9 0.010255884977850207 173 
1449 1482 8 0.08990410296805884 175 
1450 1483 10 0.06197459557553051 172 
1451 1485 9 0.005405635243776909 171 
1452 1485 10 0.08027309252812234 171 
1453 1486 9 0.0556767343227455 168 
1454 1486 10 0.08050974197326356 167 
1455 1488 9 0.04498627484694154 167 
1456 1488 9 0.013592350191417139 169 
1457 1489 8 0.034322422177407774 176 
1458 1492 8 0.036606372024860265 170 
1459 1492 9 0.03876232957390721 171 
1460 1492 8 0.08289639879716436 169 
1461 1493 10 0.05612334252353406 176 
1462 1495 8 0.04125420483875868 171 
1463 1496 10 0.06908689051949819 169 
1464 1496 10 0.07009725954878777 172 
1465 1496 8 0.005534255292152563 167 
1466 1497 8 0.07434036628274682 172 
1467 1497 8 0.021949680174821382 172 
1468 1498 8 0.08424005062843404 174 
1469 1500 9 0.004740429396444068 172 
1470 1501 8 0.08429784490006097 168 
1471 1501 9 0.061057417764929525 166 
1472 1502 8 0.0528565617771332 171 
1473 1505 8 0.04130258526346485 170 
1474 1506 10 0.07286958965316911 166 
1475 1511 9 0.018042239461681486 176 
1476 1512 9 0.029782583403129365 169 
1477 1513 9 0.02534455794877908 173 
1478 1513 9 0.05634555010216197 176 
1479 1514 8 0.0426325495655773 176 
1480 1515 10 0.05980373603934131 169 
1481 1515 10 0.04993296209483234 172 
1482 1516 8 0.01027260062004999 169 
1483 1517 9 0.05341900967853558 167 
1484 1517 10 0.030799401960623054 169 
1485 1520 9 0.022357254988513115 172 
1486 1520 9 0.013434721979426502 169 
1487 1520 8 0.009523271777669234 169 
1488 1521 10 0.0605536716420652 174 
1489 1521 9 0.08492606566103045 166 
1490 1522 9 0.055166236233449475 168 
1491 1522 8 0.06215720898177145 171 
1492 1524 10 0.07671705776875748 168 
1493 1524 9 0.035408158805808006 175 
1494 1525 9 0.03454525392715331 167 
1495 1527 10 0.07112040268130643 171 
1496 1528 10 0.07080394842554508 172 
1497 1529 10 0.03937456059277016 175 
1498 1529 8 0.032063422715607956 172 
1499 1530 8 0.07930327198586182 168 
1500 1533 9 0.0011273641743864654 176 
1501 1534 8 0.05891411192958031 176 
1502 1535 9 0.042747353409612256 173 
1503 1535 10 0.0831816884953297 170 
1504 1536 10 0.03819808327654683 173 
1505 1536 9 0.036024623981968276 175 
1506 1538 9 0.06462473144475946 168 
1507 1538 8 0.010485679009589799 176 
1508 1538 8 0.04114291545621988 167 
1509 1538 8 0.07243164335548612 169 
1510 1538 10 0.07076468686686142 172 
1511 1540 9 0.05643773798650445 173 
1512 1542 8 0.013903515763054451 173 
1513 1543 10 0.008042599276131683 172 
1514 1543 8 0.016067797574898738 173 
1515 1543 8 0.03852765182108762 171 
1516 1544 8 0.02264091290686841 170 
1517 1545 10 0.07184250008272923 172 
1518 1545 10 0.06960377399112128 170 
1519 1546 9 0.018986662110850844 174 
1520 1547 8 0.0375455344515408 168 
1521 1547 9 0.04442885884017401 174 
1522 1547 9 0.08288290933330651 168 
1523 1547 8 0.0772206988230022 169 
1524 1548 8 0.03651158128595267 166 
1525 1548 9 0.011640159907000857 171 
1526 1548 10 0.08723559103968025 168 
1527 1552 9 0.05588472523357313 166 
1528 1555 10 0.05279153028216555 176 
1529 1555 9 0.025659790860064143 169 
1530 1556 8 0.010147280793770988 176 
1531 1556 10 0.08588732564998247 171 
1532 1557 10 0.031165333020674032 175 
1533 1558 9 0.021167687168779335 172 
1534 1559 9 0.08668068914271616 168 
1535 1559 8 0.040738118144083624 176 
1536 1560 9 0.0067650019511063765 176 
1537 1561 10 0.07907432195499661 172 
1538 1562 10 0.08270903206863438 173 
1539 1562 9 0.029510636319370454 176 
1540 1567 9 0.07624823055055935 169 
1541 1567 10 0.0030564973412176223 170 
1542 1568 9 0.041092819549415856 168 
1543 1568 8 0.04063330180968355 176 
1544 1568 10 0.0865328040906514 170 
1545 1568 8 0.04177412914732862 168 
1546 1570 9 0.054594430450584375 176 
1547 1571 9 0.02113253971340021 168 
1548 1571 9 0.028130297714719008 172 
1549 1571 10 0.010129610587608438 174 
1550 1572 8 0.03255357893798742 174 
1551 1573 10 0.07892067781988167 170 
1552 1574 8 0.014870481953193248 171 
1553 1574 9 0.08446345722007434 171 
1554 1574 8 0.07528281443679088 166 
1555 1576 10 0.07472381234151716 171 
1556 1577 10 0.07146909364775954 166 
1557 1577 10 0.06272833301369354 173 
1558 1578 9 0.022890831063061595 168 
1559 1579 8 0.02000204989552274 169 
1560 1579 8 0.05890387236546349 169 
1561 1581 8 0.040713530564466055 170 
1562 1584 8 0.0076731314448001756 172 
1563 1586 10 0.07313259563589204 168 
1564 1587 8 0.08972050722020068 170 
1565 1591 9 0.038128508830485776 174 
1566 1592 10 0.03272404270748952 174 
1567 1593 9 0.03671972673598388 170 
1568 1594 8 0.025838488613699306 167 
1569 1595 9 0.005176181374775108 166 
1570 1596 9 0.005390053258850823 168 
1571 1597 9 0.013293981350504021 176 
1572 1598 10 0.0049978870345873064 170 
1573 1598 8 0.05249213633653332 170 
1574 1599 10 0.018650814247326564 172 
1575 1599 8 0.009624257720655421 167 
1576 1601 8 0.06133309258821388 172 
1577 1601 9 0.01380385433451281 168 
1578 1601 10 0.019401174471692394 174 
1579 1602 9 0.0042606753104406595 167 
1580 1605 9 0.07077645212758601 173 
1581 1606 9 0.029080107370607792 167 
1582 1607 10 0.056245281913014256 175 
1583 1609 10 0.0793007647339665 169 
1584 1610 10 0.0890569664892336 169 
1585 1611 8 0.016599811128841697 174 
1586 1616 8 0.05719519500695592 169 
1587 1616 10 0.04851600084019003 170 
1588 1616 9 0.05921175428900409 175 
1589 1617 8 0.05626494909798464 167 
1590 1618 9 0.021505537499361134 169 
1591 1619 10 0.0033745033992686594 167 
1592 1619 9 0.06399816623416853 175 
1593 1620 8 0.08027502247786526 175 
1594 1621 9 0.06426874261878983 166 
1595 1621 10 0.08880843170209679 167 
1596 1622 9 0.006654161452469793 172 
1597 1623 9 0.085961803388134 176 
1598 1624 8 0.04498736629226264 166 
1599 1625 8 0.06286223827356299 170 
1600 1625 10 0.008048706374862841 172 
1601 1627 10 0.06439942316700147 174 
1602 1629 10 0.024089985172206552 168 
1603 1629 9 0.06454985056475038 174 
1604 1630 9 0.027588114384365047 173 
1605 1632 8 0.013273711641607549 167 
1606 1632 10 0.06604068559660996 171 
1607 1633 9 0.07721391309393882 172 
1608 1634 10 0.02899182029235769 171 
1609 1635 8 0.08736687084040093 168 
1610 1636 9 0.018024467571210463 172 
1611 1638 10 0.03764919300037401 170 
1612 1639 8 0.07999245235194577 176 
1613 1640 8 0.007285299761257669 169 
1614 1640 8 0.04790050930679068 172 
1615 1641 10 0.07573431343698774 174 
1616 1642 8 0.013361882968456359 175 
1617 1642 10 0.022840714598609656 169 
1618 1643 9 0.08571759771423251 176 
1619 1645 8 0.07315364297086184 167 
1620 1645 8 0.07703186377536343 170 
1621 1648 9 0.08036070451230132 167 
1622 1648 8 0.07126571027808205 174 
1623 1649 9 0.035108407405010325 174 
1624 1649 10 0.03277562197563852 167 
1625 1650 10 0.07273284507815786 169 
1626 1651 9 0.04787820299648732 171 
1627 1652 9 0.07719931162633131 167 
1628 1652 9 0.05288000395853587 174 
1629 1654 9 0.07120379992430376 172 
1630 1654 8 0.05045488219857375 169 
1631 1656 10 0.002536935544156569 170 
1632 1657 9 0.003034685326221712 169 
1633 1657 9 0.06260435185094028 169 
1634 1658 10 0.06019588796589536 169 
1635 1658 10 0.011888959470545447 166 
1636 1660 10 0.042570794367602464 173 
1637 1661 10 0.0021131257698461647 171 
1638 1663 10 0.05086602976432407 174 
1639 1663 10 0.07252776580810776 172 
1640 1663 10 0.07790325567674099 166 
1641 1663 10 0.03515676375092381 168 
1642 1665 10 0.036932412711491204 168 
1643 1665 8 0.024573688449013142 174 
1644 1666 8 0.038522220229350757 170 
1645 1667 9 0.01783038871833313 172 
1646 1667 8 0.01651463554364001 166 
1647 1668 9 0.0127225324409698 172 
1648 1672 10 0.0552474156899456 170 
1649 1672 10 0.04758169161440418 166 
1650 1672 10 0.07203472862983347 170 
1651 1672 10 0.051518972877467865 170 
1652 1674 8 0.05903552805600013 167 
1653 1674 10 0.0033468807284978102 169 
1654 1675 9 0.05452087397525629 166 
1655 1676 10 0.058626389986995216 170 
1656 1676 10 0.02890476691376066 171 
1657 1678 10 0.05685055286492377 176 
1658 1678 10 0.07515162297040402 167 
1659 1678 10 0.0442425301307863 176 
1660 1679 8 0.080775463428581 175 
1661 1679 8 0.023901926735225107 171 
1662 1680 8 0.010782973729492322 167 
1663 1681 10 0.06270083205662415 174 
1664 1682 10 0.07779372532968043 169 
1665 1688 10 0.07806536837504535 171 
1666 1688 10 0.01920564133262913 171 
1667 1689 8 0.06601243219022672 170 
1668 1689 9 0.04538676656421896 173 
1669 1691 9 0.05900322883305716 175 
1670 1691 8 0.010339321180028435 173 
1671 1692 8 0.023996962448345857 168 
1672 1693 8 0.004393540390673396 171 
1673 1694 10 0.07130507996828535 173 
1674 1695 8 0.005429710578719478 170 
1675 1696 10 0.07697406153095897 172 
1676 1696 10 0.07550399372344678 168 
1677 1697 9 0.041316971320953 170 
1678 1699 8 0.05702662164793058 174 
1679 1699 8 0.0708725244265323 173 
1680 1699 9 0.040666480021365706 170 
1681 1700 10 0.012448380354681161 174 
1682 1702 10 0.08959640288304431 174 
1683 1702 8 0.07283834005610114 173 
1684 1703 8 0.034575201385234275 171 
1685 1704 10 0.08163656929513101 176 
1686 1705 10 0.06782157790479128 171 
1687 1705 10 0.07849276764924397 170 
1688 1706 10 0.07737893867708864 169 
1689 1707 10 0.04531068992300933 167 
1690 1707 8 0.014184667126806084 170 
1691 1708 10 0.04770437282189337 170 
1692 1713 10 0.04692770691627944 168 
1693 1714 10 0.03798096871284182 170 
1694 1714 8 0.02912931520558075 170 
1695 1714 8 0.049354976967836695 176 
1696 1715 10 0.027402056873174475 169 
1697 1717 10 0.008899609603659948 173 
1698 1717 9 0.002660951875957873 171 
1699 1719 9 0.044909138383383944 170 
1700 1720 10 0.039103656598586986 167 
1701 1720 8 0.023890716378051815 176 
1702 1721 10 0.07105438232973703 172 
1703 1721 10 0.01711347948463332 173 
1704 1722 10 0.04019377735566192 169 
1705 1723 9 0.018379410161578534 173 
1706 1725 9 0.04179484826368781 168 
1707 1725 10 0.06389176593326726 169 
1708 1727 9 0.03414568719330002 175 
1709 1727 9 0.06986669013454129 167 
1710 1728 9 0.007691461834357763 172 
1711 1729 8 0.07878853839821633 176 
1712 1730 10 0.0625639695623039 175 
1713 1731 10 0.0472727942730994 166 
1714 1732 10 0.0855575977543693 175 
1715 1733 9 0.017953446843962162 167 
1716 1734 8 0.03178383236461528 172 
1717 1735 9 0.05509813330127079 166 
1718 1735 10 0.007997280548235642 169 
1719 1738 10 0.011043068894412388 173 
1720 1739 9 0.089411564176226 169 
1721 1739 9 0.004147329365832421 172 
1722 1739 9 0.026038448454293567 176 
1723 1740 10 0.07391072004000108 166 
1724 1741 10 0.03289545188749109 176 
1725 1743 8 0.054073477545241236 167 
1726 1745 8 0.027738912596536158 173 
1727 1746 10 0.08053809964430475 169 
1728 1750 9 0.0076172066288023805 167 
1729 1750 8 0.08432006193239241 171 
1730 1752 9 0.08502889736161721 173 
1731 1755 10 0.07526573506348523 176 
1732 1756 9 0.0031169669186107683 166 
1733 1756 10 0.05803696384516481 176 
1734 1758 10 0.023257902492893508 172 
1735 1758 10 0.03918624633069782 169 
1736 1758 10 0.04349962969465585 173 
1737 1758 10 0.04180192738095134 170 
1738 1759 9 0.034965004903140834 168 
1739 1759 9 0.07514073883127885 174 
1740 1759 10 0.0755225565639607 167 
1741 1760 10 0.01255188460079465 170 
1742 1761 8 0.06749113449963359 168 
1743 1762 9 0.05459118525102663 168 
1744 1762 9 0.003367662131074253 173 
1745 1763 9 0.07637288974928637 169 
1746 1764 8 0.03136390963343995 173 
1747 1764 10 0.02679228268733536 176 
1748 1764 8 0.020002015605850198 176 
1749 1764 9 0.03428444269653618 176 
1750 1765 8 0.02052911616736481 176 
1751 1766 10 0.036100980259428234 167 
1752 1768 8 0.05954712094019147 176 
1753 1768 10 0.08546139059804449 168 
1754 1768 9 0.04290802012798107 174 
1755 1769 10 0.01900571751589445 166 
1756 1771 9 0.033514530174931584 175 
1757 1771 10 0.08176469733843547 176 
1758 1772 9 0.07808276993094108 174 
1759 1773 8 0.005645286621537295 172 
1760 1773 9 0.012109416218758214 175 
1761 1774 8 0.024440466749812647 172 
1762 1776 10 0.010957995097439003 176 
1763 1777 10 0.02481860083817516 175 
1764 1778 9 0.041834483391047166 176 
1765 1778 9 0.016503623209322298 168 
1766 1779 9 0.04753099698903928 176 
1767 1779 10 0.05646297820604381 173 
1768 1780 8 0.06529385733907998 169 
1769 1780 10 0.06943925645115157 173 
1770 1781 9 0.0184089735602767 169 
1771 1782 9 0.046220054881741544 167 
1772 1783 8 0.03955231918933756 169 
1773 1784 10 0.001542604785608658 167 
1774 1784 8 0.08897917546264854 168 
1775 1786 9 0.07190873911928417 175 
1776 1788 9 0.07811821032772842 166 
1777 1789 8 0.0764227899869894 174 
1778 1789 9 0.05334595607897122 167 
1779 1793 9 0.01834949600246385 174 
1780 1793 10 0.059453281342154045 172 
1781 1793 8 0.061259494093452084 175 
1782 1797 9 0.08415041344880898 173 
1783 1800 9 0.054370461989568186 166 
1784 1802 9 0.07845162886839842 175 
1785 1802 10 0.02278858119768809 174 
1786 1804 10 0.03706336279200429 175 
1787 1806 9 0.002287095224591467 176 
1788 1808 9 0.038272908681460126 168 
1789 1808 10 0.007258498370249647 166 
1790 1809 8 0.04130040645624397 176 
1791 1810 10 0.05492394527343116 171 
1792 1811 9 0.007570507773978365 175 
1793 1812 9 0.04936549445658285 174 
1794 1812 8 0.06762232778004064 174 
1795 1815 9 0.0450255669879758 174 
1796 1816 8 0.04314055230774572 169 
1797 1818 9 0.0576318494288368 172 
1798 1818 9 0.013306401489650763 174 
1799 1821 10 0.05161803730946349 176 
1800 1822 10 0.08777182124160342 175 
1801 1822 8 0.08531196761729432 169 
1802 1823 9 0.0748779431876858 174 
1803 1823 8 0.07786709222669129 175 
1804 1824 8 0.010250742006255795 175 
1805 1824 10 0.016555237463020817 168 
1806 1825 8 0.06459284955742362 175 
1807 1825 9 0.02232120352266181 172 
1808 1826 10 0.005159936154687465 169 
1809 1826 9 0.0826651939805578 173 
1810 1826 10 0.07379269780164116 171 
1811 1827 9 0.04306049365602845 175 
1812 1830 10 0.06237905300613589 169 
1813 1831 8 0.08032505680894884 174 
1814 1832 8 0.022945342091245734 175 
1815 1833 10 0.0744496942869467 173 
1816 1834 9 0.061980684496631834 174 
1817 1834 10 0.05070013203272597 166 
1818 1835 8 0.010912198682504887 169 
1819 1836 8 0.0632493002316657 176 
1820 1836 8 0.034328903182139284 171 
1821 1837 8 0.035393854685062384 171 
1822 1839 10 0.028841494410576214 169 
1823 1840 9 0.04466730768397231 172 
1824 1841 9 0.012206539840298701 174 
1825 1841 8 0.08589916328046944 172 
1826 1844 10 0.052641482118934824 166 
1827 1844 8 0.04235048346640934 168 
1828 1848 10 0.057508086972768664 168 
1829 1849 9 0.052973925595322005 172 
1830 1850 10 0.04719107156461166 175 
1831 1850 8 0.02418735322058346 175 
1832 1851 9 0.06504027593952441 169 
1833 1852 8 0.02329311848274839 171 
1834 1854 10 0.07362391797451279 169 
1835 1857 8 0.010524116924918107 170 
1836 1857 9 0.0672827922520174 171 
1837 1859 9 0.08463217756809369 172 
1838 1860 9 0.08530584967538007 167 
1839 1861 9 0.041869801711001055 174 
1840 1862 8 0.08282525908468207 168 
1841 1862 10 0.08977777196888423 171 
1842 1862 10 0.05026234222252891 176 
1843 1862 10 0.0011330725073873216 172 
1844 1864 9 0.08185447660957867 167 
1845 1864 9 0.04238441824852571 169 
1846 1864 9 0.06618000592269761 169 
1847 1865 10 0.01102486900342987 174 
1848 1866 10 0.016348806785881277 175 
1849 1866 9 0.07461753509267365 175 
1850 1870 9 0.06499679772328593 170 
1851 1870 10 0.04886087880287284 175 
1852 1871 10 0.03516352060418945 170 
1853 1871 8 0.045305457188329255 174 
1854 1873 8 0.07985065484396202 174 
1855 1874 10 0.041045799230518945 166 
1856 1874 9 0.07351029851669513 167 
1857 1876 10 0.023466738452402113 172 
1858 1876 8 0.08210145149533686 175 
1859 1877 10 0.02900882440853667 168 
1860 1877 10 0.06090244203075786 169 
1861 1878 8 0.06559232558223306 167 
1862 1879 9 0.04347036492398833 166 
1863 1879 9 0.02700085634421432 166 
1864 1880 8 0.057019303177708286 170 
1865 1880 9 0.054190591056438656 170 
1866 1883 9 0.03962166193474262 169 
1867 1883 9 0.027351966555892927 167 
1868 1883 10 0.07365815370013414 172 
1869 1884 8 0.007272891937180486 171 
1870 1885 10 0.034631651985641616 169 
1871 1885 9 0.012193993180102624 167 
1872 1886 8 0.050166211374089914 176 
1873 1887 10 0.027278451186240282 174 
1874 1887 10 0.04424839826443147 173 
1875 1887 8 0.08674202056713877 172 
1876 1888 9 0.06933379000568435 171 
1877 1888 8 0.059656434824418215 166 
1878 1888 8 0.06356198143360252 166 
1879 1890 8 0.0422095629292439 175 
1880 1890 9 0.029383517312258006 170 
1881 1890 9 0.059718435265994754 170 
1882 1890 8 0.06612728856306004 171 
1883 1894 8 0.056069877205616576 170 
1884 1894 8 0.023212790928842934 172 
1885 1895 9 0.025398788285522913 166 
1886 1895 9 0.08935200678533368 168 
1887 1896 9 0.06048161830724705 173 
1888 1897 8 0.04426785657149896 173 
1889 1899 9 0.022272396079254325 176 
1890 1900 9 0.04532736462907484 174 
1891 1900 10 0.0018328109046200406 173 
1892 1900 9 0.01907191181538846 168 
1893 1901 9 0.0393528732083595 171 
1894 1904 10 0.023458436805787953 167 
1895 1904 8 0.023344163481784294 173 
1896 1905 9 0.01812712152048093 172 
1897 1907 10 0.06777076825919963 168 
1898 1907 10 0.0854363022024831 176 
1899 1908 9 0.017751623477026357 175 
1900 1912 9 0.03709637323733992 170 
1901 1913 10 0.014247075041923518 167 
1902 1913 8 0.010840488540233575 169 
1903 1913 10 0.07160574379415974 167 
1904 1914 8 0.08167357830581319 168 
1905 1914 8 0.08726629676529211 169 
1906 1914 10 0.017931731056364603 167 
1907 1916 8 0.07890024796771378 175 
1908 1916 8 0.013523457869244568 172 
1909 1916 8 0.012673389360384157 170 
1910 1917 10 0.06210059016139856 168 
1911 1919 8 0.08422870335805133 175 
1912 1920 8 0.08052885708501113 175 
1913 1922 10 0.0372035313444908 171 
1914 1922 10 0.06907827462983891 167 
1915 1924 8 0.07472652364858426 169 
1916 1925 10 0.0853654669378342 169 
1917 1925 9 0.028377779356574682 168 
1918 1927 10 0.01722727062525914 169 
1919 1929 8 0.04392208308864364 166 
1920 1930 9 0.0579224613823352 173 
1921 1931 9 0.04845771144774679 174 
1922 1932 8 0.009650176298831178 168 
1923 1934 9 0.02946249749987394 173 
1924 1936 9 0.05904307628260818 176 
1925 1939 10 0.07045458757392832 173 
1926 1939 8 0.07384894588006781 169 
1927 1939 9 0.04815396664426097 170 
1928 1940 10 0.05004406393874499 166 
1929 1941 10 0.0011991817018145586 174 
1930 1943 8 0.012778267987592625 173 
1931 1943 8 0.027052434875802885 170 
1932 1945 9 0.009601774752742362 173 
1933 1945 8 0.08138002305974595 176 
1934 1947 9 0.06473994266878735 169 
1935 1947 10 0.05373700950925824 175 
1936 1948 9 0.024471359745324373 174 
1937 1949 10 0.004171000967496856 176 
1938 1952 10 0.029992703206169643 172 
1939 1954 9 0.02919320714062195 173 
1940 1954 9 0.021577523729715317 176 
1941 1955 8 0.009065771122035396 170 
1942 1955 9 0.019778011146323552 169 
1943 1956 10 0.036322015074959677 176 
1944 1956 9 0.026851061411721566 173 
1945 1957 10 0.08273499972926295 176 
1946 1958 9 0.03455237179590584 175 
1947 1960 8 0.047546776201056046 174 
1948 1960 8 0.05016391617187407 170 
1949 1961 8 0.006833799244207843 170 
1950 1961 9 0.051240458070873164 175 
1951 1961 10 0.026011392702057153 174 
1952 1962 9 0.07231782643498952 166 
1953 1962 8 0.056129798823640664 167 
1954 1964 8 0.05003996666480158 170 
1955 1964 10 0.04429477705211222 173 
1956 1965 10 0.003209049705349109 172 
1957 1965 9 0.015503783886712235 167 
1958 1965 10 0.00569892831377353 176 
1959 1966 9 0.04419656503706593 173 
1960 1967 9 0.08490834876147009 166 
1961 1967 9 0.06412726706963573 171 
1962 1968 9 0.07359082437123987 175 
1963 1968 10 0.04358559036114885 173 
1964 1969 9 0.062129275790158825 167 
1965 1969 10 0.08438127256443581 168 
1966 1969 8 0.07680244437390694 169 
1967 1970 8 0.012368508599647148 175 
1968 1971 10 0.05384201279285219 169 
1969 1972 9 0.013117392056875232 172 
1970 1973 9 0.0666963710789015 172 
1971 1975 8 0.08281903809689575 174 
1972 1976 10 0.03905494482285044 171 
1973 1977 10 0.05485383402539425 176 
1974 1978 9 0.03288821177443399 170 
1975 1979 10 0.07350888579074207 174 
1976 1980 8 0.08358949512244725 170 
1977 1981 8 0.02163017894700245 174 
1978 1982 8 0.05423400283975929 167 
1979 1983 10 0.00945310182303295 176 
1980 1985 8 0.08799641192759451 168 
1981 1985 10 0.03908978650535094 167 
1982 1986 8 0.06423551350586462 174 
1983 1986 8 0.03738088181051251 173 
1984 1988 10 0.08324291065457158 167 
1985 1991 10 0.025125281166013962 170 
1986 1992 10 0.05530452365795587 172 
1987 1993 10 0.024680413574506913 176 
1988 1993 8 0.014817326453253933 170 
1989 1994 8 0.08938673487706064 170 
1990 1995 9 0.004380088489593418 167 
1991 1997 8 0.03004946764203483 172 
1992 1997 10 0.07739797868308768 168 
1993 1997 9 0.08523332156820014 173 
1994 1997 8 0.05968986731604826 176 
1995 1998 9 0.06758758896646327 176 
1996 1998 8 0.053968714752702714 171 
1997 1999 9 0.00919486130494217 166 
1998 1999 9 0.04685808995703628 169 
1999 2000 10 0.01327890162073185 169 
2000 0 10 0.006202598282815116 167 
