1 3 10 0.07716773642624142 443 
2 3 11 0.0836853533382221 452 
3 4 11 0.0639814754339915 449 
4 10 11 0.07516831991696976 453 
5 10 12 0.008347360505129601 454 
6 10 12 0.058261124276575725 460 
7 11 11 0.024542525635028043 450 
8 11 12 0.036910469886117014 445 
9 12 11 0.0739180508135007 446 
10 13 10 0.014180715126843265 446 
11 13 11 0.05373878839707313 451 
12 13 10 0.020741703473554873 461 
13 18 12 0.08420853073532597 463 
14 18 11 0.020644567794882177 446 
15 18 11 0.0891577067868735 450 
16 19 12 0.0846802148112731 461 
17 21 10 0.03850771509086603 459 
18 25 12 0.08072865237101923 449 
19 26 12 0.0037205867121054303 450 
20 26 11 0.07397042167870095 447 
21 29 11 0.0034917638701852916 452 
22 31 10 0.02908833568094139 444 
23 32 11 0.046429371007248345 462 
24 34 10 0.07509930094285504 445 
25 34 10 0.030489777437138394 459 
26 34 12 0.08981754141680338 445 
27 34 11 0.0033491890298585404 459 
28 34 10 0.07529781006975943 451 
29 35 10 0.07740054668455677 461 
30 38 11 0.02183133359952359 459 
31 41 10 0.055892236691980596 455 
32 42 10 0.07244102196600417 451 
33 43 11 0.05368577772073299 446 
34 44 10 0.08194896680535627 457 
35 44 11 0.07876913359043974 449 
36 47 11 0.0775872627234317 448 
37 47 11 0.06171560154864199 446 
38 48 11 0.061186612637949764 455 
39 48 10 0.040461719157405845 460 
40 49 10 0.08456051618109686 443 
41 50 11 0.05688235443386426 457 
42 50 11 0.041505000808759594 449 
43 51 11 0.03335901539060035 449 
44 52 10 0.017446794814388378 450 
45 52 12 0.008417798089386325 446 
46 55 10 0.04057511974664244 448 
47 57 10 0.008666026611734389 458 
48 57 10 0.03882164278417771 449 
49 59 12 0.08255698057558368 461 
50 60 11 0.059360028295780874 461 
51 60 10 0.001588992895503725 454 
52 61 12 0.07085469800277182 443 
53 61 12 0.0073989237804025915 455 
54 62 12 0.01271954165991386 454 
55 64 12 0.048110909480805646 444 
56 64 11 0.0482934520065699 450 
57 66 11 0.034414080483198786 447 
58 66 11 0.06881814935441577 450 
59 68 10 0.06668859077386591 453 
60 70 11 0.011659391151258063 449 
61 70 10 0.08526967748173338 445 
62 70 10 0.011420270289866679 446 
63 71 12 0.0613470440721646 461 
64 71 11 0.04977586771469318 463 
65 73 10 0.021020913084260285 455 
66 73 11 0.042722488598736806 463 
67 74 11 0.002426799808480741 447 
68 78 11 0.00483153543325078 445 
69 79 10 0.08614371510109578 448 
70 80 10 0.062028869138288076 452 
71 81 12 0.04220747108964238 444 
72 81 10 0.03730872184379585 448 
73 82 10 0.055031779508823805 460 
74 82 11 0.07123896412695974 454 
75 82 10 0.013298350543651177 463 
76 83 10 0.03429502916065139 456 
77 83 11 0.01982341647648358 460 
78 84 10 0.02171250599198812 446 
79 85 11 0.009333545024852494 449 
80 86 12 0.08235582446016193 461 
81 87 10 0.017538213563603654 445 
82 88 11 0.07451634508893218 454 
83 89 10 0.009069469391152805 462 
84 94 10 0.013130498493073156 445 
85 94 10 0.07475071331074203 443 
86 95 11 0.045032673106093754 454 
87 95 10 0.08543799759611276 456 
88 99 11 0.014106006806438812 448 
89 99 12 0.07422012835355779 458 
90 99 10 0.04267504819719103 451 
91 100 11 0.05528457375028354 461 
92 101 10 0.0017385595596950704 449 
93 101 12 0.012564754873344259 449 
94 102 12 0.035638486265429245 455 
95 103 12 0.06473944547667278 447 
96 103 11 0.05069214261916813 456 
97 104 10 0.05785674374781234 461 
98 105 11 0.013456160171932467 456 
99 107 12 0.07421935492438217 461 
100 107 12 0.04205388905037383 443 
101 108 12 0.07314430326204173 444 
102 109 11 0.021592309211063653 448 
103 112 12 0.021410460213823194 456 
104 112 11 0.026077554105373643 444 
105 112 12 0.07337049881715262 459 
106 112 12 0.017103358942087907 463 
107 113 10 0.07845046968922086 451 
108 114 12 0.03337181529491866 454 
109 114 11 0.01675630604783775 461 
110 114 10 0.06221631289930638 443 
111 116 11 0.05594502717283029 451 
112 120 11 0.03148106405262307 445 
113 120 10 0.006182060762777802 462 
114 121 10 0.08125844333864403 459 
115 121 11 0.03239500793356108 448 
116 121 10 0.07904802025843492 443 
117 122 12 0.08316312154642366 453 
118 122 12 0.05925210069942889 443 
119 123 10 0.083544708285863 461 
120 129 10 0.014612761147639843 444 
121 129 10 0.08879544796793713 453 
122 129 11 0.05156411338755706 443 
123 129 10 0.024623912485049734 453 
124 130 10 0.07969246494680893 444 
125 131 12 0.025020227014926427 445 
126 131 10 0.07124761779659815 456 
127 132 11 0.04197348747622735 453 
128 133 12 0.001280484005232404 445 
129 135 11 0.08943648246191635 449 
130 136 12 0.04743251080024339 454 
131 137 10 0.035104741937164174 449 
132 138 12 0.06134185184989477 457 
133 138 11 0.08791078793769685 463 
134 138 11 0.018270563696242886 452 
135 140 12 0.060095388707254144 452 
136 140 12 0.049863334945495094 460 
137 141 12 0.03722158959155548 446 
138 142 12 0.028965974919697584 451 
139 142 12 0.002257900490320261 459 
140 143 10 0.03444826726421068 444 
141 143 12 0.03856628430501011 457 
142 144 12 0.08018222675594278 446 
143 146 10 0.08501558450813892 444 
144 149 11 0.08313619658742494 455 
145 149 12 0.03633793987753255 447 
146 150 11 0.05680717064232362 456 
147 150 11 0.07946047061006585 445 
148 150 12 0.004510081375435768 459 
149 151 11 0.06214233968986109 445 
150 154 12 0.024520295730922893 446 
151 155 11 0.05185330110507209 458 
152 156 11 0.03992334450154796 462 
153 157 11 0.052506999341961375 460 
154 162 10 0.03389549412514239 455 
155 162 12 0.08923201594584285 459 
156 162 12 0.029721946717375634 450 
157 162 10 0.07375335880794671 459 
158 162 10 0.06941431582610354 453 
159 163 10 0.010011759988138573 446 
160 165 10 0.08609398535244804 457 
161 166 11 0.08368516842280686 455 
162 170 10 0.06391681386421522 461 
163 170 10 0.03546244811064977 454 
164 170 11 0.019824494675265432 444 
165 172 10 0.06937409871284872 450 
166 172 11 0.07907938986700615 461 
167 174 10 0.03759787946208003 451 
168 174 10 0.05771236752321534 455 
169 174 11 0.08993047986546814 446 
170 176 11 0.026217673611962537 455 
171 176 11 0.020075698696854934 447 
172 177 11 0.037362708867664185 459 
173 178 12 0.044201768309257344 460 
174 180 11 0.04341033883794392 447 
175 180 11 0.08374869500732068 459 
176 181 10 0.04245911675376623 459 
177 182 10 0.05205744596611127 463 
178 183 10 0.009145538944347588 456 
179 183 11 0.06215683214649238 452 
180 185 12 0.086295112309329 444 
181 187 12 0.0699656388505521 461 
182 187 10 0.07338594519779461 451 
183 189 10 0.01291691608624232 459 
184 190 11 0.06726847841167077 452 
185 194 10 0.025807781749825138 463 
186 197 12 0.06640219934274112 454 
187 200 11 0.05289986057379337 455 
188 200 12 0.008558425040138058 452 
189 202 11 0.028275566032780388 447 
190 204 12 0.025974731501703634 458 
191 206 10 0.044950250052868596 462 
192 207 12 0.05662892965198031 443 
193 207 10 0.04875035662139253 454 
194 212 12 0.015091338734362317 452 
195 212 11 0.08262506042981904 455 
196 212 12 0.06442450001451495 460 
197 215 12 0.015478067026066553 457 
198 215 12 0.0431839982726987 458 
199 216 12 0.07070229732258236 453 
200 218 12 0.07067707732974256 445 
201 218 11 0.038696455237363696 449 
202 219 10 0.04002735836331827 454 
203 221 10 0.004166351552648977 450 
204 223 11 0.006367275149866502 461 
205 224 11 0.08179294549813199 449 
206 226 10 0.06297281986292315 463 
207 228 12 0.0777940699847733 454 
208 231 12 0.0021130297681729365 458 
209 232 11 0.0831727140626732 455 
210 234 10 0.04981595162426365 453 
211 234 10 0.0825007642182418 447 
212 236 11 0.07372028763789329 459 
213 236 10 0.005318682870925185 447 
214 237 12 0.021119115663622384 454 
215 238 11 0.07787589815180701 458 
216 238 11 0.03852983294063896 452 
217 238 10 0.08760859696297792 452 
218 239 11 0.06478150361880051 450 
219 239 11 0.030797449507246305 460 
220 239 10 0.03552209627303044 454 
221 239 10 0.042304585781537445 444 
222 239 12 0.05301470739479423 447 
223 240 11 0.071423658926389 444 
224 241 12 0.01895306031658334 461 
225 241 12 0.036808932229865005 448 
226 242 11 0.013430569719653347 462 
227 242 11 0.0017304707703155004 452 
228 242 12 0.0533945241287053 447 
229 243 12 0.024871492057424022 446 
230 245 10 0.04145542318640392 453 
231 245 10 0.005202396735062069 458 
232 245 10 0.08143994590024896 456 
233 245 10 0.0072800018711596266 449 
234 246 10 0.0025312890374434376 463 
235 248 11 0.07549187944913527 458 
236 250 12 0.044126637482054136 457 
237 250 12 0.08373999045846903 452 
238 251 11 0.029778284294939564 457 
239 252 10 0.022937922995279598 459 
240 253 12 0.08127303638394562 448 
241 253 10 0.0742469907042265 460 
242 254 10 0.0635646219664828 447 
243 254 12 0.08339620415214039 461 
244 255 10 0.0683199556411206 455 
245 255 11 0.058380928085771125 463 
246 257 10 0.05339273226169323 457 
247 257 11 0.03791646690397201 455 
248 259 10 0.08234286869496567 460 
249 259 11 0.038418937721049394 446 
250 261 11 0.03837080048902545 448 
251 261 12 0.05398410840430123 451 
252 263 11 0.0091691786408695 460 
253 264 11 0.07710731595413044 450 
254 264 10 0.004868898932811382 463 
255 265 12 0.044868683179757535 457 
256 266 11 0.05062822951032426 463 
257 266 12 0.06917271333734525 458 
258 267 10 0.059720087323499156 444 
259 268 12 0.08115062777496226 444 
260 270 12 0.0507158433092813 450 
261 271 10 0.05171488798983044 459 
262 272 12 0.009616690016422586 447 
263 274 11 0.053695204110241104 459 
264 274 11 0.045379637838307126 452 
265 274 10 0.07407563557502533 456 
266 280 11 0.05373184718682523 456 
267 281 11 0.0821053245060816 455 
268 283 10 0.05690999739833827 450 
269 284 12 0.017557806352881778 448 
270 286 12 0.06130428163688018 462 
271 287 11 0.01252815659901418 443 
272 287 10 0.006601085648023505 444 
273 287 11 0.053197843247561244 453 
274 288 12 0.010273072429590035 450 
275 288 12 0.057503282423245254 443 
276 289 11 0.08886760035617908 447 
277 289 12 0.035530203396536 458 
278 289 10 0.04331439280645428 458 
279 290 12 0.07836921132476396 443 
280 291 12 0.0555099476793158 449 
281 291 12 0.08424063963262816 451 
282 292 12 0.0769440220314203 452 
283 298 11 0.04847025657996075 443 
284 299 11 0.012344898894048759 463 
285 299 10 0.07089519094709139 443 
286 300 10 0.07114942210725206 443 
287 301 12 0.04098169944059561 451 
288 302 11 0.08311928242454535 453 
289 303 12 0.06293327669087827 454 
290 305 10 0.07799628309859877 459 
291 306 10 0.08679434406990587 459 
292 307 10 0.013053972979430187 459 
293 307 11 0.028737349305370936 457 
294 307 10 0.055717019107544674 447 
295 308 10 0.009315409225224985 457 
296 309 12 0.0610459704570485 457 
297 311 12 0.039383659460294575 461 
298 312 11 0.0038236806920993573 458 
299 312 10 0.019252571609510005 458 
300 314 10 0.06902396078270828 445 
301 315 12 0.014970576996856142 448 
302 315 12 0.048090274084712545 451 
303 316 10 0.01510214072179173 456 
304 318 10 0.039815558563649205 451 
305 319 10 0.006885091708335233 462 
306 320 10 0.047734292217551766 462 
307 321 12 0.023357436842333407 444 
308 321 11 0.07796979044851098 456 
309 325 12 0.0674130600242669 459 
310 325 10 0.07860523519516331 455 
311 325 12 0.005380413199803601 448 
312 326 11 0.06482445662320664 445 
313 327 10 0.031599149060708334 448 
314 327 12 0.03522104653646354 463 
315 330 10 0.060674524053283455 457 
316 330 11 0.05596464893569934 461 
317 330 10 0.017180600218097135 459 
318 332 10 0.006549984706722192 446 
319 333 12 0.05323108679341663 463 
320 333 10 0.05773880738157493 455 
321 335 10 0.03705106824403969 459 
322 336 10 0.009151539039917344 449 
323 338 10 0.04182680900608611 446 
324 338 12 0.054749875874679804 446 
325 342 11 0.05548761360020252 443 
326 345 11 0.06054982158614454 459 
327 345 10 0.060777859104265725 448 
328 346 11 0.022436544267929168 443 
329 347 10 0.04286996513287325 444 
330 348 10 0.06498958452027527 459 
331 348 11 0.009743506431723972 449 
332 348 11 0.020687474998710046 463 
333 349 12 0.07228733429031209 443 
334 351 10 0.007942976244964164 448 
335 352 10 0.039517923338368816 455 
336 353 11 0.012349885416615403 457 
337 355 10 0.01089992288487495 453 
338 356 11 0.06511130857262266 452 
339 356 12 0.010518218184317123 443 
340 357 10 0.08548611656554927 445 
341 358 11 0.06273248010283315 451 
342 360 11 0.07991422484150723 461 
343 361 11 0.02305958390262428 458 
344 363 10 0.0431718362860701 447 
345 364 12 0.04039555200691653 458 
346 364 10 0.03911916557984131 444 
347 365 10 0.020880963070073366 459 
348 368 10 0.060678997978793184 453 
349 369 11 0.0862128507840662 460 
350 369 12 0.024828777022865442 447 
351 370 11 0.05180628653378556 456 
352 372 10 0.04890588633831171 463 
353 373 11 0.02876098532924079 462 
354 374 12 0.0471681805658949 458 
355 374 10 0.067830311703323 459 
356 375 11 0.023328988354692107 461 
357 375 11 0.05956046208160002 455 
358 377 10 0.06724564164104971 455 
359 377 10 0.08402783915449012 463 
360 377 12 0.08388447893115221 449 
361 380 10 0.0048993025063425785 453 
362 380 11 0.04625993249667476 445 
363 380 12 0.06661321136135018 452 
364 382 10 0.05695652603068326 450 
365 383 12 0.013056688226132079 448 
366 383 10 0.08157666210532641 449 
367 383 11 0.030911912141619778 459 
368 384 12 0.040928331762841566 449 
369 385 12 0.00535102769573118 463 
370 386 11 0.035588365345810676 449 
371 386 11 0.07569770102694891 450 
372 388 12 0.010362969183226534 455 
373 389 10 0.029871667188115965 463 
374 390 11 0.07400176019795217 450 
375 392 11 0.07322918460150396 460 
376 392 11 0.006726469284968522 458 
377 396 10 0.03143340926664124 452 
378 396 10 0.04407735416223071 461 
379 397 12 0.058755904292211586 447 
380 398 10 0.010845160761810514 457 
381 398 11 0.028616517043481744 450 
382 399 12 0.08256047190202485 450 
383 400 12 0.0676991234001691 444 
384 402 11 0.03881725354636725 447 
385 403 11 0.0012225575526209978 451 
386 403 11 0.08241334565104814 463 
387 404 12 0.008615161053743863 458 
388 406 10 0.08642765759406246 459 
389 406 11 0.02793426134919532 458 
390 407 12 0.07831962045035802 448 
391 407 12 0.04194529864974773 455 
392 408 12 0.07742094778604763 450 
393 408 10 0.032038352386953864 457 
394 408 12 0.03618031045293232 457 
395 410 12 0.08129885576279836 445 
396 411 10 0.028826656256743768 447 
397 411 11 0.0692070972776507 448 
398 412 11 0.05042145080281446 443 
399 413 12 0.0845813947954915 445 
400 414 10 0.026414955194439378 457 
401 416 11 0.08635581241836096 453 
402 417 12 0.06291309081690494 449 
403 417 12 0.004178805928000583 456 
404 417 12 0.05109405669349675 446 
405 417 12 0.04878975332609845 457 
406 419 11 0.06844598447065708 450 
407 420 11 0.032741715026099745 446 
408 420 12 0.015325698975150178 457 
409 420 10 0.08663380336528194 460 
410 420 11 0.08675752072567103 450 
411 421 10 0.057568824711888414 457 
412 421 10 0.08394837429731233 449 
413 422 11 0.04969211343517671 461 
414 423 12 0.023947470978469877 444 
415 423 12 0.020360473716352745 455 
416 424 12 0.019045514914082243 447 
417 427 11 0.03116517663609539 448 
418 429 11 0.07707279306582239 462 
419 431 10 0.02178208144964265 444 
420 432 12 0.03291079035772144 449 
421 433 10 0.031023214191499546 463 
422 434 10 0.03800122798608815 456 
423 434 11 0.044764752336937816 459 
424 437 10 0.07951186941942684 454 
425 437 12 0.02856827371592295 454 
426 438 11 0.08152625292380797 453 
427 439 11 0.07626865897824966 452 
428 439 11 0.07661404529830237 448 
429 440 10 0.0027564537001632536 444 
430 441 12 0.05832115838074014 459 
431 442 10 0.007925930056297638 455 
432 442 11 0.06910561171579507 445 
433 442 10 0.043046957676526755 455 
434 443 10 0.0895572130045606 454 
435 444 12 0.07183641495508207 451 
436 444 11 0.042300873243155596 456 
437 447 12 0.0886762552176634 450 
438 447 11 0.08033908963503061 463 
439 449 10 0.03504701984694278 458 
440 449 11 0.013674487385966074 454 
441 450 12 0.045994895505445575 452 
442 451 11 0.0433808184773953 459 
443 452 10 0.05767413211720163 458 
444 453 10 0.07610576129230116 460 
445 454 11 0.04928086858534212 460 
446 456 10 0.07209986291849994 447 
447 456 10 0.01617885178441223 456 
448 456 11 0.021509234869913574 446 
449 458 10 0.01190780797487418 444 
450 461 10 0.060177168600451705 454 
451 462 10 0.08570747108074236 458 
452 462 12 0.04349626508440257 447 
453 462 10 0.02638756325063189 462 
454 463 12 0.017473181626072923 459 
455 464 11 0.06156441523242668 455 
456 465 12 0.044997434046563985 444 
457 465 11 0.011726617215297639 444 
458 468 12 0.06972250745229269 460 
459 468 10 0.048936657525382156 454 
460 469 10 0.06617961087143419 444 
461 470 10 0.04069373170409202 461 
462 475 12 0.0818004268889826 449 
463 477 10 0.033008558357485424 449 
464 479 12 0.0402086438449267 443 
465 481 11 0.02045625914132596 463 
466 484 12 0.0348844620979763 458 
467 484 10 0.07644925294851246 450 
468 486 10 0.06657062741337745 460 
469 486 11 0.001704793141272345 454 
470 488 11 0.0830079467297845 457 
471 489 10 0.08935231451062237 463 
472 495 12 0.05891987314137561 457 
473 495 11 0.03051823925490075 447 
474 496 10 0.009265304911777596 447 
475 497 12 0.018824580224570883 455 
476 497 12 0.0065906193977468734 461 
477 498 11 0.005848003198581333 463 
478 498 12 0.06299373831125644 452 
479 499 12 0.03978611873754759 455 
480 499 11 0.06875580190834257 443 
481 500 10 0.03620262607008573 443 
482 501 12 0.08163711210337646 460 
483 502 11 0.03158244624087104 463 
484 502 12 0.030619909731228762 455 
485 503 11 0.0813196221402791 445 
486 504 10 0.07219058241667582 451 
487 504 11 0.010821140959772036 445 
488 505 12 0.07658254973577959 454 
489 510 10 0.0343298187746556 452 
490 514 11 0.04351291830392518 452 
491 516 12 0.048777468974017434 452 
492 517 11 0.0810061250051313 459 
493 519 10 0.04318398763383861 459 
494 519 11 0.05341751779878879 455 
495 520 11 0.08866550555398163 452 
496 520 12 0.07476334075498951 443 
497 521 11 0.03581030616165565 446 
498 522 12 0.025808825904679412 459 
499 522 11 0.08961430715053897 455 
500 522 12 0.03350827864728988 456 
501 522 10 0.010038299734080557 450 
502 524 12 0.07896489850735477 452 
503 524 11 0.07510209448855448 460 
504 525 10 0.05054747196624564 462 
505 527 10 0.02178682642076287 461 
506 528 11 0.08910732657497179 455 
507 528 10 0.034621770059115466 462 
508 530 10 0.07116630251526396 460 
509 530 10 0.08187493133358677 444 
510 531 12 0.0102793515826495 445 
511 532 12 0.03430322518328695 451 
512 533 12 0.02607328668602622 463 
513 533 10 0.010630659726205156 460 
514 534 10 0.07385709015259018 452 
515 535 11 0.0851838501027286 458 
516 537 10 0.06975338165216821 455 
517 539 11 0.058968538029541516 458 
518 539 10 0.036258843868429744 455 
519 539 12 0.08996278463312715 461 
520 541 12 0.002199857254257388 460 
521 543 10 0.0479996275890009 446 
522 543 12 0.056941200779507206 462 
523 543 11 0.08368282958446857 450 
524 544 10 0.04298306899828424 446 
525 546 12 0.016699834695547776 447 
526 546 10 0.07411852964682726 461 
527 547 10 0.02533064258123068 446 
528 548 12 0.03499734994032859 453 
529 548 10 0.047084125369350485 449 
530 548 10 0.06883469065521806 463 
531 549 12 0.0380728080646172 459 
532 553 10 0.07042857922785489 454 
533 553 11 0.03439739916494505 461 
534 556 11 0.08473439109188702 447 
535 556 11 0.08896830039353469 462 
536 556 12 0.08890941384397041 453 
537 557 10 0.013041847169227967 448 
538 557 10 0.08502745602273587 453 
539 559 10 0.05579165719402219 443 
540 560 10 0.05975183522323811 452 
541 561 10 0.0769879197153084 460 
542 561 11 0.013874459777687208 460 
543 563 11 0.07625733759205261 449 
544 564 10 0.06843078354248407 452 
545 566 10 0.07819603895667608 455 
546 567 12 0.036730052435729674 459 
547 568 12 0.00586625375047175 460 
548 569 11 0.0310251874701057 458 
549 570 12 0.03928462416294047 461 
550 570 12 0.06276550915385054 446 
551 574 11 0.056505103531542825 444 
552 575 11 0.03676418889663322 443 
553 575 12 0.0038431787989153306 451 
554 575 11 0.0727310511957867 450 
555 575 11 0.04837823521546533 452 
556 576 10 0.07344352452475618 450 
557 576 12 0.032863610607054485 456 
558 576 10 0.07504169749987277 444 
559 578 10 0.0376901679667 454 
560 578 10 0.08101863513947498 455 
561 579 12 0.08040214259703775 458 
562 579 12 0.02303914571970074 456 
563 580 10 0.013613600579814054 453 
564 580 10 0.07849287134895144 444 
565 581 11 0.03731655085959604 463 
566 582 10 0.04963280356094371 458 
567 583 10 0.017990318685605515 445 
568 583 12 0.05559693768007982 449 
569 584 12 0.04750623258311001 455 
570 584 10 0.07493757748103522 454 
571 586 10 0.06572509471810416 454 
572 588 11 0.08773796655402825 443 
573 588 10 0.07062018143583515 449 
574 591 12 0.07759881764644504 459 
575 592 11 0.044256271344310524 462 
576 593 12 0.07907618260057202 450 
577 593 12 0.030446398021021316 453 
578 598 12 0.06892701661958425 447 
579 599 11 0.06439350994320586 455 
580 600 10 0.023571540310491503 449 
581 600 12 0.07236302305429258 455 
582 600 10 0.024115421667869237 462 
583 602 10 0.0607888391586238 457 
584 603 11 0.008621360724774586 444 
585 604 10 0.023504151705317233 449 
586 604 10 0.06283859916709447 456 
587 604 12 0.041840507607318896 452 
588 605 12 0.04140443603461994 457 
589 606 11 0.011651168547050592 445 
590 608 11 0.0574219643554838 443 
591 609 10 0.009825191936550199 462 
592 609 11 0.061100261758706566 458 
593 610 12 0.04453565466545567 447 
594 610 11 0.026929049696635288 447 
595 610 12 0.06275855316358542 443 
596 611 12 0.0032852514036656 451 
597 613 11 0.07473632191550443 446 
598 615 12 0.034364863348823965 452 
599 619 11 0.08435616413133182 447 
600 620 11 0.08354839692116764 446 
601 620 12 0.051188817388014174 461 
602 621 12 0.0161169286180778 447 
603 621 12 0.0835248171899945 456 
604 622 12 0.02285168923917684 443 
605 623 11 0.07090289988202808 459 
606 625 10 0.06419190458980349 460 
607 625 12 0.08238026424163322 454 
608 625 11 0.04838814579632021 443 
609 626 11 0.010815787070889617 444 
610 626 12 0.0014248311332807715 461 
611 626 10 0.01230412227954798 448 
612 627 12 0.024898807303122862 457 
613 629 10 0.06119443306962468 454 
614 630 12 0.05639166633462728 456 
615 632 10 0.026923544194516327 449 
616 632 10 0.012750919602545412 451 
617 633 11 0.020737768927211835 454 
618 634 12 0.05640028611653991 459 
619 635 12 0.013100731595351054 453 
620 638 11 0.00981258879923931 449 
621 638 12 0.04590276290183605 454 
622 638 11 0.038170002779181714 459 
623 638 10 0.08664539336520002 454 
624 638 11 0.08329217438339236 458 
625 639 12 0.07498343856986293 443 
626 640 11 0.04147172464498246 443 
627 640 12 0.05397923126483889 446 
628 641 10 0.0673833663367496 462 
629 641 12 0.060156961695216914 445 
630 642 12 0.02149945188666586 445 
631 643 10 0.028443553195745035 461 
632 645 11 0.02244353844802047 444 
633 646 11 0.0770444510133353 453 
634 647 11 0.03335105440017925 459 
635 652 11 0.04621174699197891 447 
636 652 11 0.029184286484830183 447 
637 652 11 0.035339918467962236 445 
638 653 10 0.05197032261729892 450 
639 654 12 0.07413398552323179 446 
640 655 12 0.027932833277059546 444 
641 656 10 0.0029465900500412817 453 
642 656 12 0.04607453882124889 448 
643 659 10 0.022575808163435396 448 
644 659 11 0.04195166049142624 447 
645 660 10 0.04625283409053051 458 
646 660 11 0.0843257770623509 458 
647 661 11 0.015280362720243221 447 
648 662 10 0.06128441735342327 446 
649 664 11 0.003187521790512747 461 
650 665 10 0.030861617596781497 443 
651 666 11 0.08100603039527135 453 
652 668 12 0.07627394843848496 452 
653 671 12 0.04535601730414784 463 
654 671 10 0.02501855151154223 446 
655 674 10 0.03145429631670591 450 
656 675 11 0.062351824892912924 450 
657 675 12 0.07743267694250121 450 
658 675 10 0.026526831149253343 462 
659 677 10 0.04647616142561642 444 
660 678 10 0.03173406020860918 444 
661 680 10 0.00867853227966825 455 
662 683 11 0.06023163539891743 447 
663 683 10 0.014509712519795135 450 
664 683 11 0.060299855859363795 461 
665 683 11 0.05504422609160799 444 
666 683 11 0.03798318157731296 452 
667 686 10 0.06967466425531 461 
668 688 10 0.06249600381038158 449 
669 688 12 0.019256787501219695 453 
670 688 12 0.04104622221042498 455 
671 689 11 0.03292474227774138 462 
672 689 12 0.022984048012986442 450 
673 689 12 0.00991676038140777 443 
674 690 12 0.046978617124672294 455 
675 690 12 0.026680575605139183 451 
676 695 12 0.04292017546267833 450 
677 696 10 0.035239757686790336 460 
678 697 11 0.011000998084095177 460 
679 697 12 0.08634784048716884 445 
680 697 12 0.05512349486941267 453 
681 697 12 0.05506108391541816 446 
682 697 11 0.00986934547121333 458 
683 700 11 0.001106675571847367 443 
684 704 12 0.04104810926764051 455 
685 705 11 0.05516583674492869 461 
686 709 11 0.037162794240982636 445 
687 710 10 0.04805776745519566 460 
688 713 11 0.08235556838643636 453 
689 713 10 0.07333447214061631 451 
690 714 10 0.05822807963246449 462 
691 714 12 0.07721162285063005 453 
692 714 12 0.08563290826335676 453 
693 716 11 0.040086698797511915 463 
694 718 10 0.06140658097804018 452 
695 718 12 0.02155286174842463 443 
696 718 11 0.02963419577493453 445 
697 720 11 0.0846065330933626 448 
698 720 12 0.0792251420344569 445 
699 721 12 0.03865308869496088 447 
700 723 10 0.07523474408280356 456 
701 723 11 0.06343420619270959 462 
702 723 11 0.0366092278839244 446 
703 724 12 0.07192364791457206 446 
704 724 12 0.013929228300678533 462 
705 725 10 0.037113112013411186 463 
706 725 12 0.015952803105121503 443 
707 726 11 0.034651365526012966 444 
708 728 11 0.08266211243727833 450 
709 731 12 0.0856914107112519 459 
710 731 10 0.07754502028537369 449 
711 732 10 0.08949285544369001 453 
712 734 11 0.06315031062674695 458 
713 735 12 0.06004152126240798 455 
714 735 12 0.008959487847643999 463 
715 735 10 0.009241023493911586 452 
716 735 10 0.013078432541895967 445 
717 736 11 0.022181689450591978 446 
718 736 12 0.038171524309132156 450 
719 739 11 0.08182433956148014 457 
720 740 12 0.07136744575333479 454 
721 740 12 0.021921817391603916 463 
722 742 11 0.03401012734671731 453 
723 743 10 0.03038178684015223 448 
724 743 12 0.024558076614380614 448 
725 744 12 0.0878645034885461 449 
726 744 10 0.05615238526713783 452 
727 744 11 0.01068486632083165 454 
728 747 10 0.0812157890335677 463 
729 747 10 0.06798302239598747 450 
730 747 10 0.08055214588897555 445 
731 748 10 0.004926552973198406 446 
732 748 11 0.06719939789951945 458 
733 750 10 0.04847706194226192 462 
734 750 11 0.004710214225271186 454 
735 751 12 0.027701703131060507 443 
736 751 11 0.0733162263876886 455 
737 752 12 0.050171038739554065 451 
738 752 11 0.01749855365307698 456 
739 752 10 0.005067330125615147 454 
740 755 12 0.023191332806451876 457 
741 755 11 0.0137533674895702 448 
742 756 11 0.07548121951296398 460 
743 757 10 0.03128004862047938 452 
744 757 12 0.08507939922126606 454 
745 758 11 0.08791749362247325 461 
746 760 12 0.04827423166901937 446 
747 761 12 0.03524616584116819 457 
748 761 10 0.046645794420399095 452 
749 761 10 0.059037383755330915 462 
750 762 12 0.07072978905440078 456 
751 764 11 0.03312768514100946 455 
752 764 12 0.03317089622121022 454 
753 764 11 0.04388264553991836 459 
754 765 11 0.008289237588039788 443 
755 767 10 0.01424156710930298 444 
756 770 11 0.044716513393660576 460 
757 776 11 0.06103060538155255 446 
758 776 10 0.03324404617532649 452 
759 776 12 0.004355878212762365 455 
760 778 12 0.045860331741177776 461 
761 779 12 0.058127088364159495 456 
762 780 11 0.02514938324975737 456 
763 780 10 0.039902973553806086 463 
764 781 10 0.08410740426085055 446 
765 781 12 0.026957528200038345 458 
766 784 12 0.05523967773791565 447 
767 786 12 0.07512884070278654 451 
768 786 10 0.08497848114011015 445 
769 787 11 0.013369489247810947 450 
770 791 10 0.03423868330298337 455 
771 791 10 0.03971389146781177 446 
772 792 10 0.08765392216948055 452 
773 793 12 0.001133999233025761 461 
774 794 10 0.0686061097806035 458 
775 795 12 0.002834933344473651 451 
776 796 12 0.05560863662937185 458 
777 797 12 0.057076755696184873 448 
778 798 10 0.07764935761373615 463 
779 799 12 0.07346720974632127 461 
780 800 12 0.0831192692010658 449 
781 801 12 0.08802917412453724 451 
782 802 10 0.010205209962736116 463 
783 805 12 0.04722179663981882 458 
784 805 10 0.05262527837941449 460 
785 805 10 0.030847609686913306 457 
786 806 10 0.033138697371200246 460 
787 807 10 0.002273379562594964 462 
788 808 12 0.06827136960482837 460 
789 809 11 0.0031291160032948097 454 
790 810 11 0.08258982221043777 455 
791 812 10 0.02344114438843931 453 
792 812 11 0.007176434012129033 443 
793 815 12 0.08245725423929261 461 
794 816 12 0.06930212590465938 453 
795 818 11 0.050581845919861354 447 
796 818 10 0.07887303783357728 444 
797 819 10 0.08433360620349864 444 
798 820 12 0.014375266610410518 454 
799 821 11 0.009714972017609676 459 
800 822 12 0.04306391536866652 446 
801 824 10 0.027689865332262205 462 
802 825 10 0.03966284739028477 444 
803 825 11 0.013752346610453128 462 
804 825 12 0.03793794361883059 448 
805 827 11 0.05314425188200719 447 
806 828 10 0.06524543919181745 448 
807 829 12 0.04437905571803289 461 
808 831 12 0.04203273828343761 444 
809 831 11 0.03616818036932055 456 
810 832 11 0.04702557068019563 460 
811 832 11 0.00955116642297299 460 
812 833 11 0.01805246495099357 454 
813 833 11 0.012836377051105099 462 
814 833 10 0.035306870568690536 457 
815 833 11 0.0523374045913983 452 
816 835 10 0.021689634710432098 459 
817 835 12 0.005104362998198647 461 
818 839 12 0.046903445190848624 445 
819 839 10 0.01828571529584345 461 
820 840 11 0.07994625463458113 456 
821 841 11 0.029000284178760313 463 
822 842 11 0.033353915537059874 456 
823 842 11 0.05814733827252029 456 
824 845 10 0.019049907679579776 447 
825 846 11 0.03721648458291732 462 
826 846 10 0.041146854010435704 444 
827 847 12 0.00907550874688386 462 
828 849 10 0.023952806308682704 452 
829 850 11 0.06717448660918952 451 
830 850 11 0.0286009384970355 461 
831 850 10 0.047605783463089614 461 
832 851 10 0.01983244884170735 463 
833 852 11 0.06099189990565286 463 
834 853 12 0.07203742308283902 457 
835 854 12 0.018729715347255375 443 
836 857 10 0.04019039007031002 448 
837 858 10 0.01780968802915333 456 
838 859 12 0.02858322049946602 462 
839 860 10 0.0030207085621957123 463 
840 860 10 0.0663064768356568 461 
841 860 12 0.03538852584723249 459 
842 862 12 0.07939890288357894 444 
843 862 10 0.08848171098930924 460 
844 863 12 0.08238244968575374 451 
845 864 12 0.008875017644723225 460 
846 864 11 0.0366320647644341 461 
847 865 11 0.031835193461931595 458 
848 865 11 0.07173021064154692 443 
849 866 11 0.02643111221727926 444 
850 869 10 0.025299190991048142 448 
851 869 10 0.06538062762093856 456 
852 870 11 0.06360481793020072 451 
853 871 11 0.05803308408468374 452 
854 871 11 0.029613495359077088 446 
855 873 12 0.04379437968742354 444 
856 874 11 0.007563124897801981 448 
857 874 12 0.04430497630841234 461 
858 875 12 0.06100456119745079 463 
859 876 10 0.03278922710141917 455 
860 879 10 0.04403395222954053 446 
861 879 10 0.08966009095644288 445 
862 882 11 0.050174494329007405 459 
863 882 12 0.008989758215982878 445 
864 884 12 0.019299406229010555 454 
865 885 10 0.07439414980124656 461 
866 886 12 0.07060300266813156 453 
867 886 11 0.005610201308808994 460 
868 886 12 0.02240380725544442 446 
869 888 10 0.08326164067078591 445 
870 890 10 0.061482307105311204 460 
871 890 11 0.023275896323208235 447 
872 890 10 0.058553180183489595 450 
873 891 10 0.08529590459237377 443 
874 892 11 0.06606169475721786 443 
875 893 12 0.05898796022742241 451 
876 894 11 0.016764840867796026 457 
877 895 12 0.041007876768085816 450 
878 897 10 0.08655044055188699 447 
879 900 12 0.06625198963572276 462 
880 901 12 0.033918654358170965 458 
881 905 10 0.019359593495234712 455 
882 906 12 0.08948551974913245 454 
883 906 11 0.07697101394901484 460 
884 908 12 0.07143873422857273 454 
885 909 11 0.02563189490825042 446 
886 909 12 0.06583742981690771 449 
887 909 12 0.08215263369382414 445 
888 910 10 0.013839611625571496 458 
889 910 10 0.007617469231614827 452 
890 912 12 0.07550326365051829 457 
891 912 11 0.07882366809418581 459 
892 913 10 0.033348272025926336 445 
893 913 10 0.03088259411813088 454 
894 913 10 0.07921921221974651 444 
895 914 12 0.03709398453873792 451 
896 917 11 0.08926063221693337 458 
897 917 10 0.05841044387521661 444 
898 920 12 0.08938872110136215 454 
899 922 10 0.05644594491244296 462 
900 926 11 0.08030781304086 453 
901 927 12 0.07442966310679368 456 
902 929 10 0.05128725682746588 454 
903 930 11 0.056140425378986086 462 
904 932 10 0.07759699314388761 449 
905 932 10 0.08202955784445691 449 
906 933 11 0.06134978747872076 445 
907 934 12 0.003953961156410319 448 
908 936 11 0.07930824485909839 463 
909 936 11 0.002595911905169795 452 
910 936 12 0.0067702020023684886 462 
911 939 11 0.08891480545180365 448 
912 941 11 0.010007376294866383 460 
913 942 11 0.033811151957292056 458 
914 942 12 0.08207029507643454 452 
915 944 10 0.05946261071338383 451 
916 945 12 0.022293479005008866 443 
917 947 11 0.0032524277574299903 463 
918 947 11 0.07174681813665919 448 
919 948 11 0.05677957261467056 450 
920 952 11 0.05847998906154557 446 
921 952 10 0.07745989780219058 448 
922 954 10 0.07664255054674443 459 
923 954 12 0.021157065216650183 449 
924 955 12 0.011838502479313388 445 
925 955 10 0.029820446530203888 453 
926 956 10 0.005140393905927906 459 
927 956 12 0.08776715443043907 446 
928 959 12 0.05065173585625751 451 
929 960 11 0.02575106680237845 445 
930 960 12 0.01095991787649276 447 
931 960 11 0.03699768159270985 443 
932 961 10 0.016280373881278783 450 
933 962 10 0.0473345024994321 459 
934 962 12 0.007619928022607991 463 
935 963 11 0.05821276273597388 453 
936 969 12 0.01110771778036234 463 
937 969 11 0.051269944638953305 449 
938 970 10 0.055537557720313935 450 
939 971 11 0.07689534943506 452 
940 972 10 0.06626790943838531 448 
941 972 11 0.025969753813414338 456 
942 973 10 0.0010251059420250893 456 
943 974 12 0.06822177064275661 460 
944 974 11 0.07807449065345888 455 
945 974 11 0.020085648985804776 452 
946 974 12 0.058794875674523114 462 
947 976 10 0.036753989899640675 459 
948 976 10 0.05394259906755331 463 
949 976 12 0.0854985451383915 447 
950 976 10 0.034001035053602004 457 
951 980 10 0.051589700772476314 458 
952 981 10 0.05910186828059182 453 
953 983 11 0.03772340685601559 450 
954 984 12 0.02293033848538358 462 
955 985 11 0.08331487499383917 459 
956 987 11 0.06567200310733742 454 
957 987 11 0.001737882591143999 451 
958 987 12 0.0883583184378617 459 
959 988 11 0.05292859706047375 461 
960 988 11 0.03623316051334585 463 
961 989 11 0.06770954345329581 457 
962 992 10 0.00839725615842463 456 
963 992 12 0.033041484633712974 446 
964 995 12 0.07188540625206657 456 
965 995 12 0.02529543634922138 458 
966 997 12 0.03929119121821409 459 
967 1002 11 0.08320152256844214 445 
968 1002 12 0.08900254825064713 462 
969 1003 11 0.019767285966481765 452 
970 1003 11 0.06375135809487784 444 
971 1004 12 0.04900743228635653 458 
972 1005 12 0.060914678355157396 458 
973 1006 12 0.061497956108747705 458 
974 1008 11 0.05272988985440936 443 
975 1008 10 0.034493903144933453 457 
976 1009 12 0.03190116334071663 453 
977 1009 11 0.06656218689523878 453 
978 1009 10 0.06722775266517737 447 
979 1010 11 0.05992612153477522 446 
980 1010 10 0.006473411939539604 460 
981 1010 12 0.024143995828049596 460 
982 1010 12 0.05411445972947337 445 
983 1012 10 0.06808578099910395 459 
984 1012 11 0.0798331446433133 446 
985 1012 10 0.07455980632286555 455 
986 1012 11 0.0054621161500500726 459 
987 1014 10 0.08449705631817027 447 
988 1014 12 0.0076052101700691075 462 
989 1014 10 0.017899422350881693 462 
990 1014 10 0.0033022372754892915 463 
991 1015 12 0.03471952993773068 451 
992 1019 11 0.07972474260141638 455 
993 1020 11 0.014733963726339457 443 
994 1020 10 0.07531115539462617 450 
995 1021 10 0.03523547952913339 446 
996 1023 10 0.04666451433343717 454 
997 1024 12 0.061211058791170427 451 
998 1026 11 0.07047454402469917 450 
999 1027 11 0.050694400918577694 444 
1000 1027 12 0.0438502878272861 446 
1001 1029 12 0.06724786387613182 444 
1002 1030 10 0.0632585377787977 461 
1003 1031 10 0.08960409444601934 446 
1004 1031 11 0.04407307794374703 449 
1005 1033 11 0.050074559935929984 456 
1006 1034 10 0.08007764503194895 459 
1007 1034 11 0.051707749120309454 448 
1008 1036 11 0.08188406803278551 454 
1009 1039 10 0.05190245445837054 446 
1010 1042 10 0.08801713180357601 454 
1011 1042 10 0.04529969375359082 457 
1012 1043 10 0.052940915941590914 444 
1013 1044 10 0.06036439244820732 459 
1014 1046 11 0.006462709239173852 454 
1015 1046 12 0.04910895611712287 448 
1016 1047 11 0.06670633394118913 444 
1017 1047 12 0.0763431695660041 445 
1018 1047 11 0.006517381313015469 463 
1019 1049 11 0.07324622161995478 459 
1020 1049 11 0.07738934448680998 451 
1021 1049 10 0.08002824282022818 443 
1022 1049 10 0.0159582611014957 447 
1023 1054 10 0.07941653332249973 444 
1024 1055 10 0.04370079972646714 452 
1025 1056 10 0.08663287533837348 462 
1026 1058 11 0.011117552615778549 463 
1027 1058 11 0.0727803360381792 455 
1028 1059 11 0.06392107173883517 451 
1029 1059 11 0.07414457399153049 455 
1030 1061 12 0.03193912344584752 450 
1031 1064 12 0.08298833624853207 454 
1032 1065 12 0.01152789781783205 458 
1033 1067 11 0.03511977494345618 456 
1034 1069 12 0.06626027626448443 445 
1035 1069 10 0.06440813584000582 458 
1036 1072 12 0.02252794284549646 462 
1037 1074 12 0.00560389613730429 459 
1038 1075 10 0.0674546240650239 448 
1039 1077 10 0.014608850331284111 458 
1040 1078 11 0.04767573905685328 450 
1041 1078 11 0.08401479075025026 455 
1042 1080 10 0.0065226379625934056 463 
1043 1081 10 0.03872782093411166 452 
1044 1084 12 0.012176636558374577 457 
1045 1088 11 0.005322070594198586 445 
1046 1090 11 0.02467171090142032 451 
1047 1090 10 0.06684693970340437 443 
1048 1090 12 0.06894220256980037 457 
1049 1091 12 0.05270437743894357 458 
1050 1091 12 0.001009550286078875 452 
1051 1092 10 0.002745764863514866 449 
1052 1093 11 0.0477945502458252 456 
1053 1097 10 0.07525110685525706 456 
1054 1097 12 0.039951436919866794 457 
1055 1100 10 0.029711455743119456 446 
1056 1100 11 0.016375097024089867 459 
1057 1101 11 0.07425892311398084 460 
1058 1102 12 0.01834623324112407 460 
1059 1102 11 0.038354219439660234 443 
1060 1103 12 0.07040459739092239 462 
1061 1105 10 0.04023485104846475 453 
1062 1105 11 0.06680420254849397 451 
1063 1106 11 0.08945777785307452 451 
1064 1107 12 0.07241749195603642 459 
1065 1108 12 0.08336557213145408 462 
1066 1110 12 0.01965512331289706 452 
1067 1111 12 0.05302362002437639 448 
1068 1112 12 0.03341336264276889 455 
1069 1114 12 0.027850098297418028 457 
1070 1114 12 0.023041477570072418 455 
1071 1114 12 0.053099774568004514 453 
1072 1115 11 0.007173606257779463 447 
1073 1115 10 0.08194674208911895 459 
1074 1116 10 0.04836858859525351 456 
1075 1117 12 0.019036047788213235 454 
1076 1121 12 0.054936832783159834 446 
1077 1122 10 0.08577289502297991 451 
1078 1122 11 0.0514408845114667 454 
1079 1122 11 0.046806907662313754 456 
1080 1123 11 0.011330404183033879 459 
1081 1123 12 0.030077410153011908 454 
1082 1124 12 0.07425276253857768 452 
1083 1125 10 0.05586389879429444 454 
1084 1125 10 0.05545276558239492 452 
1085 1127 10 0.04457897642336689 448 
1086 1128 11 0.028165880729588078 443 
1087 1130 10 0.07740448649691767 456 
1088 1131 11 0.03245167215228537 444 
1089 1132 12 0.05839845904951214 443 
1090 1133 11 0.08916088170068043 450 
1091 1133 12 0.07207787816657335 446 
1092 1134 10 0.02201297111031266 445 
1093 1136 11 0.016120004138381716 453 
1094 1136 10 0.029485907617924963 462 
1095 1136 12 0.07600167756121377 453 
1096 1138 11 0.022369865349422067 454 
1097 1140 10 0.053238290095240934 450 
1098 1140 10 0.004000143233319208 457 
1099 1141 12 0.07709459592293139 447 
1100 1142 10 0.04272131421156457 444 
1101 1142 11 0.021818030193557252 454 
1102 1146 12 0.048830726432627806 458 
1103 1147 12 0.08984947033823955 450 
1104 1148 10 0.008618812251410323 449 
1105 1149 11 0.05343515170917417 460 
1106 1149 11 0.08300895394639196 451 
1107 1152 10 0.06324531394651739 459 
1108 1152 12 0.037642686541610605 452 
1109 1154 12 0.08514631016374458 463 
1110 1156 12 0.05405051233180552 457 
1111 1158 12 0.08573081833179465 460 
1112 1158 11 0.052371608327993854 449 
1113 1159 11 0.07854613312038441 462 
1114 1160 10 0.0693167822954005 454 
1115 1162 10 0.055785172893923464 444 
1116 1162 11 0.04043578559737428 447 
1117 1162 10 0.03558002938013885 453 
1118 1165 11 0.0813995172728644 461 
1119 1166 12 0.0448806813027085 460 
1120 1166 12 0.04821052408151517 443 
1121 1167 12 0.06299058908233793 446 
1122 1168 11 0.04489567313634404 444 
1123 1168 10 0.0739426669969229 461 
1124 1168 12 0.08740198826894895 453 
1125 1169 10 0.035818108171522686 450 
1126 1169 12 0.008065529671260552 449 
1127 1173 11 0.06395348920851045 452 
1128 1175 12 0.08253324391294425 443 
1129 1175 10 0.07622478611511473 446 
1130 1176 12 0.048565697636005226 444 
1131 1177 10 0.08150329581438788 461 
1132 1177 12 0.002698670299821831 460 
1133 1180 12 0.0846294012494666 443 
1134 1180 12 0.005609175635660045 443 
1135 1180 10 0.04085090792655822 443 
1136 1182 10 0.04823297446027325 444 
1137 1182 11 0.04730247047794014 450 
1138 1183 12 0.06825486199136953 456 
1139 1183 12 0.016150253896116292 453 
1140 1184 12 0.0018424366297050418 445 
1141 1184 10 0.08792949403472473 454 
1142 1185 12 0.07994702812168575 460 
1143 1185 10 0.006556074494594968 457 
1144 1185 10 0.08879457478026889 462 
1145 1185 11 0.0801049940900804 445 
1146 1186 10 0.061859649592974714 445 
1147 1186 10 0.034823786501135774 451 
1148 1187 11 0.06760526413548709 462 
1149 1190 10 0.08854466133573961 447 
1150 1192 12 0.033736781304431133 460 
1151 1193 11 0.07366571644335686 447 
1152 1194 12 0.003546963876709295 443 
1153 1194 10 0.027636406948335707 457 
1154 1195 10 0.030677610158510796 451 
1155 1197 12 0.07693654354035465 449 
1156 1198 12 0.022582828324962816 454 
1157 1199 11 0.03314945564449161 455 
1158 1200 11 0.05940776384005834 458 
1159 1200 10 0.056478488855500136 447 
1160 1201 10 0.06413853296236653 452 
1161 1201 11 0.08679091131534201 454 
1162 1202 10 0.06437659827413822 443 
1163 1205 10 0.07767626056929713 444 
1164 1205 12 0.07509079490217078 457 
1165 1206 10 0.03809144306028854 449 
1166 1207 11 0.05171984634884257 455 
1167 1207 10 0.004151877996726264 455 
1168 1209 12 0.05526531478422668 461 
1169 1209 12 0.0036332280051282447 453 
1170 1209 12 0.058553218331388504 448 
1171 1210 10 0.055160710968966804 449 
1172 1211 11 0.05322802043220078 459 
1173 1212 12 0.05828376364021704 455 
1174 1212 10 0.08865334794785722 444 
1175 1213 11 0.04427344480298212 458 
1176 1213 12 0.03634370287761936 447 
1177 1215 11 0.07433937252255739 453 
1178 1215 11 0.03911844803129776 460 
1179 1215 12 0.06880200078527775 453 
1180 1216 11 0.07949387698040235 454 
1181 1216 10 0.04351798104738907 457 
1182 1219 12 0.07248024373533 446 
1183 1219 11 0.04510292370899688 443 
1184 1221 11 0.007644579907286855 460 
1185 1221 12 0.038000598986658 447 
1186 1221 12 0.059160615889719485 446 
1187 1221 11 0.04975460280684439 451 
1188 1222 10 0.041108476673998605 443 
1189 1222 10 0.08472761906746915 444 
1190 1223 12 0.03230088716430962 452 
1191 1224 11 0.06934259233234669 456 
1192 1225 12 0.036371166606978485 451 
1193 1226 10 0.04206804795994053 448 
1194 1227 11 0.06580859456170154 450 
1195 1228 11 0.028580539645026784 448 
1196 1229 11 0.04753790225357335 453 
1197 1229 10 0.02685771788329947 460 
1198 1230 10 0.08139597574493385 446 
1199 1230 12 0.045443595678906254 458 
1200 1231 12 0.07215910677760408 454 
1201 1233 12 0.06279857679557545 461 
1202 1233 12 0.018112733603011785 451 
1203 1234 10 0.04084474341620689 448 
1204 1235 10 0.061857402246613534 451 
1205 1236 10 0.025348337431604986 454 
1206 1236 11 0.0033133007514519566 463 
1207 1237 12 0.0698097114313298 453 
1208 1238 10 0.020250070971719956 459 
1209 1239 11 0.05728189358534061 458 
1210 1241 12 0.03442666504095691 443 
1211 1241 11 0.03455973389173291 456 
1212 1243 12 0.006282630996188767 457 
1213 1244 10 0.05771264195474627 449 
1214 1246 11 0.025355021397765146 460 
1215 1247 11 0.002656772695825876 447 
1216 1248 11 0.02036882074225865 446 
1217 1248 11 0.08803764620999353 457 
1218 1248 11 0.06171724152269997 443 
1219 1249 12 0.039010990822734626 461 
1220 1250 12 0.005743245828629463 450 
1221 1251 12 0.016933042566294923 447 
1222 1255 11 0.08303858335890733 462 
1223 1255 11 0.020826280203623586 453 
1224 1256 10 0.0056284521410839205 452 
1225 1256 12 0.020879250521861712 449 
1226 1257 12 0.04776124431654027 459 
1227 1258 12 0.07959446438432001 448 
1228 1260 10 0.040344896725359465 457 
1229 1261 11 0.009597098225271602 454 
1230 1262 12 0.04817467529881714 461 
1231 1266 10 0.06116893243342008 450 
1232 1267 12 0.04066002153577663 445 
1233 1268 12 0.05198679013988337 446 
1234 1270 11 0.020779560014438987 448 
1235 1274 10 0.038285819436888455 449 
1236 1276 12 0.03426383618248847 458 
1237 1277 12 0.0850323251438043 448 
1238 1278 10 0.019924584574802905 452 
1239 1280 12 0.015337759713438238 456 
1240 1281 10 0.0070459915940620215 463 
1241 1282 11 0.017599190743858482 456 
1242 1286 11 0.004650839461357404 453 
1243 1289 11 0.01969088731571768 456 
1244 1290 12 0.08039286645513838 455 
1245 1290 10 0.011928710527037242 445 
1246 1290 12 0.06874083486841064 447 
1247 1292 12 0.08008091932393373 443 
1248 1293 10 0.012261679615006037 462 
1249 1293 12 0.05850704638906969 454 
1250 1293 12 0.08707601388693205 458 
1251 1294 11 0.0509052641678048 463 
1252 1294 12 0.0344376239774025 449 
1253 1294 10 0.01126173058111887 453 
1254 1295 10 0.017515502446957213 463 
1255 1296 10 0.0601652339023077 452 
1256 1298 10 0.07222733154706538 443 
1257 1299 10 0.08129474655442291 460 
1258 1300 10 0.01913218016947395 443 
1259 1300 12 0.07295410406659203 460 
1260 1302 11 0.08182613687921475 463 
1261 1302 11 0.06861702205573282 447 
1262 1302 11 0.07941968389804781 446 
1263 1302 10 0.05231349478778205 451 
1264 1305 10 0.07700624170381681 461 
1265 1305 12 0.0262381693440673 443 
1266 1306 10 0.03478106425228203 452 
1267 1306 10 0.06926611201458502 453 
1268 1307 11 0.05290857020900755 458 
1269 1307 12 0.004024432070651901 456 
1270 1307 12 0.06021470130570458 449 
1271 1308 10 0.006138356059704066 450 
1272 1309 12 0.08836682996203633 449 
1273 1310 10 0.023504821862929834 449 
1274 1311 10 0.036862270295827636 460 
1275 1311 10 0.03651873056928991 448 
1276 1312 10 0.08371177095295579 451 
1277 1312 10 0.07156900425342276 452 
1278 1313 11 0.003953333416541686 444 
1279 1314 12 0.05221779896870797 455 
1280 1315 12 0.027402651150661206 456 
1281 1316 11 0.07851368231689372 458 
1282 1317 11 0.02331106246149881 451 
1283 1317 11 0.03352752079646304 457 
1284 1317 10 0.06027382373428006 451 
1285 1319 10 0.05248832098693624 462 
1286 1322 11 0.05059365475639926 458 
1287 1323 12 0.08201751741209581 463 
1288 1323 11 0.08221647212485318 458 
1289 1324 10 0.07759852526417951 450 
1290 1324 11 0.036905190184904416 463 
1291 1325 12 0.03610152384710612 444 
1292 1326 12 0.05174834414054652 462 
1293 1328 11 0.029208565949006938 456 
1294 1329 11 0.08537589011483879 458 
1295 1329 10 0.0893352758230057 447 
1296 1329 12 0.0019385471227544586 444 
1297 1330 11 0.03493053514631027 447 
1298 1331 12 0.042306838719498197 447 
1299 1331 12 0.05909930131247572 449 
1300 1335 11 0.0026450152536338853 460 
1301 1335 12 0.0849862617611568 444 
1302 1336 12 0.08960001145798367 449 
1303 1336 12 0.038537973972263564 448 
1304 1336 11 0.0625164799044204 446 
1305 1336 10 0.0559253460273586 446 
1306 1338 11 0.0219491089778136 461 
1307 1339 10 0.07211890993305868 454 
1308 1339 10 0.020641324028536197 453 
1309 1340 12 0.028112589962997116 455 
1310 1340 12 0.08136910293239105 462 
1311 1341 12 0.08184950675552684 460 
1312 1341 12 0.035260547536670975 453 
1313 1341 12 0.07143462103668016 451 
1314 1341 10 0.07523921754203364 460 
1315 1342 10 0.006525361548406028 446 
1316 1343 12 0.025716963637647916 450 
1317 1346 10 0.007400935831551493 457 
1318 1347 12 0.04572458384726237 457 
1319 1349 12 0.07697434011937894 458 
1320 1349 10 0.06464110366065073 457 
1321 1349 11 0.07894055152017837 446 
1322 1350 12 0.05412399749066418 446 
1323 1352 12 0.004264238943286583 454 
1324 1353 10 0.008622319284299981 455 
1325 1353 10 0.0519787301824736 445 
1326 1357 12 0.006928188955367337 445 
1327 1357 10 0.07709766832233823 448 
1328 1359 10 0.07818355313452002 458 
1329 1360 10 0.008351384457522863 457 
1330 1362 12 0.008032467866509093 454 
1331 1362 12 0.047021481236674476 454 
1332 1363 11 0.014112620825531722 447 
1333 1364 11 0.07212310843563051 455 
1334 1366 11 0.05065196342332898 451 
1335 1367 10 0.07033572914901401 461 
1336 1368 12 0.059925097287269094 463 
1337 1368 11 0.002891357309140131 447 
1338 1371 12 0.024324773258635447 447 
1339 1372 10 0.04657162550908515 458 
1340 1373 11 0.022221817444900874 463 
1341 1374 10 0.009258795245211515 460 
1342 1375 11 0.0436017024390975 456 
1343 1376 12 0.06283305784371628 448 
1344 1376 10 0.06957863499608793 447 
1345 1377 11 0.07238448063146308 451 
1346 1379 11 0.06098124467889681 448 
1347 1379 10 0.08650589057457907 462 
1348 1380 11 0.003954459054409909 457 
1349 1381 12 0.04214562714235751 449 
1350 1381 10 0.07759352091645141 456 
1351 1383 11 0.04915147642454843 448 
1352 1384 10 0.07917191046853678 451 
1353 1385 10 0.06834992718095262 463 
1354 1385 11 0.05754420012977014 451 
1355 1386 10 0.006531829428901327 445 
1356 1388 11 0.0573750583391688 463 
1357 1390 11 0.046476616781542766 454 
1358 1390 12 0.0032266521366189583 444 
1359 1391 12 0.08464193129214923 445 
1360 1392 12 0.00927436526345721 458 
1361 1393 12 0.07098680397371465 459 
1362 1394 11 0.03262500458620439 443 
1363 1396 12 0.04425546001037417 459 
1364 1396 11 0.08439996268664374 443 
1365 1399 11 0.006523220418140576 457 
1366 1400 11 0.06592902061106182 446 
1367 1401 10 0.08835608649331056 448 
1368 1402 11 0.028288522241216852 458 
1369 1402 12 0.0739606534315104 450 
1370 1403 10 0.010745279676196193 451 
1371 1404 10 0.032096303092086526 459 
1372 1405 11 0.002913732100826091 446 
1373 1405 10 0.05614625852856423 457 
1374 1406 10 0.0736455776282954 452 
1375 1407 12 0.07640082239636259 457 
1376 1408 10 0.004918470091956909 453 
1377 1408 10 0.049785041417685555 449 
1378 1409 12 0.06598419063699777 451 
1379 1411 10 0.07098835969256441 451 
1380 1413 12 0.002751609982787873 453 
1381 1417 12 0.03439720391676726 447 
1382 1417 10 0.002928010168003154 459 
1383 1419 11 0.016136564423518455 451 
1384 1419 12 0.08427022664432024 451 
1385 1421 12 0.04984147163484556 443 
1386 1425 11 0.018909093999198785 458 
1387 1426 10 0.07677296286750111 460 
1388 1427 11 0.05051799223557385 445 
1389 1428 11 0.053477683317279576 452 
1390 1431 11 0.015504708010369888 449 
1391 1431 11 0.050081288008154756 443 
1392 1431 12 0.07917206001960034 454 
1393 1432 10 0.012917216341522354 452 
1394 1434 12 0.07537996048665495 453 
1395 1437 12 0.06655072535945317 445 
1396 1438 10 0.022296685024371894 449 
1397 1438 10 0.03508035118552938 452 
1398 1439 12 0.034044720165651826 456 
1399 1439 12 0.07299128322429826 456 
1400 1440 10 0.0666575372691541 456 
1401 1441 10 0.05759748886023522 447 
1402 1441 12 0.01330609023968602 456 
1403 1441 10 0.07707176906760795 460 
1404 1442 10 0.05597883900813895 457 
1405 1444 11 0.020239900836952627 446 
1406 1444 12 0.07218617495510404 460 
1407 1444 11 0.03290611196719237 445 
1408 1445 10 0.05584993263589343 449 
1409 1445 11 0.08388440870994711 451 
1410 1445 12 0.031049069327995796 444 
1411 1446 12 0.06624512775886468 463 
1412 1446 12 0.07700006759546044 444 
1413 1449 10 0.035318800917414864 451 
1414 1449 12 0.009071445913662574 457 
1415 1451 10 0.06269526468395817 447 
1416 1451 12 0.06520648856840032 443 
1417 1453 12 0.06910077566976432 444 
1418 1454 12 0.01615568002337238 460 
1419 1455 10 0.027310121385636387 455 
1420 1455 11 0.05050147372254782 462 
1421 1456 12 0.07859448512091675 455 
1422 1456 11 0.050006717861553154 446 
1423 1456 10 0.027592225797312242 463 
1424 1456 11 0.07553711480489957 462 
1425 1457 10 0.06872133313089049 443 
1426 1458 10 0.01733006222531625 447 
1427 1460 11 0.08423460967811737 458 
1428 1462 11 0.07523446386786825 448 
1429 1464 10 0.07283088340351207 460 
1430 1465 11 0.03320258007060439 462 
1431 1466 12 0.030299221240160313 451 
1432 1467 10 0.061976014149762816 447 
1433 1467 11 0.08709378006615687 450 
1434 1469 11 0.08219471825175552 450 
1435 1469 12 0.048331884880965466 459 
1436 1469 12 0.07023151518079679 445 
1437 1470 10 0.016659957692466736 463 
1438 1471 11 0.056620452022338515 446 
1439 1471 11 0.020604882902630982 449 
1440 1473 10 0.053814216672164975 463 
1441 1474 11 0.04090085488757973 463 
1442 1474 11 0.04350925882737831 451 
1443 1474 10 0.055762486316122774 460 
1444 1477 10 0.06519198370338236 453 
1445 1479 11 0.012139769278446184 455 
1446 1479 12 0.01715736779582635 463 
1447 1479 12 0.028203577899240145 446 
1448 1479 11 0.001550238547937577 452 
1449 1480 10 0.05523841026439197 453 
1450 1480 10 0.011572836101871799 447 
1451 1481 12 0.04279429549578974 462 
1452 1481 12 0.06879120019711085 446 
1453 1482 12 0.07067118007553752 446 
1454 1482 11 0.0835075396609849 453 
1455 1482 11 0.00752748599226787 457 
1456 1484 11 0.026100512757878513 454 
1457 1485 10 0.023464303989782536 452 
1458 1486 12 0.0369996974876554 449 
1459 1486 12 0.0649088172215539 463 
1460 1486 12 0.07494682550919708 452 
1461 1488 10 0.08759395469763936 451 
1462 1488 12 0.05518377649882739 444 
1463 1489 11 0.020906916959279334 446 
1464 1490 12 0.013474788785493134 454 
1465 1491 10 0.06472499373997366 445 
1466 1492 12 0.06441340883020953 458 
1467 1492 12 0.003014167326497301 462 
1468 1493 12 0.06874316570203999 450 
1469 1494 11 0.07115274024727233 449 
1470 1494 12 0.031448233738124824 453 
1471 1502 10 0.08643119302205356 459 
1472 1503 12 0.08828826575680876 456 
1473 1504 12 0.02563719562999046 454 
1474 1505 11 0.023900453902523575 463 
1475 1505 12 0.03422519529268964 457 
1476 1505 12 0.08028477929667656 461 
1477 1506 12 0.08645741796924332 451 
1478 1506 12 0.012776057847144764 445 
1479 1507 10 0.002770647356851642 455 
1480 1507 12 0.029453911471778293 450 
1481 1508 12 0.0045821247234673484 457 
1482 1509 10 0.036070718193573326 456 
1483 1510 12 0.01708581162435062 452 
1484 1511 11 0.011460937629887768 449 
1485 1512 11 0.010158216165630018 448 
1486 1513 11 0.04123624656495891 460 
1487 1513 10 0.026108250532062224 458 
1488 1515 11 0.020364012210799597 458 
1489 1515 12 0.03440309880955852 462 
1490 1517 10 0.062357182403318605 445 
1491 1517 12 0.0016527115951479629 448 
1492 1518 11 0.08082976645966902 458 
1493 1519 12 0.023681019258908025 461 
1494 1519 12 0.008430610847580764 463 
1495 1520 11 0.014808533354921247 462 
1496 1521 12 0.028589693422272605 451 
1497 1522 10 0.05417697633971976 443 
1498 1523 10 0.03501156494191291 443 
1499 1523 10 0.0705160324014855 455 
1500 1525 11 0.008446931985105134 443 
1501 1525 12 0.029537771021610707 445 
1502 1527 10 0.041281769037151986 447 
1503 1528 10 0.0013197907292287865 450 
1504 1528 10 0.07407743496278017 445 
1505 1530 10 0.05158941351210977 452 
1506 1530 11 0.07447177700174723 456 
1507 1532 10 0.06611200544921893 462 
1508 1533 10 0.014194653141768553 457 
1509 1534 11 0.07366144095839412 451 
1510 1534 12 0.08571267015901658 444 
1511 1536 10 0.026990869168857193 450 
1512 1536 11 0.08671838922695722 450 
1513 1536 10 0.058855707857535855 458 
1514 1536 11 0.041276240131137475 463 
1515 1537 12 0.07917957308488584 444 
1516 1537 10 0.011472870365629498 458 
1517 1538 11 0.046855227393034056 450 
1518 1539 10 0.05665997486886583 452 
1519 1540 11 0.06932221408764887 450 
1520 1540 11 0.03331779366994517 454 
1521 1541 12 0.05241700528103336 444 
1522 1541 11 0.006859541628189524 456 
1523 1542 11 0.06990489266043551 462 
1524 1544 10 0.030242362530428495 456 
1525 1546 12 0.05102636202474085 449 
1526 1546 12 0.014233713605384016 448 
1527 1547 11 0.05255798247855464 451 
1528 1548 11 0.05937519973984623 463 
1529 1548 12 0.0709912461461313 454 
1530 1550 10 0.011362250540470058 457 
1531 1550 11 0.04543594533642726 449 
1532 1551 10 0.02488102837331654 450 
1533 1551 10 0.034387338932579066 456 
1534 1555 12 0.011059920876735282 450 
1535 1555 12 0.08260808147360132 450 
1536 1556 11 0.08798848274808474 455 
1537 1556 10 0.007465004357900923 447 
1538 1557 12 0.054073611791589635 460 
1539 1559 12 0.07714628505329427 446 
1540 1561 12 0.021459262965771983 444 
1541 1563 10 0.032784326827683376 453 
1542 1563 12 0.06314714783296126 461 
1543 1563 11 0.044485729904295085 446 
1544 1563 11 0.05808949790682613 461 
1545 1563 11 0.019883245330349415 443 
1546 1565 12 0.054581765757833425 456 
1547 1569 12 0.03402104455684867 456 
1548 1569 12 0.07793670218812462 461 
1549 1569 10 0.08173415760197376 461 
1550 1571 12 0.07978635281647553 454 
1551 1572 10 0.020176342797909527 451 
1552 1572 11 0.023394466431432438 461 
1553 1572 12 0.07332062077777404 453 
1554 1572 11 0.0384011882546927 448 
1555 1573 12 0.07377679210259461 458 
1556 1573 10 0.0774653340184711 450 
1557 1573 10 0.07285433351726428 460 
1558 1573 12 0.07875405897701508 448 
1559 1574 10 0.08963839996661904 450 
1560 1575 10 0.03792329508458448 457 
1561 1577 12 0.03579716712689311 446 
1562 1578 10 0.045642345875463404 462 
1563 1581 10 0.05115962142586258 449 
1564 1582 10 0.009340379626157965 451 
1565 1583 11 0.005305439920743434 451 
1566 1584 11 0.08729569498502222 463 
1567 1586 12 0.05023044723646412 460 
1568 1588 12 0.03477315703369222 450 
1569 1589 11 0.08462913903656238 446 
1570 1589 10 0.05876121897781385 447 
1571 1591 10 0.03122800604545409 462 
1572 1592 11 0.035781393795144396 455 
1573 1593 11 0.05302288659833615 443 
1574 1594 11 0.07117293724853449 453 
1575 1594 11 0.06493048597191722 462 
1576 1599 11 0.008146837802251228 463 
1577 1600 12 0.034629616045024604 451 
1578 1600 12 0.004818107926753389 460 
1579 1601 11 0.020797183869452087 454 
1580 1601 11 0.08380887332980132 451 
1581 1603 10 0.03790601704855689 444 
1582 1604 10 0.05183531442199709 463 
1583 1609 11 0.029591897176595855 456 
1584 1609 11 0.03562563519219653 455 
1585 1609 11 0.003364170535659254 456 
1586 1610 11 0.018519807169836852 455 
1587 1610 11 0.0040933798745431725 461 
1588 1611 11 0.07841833750750757 451 
1589 1612 11 0.012399468684405026 458 
1590 1613 10 0.04225092988018128 461 
1591 1615 10 0.0054657783187154274 444 
1592 1615 11 0.08959493613868678 451 
1593 1616 12 0.03485966457104142 453 
1594 1617 12 0.021221525896308494 454 
1595 1618 10 0.07837785621771119 443 
1596 1618 10 0.013579207936088907 446 
1597 1619 10 0.05265622020175898 447 
1598 1619 11 0.022647766917527373 453 
1599 1620 12 0.020027275319177675 456 
1600 1622 11 0.0030422151444843264 461 
1601 1622 11 0.0538933896928262 452 
1602 1623 12 0.035665835876833765 456 
1603 1624 10 0.05759834978310506 457 
1604 1624 11 0.02073510942745752 443 
1605 1624 10 0.0544834843323645 447 
1606 1625 10 0.036753769229345916 452 
1607 1626 12 0.06964849546372033 452 
1608 1626 10 0.047909560674328076 448 
1609 1628 10 0.0808575235078593 455 
1610 1628 12 0.0747286512668849 461 
1611 1629 12 0.03721692940849191 444 
1612 1631 11 0.0701622826955029 461 
1613 1633 10 0.04457189655942137 458 
1614 1637 12 0.0058110901237931395 456 
1615 1640 11 0.04227661580300644 443 
1616 1640 11 0.03808699696269052 448 
1617 1641 11 0.056045105281977065 455 
1618 1641 11 0.08773863881020584 457 
1619 1642 11 0.0370701885511843 446 
1620 1642 11 0.08830187455024457 456 
1621 1642 11 0.013888867015347712 443 
1622 1643 10 0.020515467201988092 443 
1623 1643 12 0.07295903215417862 449 
1624 1645 10 0.015043801630889322 463 
1625 1646 10 0.08166626785869453 459 
1626 1647 12 0.07421249156318058 445 
1627 1647 10 0.006754930416083738 444 
1628 1648 12 0.01837158701767426 450 
1629 1648 10 0.03407433046934219 449 
1630 1648 12 0.017583638643381496 462 
1631 1649 12 0.02703753084358146 463 
1632 1650 12 0.085845987573828 448 
1633 1651 12 0.07979949548152479 455 
1634 1651 11 0.020674586812761128 448 
1635 1652 11 0.05786667061370384 443 
1636 1652 10 0.05807087251671747 443 
1637 1652 10 0.009669493603267132 448 
1638 1652 10 0.06368190629078557 455 
1639 1652 11 0.01980393137721167 461 
1640 1656 12 0.08585413916495127 463 
1641 1656 11 0.01692508530749531 447 
1642 1656 12 0.06938251082823708 459 
1643 1657 12 0.06553701290734232 443 
1644 1657 11 0.012152173166819411 447 
1645 1659 12 0.021743618946533375 445 
1646 1659 11 0.0636600818871879 460 
1647 1660 11 0.06396093805012536 455 
1648 1661 10 0.013441345166628742 461 
1649 1661 12 0.006022402033725587 457 
1650 1663 12 0.056481733472604004 448 
1651 1667 12 0.011139654286153766 454 
1652 1667 10 0.08689421672719871 449 
1653 1667 10 0.0075810071618824006 457 
1654 1667 10 0.012361299916755396 452 
1655 1667 11 0.039530397761761045 444 
1656 1669 11 0.030862371478936362 457 
1657 1669 11 0.05030525737742883 448 
1658 1669 11 0.078272673294188 461 
1659 1670 11 0.030050761963097816 457 
1660 1672 10 0.0534725944181625 459 
1661 1673 12 0.0616691882878851 457 
1662 1673 12 0.06919138726264461 447 
1663 1673 12 0.02521447456644094 460 
1664 1674 10 0.04754617133224648 462 
1665 1674 11 0.01126235461990192 448 
1666 1677 11 0.002222193429772889 454 
1667 1677 12 0.048477945024558156 456 
1668 1678 11 0.05159905129175184 456 
1669 1681 12 0.061307743864080715 447 
1670 1681 12 0.014463089120285298 445 
1671 1682 11 0.0885534023154323 448 
1672 1683 11 0.0643493408611389 457 
1673 1685 12 0.042156031324322656 450 
1674 1686 12 0.035685148439846597 443 
1675 1689 11 0.03934489613434443 456 
1676 1689 10 0.0832460558547926 456 
1677 1690 10 0.029305548337374216 446 
1678 1691 11 0.06560567204525035 453 
1679 1691 10 0.020215821529765192 449 
1680 1692 12 0.07925687759243706 454 
1681 1693 10 0.00949540232228787 456 
1682 1694 10 0.08448618111182638 453 
1683 1695 11 0.0359604467919296 446 
1684 1696 11 0.03199208112878064 448 
1685 1697 10 0.07859835020665847 446 
1686 1697 10 0.04728454714684359 460 
1687 1697 12 0.07278641555456752 461 
1688 1700 12 0.00456958227042196 460 
1689 1701 12 0.029046671194272684 457 
1690 1705 11 0.0016823959311074762 443 
1691 1705 10 0.06570951515689563 454 
1692 1706 11 0.008342780848570812 449 
1693 1707 11 0.01954183470600681 460 
1694 1707 10 0.07998805673652659 454 
1695 1708 11 0.05520123629830118 459 
1696 1708 11 0.0018497593572135737 456 
1697 1710 10 0.06541935184453145 444 
1698 1710 10 0.022507232940945268 456 
1699 1711 11 0.08056979589922754 457 
1700 1712 11 0.05508252710584927 455 
1701 1713 12 0.05238377894162267 447 
1702 1717 10 0.06927832603943089 460 
1703 1717 12 0.08779121386613123 459 
1704 1717 12 0.028847596835431276 444 
1705 1722 10 0.012929946743442767 459 
1706 1722 12 0.017840270183232858 445 
1707 1723 12 0.017764390863457158 446 
1708 1723 10 0.08750852592962435 456 
1709 1724 11 0.05609588019330448 446 
1710 1726 11 0.012587317905439942 455 
1711 1726 12 0.08922942996699273 462 
1712 1727 10 0.08432170949555162 459 
1713 1727 11 0.06931682919378908 446 
1714 1727 10 0.08435575419129862 460 
1715 1728 12 0.028223235559378536 463 
1716 1730 12 0.06989570182160716 447 
1717 1733 10 0.08301528418287901 461 
1718 1734 10 0.020431237863621405 447 
1719 1735 11 0.04514533474313386 454 
1720 1739 10 0.054916115061102014 446 
1721 1739 12 0.02085241214088307 449 
1722 1740 11 0.017529298585584597 445 
1723 1742 10 0.06784606750774536 452 
1724 1742 10 0.06909001719031103 456 
1725 1742 11 0.06039893094060727 459 
1726 1743 12 0.07043432732892378 443 
1727 1743 10 0.06302801483327954 452 
1728 1744 12 0.043727736562684055 443 
1729 1744 11 0.08454728135566776 458 
1730 1747 12 0.04836739024259698 448 
1731 1747 12 0.028114866745024704 446 
1732 1750 10 0.018590373467356792 455 
1733 1751 11 0.04368186244254142 460 
1734 1751 10 0.009481486569426795 445 
1735 1751 12 0.055360579106043084 462 
1736 1751 10 0.002651488500625339 450 
1737 1755 10 0.06493153088347846 446 
1738 1755 10 0.0037012120683094065 455 
1739 1755 10 0.0645061878294573 460 
1740 1756 10 0.07066918408563765 459 
1741 1756 10 0.07283067723896497 449 
1742 1757 10 0.025600533178695706 463 
1743 1757 12 0.07769366779314062 453 
1744 1757 12 0.03872307169106396 460 
1745 1758 12 0.04785245212334961 461 
1746 1758 10 0.03065129207617554 462 
1747 1759 10 0.08767530600893411 445 
1748 1759 12 0.03485051684752841 446 
1749 1759 10 0.07814664465240738 449 
1750 1760 11 0.035250499997463755 459 
1751 1761 10 0.05537907345888998 460 
1752 1761 10 0.008595395836755493 451 
1753 1762 10 0.06785088223869734 456 
1754 1763 12 0.08778071209574126 448 
1755 1765 10 0.062315030240628434 458 
1756 1767 11 0.025469527481544945 444 
1757 1770 12 0.04113102445594844 443 
1758 1773 10 0.04711812076807193 450 
1759 1774 11 0.08166246834030728 449 
1760 1775 11 0.07180277633305693 443 
1761 1775 10 0.056196927849351624 448 
1762 1776 12 0.03589349686141246 452 
1763 1776 11 0.07989197493503007 451 
1764 1776 11 0.026815508701944362 443 
1765 1777 11 0.08556029523521336 454 
1766 1777 10 0.02936131159427227 460 
1767 1779 10 0.03699457445226015 445 
1768 1779 11 0.037240505275118234 445 
1769 1779 11 0.06824228404852516 451 
1770 1780 12 0.028965159102206706 454 
1771 1780 10 0.04101885124597967 454 
1772 1781 10 0.08532331567449175 450 
1773 1782 12 0.07165347051669929 451 
1774 1783 11 0.05999157339903792 458 
1775 1783 12 0.08894030711555667 444 
1776 1783 11 0.06240340507564657 458 
1777 1783 12 0.06084965000366332 463 
1778 1783 11 0.07008983585338857 448 
1779 1785 12 0.019416197080716683 455 
1780 1789 12 0.0663440261962036 453 
1781 1789 12 0.018698365081820847 449 
1782 1789 12 0.06860632043090827 446 
1783 1795 12 0.05135919093433391 456 
1784 1796 11 0.07232203716155768 460 
1785 1799 12 0.08605361488783381 461 
1786 1800 12 0.0101738594128124 460 
1787 1801 11 0.01615950785621546 448 
1788 1804 12 0.07270093732885344 447 
1789 1805 10 0.07269984627940022 457 
1790 1805 11 0.0675976348064305 458 
1791 1807 11 0.05907223240145189 451 
1792 1807 11 0.08181461085741915 458 
1793 1807 12 0.07671366725400008 451 
1794 1807 10 0.08822602180759231 450 
1795 1808 11 0.02205179051106692 447 
1796 1810 12 0.019314144215631154 454 
1797 1813 12 0.010401515450277048 455 
1798 1813 10 0.05338873221098461 457 
1799 1815 11 0.022886372785042627 452 
1800 1815 12 0.08811371146395935 463 
1801 1816 10 0.06680408420680484 447 
1802 1816 11 0.011715601603370925 452 
1803 1816 12 0.07703886662875477 458 
1804 1816 10 0.07693224441876549 450 
1805 1817 10 0.02502920373506838 452 
1806 1818 12 0.05502002883683782 450 
1807 1819 10 0.013828725059925804 454 
1808 1820 12 0.03006636469320887 458 
1809 1822 11 0.04929234573724327 451 
1810 1824 12 0.057075745440618254 456 
1811 1824 10 0.06681576765848485 459 
1812 1824 12 0.08949609869933206 443 
1813 1827 12 0.02798218856592602 462 
1814 1829 12 0.011673523521720595 456 
1815 1830 12 0.06570652575530002 448 
1816 1831 12 0.07821485861623005 448 
1817 1832 10 0.02686474193956235 452 
1818 1832 12 0.013171550349100402 446 
1819 1833 10 0.018986192263079408 462 
1820 1834 11 0.0779811455783545 454 
1821 1835 11 0.048038145100945374 444 
1822 1837 12 0.02568660088583777 445 
1823 1837 10 0.06130425969001518 462 
1824 1838 10 0.03160205032624764 443 
1825 1838 12 0.07124747888091404 446 
1826 1839 10 0.03686797279499107 450 
1827 1839 11 0.07667956565706613 448 
1828 1840 12 0.01492647433256893 457 
1829 1841 11 0.07526111902523167 456 
1830 1844 11 0.08228581873189153 456 
1831 1844 12 0.007955552359594196 445 
1832 1845 12 0.020060018568308375 456 
1833 1846 10 0.04809070606776671 458 
1834 1846 12 0.06976008026980875 446 
1835 1846 10 0.01016979827244116 443 
1836 1847 11 0.07071496696508812 459 
1837 1848 12 0.07347737607995582 452 
1838 1850 11 0.036011694280232286 460 
1839 1850 11 0.08348366733285799 443 
1840 1851 12 0.08105786801945722 448 
1841 1851 10 0.00759108225865247 447 
1842 1852 10 0.009775784284605842 456 
1843 1852 11 0.007286864035693587 448 
1844 1855 12 0.05642860823303612 447 
1845 1856 11 0.07593205571842047 450 
1846 1857 12 0.07790472009645703 463 
1847 1857 11 0.038728053882337236 449 
1848 1858 10 0.08821243428310284 454 
1849 1860 10 0.02272204902434866 453 
1850 1862 12 0.030760783091870622 454 
1851 1862 12 0.08000063186678416 463 
1852 1863 10 0.08518317052257321 444 
1853 1863 10 0.07433655203117658 462 
1854 1863 10 0.07711333007553198 450 
1855 1864 11 0.0744325404598305 455 
1856 1865 12 0.013275376609933637 449 
1857 1865 11 0.08328891604928024 453 
1858 1866 10 0.030146218259928605 454 
1859 1866 10 0.011508424837761218 448 
1860 1866 11 0.061664016671673955 455 
1861 1867 10 0.022060411438297116 455 
1862 1869 11 0.0852668898477106 462 
1863 1870 10 0.04289044083645119 459 
1864 1873 11 0.07537956813943059 461 
1865 1875 12 0.07826876005534707 458 
1866 1875 11 0.08600137151622186 456 
1867 1876 11 0.07254054976516842 458 
1868 1877 11 0.04552997388815497 451 
1869 1878 12 0.009233578987184462 451 
1870 1878 10 0.07248485082965252 453 
1871 1879 11 0.06996687763674363 456 
1872 1881 12 0.07352449712997193 463 
1873 1883 11 0.08917553623440566 462 
1874 1883 11 0.03977571555518623 443 
1875 1885 12 0.0827494366416515 445 
1876 1888 11 0.06403683657436471 461 
1877 1889 12 0.06588822542672507 449 
1878 1891 11 0.013655648405644333 451 
1879 1891 10 0.009876199454634728 446 
1880 1891 11 0.08003666841191459 456 
1881 1892 10 0.005492006617183221 443 
1882 1897 10 0.03233702446331678 445 
1883 1898 10 0.0630590273341433 451 
1884 1902 10 0.06667744984260228 448 
1885 1904 10 0.0787715480079456 461 
1886 1906 11 0.07664084356355323 460 
1887 1906 11 0.06940486003629043 457 
1888 1907 11 0.06725964068991923 453 
1889 1908 11 0.05081811852406053 449 
1890 1910 12 0.07173469910068074 445 
1891 1911 10 0.05229520567572886 454 
1892 1912 12 0.030426666486384712 462 
1893 1912 10 0.009303305551856936 460 
1894 1912 12 0.06461529082962468 443 
1895 1915 12 0.02868069299179499 459 
1896 1915 12 0.07809782690030181 452 
1897 1915 11 0.04228202649450175 463 
1898 1918 11 0.05955598112143887 444 
1899 1922 11 0.05742379479201598 448 
1900 1922 11 0.07862970420232863 443 
1901 1922 11 0.06016572784248429 450 
1902 1923 12 0.06740955634498064 449 
1903 1927 10 0.08750090986788904 449 
1904 1928 10 0.0844925834180524 457 
1905 1928 10 0.004868707275944221 458 
1906 1929 11 0.07796626195545622 463 
1907 1931 11 0.07003323650396653 461 
1908 1931 12 0.05814417888802234 458 
1909 1931 11 0.02338860615680978 460 
1910 1932 12 0.06232158182461892 451 
1911 1932 10 0.008642761538137166 459 
1912 1932 10 0.0651023302423949 462 
1913 1932 10 0.07878645608746598 452 
1914 1932 11 0.07928880337183129 448 
1915 1934 12 0.06222090167844372 447 
1916 1936 12 0.021859752857771482 453 
1917 1936 11 0.05020527306390502 463 
1918 1937 12 0.062482971185326884 456 
1919 1937 11 0.048321588004576636 455 
1920 1939 10 0.08781101693956576 451 
1921 1939 11 0.06413657318703993 457 
1922 1940 12 0.04818031203938286 443 
1923 1940 12 0.06192178524680314 443 
1924 1940 10 0.04449854440663212 452 
1925 1942 10 0.03129863269350577 448 
1926 1945 10 0.04039686711717667 461 
1927 1946 12 0.053103188374098484 455 
1928 1948 11 0.008716303514770827 450 
1929 1948 11 0.006207029922596085 443 
1930 1948 10 0.015676513253307593 454 
1931 1949 10 0.04309478109045379 455 
1932 1950 11 0.022189139348602446 456 
1933 1950 12 0.046463573373261124 445 
1934 1951 11 0.05885097066362987 449 
1935 1951 10 0.016447897296118667 463 
1936 1953 11 0.008999022857118281 460 
1937 1954 12 0.04361144125501208 459 
1938 1954 12 0.033063100747721355 456 
1939 1955 10 0.05913611365763679 444 
1940 1956 12 0.08147376339091811 453 
1941 1956 10 0.0713097526245998 446 
1942 1956 11 0.007580638522207387 462 
1943 1958 11 0.04601004973352986 448 
1944 1958 11 0.06040932150897778 444 
1945 1960 12 0.056122474237232524 457 
1946 1963 11 0.06855673773643828 447 
1947 1963 11 0.013691137989974612 448 
1948 1965 11 0.04132362549759186 457 
1949 1968 11 0.05550583543419414 444 
1950 1969 10 0.04986869398493671 447 
1951 1969 11 0.05095183352080672 451 
1952 1969 11 0.009190007289394939 454 
1953 1970 12 0.06483884884531502 449 
1954 1972 12 0.019172229686594166 446 
1955 1973 10 0.04485073187300506 457 
1956 1974 12 0.052127769355300266 448 
1957 1974 11 0.06089041020537864 461 
1958 1975 12 0.0055230342944507255 446 
1959 1975 12 0.02662663326361203 453 
1960 1975 11 0.08138334165902404 445 
1961 1976 12 0.007964863819681187 450 
1962 1976 12 0.031160903707997258 449 
1963 1977 10 0.02917558000284929 450 
1964 1977 10 0.016447961638465423 463 
1965 1978 11 0.003258120497669653 447 
1966 1978 10 0.023807198822882406 463 
1967 1979 12 0.08842503847804967 456 
1968 1981 12 0.040215100816409825 462 
1969 1981 10 0.07916729266987757 463 
1970 1981 10 0.0137392583188308 456 
1971 1981 12 0.01759653301818891 453 
1972 1982 10 0.0012389219240029122 444 
1973 1982 11 0.07579868346102571 463 
1974 1983 11 0.013095393320524722 456 
1975 1983 12 0.06794617774217303 457 
1976 1983 11 0.03522095567066481 443 
1977 1984 10 0.08170899995434577 452 
1978 1986 12 0.00659587306313743 455 
1979 1987 12 0.07711659683181507 458 
1980 1987 10 0.06863241159456035 457 
1981 1988 10 0.017530600595451463 454 
1982 1989 11 0.0035578856591008986 444 
1983 1990 11 0.02577022366750644 451 
1984 1991 12 0.02522398203738855 460 
1985 1991 12 0.04659697739171669 456 
1986 1992 12 0.06023740754225525 461 
1987 1992 10 0.06959621996183273 454 
1988 1993 10 0.08945108236840388 450 
1989 1994 12 0.016005308009482213 449 
1990 1995 11 0.025082976395349708 456 
1991 1996 11 0.015145126483574928 459 
1992 1997 10 0.08642651548263433 462 
1993 1997 11 0.058630528650398465 461 
1994 1997 11 0.04683189683209992 445 
1995 1997 10 0.02423824566127362 451 
1996 1998 12 0.03750880718073962 446 
1997 2000 12 0.06212472586276494 455 
1998 2000 12 0.07204646209490417 443 
1999 2000 12 0.04754313891314562 450 
2000 0 11 0.043266375246128974 457 
