1 7 87 0.029092032539929452 518118 
2 10 88 0.32791995209349006 509103 
3 11 91 0.19614369018145753 520510 
4 13 82 0.7985370080322345 470602 
5 13 94 0.2309826715994748 524884 
6 14 79 0.8395158610963093 503973 
7 14 96 0.4658431441132689 477992 
8 15 79 0.06602577202762537 499181 
9 16 80 0.7785418737994058 488030 
10 17 88 0.8862837397319203 489159 
11 19 90 0.5384834861066025 477485 
12 19 87 0.34317313584889303 471043 
13 21 90 0.528723434927973 542506 
14 23 93 0.3734551157114941 459721 
15 27 79 0.18939701913814547 492829 
16 29 93 0.15868549587962663 505690 
17 29 78 0.09271919539002046 502089 
18 30 90 0.8122022751946342 516108 
19 31 77 0.46852428681343566 478423 
20 32 79 0.6248422269569331 512395 
21 34 90 0.6888508241330041 448483 
22 35 92 0.7469970420882331 542004 
23 35 78 0.23803804825729902 499719 
24 35 79 0.8740813149169074 476607 
25 38 86 0.45744130266041594 464218 
26 39 76 0.8713684928565671 507602 
27 39 84 0.06796211148223194 521577 
28 41 78 0.7084224158809258 455284 
29 42 90 0.23563733740279635 501909 
30 44 77 0.23318894389748135 490319 
31 46 91 0.04530956898135693 531295 
32 46 89 0.14186035415144596 488066 
33 46 89 0.1897804093077746 522923 
34 49 78 0.14668301561246486 454983 
35 51 84 0.37642971167895933 496300 
36 55 78 0.5342617947983319 466235 
37 56 92 0.5225488485262682 516854 
38 57 90 0.2953918124664766 507396 
39 58 82 0.36825078979617487 443459 
40 59 89 0.17082998258600968 454305 
41 59 76 0.6040717421465662 530286 
42 61 80 0.01756537943059315 478675 
43 62 78 0.06086825345467585 509830 
44 62 93 0.8208354544796924 534752 
45 63 80 0.1997115237464108 491317 
46 64 95 0.4062822002723542 449357 
47 65 91 0.8553837339903063 450047 
48 67 94 0.8549022170843857 498638 
49 68 85 0.537629485816926 463875 
50 69 78 0.5695947622990751 518437 
51 70 81 0.029713256441906165 464946 
52 70 92 0.6378471413298507 542663 
53 70 76 0.6803528632287242 463244 
54 71 80 0.6007625524399863 500957 
55 71 81 0.5116998252913169 463873 
56 72 89 0.7335138646506212 463685 
57 74 84 0.48032903090045564 520034 
58 76 89 0.18879820069545694 497257 
59 76 88 0.616885213888927 524486 
60 76 84 0.6685580219619388 486135 
61 79 92 0.6863030036130521 516595 
62 79 86 0.8903658154264107 503991 
63 79 85 0.017352552307900705 458420 
64 85 76 0.17307488424659534 498988 
65 86 78 0.01763316235726812 455126 
66 86 95 0.7231644377296768 537588 
67 87 86 0.395492677427967 490820 
68 87 90 0.5766870019690377 452410 
69 87 79 0.2698836884815822 496496 
70 89 76 0.764715892805727 462392 
71 89 82 0.20955686726934783 524040 
72 89 89 0.19008534155064466 449384 
73 90 95 0.2887414508651104 450910 
74 90 78 0.29406162648341194 526667 
75 91 80 0.3897756731721097 479838 
76 92 86 0.22322673455113273 493341 
77 92 77 0.8600225070881333 459421 
78 93 86 0.41760008460144815 535053 
79 94 96 0.7214828579490911 497100 
80 94 95 0.4372239551994711 539646 
81 95 84 0.4700707925805901 506607 
82 96 83 0.6362962476850094 481989 
83 98 82 0.08559580095424038 523776 
84 98 89 0.6762840655840031 482066 
85 100 87 0.49064423022558434 463658 
86 100 81 0.8122778907925594 534775 
87 101 87 0.793548766288676 468760 
88 104 89 0.1754631418518244 464491 
89 105 86 0.8448094322076095 507654 
90 108 92 0.5575225863252316 486208 
91 110 91 0.32931451557138236 535723 
92 111 92 0.1928259678051688 503198 
93 111 90 0.786556051086823 468917 
94 112 91 0.5936212443694582 500839 
95 112 78 0.7052225116935089 488269 
96 112 86 0.4589577221295222 450418 
97 115 77 0.37495401638684467 523796 
98 117 80 0.12715608045424723 539900 
99 117 88 0.26438159178698445 476590 
100 118 79 0.227063484362272 487520 
101 119 81 0.5712654067596573 509438 
102 121 89 0.8202638998170512 542081 
103 123 89 0.15421530480129744 463254 
104 124 81 0.3683619369889975 446978 
105 126 79 0.3172550736261685 474051 
106 126 84 0.5962514452197695 491018 
107 126 92 0.8387565750683215 527859 
108 127 90 0.5024730715400096 505534 
109 127 92 0.628444036068548 540136 
110 130 80 0.2323345768810338 490354 
111 130 85 0.7556019265282651 458745 
112 131 77 0.027865397537009055 495992 
113 132 96 0.5977982137321552 506710 
114 134 87 0.23902174998609788 503699 
115 135 78 0.6882891005678519 475850 
116 136 81 0.6973321149258958 538799 
117 137 81 0.07514778531476604 509952 
118 138 87 0.5593128307882022 538451 
119 139 81 0.5610427875540894 504241 
120 139 92 0.5594156780219811 537349 
121 140 94 0.5860409138620625 505722 
122 142 88 0.5978270695943534 497490 
123 142 82 0.35121356867255177 524743 
124 143 88 0.08094771367788743 517398 
125 143 78 0.2657421470406902 516403 
126 146 84 0.433745168770386 443622 
127 146 88 0.7692595659859841 484637 
128 146 81 0.8148787987412225 536327 
129 149 90 0.628324560927683 465259 
130 152 80 0.5291880700880264 489879 
131 153 78 0.5554040205723211 454881 
132 153 96 0.09060617388173477 452968 
133 154 90 0.48818217387773555 520693 
134 157 95 0.8804886288781212 505488 
135 158 85 0.7186725868752063 506550 
136 158 86 0.34535465127108084 517056 
137 160 86 0.6195855755747083 448325 
138 160 93 0.1951002355415676 486078 
139 160 77 0.8857005996079578 479524 
140 161 89 0.8422666045270789 498060 
141 165 82 0.2596499756604526 462262 
142 167 84 0.715498126211402 539948 
143 167 91 0.5569975957003764 449408 
144 169 96 0.7082089425421869 533778 
145 172 84 0.09057208011690378 539829 
146 177 85 0.37395305409344637 512651 
147 179 79 0.4272793374436533 537049 
148 180 78 0.8745891770942159 474621 
149 182 77 0.05064286969803076 522841 
150 182 83 0.30909007165343777 521938 
151 184 92 0.06144512349321947 453392 
152 186 85 0.03058052511385554 455376 
153 187 87 0.6578957968398417 491247 
154 190 96 0.11844888558617413 485975 
155 190 92 0.6236188649167725 471007 
156 191 84 0.39233175633957085 506615 
157 191 86 0.5907680877315334 471680 
158 193 95 0.7543304020518163 468000 
159 196 95 0.6547518944236603 524931 
160 199 81 0.07759333338804413 451132 
161 199 86 0.31869205767140796 526915 
162 199 95 0.16759947395773492 537341 
163 201 90 0.4588295416908497 513070 
164 201 90 0.06886614944219493 539494 
165 205 88 0.6620315959543516 529963 
166 205 96 0.8805884727155621 524959 
167 206 87 0.12016420449461855 464135 
168 206 82 0.8195805365025303 530380 
169 207 84 0.8726214783869828 460981 
170 207 85 0.24180651671849623 477510 
171 207 96 0.840366284402144 493667 
172 209 76 0.20545531784121515 500895 
173 210 81 0.05597671348596909 466351 
174 211 79 0.1586131382158408 485529 
175 211 94 0.29450202927032354 492302 
176 213 95 0.8548408950515562 504137 
177 214 84 0.12741504865571543 517578 
178 216 78 0.09524582683201951 497162 
179 217 94 0.27843074811923507 492366 
180 217 96 0.11192493715026662 452482 
181 217 86 0.06924285679111841 532334 
182 218 85 0.658359566857867 535411 
183 219 93 0.28193154343490423 479056 
184 221 93 0.43210419306048803 541009 
185 223 76 0.8898051320850995 536195 
186 224 78 0.8734427801782016 497429 
187 227 77 0.04292180878463897 465131 
188 229 87 0.2598661543138154 457112 
189 229 93 0.6931648132118416 469234 
190 230 85 0.395775275760866 494371 
191 231 78 0.31304840461200617 515539 
192 233 90 0.7701413339061547 446677 
193 234 85 0.1091274503863132 453914 
194 236 96 0.671932092266322 502573 
195 245 93 0.2338251770102752 527013 
196 246 76 0.8732460506065676 448999 
197 247 94 0.6489654265831986 466096 
198 248 86 0.14876714278432876 516035 
199 249 96 0.6329518057548034 542008 
200 251 86 0.5843533207276119 524518 
201 252 94 0.48106995349887605 507607 
202 254 85 0.8820349236705219 503966 
203 255 85 0.24697372143344107 535672 
204 258 93 0.3043528088750248 488844 
205 258 80 0.34243311369410984 454431 
206 260 86 0.6217365619147683 478635 
207 261 94 0.5167634756041605 482219 
208 262 90 0.2288598089744829 472953 
209 262 87 0.030397557530947937 462815 
210 262 83 0.1960719005980907 444044 
211 263 77 0.43799557792990873 446176 
212 265 88 0.22583203271883656 516542 
213 266 91 0.43854962693635696 450108 
214 267 81 0.7278649662201762 539414 
215 267 77 0.3865542719972619 481522 
216 268 81 0.13382147325154314 510675 
217 270 83 0.43429366192954616 455829 
218 270 77 0.7483958493777868 507606 
219 270 85 0.5949712535419281 451560 
220 271 86 0.6005785723727716 503466 
221 273 90 0.10127468073526048 477194 
222 274 96 0.6173430397171941 528738 
223 275 88 0.16357555299832618 541610 
224 277 84 0.2672635275627522 488650 
225 278 86 0.7518131812544706 520010 
226 278 95 0.56374848061152 482339 
227 280 96 0.1145104724117603 523340 
228 281 80 0.39258804494380917 500131 
229 281 77 0.8110483694085527 542703 
230 281 95 0.2650107609404961 510886 
231 281 80 0.5944574970595536 487592 
232 282 80 0.22342122149609553 490939 
233 282 87 0.17753141765124814 514305 
234 283 81 0.37845792306743986 532707 
235 285 86 0.7774071994383048 534686 
236 285 79 0.4423435284617882 455174 
237 286 89 0.270080610545747 482601 
238 288 92 0.19068174072576446 517575 
239 291 88 0.10953014769577206 531341 
240 293 96 0.3901536593088627 488270 
241 296 84 0.3721888887560621 456492 
242 296 86 0.6337908326549722 537086 
243 296 88 0.17547712039207738 471897 
244 296 79 0.8216490225452555 519818 
245 297 91 0.20278633617922362 525358 
246 298 82 0.33502349857721186 486965 
247 298 86 0.17205847617496167 469326 
248 299 93 0.8207957717972982 500863 
249 301 82 0.2765383971635535 492699 
250 302 81 0.17699864623871467 507071 
251 305 85 0.2999548285769164 490206 
252 306 79 0.2127734319788193 506715 
253 306 76 0.6427156627462186 509845 
254 307 83 0.10295748089367905 460764 
255 309 91 0.39830042743215305 497070 
256 314 84 0.3822662340501561 536021 
257 315 96 0.8621123618292361 470066 
258 317 96 0.7443275350201345 477918 
259 317 95 0.3028695157208098 471379 
260 319 93 0.7509868147885951 528044 
261 321 91 0.7257225095862707 506469 
262 321 85 0.21841952612701754 498740 
263 322 89 0.3295398199354444 500861 
264 323 81 0.897931806490412 464463 
265 324 95 0.23252372982743744 465789 
266 325 91 0.5404375871144678 453460 
267 326 87 0.5828761654395983 513956 
268 326 95 0.5637697238223753 533021 
269 326 95 0.2142669322690033 494142 
270 327 90 0.20237250622731284 448867 
271 328 90 0.7261444537354271 468896 
272 329 83 0.10937389835296864 445777 
273 329 82 0.8366990590200736 462743 
274 329 92 0.17790197485726653 498784 
275 332 78 0.5699430308791006 541440 
276 332 94 0.7414575929364268 494720 
277 334 82 0.7705987917550915 517923 
278 334 84 0.2719430328294935 529926 
279 335 92 0.7719966641057049 445292 
280 337 87 0.06674657932087241 518486 
281 337 89 0.49315147472266085 483089 
282 337 90 0.30285612417707003 483615 
283 341 87 0.6066803861940597 511996 
284 341 89 0.011813379548926538 529183 
285 342 87 0.34066791036886873 509641 
286 343 89 0.137915794372112 526356 
287 345 79 0.369690075486762 532100 
288 346 87 0.6091246394613349 505342 
289 346 77 0.5043143230460658 518519 
290 346 82 0.6242434680465865 480307 
291 350 88 0.8253273635285172 470485 
292 351 86 0.189682029042201 467303 
293 352 88 0.8669226581347285 507094 
294 355 92 0.2532037618445678 510128 
295 357 94 0.2771107454016931 513182 
296 358 96 0.8260455661785515 491343 
297 359 93 0.29866822851298175 487250 
298 359 93 0.5250666987320456 463397 
299 359 92 0.8723944119029228 490118 
300 360 84 0.45339916656534146 518782 
301 361 77 0.20119076597652436 449291 
302 361 95 0.8083477832223654 519017 
303 361 83 0.11362736293218607 445150 
304 363 84 0.7176881873884704 525622 
305 366 83 0.432356681699984 444336 
306 368 80 0.2340257379250305 489468 
307 369 79 0.2099374839624138 465149 
308 369 78 0.750438914370118 512806 
309 370 86 0.37983758647866595 521385 
310 370 92 0.34038630030023675 543360 
311 371 79 0.18918440880646029 476069 
312 371 76 0.1486321478225932 530814 
313 371 84 0.40196840506334375 462816 
314 373 89 0.38705890012883226 459107 
315 373 78 0.18978224600043211 532034 
316 374 86 0.20284749615983605 517913 
317 375 95 0.7010154811977675 476930 
318 375 83 0.2975823611707649 524300 
319 376 82 0.18716481766987553 508927 
320 376 78 0.1881488244741041 523325 
321 378 90 0.6814409272059845 485610 
322 378 90 0.6801522110249973 541555 
323 380 80 0.21000009852348214 518766 
324 380 93 0.5292620581865334 530841 
325 381 85 0.6011326499180417 522343 
326 382 87 0.08801509242288721 476889 
327 382 78 0.3980897465300782 461847 
328 383 79 0.7940583757311285 472388 
329 385 78 0.015596624465697932 493576 
330 387 76 0.13570350307977824 498556 
331 388 78 0.8994663557637892 475583 
332 388 88 0.1068329899917656 525672 
333 388 92 0.33596885234708584 479541 
334 389 80 0.038809104718342646 474742 
335 390 84 0.17055727113436503 494465 
336 390 82 0.24956884908107976 514667 
337 392 79 0.8136153941361842 482176 
338 393 77 0.3783347703581633 529588 
339 393 93 0.4828917995408436 541324 
340 396 86 0.6344701086470463 527554 
341 398 86 0.030465270721635018 506891 
342 400 78 0.3939674081355453 497111 
343 401 85 0.2518039491790457 493908 
344 401 91 0.7038132233074246 468628 
345 402 76 0.8569692577618551 452122 
346 406 76 0.5835375264539654 461129 
347 406 95 0.4328682279131499 539081 
348 406 82 0.2953825435572805 467087 
349 408 80 0.2895855522425775 506457 
350 409 96 0.14013797767701647 539437 
351 409 81 0.6893704536370855 506056 
352 410 84 0.8995304605737756 471889 
353 414 83 0.20961089107557615 481893 
354 414 88 0.1695206243296567 456566 
355 415 96 0.5509547347219043 461356 
356 415 89 0.8132425856910955 472865 
357 416 85 0.854005325838682 535915 
358 417 89 0.8345833499865746 495737 
359 418 83 0.7911191419962234 471347 
360 419 92 0.6925647578288656 498236 
361 420 96 0.3169059954306316 537825 
362 421 85 0.5223966670498496 528966 
363 421 90 0.4304746832911693 523475 
364 421 80 0.29615863434485645 458819 
365 422 83 0.43783157821040286 457388 
366 423 88 0.18407107390864808 451297 
367 423 81 0.34545200344441324 481194 
368 424 95 0.7109317313813085 522875 
369 424 88 0.08596637112497664 540432 
370 426 95 0.47522470560633384 515642 
371 427 93 0.019048356187153462 515353 
372 427 93 0.3792478422778217 513454 
373 428 77 0.5925306158897253 513892 
374 429 77 0.3141150910632465 457932 
375 429 79 0.47671486703703125 501195 
376 432 85 0.27652151911051365 481673 
377 432 76 0.28556606610191543 468196 
378 433 76 0.6308471203342915 498498 
379 434 91 0.05688424929126762 490134 
380 435 82 0.15487910629483542 515646 
381 437 89 0.6273663171780594 468009 
382 438 96 0.5592317858183176 538039 
383 440 83 0.8464735613695428 462139 
384 441 76 0.2847881272523255 530749 
385 442 80 0.7223486571973033 484134 
386 443 94 0.2981996109225954 518602 
387 443 96 0.39353859352504805 470194 
388 445 91 0.08336928594803174 526595 
389 445 80 0.4592597989285247 449413 
390 445 87 0.668922453872923 533527 
391 445 95 0.1435872464642057 466016 
392 446 92 0.1943663241813043 512910 
393 448 79 0.8594596568589379 496189 
394 448 76 0.033587094378321525 519903 
395 450 90 0.6149723658222435 519957 
396 451 85 0.1296954484701819 471746 
397 451 76 0.8102689713478196 474617 
398 452 86 0.25929619007464233 487328 
399 452 85 0.8819222561522679 445991 
400 453 80 0.15595791415242444 523768 
401 457 87 0.8314502903211665 493613 
402 457 79 0.5183341614330164 500885 
403 458 96 0.3764529783160095 531340 
404 459 78 0.20795385414869738 540109 
405 459 90 0.09448724778929068 515251 
406 461 82 0.5316947896106786 463439 
407 461 86 0.0607767044433862 454697 
408 463 89 0.7426387784876347 534202 
409 465 90 0.5635085797938625 451400 
410 467 78 0.6938735120316988 453067 
411 467 96 0.2982494324587582 486556 
412 468 94 0.5593483385538554 534739 
413 472 92 0.10640109825691105 502642 
414 475 96 0.8285731296295109 538511 
415 475 83 0.037444295872129975 465384 
416 476 85 0.18638631110045598 460098 
417 478 85 0.09478008535502035 490505 
418 478 90 0.36647478714949516 538665 
419 478 85 0.1966097781991433 502978 
420 479 79 0.5181821891433684 504853 
421 479 76 0.0842117315417787 501392 
422 481 80 0.39692012800209575 528430 
423 482 83 0.12911217109938894 538580 
424 483 94 0.4874387045275615 523404 
425 483 91 0.13233315882568925 492589 
426 486 78 0.2301451424553766 457416 
427 486 85 0.34909554317369423 470111 
428 486 86 0.04264504671889589 495527 
429 487 90 0.8785879239985291 479863 
430 487 76 0.2278559821327643 482850 
431 487 83 0.5091486212818248 475372 
432 489 94 0.7445068860172877 510548 
433 489 78 0.5316399167999942 537335 
434 490 88 0.12716937056311275 539781 
435 491 82 0.053792273642188415 502344 
436 491 82 0.11788968199640297 490012 
437 492 94 0.8649827385569255 516859 
438 493 83 0.09798095649874515 476415 
439 493 76 0.1055594039029806 510049 
440 494 88 0.6965024712180354 540911 
441 494 93 0.4875797305962796 449648 
442 496 82 0.5631259996620436 528592 
443 496 80 0.014983993182375675 519384 
444 496 81 0.14041525554251802 499472 
445 498 89 0.5210973375614139 472481 
446 499 80 0.5924005493923983 464744 
447 499 92 0.8280898855264571 450148 
448 501 84 0.6458402510315953 496951 
449 501 82 0.3687944874152292 451695 
450 501 84 0.4148512184635868 526203 
451 502 88 0.57477374528117 501505 
452 503 85 0.39115613534492444 539801 
453 504 84 0.041133477599613624 479632 
454 504 86 0.835434397047111 472984 
455 506 89 0.48537067822256696 517190 
456 506 79 0.07392042642972006 543099 
457 507 80 0.897860500604465 446591 
458 508 81 0.8915715284170874 492545 
459 508 89 0.16836525809217787 492344 
460 508 87 0.21893954333496 464461 
461 509 91 0.5618325674239608 496188 
462 510 90 0.7791553252394604 463270 
463 511 76 0.5940837674434609 515255 
464 513 84 0.42624611190137934 518756 
465 515 96 0.3236617116447441 467856 
466 518 81 0.12855610541951362 459465 
467 519 93 0.06994637133311275 539532 
468 520 77 0.0511085564288506 452912 
469 520 87 0.3682014973137043 451549 
470 521 85 0.39415859015269245 453740 
471 522 86 0.5529563041595228 514157 
472 522 88 0.7741956876080976 473749 
473 523 85 0.4373566059073551 509614 
474 525 84 0.04975191364562916 520623 
475 526 93 0.6352315778046312 524835 
476 528 78 0.8453868971358695 542957 
477 528 91 0.5285612852171203 539775 
478 531 88 0.08186794687177716 459164 
479 531 93 0.30262260891100745 539743 
480 531 81 0.06632166598915674 486125 
481 533 87 0.12848892365284628 519535 
482 535 94 0.056416697196746364 490740 
483 536 86 0.8592417534406666 464561 
484 536 76 0.257685452705054 476387 
485 536 76 0.39293034127654797 508499 
486 539 96 0.12590894263734279 529550 
487 539 83 0.7418515469096797 516729 
488 540 86 0.35319355187295254 483586 
489 541 77 0.7486516677980815 493539 
490 541 96 0.6069526647859382 445352 
491 542 94 0.7435317115882422 458964 
492 542 84 0.5467410319145211 476644 
493 543 96 0.013270060682140754 495045 
494 545 94 0.36216385199691586 541901 
495 545 82 0.7865434661781807 542909 
496 546 79 0.3470596220042798 467481 
497 546 85 0.4723205533182195 501902 
498 547 86 0.402873078371139 468465 
499 549 90 0.5562670625793823 500984 
500 551 79 0.8254543276490495 480486 
501 552 82 0.03815309389453096 543368 
502 552 88 0.8661923123981584 510674 
503 552 82 0.7694005732415721 456347 
504 553 93 0.796055958555792 494025 
505 554 95 0.8153782289256475 488959 
506 554 76 0.17944528430057688 466865 
507 555 92 0.2943623036929714 459096 
508 556 86 0.5106735228768609 523086 
509 556 94 0.6447523956702167 473889 
510 556 83 0.41636127540427753 542428 
511 557 86 0.540957160104038 482466 
512 558 95 0.09813941621393732 527803 
513 560 79 0.6028356899276033 538404 
514 560 85 0.2892113230940612 458852 
515 561 90 0.23474626412739144 445741 
516 561 78 0.19314627775938914 493418 
517 563 92 0.8216716235851805 477257 
518 563 96 0.2764720588262285 451587 
519 564 85 0.637801920401536 443444 
520 567 82 0.5300169007693041 453202 
521 567 85 0.08107508762989998 512952 
522 568 82 0.3370741242476644 490784 
523 570 86 0.6119307649415108 495566 
524 571 83 0.8569184368779428 481475 
525 571 86 0.4901241943942443 521339 
526 572 84 0.5598872048239244 524155 
527 574 82 0.591340679068262 538757 
528 574 90 0.48265346462281616 536172 
529 574 88 0.1954209333363693 531053 
530 575 83 0.14272621900981727 481160 
531 576 87 0.6142890620151121 465139 
532 577 95 0.29705190667893927 447884 
533 577 96 0.325762008359596 487701 
534 577 77 0.7365862467221687 524518 
535 579 88 0.34149618729977027 456183 
536 579 77 0.09833440078285838 482182 
537 579 91 0.251500659504065 443615 
538 580 81 0.1214255188312756 506534 
539 583 92 0.33284466224169623 474931 
540 586 82 0.8930149151143046 469059 
541 587 81 0.5102957983528393 501905 
542 587 90 0.08439080479730524 451306 
543 588 90 0.8013268309601224 528584 
544 588 86 0.07731265148971629 478103 
545 590 90 0.8933047832265268 508129 
546 592 89 0.1024566451409721 464659 
547 594 82 0.5823466187228213 536438 
548 594 92 0.22015715015606388 529111 
549 595 86 0.26983456723395893 473414 
550 595 93 0.3549083778660515 460385 
551 596 80 0.2956571582365948 518080 
552 597 78 0.38368288779170856 529074 
553 597 89 0.24392774945994722 539736 
554 597 94 0.016309440588181626 461531 
555 599 92 0.18827510887649632 458074 
556 599 81 0.0263188138533149 454689 
557 600 82 0.2795628675523569 489619 
558 601 90 0.7086236246321079 447268 
559 604 87 0.5019543401804015 455000 
560 606 84 0.844607912817644 499877 
561 607 86 0.47213767173032267 488211 
562 607 85 0.8140249953266556 466261 
563 607 87 0.32519863973481616 526007 
564 608 79 0.8807781573022034 523047 
565 608 81 0.8697020064530792 454494 
566 609 88 0.2178834846538666 452936 
567 612 93 0.48120846817891844 445176 
568 617 84 0.2261753349886338 485721 
569 617 92 0.2563322101679152 531547 
570 617 89 0.06924554018038347 531178 
571 622 89 0.7906405400522656 485271 
572 624 81 0.43809148037427625 475080 
573 625 93 0.8901484072108359 508531 
574 626 80 0.6177934022672656 502306 
575 626 91 0.7146646574412759 465225 
576 627 93 0.38653637184245204 460099 
577 627 79 0.679625415977848 515996 
578 627 87 0.6948934437797906 516487 
579 628 76 0.11713996271465278 498366 
580 628 77 0.6926506145004906 473215 
581 628 78 0.2565933407595805 514056 
582 628 87 0.048404340867554775 456703 
583 629 84 0.7568511998333874 510799 
584 629 81 0.5536280061024342 456514 
585 629 84 0.6648899071231155 472815 
586 630 77 0.24229063687917132 529671 
587 632 88 0.5632752994773597 463036 
588 632 76 0.7903269218612095 509050 
589 633 80 0.34046044250269303 510431 
590 633 89 0.05882297957689556 511044 
591 634 85 0.09230681835177883 472584 
592 635 83 0.07860651366781764 453245 
593 635 80 0.1184389970592885 472402 
594 637 79 0.8393616612772418 474901 
595 642 80 0.17464805111363624 451512 
596 643 77 0.4913361802487167 492582 
597 644 86 0.6266158133460621 517939 
598 645 94 0.2799199234160715 491028 
599 646 85 0.6277437723349016 530941 
600 647 88 0.765566434209256 540200 
601 649 86 0.015964506928766883 517192 
602 650 80 0.15455619195680567 524334 
603 650 94 0.36917203875389343 493417 
604 651 76 0.2856067225585631 444154 
605 651 83 0.049435921998750694 462381 
606 652 79 0.7139950557702671 530168 
607 655 92 0.5305476011501825 527771 
608 659 91 0.19107652755245408 509863 
609 659 88 0.7011465623350029 501535 
610 660 94 0.8458595509998198 461251 
611 664 88 0.07167547369939851 448492 
612 665 76 0.7749011540006331 483079 
613 666 81 0.8540670958291072 522841 
614 666 92 0.45015558259100064 485635 
615 667 78 0.595186987568946 538427 
616 668 90 0.4204736913052053 530131 
617 669 87 0.7587705636972697 527232 
618 669 83 0.45242303662873135 446257 
619 671 92 0.12063605559846528 479863 
620 671 87 0.8941663158292882 531205 
621 672 76 0.44910360587586257 508814 
622 673 85 0.44884212311034394 521628 
623 674 86 0.2870184623652681 532035 
624 675 89 0.4926846463616158 541278 
625 677 89 0.637735494593296 489717 
626 678 90 0.739665329659213 537218 
627 679 87 0.3575474245624923 476572 
628 679 93 0.2893414473328959 506317 
629 679 82 0.6041225870256883 493648 
630 682 89 0.38561464175648 495998 
631 682 90 0.6404639199513633 461031 
632 684 76 0.4787719144798199 541720 
633 684 82 0.27430446918781454 452864 
634 684 82 0.09844227238654056 463400 
635 686 89 0.055749436709397165 541545 
636 688 96 0.8448495717975267 486435 
637 690 94 0.16709946080520421 462095 
638 690 90 0.3890813926975664 457473 
639 691 76 0.6039442033820214 476089 
640 692 85 0.5710749275017005 457631 
641 696 96 0.06255341520388161 533955 
642 697 95 0.02493897627675696 488931 
643 697 87 0.43999737245279513 449372 
644 698 89 0.37671737995037785 536043 
645 698 95 0.28114919524807686 498991 
646 699 95 0.8837454511297503 488335 
647 700 84 0.5335462495302459 536105 
648 700 95 0.7382140518902162 527623 
649 701 82 0.39136887204337334 521512 
650 702 77 0.34503216212242527 472297 
651 703 96 0.6633006232807238 530137 
652 704 84 0.7735630770526799 485083 
653 707 83 0.5632463983187387 506523 
654 708 76 0.5754567879302753 491781 
655 708 89 0.8526574301684943 461927 
656 709 81 0.6132762629912114 458007 
657 711 86 0.8374600091006545 513165 
658 712 89 0.7629814916399315 536873 
659 714 85 0.6495375124915485 518480 
660 714 91 0.24016934457560438 475513 
661 714 76 0.5779928455012585 527458 
662 714 92 0.7632968844690342 518212 
663 715 91 0.38659923718064176 454808 
664 716 92 0.8534929332807284 470824 
665 716 94 0.5610613379546323 510192 
666 717 82 0.11402138793574411 493995 
667 718 91 0.49558783694406777 509227 
668 719 95 0.17592909170037735 516606 
669 721 86 0.5989056344203104 490995 
670 722 96 0.40297295265001876 503165 
671 722 81 0.10173197505525242 475293 
672 723 76 0.5130814002104921 520358 
673 726 80 0.15017520144019128 469425 
674 728 91 0.6103078216029122 535416 
675 729 96 0.6721424337497712 532646 
676 729 79 0.4334207492418478 464672 
677 729 94 0.8858742191147077 518727 
678 730 93 0.7074601127093888 503723 
679 732 78 0.6645193488084266 516374 
680 732 78 0.7870557448056891 512207 
681 732 93 0.27582923136731086 461702 
682 736 89 0.8146110127898936 516094 
683 736 86 0.25887396569485316 498431 
684 738 96 0.5056861178202058 542913 
685 738 78 0.6886339370049938 454137 
686 739 95 0.5530718559067562 485417 
687 739 96 0.4102695299326933 468420 
688 740 77 0.35234329918855833 539557 
689 740 89 0.7434288422463657 524443 
690 741 78 0.2252428170187632 505576 
691 742 82 0.6136938133903024 486932 
692 742 79 0.7935452309308287 458131 
693 742 77 0.0534226196970527 511993 
694 742 83 0.1383217631961214 445938 
695 745 80 0.6192679638875094 503323 
696 746 89 0.6227444876145336 478704 
697 747 84 0.6545618822198741 491176 
698 747 96 0.03875969629468692 495919 
699 747 90 0.5260203665209213 449646 
700 748 89 0.41660530688318415 484228 
701 749 95 0.8054607630372783 513070 
702 751 77 0.44451291180968366 486834 
703 752 90 0.485061260897653 443729 
704 753 92 0.013598970885001341 499035 
705 754 91 0.22473854461449763 506440 
706 754 81 0.7241816872757384 530869 
707 755 80 0.4749568693993758 476089 
708 756 92 0.7365336676525978 532872 
709 758 91 0.8192611837860783 457652 
710 759 96 0.5960425416517297 518315 
711 761 95 0.21374405332651775 515844 
712 763 86 0.5611715231515121 516201 
713 764 89 0.05034966122066455 542521 
714 765 89 0.11900244950942879 493348 
715 765 82 0.04848197305527464 474567 
716 768 76 0.7116784508232636 466014 
717 769 87 0.6733994098646456 503826 
718 771 95 0.6448707382232363 533240 
719 773 86 0.8122251305275332 507827 
720 773 90 0.757063929934642 473500 
721 774 84 0.6208234611674353 485448 
722 774 91 0.6436512205464854 466866 
723 774 94 0.27792888840368274 449331 
724 775 86 0.44649732923047636 515108 
725 775 81 0.022194481295719756 486246 
726 776 96 0.4160654499849182 503923 
727 778 88 0.5008020204213757 487671 
728 781 83 0.4966210396397008 532431 
729 784 93 0.2876116091940236 507540 
730 784 94 0.4762250011627642 538087 
731 785 76 0.6577011005338311 483304 
732 788 85 0.7957396357714537 534535 
733 789 85 0.3303148577670222 471578 
734 789 76 0.3240181652012895 501278 
735 790 91 0.021758596149540257 515670 
736 791 80 0.14067251963970218 499614 
737 792 86 0.35520773703430586 541178 
738 793 88 0.241515799880239 523050 
739 793 81 0.4614186489039077 503383 
740 793 83 0.60322240596726 492259 
741 794 83 0.3604654198574756 522645 
742 794 85 0.23046305332858485 504534 
743 796 81 0.0330743584258586 516430 
744 796 83 0.12387158117200806 461618 
745 799 76 0.8955761038848122 482562 
746 801 84 0.3772361814999706 511863 
747 805 80 0.38780540955293924 483406 
748 806 87 0.6330004928548388 533332 
749 807 83 0.4459506775570347 494097 
750 807 79 0.7210403455042509 476709 
751 809 89 0.3032751682996279 518225 
752 811 90 0.018414522619230662 458690 
753 812 92 0.41529276122133385 519202 
754 813 94 0.872187877774493 504740 
755 814 84 0.7163359448652891 508445 
756 815 80 0.08357369055709282 495247 
757 815 91 0.030587756895027476 516970 
758 816 93 0.7508885874560204 451619 
759 816 86 0.5812187807555791 477031 
760 816 88 0.6747611531124224 505230 
761 816 82 0.5220980143859713 494674 
762 818 89 0.3722466621435941 483408 
763 818 95 0.8063794896235577 530993 
764 819 86 0.42956208303472065 493596 
765 820 96 0.4309086186874822 450028 
766 821 88 0.1533418392546963 493893 
767 823 93 0.214253147739342 511140 
768 825 96 0.24647461981261237 459977 
769 826 84 0.6245242107074154 478695 
770 826 82 0.39149953025310597 530344 
771 827 79 0.8832227777490279 446622 
772 827 86 0.7226333035319551 521440 
773 828 80 0.1708499882155062 482666 
774 829 86 0.05463851898041991 474686 
775 830 83 0.8763057654087305 470844 
776 831 89 0.7114801130691651 498367 
777 831 96 0.8367624689872551 505367 
778 834 80 0.5922008327827005 478630 
779 834 83 0.40212391448669393 515327 
780 835 85 0.6650499789039067 491361 
781 836 85 0.8183243835930027 518197 
782 837 95 0.7834955017635413 537338 
783 838 77 0.21505506462202756 444874 
784 839 80 0.604779662831275 448341 
785 841 87 0.6001470159306619 511983 
786 842 86 0.6381402499293654 482457 
787 842 88 0.10959170120098415 465894 
788 844 95 0.35279289897850863 465729 
789 844 92 0.1414223000074308 521512 
790 844 76 0.5523024536571403 449910 
791 845 80 0.8981160936499967 503677 
792 845 90 0.10824219809427271 469077 
793 846 76 0.646950404970925 517964 
794 846 91 0.4162132001428893 520645 
795 847 77 0.5953317290199002 478177 
796 848 92 0.3769750418471385 486398 
797 849 88 0.543812060769732 517341 
798 849 80 0.8771338970971473 462636 
799 850 91 0.6448636191041186 510244 
800 850 96 0.6803394028902638 512916 
801 851 79 0.47846499506065393 518624 
802 851 77 0.13644588811304692 506465 
803 852 77 0.8633387510333715 473935 
804 852 91 0.7537356378977642 465760 
805 854 86 0.16386959127092648 542536 
806 855 95 0.39934963718795885 507874 
807 855 77 0.6322304363609188 513270 
808 856 89 0.47606932503030797 542725 
809 858 86 0.7929251496957644 519462 
810 860 79 0.6981113325844875 459195 
811 861 77 0.603500287031498 495394 
812 861 78 0.47556544671156986 493345 
813 862 87 0.7447374092938279 491446 
814 862 95 0.4392042420958813 478371 
815 863 95 0.09284824353013536 456789 
816 863 84 0.04675632597059617 464820 
817 863 85 0.5262892432830786 455371 
818 864 82 0.8995702664085944 456483 
819 864 80 0.29240005617747367 514193 
820 865 84 0.29471328500993155 501918 
821 865 79 0.8804869731793659 496431 
822 866 96 0.4506262147478207 514174 
823 867 88 0.5676133527124478 496143 
824 868 76 0.6244780627821935 511391 
825 869 86 0.5596130251647659 537760 
826 869 95 0.49744037715333905 498901 
827 870 96 0.03764982633358915 500094 
828 872 77 0.627634490186669 479195 
829 873 94 0.07950219714992961 511492 
830 874 84 0.696969148619989 516603 
831 875 80 0.3436904801968017 457641 
832 875 80 0.7029204040396818 517953 
833 876 90 0.5775964728603573 484480 
834 876 82 0.3785946252941103 479107 
835 876 94 0.44670416816269826 509465 
836 877 84 0.38736096197235553 526915 
837 878 92 0.792582270314222 507606 
838 880 91 0.14710245590953913 485246 
839 881 83 0.8684175702193127 486378 
840 882 82 0.8200423862634432 497802 
841 882 92 0.5375950111472491 521603 
842 883 88 0.2601380115677851 484802 
843 883 83 0.4490088604140867 520468 
844 884 94 0.2999232807672247 515091 
845 884 87 0.60139082024005 447561 
846 887 86 0.3115565418285863 490831 
847 887 85 0.7952994797755218 518528 
848 888 95 0.12173461057728148 445606 
849 888 94 0.7790862475878985 503898 
850 889 96 0.11998933590823124 484665 
851 892 78 0.2577841398293127 468472 
852 894 79 0.500990025080169 506524 
853 894 90 0.6845523056187239 534049 
854 896 83 0.33176614033855045 486132 
855 896 95 0.4019330742414591 508433 
856 897 87 0.7430547036583438 443609 
857 898 80 0.30428581944073785 484181 
858 899 91 0.804620049858699 526772 
859 899 77 0.3668393681758222 478187 
860 900 95 0.7206203877212481 500174 
861 902 79 0.1260057175413644 517962 
862 902 88 0.700353987764926 471320 
863 902 84 0.23785241209769287 515286 
864 902 90 0.030879853484210962 490932 
865 902 81 0.43000655355377687 541168 
866 902 92 0.5284470924452642 508761 
867 902 96 0.5573404491824667 467267 
868 906 78 0.6193548377712952 530395 
869 909 94 0.17451295898157002 539544 
870 910 80 0.5171372146990961 532905 
871 910 82 0.8660820366782072 521910 
872 911 94 0.74071515242536 499487 
873 912 96 0.5856046883625607 504546 
874 912 92 0.7560650562197501 512000 
875 914 85 0.6331152558128357 502470 
876 915 81 0.8753098761811141 525954 
877 916 83 0.4574870790775605 517631 
878 916 90 0.010364683612849472 512633 
879 916 84 0.34895077930052765 505264 
880 917 91 0.6182408315140345 534558 
881 919 78 0.05546690644809217 540641 
882 920 89 0.4840262388255528 498231 
883 920 92 0.12939836172353308 535355 
884 921 88 0.5143885022547302 519212 
885 922 92 0.35806592639976187 473107 
886 922 88 0.19325320442620786 519978 
887 923 83 0.7114858700709277 519862 
888 924 86 0.6083042442115906 462826 
889 926 82 0.45013780353090144 506212 
890 926 91 0.3891169331265197 540765 
891 927 86 0.571107940879892 508179 
892 929 82 0.34124869722247575 541599 
893 932 90 0.4328270310202827 501481 
894 932 78 0.037597512918432094 506747 
895 933 82 0.23798110508796375 445858 
896 935 94 0.17790249033273303 514149 
897 935 79 0.17360898429469326 526767 
898 935 84 0.2965960366064245 533089 
899 936 92 0.3943926596364034 528011 
900 936 96 0.7627099726532975 454500 
901 936 95 0.35415271169083146 469763 
902 937 89 0.3298031595985921 500214 
903 937 85 0.49976287830360927 481906 
904 938 91 0.3818383913043319 457875 
905 939 86 0.35801429114191785 499630 
906 940 94 0.034880802884743455 506080 
907 941 88 0.36772555088983333 482194 
908 944 84 0.36609159618578324 492303 
909 948 92 0.8559848262166225 487857 
910 948 81 0.8595141438721029 450148 
911 948 89 0.6621665672947485 476215 
912 951 83 0.44196511263715765 475349 
913 951 89 0.10430341733954504 447999 
914 956 94 0.22528764136881155 464895 
915 956 81 0.4889321083681757 523471 
916 959 91 0.6001696844185965 523549 
917 960 95 0.3209561102074777 499836 
918 960 89 0.7813931695121688 490795 
919 961 87 0.7227734871102044 455924 
920 962 87 0.4799882992432349 475980 
921 963 94 0.7835453909395109 471420 
922 963 86 0.6344572943487544 454218 
923 968 90 0.040165352613495915 520716 
924 968 82 0.7819800527194498 473960 
925 970 89 0.3264337057270814 460797 
926 972 86 0.13245938176799193 537314 
927 972 96 0.353223351990151 461668 
928 972 80 0.01741710503093437 452590 
929 973 82 0.8214627055658494 458357 
930 973 94 0.3040409354067737 519702 
931 975 82 0.8683494809198172 509114 
932 975 86 0.45788235422642415 447240 
933 977 77 0.011377549386711977 457516 
934 978 87 0.23921125954798658 496190 
935 980 76 0.28032281191496977 530299 
936 980 83 0.24940534909313064 483707 
937 981 95 0.5684682700324143 444567 
938 981 90 0.30097525576914763 530919 
939 983 90 0.32444659220561517 521187 
940 983 85 0.677600513901617 444160 
941 984 94 0.16613086548613443 456791 
942 985 92 0.15486095656651785 514251 
943 986 91 0.2959436673706675 515867 
944 986 82 0.8382428791068091 538837 
945 986 90 0.26600127785141875 465576 
946 989 84 0.4014903569030709 479621 
947 991 84 0.31968868147972324 511497 
948 992 95 0.7550407407528349 514743 
949 992 78 0.06337553562447763 473038 
950 994 93 0.5430362519265671 526015 
951 995 77 0.060139205731674715 508291 
952 998 83 0.6852435659646106 453328 
953 998 81 0.7037026213367935 540261 
954 999 82 0.36245178596086913 446941 
955 999 95 0.5726493307657262 459978 
956 1000 88 0.23637084203716902 478911 
957 1000 77 0.7000332579117428 475405 
958 1001 95 0.7706483001776132 477019 
959 1002 78 0.35085419947188384 532701 
960 1002 76 0.6979050094424559 487924 
961 1003 96 0.28055199968781624 459612 
962 1003 81 0.5846002246388475 502894 
963 1005 83 0.23025534766655156 524935 
964 1010 77 0.4789871640095701 468638 
965 1010 84 0.28590165564972786 516285 
966 1011 79 0.7805151063963044 483911 
967 1011 82 0.8545235018873796 491565 
968 1012 78 0.6431090018034719 518565 
969 1012 91 0.27709810241769806 484959 
970 1012 91 0.5463517750364497 455622 
971 1012 77 0.8046714336162686 467582 
972 1014 91 0.48745966065472246 499471 
973 1016 95 0.4010486830094952 518197 
974 1016 77 0.06701856038287253 532315 
975 1017 90 0.8580528108432048 537619 
976 1017 78 0.7022786010810356 447369 
977 1019 84 0.8012649901929642 452215 
978 1021 82 0.624170538190855 537866 
979 1021 82 0.49966597611993735 538749 
980 1022 85 0.42523670185980833 514591 
981 1023 82 0.843760335730686 501570 
982 1023 83 0.4399001438587097 466521 
983 1025 84 0.2968097782885351 473270 
984 1025 91 0.31825737744685734 447351 
985 1026 95 0.859511197774793 501737 
986 1026 87 0.17618701457335448 522731 
987 1027 88 0.6110939928376189 487045 
988 1028 92 0.8612090128385304 462701 
989 1030 93 0.08838345506735638 499141 
990 1031 83 0.21632566714161824 495360 
991 1033 85 0.03541998054253128 506342 
992 1036 80 0.7078913556045255 511194 
993 1036 88 0.7111982534361323 537115 
994 1036 90 0.4099913159170642 446589 
995 1037 84 0.38266959808994355 465777 
996 1037 90 0.06307965899769712 498516 
997 1038 92 0.6575153486526757 496856 
998 1039 77 0.8911960325338146 501184 
999 1039 92 0.3397463351333547 468866 
1000 1041 78 0.6466517734802343 445135 
1001 1041 82 0.3571445619471128 472759 
1002 1042 88 0.43937272373040404 481193 
1003 1043 89 0.47777223931950175 494721 
1004 1043 79 0.13219614244262645 525216 
1005 1044 82 0.7016747291372034 454516 
1006 1044 76 0.6834853102276808 455121 
1007 1044 83 0.7708141693429131 484250 
1008 1046 89 0.3000567399841671 501298 
1009 1048 87 0.1325718533831997 517889 
1010 1049 92 0.7032993370493789 501546 
1011 1049 77 0.5142447148794441 523572 
1012 1050 82 0.07420038011453478 449144 
1013 1050 96 0.10814075086113974 449799 
1014 1050 80 0.5646173847204772 513048 
1015 1053 76 0.6756318074942932 450571 
1016 1053 89 0.3854384110792702 511453 
1017 1053 86 0.4090936604359608 475695 
1018 1053 83 0.1602506147972755 513150 
1019 1055 91 0.422893999440017 518558 
1020 1055 87 0.01795135769764681 542554 
1021 1057 77 0.3114703582856178 512729 
1022 1058 91 0.3053612840294685 531461 
1023 1058 96 0.6338412727475364 495689 
1024 1058 92 0.1998446876579229 515031 
1025 1059 84 0.0663985987014875 480807 
1026 1060 76 0.7192774443407499 482882 
1027 1061 90 0.12079750851791636 447290 
1028 1062 87 0.4365326843319883 499516 
1029 1062 91 0.4153590181599069 519913 
1030 1065 76 0.4641413340117773 478838 
1031 1065 91 0.8173986390004403 453133 
1032 1069 81 0.16596279631576186 507261 
1033 1071 95 0.5468543730818652 460895 
1034 1071 77 0.276256381232629 516774 
1035 1072 86 0.5919785430545792 474294 
1036 1074 92 0.08345408310511393 517289 
1037 1074 89 0.3533763921089458 491948 
1038 1074 90 0.5285681919722525 483851 
1039 1075 92 0.319766318358298 529505 
1040 1075 95 0.8556383273488436 481591 
1041 1076 82 0.687698770594937 444062 
1042 1078 82 0.11035391511314842 532372 
1043 1078 95 0.48732778006560923 509846 
1044 1080 81 0.6690541807169202 540943 
1045 1080 95 0.3497041749776803 460619 
1046 1083 91 0.40271561470090467 474100 
1047 1083 79 0.7862273348381305 490546 
1048 1084 81 0.43639384717142676 532365 
1049 1085 91 0.09783426884962317 498179 
1050 1086 87 0.11817652058033593 542214 
1051 1086 87 0.17851813596534408 451435 
1052 1086 79 0.5321699391916052 449906 
1053 1087 86 0.2680350713073644 475520 
1054 1088 85 0.8378686980073468 489498 
1055 1089 76 0.4558421997746574 460082 
1056 1089 90 0.829359944853951 495628 
1057 1090 93 0.07205489805177348 489955 
1058 1092 85 0.47963759052362326 444262 
1059 1092 89 0.3339960490730405 522727 
1060 1093 76 0.20880825530600058 454163 
1061 1094 90 0.6570884555164037 463409 
1062 1095 91 0.5952577461879984 477951 
1063 1095 95 0.8987847839051473 457334 
1064 1096 92 0.29627506331460224 511997 
1065 1097 87 0.30678996735143926 458970 
1066 1097 92 0.7045018384018128 453611 
1067 1097 93 0.28288625718540145 512217 
1068 1098 82 0.5067552771001801 481689 
1069 1098 77 0.835264916015919 540633 
1070 1098 79 0.8367475830060247 542589 
1071 1099 81 0.7550772067284907 541238 
1072 1100 93 0.7282524249723038 455875 
1073 1100 79 0.3373766677546776 450874 
1074 1101 82 0.5561067592993745 466947 
1075 1101 79 0.2707181729453097 457145 
1076 1101 87 0.4846981277294928 486731 
1077 1102 93 0.5064578772594901 462712 
1078 1103 86 0.17118615566386944 470333 
1079 1103 81 0.23229724706171315 531571 
1080 1104 80 0.4168349059890814 456671 
1081 1104 85 0.08626864659734258 459155 
1082 1106 93 0.38978779027472055 541447 
1083 1106 78 0.2843406538496918 464189 
1084 1107 85 0.8929571050158824 480633 
1085 1107 92 0.1395924136405627 505254 
1086 1108 88 0.5778975617655316 519618 
1087 1109 83 0.5893421188507016 499948 
1088 1109 79 0.1695968649630528 450088 
1089 1110 82 0.25964808971719555 459098 
1090 1110 85 0.7452182483306558 526762 
1091 1110 88 0.3934322223121169 502026 
1092 1112 84 0.41285873969470593 449452 
1093 1114 89 0.042193774923397 479365 
1094 1115 84 0.23572750683404628 520401 
1095 1117 82 0.1436613760343397 518682 
1096 1120 89 0.8307939132506318 472533 
1097 1120 88 0.5164384277298586 495634 
1098 1120 94 0.2067021066406831 527237 
1099 1120 95 0.3524300379410923 516953 
1100 1120 76 0.8465319455493834 525655 
1101 1122 76 0.7086123467631514 527989 
1102 1122 81 0.27334719683829045 446029 
1103 1123 84 0.059517368873293036 483975 
1104 1123 90 0.45216971674700224 507337 
1105 1123 92 0.0718777720955331 490714 
1106 1124 96 0.21158627426555632 477206 
1107 1125 77 0.19074701266292104 511017 
1108 1126 93 0.2191709211206075 492463 
1109 1129 77 0.7029297607027373 516338 
1110 1129 78 0.21270755755002804 494265 
1111 1131 82 0.2840959501139911 448272 
1112 1132 76 0.8881860300323537 488874 
1113 1132 79 0.23788390729933995 497726 
1114 1133 84 0.07604283424367407 476657 
1115 1135 96 0.4821272947873833 535155 
1116 1135 93 0.19388029559007847 531556 
1117 1136 82 0.8045134555135827 542109 
1118 1137 94 0.45331713737727125 533114 
1119 1137 96 0.3090663667937911 465162 
1120 1138 91 0.7381121653654269 455375 
1121 1139 89 0.5898945166695112 447860 
1122 1140 92 0.47462319068050424 444109 
1123 1143 80 0.8002622606925706 502352 
1124 1146 87 0.7509357573626825 457236 
1125 1147 88 0.2532363263667869 529833 
1126 1149 78 0.7344715107837588 528868 
1127 1150 88 0.43762221967791315 514497 
1128 1150 93 0.25519001077879955 507939 
1129 1153 93 0.5921651279244113 502751 
1130 1154 93 0.34476841888545573 510022 
1131 1155 94 0.7343317727611927 496510 
1132 1157 81 0.32216271916436273 518726 
1133 1159 88 0.757230390038028 490320 
1134 1160 84 0.0841700835115376 485534 
1135 1161 95 0.7095270067736131 527564 
1136 1162 81 0.4048627489598112 513420 
1137 1163 88 0.4853953181260701 513827 
1138 1164 84 0.39445662022724715 475225 
1139 1164 87 0.3419899541777005 483564 
1140 1167 81 0.8259253319028966 487471 
1141 1167 85 0.012558712712171839 481582 
1142 1169 93 0.25691479201686906 476388 
1143 1172 92 0.22167559373987158 515618 
1144 1173 95 0.8210827203320732 500555 
1145 1173 80 0.07596293545336052 496302 
1146 1176 93 0.8480759466740301 484394 
1147 1177 81 0.283577563290097 519238 
1148 1178 86 0.8310598222011808 457936 
1149 1181 80 0.4499045092919929 540770 
1150 1182 93 0.2043791654262557 503327 
1151 1183 96 0.5388547231396154 463500 
1152 1187 88 0.02449329323982321 524886 
1153 1188 96 0.8476547419987182 529759 
1154 1189 76 0.5552535513091473 506632 
1155 1190 94 0.5539243558541869 462220 
1156 1191 91 0.6826637409342639 466121 
1157 1192 93 0.723614887973493 500558 
1158 1192 83 0.022588173400738324 448057 
1159 1193 87 0.017474989072932746 496265 
1160 1193 89 0.09857917739900524 523632 
1161 1194 85 0.6399667275679266 518999 
1162 1194 78 0.3168939183415669 538915 
1163 1195 96 0.46204106038396103 483393 
1164 1196 86 0.7312391692361755 474690 
1165 1196 96 0.803994706051183 541169 
1166 1197 88 0.7519346083389166 543106 
1167 1199 91 0.5525913842753549 465943 
1168 1199 79 0.3362047407882083 503187 
1169 1200 96 0.6469668476792867 466900 
1170 1200 96 0.44622425242153907 505879 
1171 1200 92 0.3783285150838629 482791 
1172 1201 81 0.5421529770685566 470982 
1173 1201 81 0.14757097244480594 444225 
1174 1202 93 0.3968887897858173 533943 
1175 1202 94 0.5456645601797941 521091 
1176 1203 83 0.47342722652153235 521801 
1177 1204 83 0.4511916883667603 485348 
1178 1205 84 0.42658565380278207 487549 
1179 1206 77 0.3361701049287889 480879 
1180 1207 89 0.7408988309599167 480421 
1181 1209 92 0.42248280060639637 515119 
1182 1211 82 0.7133695495436956 539419 
1183 1213 79 0.633138232992748 516736 
1184 1213 81 0.4771382771429996 537795 
1185 1213 96 0.5269069133511004 494517 
1186 1214 76 0.35463889677133764 516882 
1187 1214 85 0.5798693993717119 445374 
1188 1216 96 0.5368925413271807 474079 
1189 1216 81 0.8161527755346007 445658 
1190 1217 83 0.09572147666155296 499193 
1191 1219 80 0.05440238448731726 524924 
1192 1222 92 0.0967970320899934 526066 
1193 1222 96 0.11201941181346271 460771 
1194 1223 85 0.0777205902294872 512819 
1195 1224 76 0.4362359868011935 462124 
1196 1225 81 0.41433588046892095 532536 
1197 1225 88 0.8659961961783074 486929 
1198 1225 83 0.5754970409047481 526658 
1199 1226 89 0.8576364379262775 487640 
1200 1226 96 0.6377806358572636 473989 
1201 1229 88 0.018145006737698137 485202 
1202 1229 83 0.06578706449985261 486776 
1203 1231 95 0.06332728409535304 451215 
1204 1232 84 0.5389445638041827 481883 
1205 1232 82 0.5345429418605682 466078 
1206 1232 91 0.4710521149189581 472126 
1207 1233 79 0.34922723401842226 474453 
1208 1236 79 0.27559839790505725 452962 
1209 1237 79 0.7066783031505541 464168 
1210 1237 93 0.28669452731617984 480092 
1211 1238 92 0.10667022668488695 511836 
1212 1238 88 0.22200525692872783 468848 
1213 1238 80 0.060771546331642445 503457 
1214 1238 84 0.18483566938195548 461855 
1215 1243 82 0.19789375593915842 528604 
1216 1244 92 0.2997739796023459 478619 
1217 1244 77 0.48423555699044196 523613 
1218 1244 81 0.28147510027731276 482438 
1219 1248 93 0.6951546940233269 461851 
1220 1249 92 0.5808010952060397 458600 
1221 1249 94 0.5022599657624164 524784 
1222 1251 91 0.39310832832105247 467342 
1223 1251 94 0.5690540013033594 459498 
1224 1251 86 0.7657592696772504 495047 
1225 1252 90 0.2400520164432334 536013 
1226 1252 95 0.8186251273533441 475838 
1227 1252 87 0.8312961442362589 510592 
1228 1253 96 0.01644985900522552 503925 
1229 1254 81 0.085778245044093 507329 
1230 1254 78 0.23019656476711367 473872 
1231 1255 94 0.20802333994173813 464566 
1232 1255 96 0.5095539181745117 473603 
1233 1255 90 0.775390043444947 491459 
1234 1255 90 0.6947294494809213 526658 
1235 1256 76 0.04467601609864514 471806 
1236 1258 90 0.7399345036912719 470253 
1237 1261 87 0.5463730518271991 527167 
1238 1262 84 0.01035800383049818 505017 
1239 1262 77 0.5957013241310601 523006 
1240 1262 87 0.5270063413769897 477080 
1241 1262 87 0.5333991727828108 507535 
1242 1263 79 0.7704303994877011 468357 
1243 1264 95 0.5222683090822859 499736 
1244 1268 84 0.07856873378256181 462989 
1245 1268 87 0.015263199650744828 508508 
1246 1269 86 0.3247903578854608 503704 
1247 1270 77 0.7794498167478203 516532 
1248 1271 82 0.8300671088124737 539814 
1249 1273 79 0.8020994950290363 458783 
1250 1274 92 0.877876970283818 479668 
1251 1277 87 0.7504243129257891 467888 
1252 1277 94 0.3789495573702042 445124 
1253 1277 95 0.8618710561580956 515430 
1254 1278 80 0.6174082540756536 453637 
1255 1279 95 0.8599417624567569 496048 
1256 1279 86 0.2738446732306551 467551 
1257 1280 87 0.6316631876509765 542210 
1258 1281 79 0.14672330286030688 458896 
1259 1282 80 0.393140584136086 472289 
1260 1283 93 0.08597193156852964 501245 
1261 1286 87 0.4157369043300264 498999 
1262 1286 76 0.14742958108067172 542202 
1263 1286 89 0.5366338274655268 468301 
1264 1286 82 0.2225676799606603 444647 
1265 1287 79 0.34946013147235183 484794 
1266 1288 95 0.3822573846922982 475592 
1267 1288 80 0.6232082366807888 517070 
1268 1291 86 0.6105503047173657 455551 
1269 1292 78 0.5596191294646622 457290 
1270 1293 84 0.48081753610942374 528574 
1271 1295 80 0.8128549205445841 521173 
1272 1297 83 0.7708395947862395 526939 
1273 1298 87 0.559447694627391 460609 
1274 1299 77 0.05538624178763208 541401 
1275 1299 80 0.7877039336417607 525571 
1276 1299 92 0.5036825469771866 479448 
1277 1303 92 0.6239352396449142 452652 
1278 1304 83 0.5442990559675853 517373 
1279 1304 81 0.08290972798372072 504331 
1280 1304 78 0.5192146846320687 488280 
1281 1305 95 0.8980148717056655 450689 
1282 1306 89 0.09203646698091807 463737 
1283 1306 80 0.1628512203848195 488335 
1284 1306 81 0.7701770322192878 506359 
1285 1306 79 0.6051005608321324 510779 
1286 1307 96 0.21950586929448807 456028 
1287 1307 79 0.09298339907336657 467755 
1288 1307 85 0.49300010146231393 477878 
1289 1307 92 0.6502457078726999 448250 
1290 1308 93 0.07631054802968432 513848 
1291 1309 83 0.08665399123179665 449272 
1292 1309 95 0.036937909571582446 513521 
1293 1310 85 0.09905269810737796 462783 
1294 1310 89 0.7575667318672238 490330 
1295 1311 76 0.8507069531945686 489365 
1296 1312 90 0.4312772060179795 477691 
1297 1313 88 0.6097844912333322 470182 
1298 1315 81 0.8833992978814954 449095 
1299 1316 93 0.5930762275126392 520822 
1300 1316 79 0.7947431561902407 528582 
1301 1317 76 0.8169885518681661 443760 
1302 1318 83 0.8787786875385912 540329 
1303 1319 92 0.4465145976047114 536001 
1304 1320 91 0.761946640413441 501899 
1305 1320 90 0.1466896707908584 453376 
1306 1320 80 0.682159141063929 476235 
1307 1321 80 0.25556625572155195 536406 
1308 1321 93 0.8867195104488927 520229 
1309 1322 92 0.7154186908309865 502648 
1310 1324 92 0.8036578419246126 465858 
1311 1324 94 0.38462131257159626 527586 
1312 1324 82 0.08242222103681293 474773 
1313 1325 85 0.6650882482114152 505696 
1314 1325 91 0.8859445075842479 532563 
1315 1326 79 0.2212930403619204 506857 
1316 1326 82 0.8361178988514125 478625 
1317 1327 88 0.12782077906023823 455711 
1318 1327 89 0.4907312288479836 477093 
1319 1328 82 0.574722852848489 468875 
1320 1328 96 0.06930230426460111 482390 
1321 1329 84 0.8437482608859072 482279 
1322 1329 85 0.6725131610853065 476315 
1323 1329 95 0.3586937054449719 505075 
1324 1331 79 0.17267003815017518 453747 
1325 1332 91 0.4490506920722388 533826 
1326 1334 79 0.10160305783970293 457156 
1327 1335 83 0.02435977054435684 488229 
1328 1338 93 0.3298997757041486 455973 
1329 1339 77 0.3913476638655553 483553 
1330 1340 89 0.7322642822704174 455096 
1331 1341 78 0.19452597513169834 512184 
1332 1343 85 0.5500147798466407 511209 
1333 1343 91 0.010511284810559912 464830 
1334 1344 80 0.22780825313615283 480406 
1335 1345 79 0.4536817523928437 532801 
1336 1346 83 0.3747085012295377 511675 
1337 1346 79 0.204250660682107 524607 
1338 1349 95 0.7859505237719517 447088 
1339 1349 88 0.7620607790337337 457299 
1340 1349 79 0.7425581039681737 498879 
1341 1352 80 0.634011449300136 505977 
1342 1355 84 0.7681025472236045 540644 
1343 1357 94 0.8697975226082043 491693 
1344 1358 93 0.07856519290643424 509297 
1345 1358 87 0.7889543871329594 464092 
1346 1360 81 0.7568258348096192 483973 
1347 1360 88 0.867618981789847 535028 
1348 1361 94 0.6992127558107719 498708 
1349 1362 82 0.30951934371516837 459508 
1350 1363 79 0.1215408292057839 489479 
1351 1363 95 0.27534152391540423 540028 
1352 1365 86 0.8992069011932308 496539 
1353 1365 85 0.5074280805250455 533603 
1354 1365 77 0.5442697358449687 476885 
1355 1365 76 0.23234414008645002 527456 
1356 1367 90 0.32039306246938537 487776 
1357 1368 87 0.7731246306675481 455432 
1358 1370 78 0.18056975714913023 482125 
1359 1371 80 0.6779321842774714 533799 
1360 1371 94 0.7131352568633281 487786 
1361 1371 94 0.8779807734453188 540396 
1362 1372 96 0.029470726337475314 507075 
1363 1373 95 0.3997816774149013 537526 
1364 1374 88 0.5682795126569095 468002 
1365 1375 76 0.08284864119270217 536173 
1366 1375 78 0.5449421842935894 533892 
1367 1377 79 0.7511581206083975 542843 
1368 1378 91 0.6346827381084167 543056 
1369 1378 96 0.3956315295213422 509057 
1370 1379 79 0.37645507071689044 517475 
1371 1380 92 0.564319970236598 535901 
1372 1381 90 0.7294765005896978 488305 
1373 1381 89 0.268246666999871 488919 
1374 1382 90 0.7398761933060234 454964 
1375 1383 88 0.8574206224870683 492163 
1376 1384 90 0.47013513325440526 543122 
1377 1386 93 0.48446690405593934 460579 
1378 1387 92 0.5785069825962642 523994 
1379 1389 84 0.7709561973246629 462160 
1380 1391 81 0.3739005578313694 450216 
1381 1392 77 0.8479516859701474 484600 
1382 1392 78 0.38284794028663505 464659 
1383 1393 92 0.4261880993233314 493793 
1384 1393 81 0.4228617232271364 507739 
1385 1394 90 0.028410186672692468 482367 
1386 1394 77 0.3147378991390599 464402 
1387 1395 77 0.7837478596952371 518360 
1388 1397 95 0.4844202776970096 490506 
1389 1399 94 0.6298098941254515 537909 
1390 1399 90 0.23908968922916665 540966 
1391 1400 89 0.5159277966401771 481280 
1392 1401 82 0.347342203636967 464254 
1393 1401 83 0.4944630600121247 453638 
1394 1401 92 0.6503683794142806 477743 
1395 1403 89 0.02877084511937187 542539 
1396 1404 90 0.3371027798730968 488234 
1397 1407 90 0.7172543217701397 542163 
1398 1409 90 0.7314316953925741 532627 
1399 1410 80 0.1089813957722667 495031 
1400 1411 88 0.318545414496921 525850 
1401 1415 89 0.8091094314185802 493092 
1402 1415 82 0.5226158877790407 524235 
1403 1416 85 0.6977657245316492 511168 
1404 1421 83 0.7828982730628852 489686 
1405 1421 80 0.624784357358901 467805 
1406 1423 89 0.7993427173459212 511984 
1407 1424 79 0.16933702630503455 497700 
1408 1424 81 0.4463927235553113 541750 
1409 1428 84 0.38426843875189204 467430 
1410 1430 89 0.11243423775110006 515584 
1411 1431 92 0.5891299831828144 531005 
1412 1432 77 0.7802049392756696 502058 
1413 1432 78 0.3970298896489356 503933 
1414 1433 95 0.11485102814660425 471860 
1415 1434 82 0.6535968373620831 460306 
1416 1436 80 0.8214440138829299 494289 
1417 1436 88 0.2770515949629914 473068 
1418 1437 94 0.13866049541666914 463987 
1419 1439 91 0.7985547173032164 531379 
1420 1439 91 0.794753908696888 500677 
1421 1441 95 0.22652308997629764 446386 
1422 1442 87 0.8369152042411295 519583 
1423 1444 79 0.24140676056310137 502707 
1424 1446 76 0.4838355157789589 496926 
1425 1446 87 0.4912111402996163 518180 
1426 1446 94 0.8500049820639849 501142 
1427 1448 77 0.7886766125566688 522899 
1428 1449 91 0.7217797665030585 466504 
1429 1449 78 0.343598366104401 536257 
1430 1451 94 0.2258418852572346 506477 
1431 1453 84 0.25613967000836607 539242 
1432 1454 81 0.6197211238932523 482702 
1433 1454 90 0.2517316643383489 451633 
1434 1456 87 0.8465784067281954 488739 
1435 1459 94 0.12292797216678181 543263 
1436 1460 76 0.4738531973335319 518308 
1437 1460 79 0.6996513285247172 498647 
1438 1462 82 0.2134734629222933 454813 
1439 1463 85 0.577086397713528 503199 
1440 1464 96 0.7289380629696522 476819 
1441 1466 78 0.5276660792857437 526622 
1442 1467 78 0.17543284148282626 481058 
1443 1467 95 0.7207264697852788 512751 
1444 1468 95 0.8139266856271401 532501 
1445 1469 81 0.17720777387391998 449017 
1446 1469 91 0.8031992369222873 481872 
1447 1471 83 0.13505002132109822 445026 
1448 1472 89 0.4493978992798581 517171 
1449 1472 81 0.7375762532243657 516202 
1450 1472 88 0.02774548563247587 477088 
1451 1474 76 0.561562790519887 531950 
1452 1474 87 0.01738295631439244 475906 
1453 1476 78 0.8694790102081205 496883 
1454 1477 93 0.5553494104517365 517295 
1455 1477 89 0.2242313593726987 456586 
1456 1480 86 0.37767988769639665 478052 
1457 1480 76 0.6735562417582867 470767 
1458 1480 81 0.4667613994009953 524180 
1459 1482 78 0.22272138584967346 485288 
1460 1483 89 0.18734451178233774 515963 
1461 1483 79 0.31608722737401496 466876 
1462 1483 92 0.5457302710159558 511005 
1463 1483 86 0.6638613119862173 455574 
1464 1484 90 0.6804622937290163 463404 
1465 1489 95 0.5756152528447883 492732 
1466 1490 81 0.421192845638242 538320 
1467 1490 81 0.39958080526384315 464977 
1468 1491 96 0.3162567665629349 503682 
1469 1494 96 0.22752905551609745 452634 
1470 1496 86 0.5745012706836585 501656 
1471 1499 80 0.09818089413027331 537395 
1472 1503 77 0.5267626000164823 483341 
1473 1505 90 0.4644723393938829 488371 
1474 1508 76 0.3585375383561097 493299 
1475 1509 91 0.0711791904708871 487490 
1476 1511 78 0.8950772821469695 514232 
1477 1512 84 0.08498349395354841 531872 
1478 1512 96 0.2628000513499175 470120 
1479 1513 76 0.587580436541714 455947 
1480 1514 90 0.6487049454450692 528349 
1481 1514 82 0.49545228257700635 479186 
1482 1515 80 0.5153136922610033 521050 
1483 1516 81 0.6030571395585123 486050 
1484 1516 80 0.7997217355166787 506188 
1485 1516 90 0.17379608473567829 451025 
1486 1516 79 0.503770424664992 478930 
1487 1516 81 0.8557229160940927 518230 
1488 1517 79 0.4623487019771662 512115 
1489 1518 79 0.6233813102433606 472425 
1490 1518 93 0.3396836954999299 538336 
1491 1520 93 0.48452345890402027 453422 
1492 1522 89 0.33074383492751724 467607 
1493 1523 80 0.5525564423503861 480368 
1494 1524 89 0.6552347760906609 501318 
1495 1524 82 0.8716453305245256 464711 
1496 1525 92 0.32714391614952837 530849 
1497 1525 86 0.6016434109957621 517033 
1498 1526 94 0.19278962611285907 493824 
1499 1528 81 0.045743357000680974 482108 
1500 1528 92 0.8372450519237009 516424 
1501 1529 88 0.8922393545015946 540020 
1502 1529 82 0.7685614103176123 529758 
1503 1531 89 0.6225503920124766 539707 
1504 1533 87 0.4161208231618079 492390 
1505 1534 76 0.4221384218774473 457524 
1506 1534 96 0.5731214466554679 468940 
1507 1535 96 0.7114431766300073 517047 
1508 1536 96 0.8115910380893921 514018 
1509 1536 77 0.43505669801420715 522259 
1510 1536 92 0.7309390012533633 542661 
1511 1537 78 0.2280384581478364 487195 
1512 1537 78 0.38661709547942896 477889 
1513 1537 80 0.13154963543380238 476386 
1514 1540 84 0.8278226422287457 515489 
1515 1545 81 0.5988586322509455 534921 
1516 1546 90 0.5635404334996641 495341 
1517 1547 80 0.39977535462276026 455019 
1518 1548 93 0.8332488576840462 476960 
1519 1548 78 0.666422931782052 465585 
1520 1548 78 0.07023087874466397 503641 
1521 1548 84 0.5108395796039589 472344 
1522 1549 85 0.6005662177907486 482448 
1523 1555 81 0.5152729801557746 446695 
1524 1556 87 0.799062204121424 446156 
1525 1556 84 0.32756191701055315 483296 
1526 1557 94 0.8847975000232492 473714 
1527 1557 89 0.19738308513767558 528142 
1528 1561 84 0.8742483066516292 522599 
1529 1561 86 0.6555405018059237 480132 
1530 1561 78 0.6240388527939954 452077 
1531 1562 77 0.5363470342153519 533700 
1532 1563 78 0.07654231436025123 461864 
1533 1567 84 0.43881301567111425 460145 
1534 1570 85 0.7794671272447136 539780 
1535 1570 90 0.45389718095407416 474770 
1536 1572 95 0.0530758393310773 447581 
1537 1575 94 0.6786370647319621 444993 
1538 1577 85 0.4965089455796731 541374 
1539 1578 91 0.23551523377896239 492322 
1540 1580 92 0.6591766395864784 520073 
1541 1581 78 0.22070437137140334 480455 
1542 1584 95 0.509435228922423 493348 
1543 1584 89 0.3974821305866107 489246 
1544 1584 82 0.8389263895189464 522306 
1545 1585 76 0.3963986941334169 518998 
1546 1586 90 0.52630172886279 537023 
1547 1586 89 0.19822278865760332 476625 
1548 1587 90 0.7953047276977505 505667 
1549 1587 77 0.062076276736711615 475729 
1550 1588 93 0.18331595558910033 467136 
1551 1588 86 0.022955750358743227 470525 
1552 1588 80 0.8436508122299002 524944 
1553 1588 87 0.033749940403873045 511263 
1554 1588 81 0.7081213499840447 447129 
1555 1589 92 0.13562487662070147 530310 
1556 1590 89 0.6624097327511832 530623 
1557 1590 90 0.6289090584734313 508153 
1558 1592 76 0.04402453461312012 537766 
1559 1592 90 0.8813963104282845 498203 
1560 1592 82 0.37160942014236936 473752 
1561 1593 84 0.35420901824931816 469036 
1562 1593 93 0.23567909885793692 489201 
1563 1593 82 0.48120024266928885 517681 
1564 1593 80 0.7751114107908003 497916 
1565 1595 85 0.18478763394140574 514784 
1566 1595 78 0.7110939594720006 513110 
1567 1598 83 0.8790506719102334 502100 
1568 1598 91 0.18776824460762437 490856 
1569 1598 77 0.2413258331008658 512270 
1570 1599 95 0.0220868275310616 507183 
1571 1599 77 0.10475950113419909 448971 
1572 1600 91 0.08791212833901386 456371 
1573 1602 92 0.31289470636922107 515793 
1574 1602 94 0.04160830185525587 506118 
1575 1604 76 0.4894145303312083 492799 
1576 1606 88 0.282946599668901 478275 
1577 1606 91 0.8784464292639405 488194 
1578 1608 94 0.5256193761308748 521440 
1579 1608 79 0.8695846433372636 449680 
1580 1609 79 0.38143577647812993 503382 
1581 1609 92 0.5230667942297241 453073 
1582 1610 80 0.6988223299615307 520026 
1583 1610 81 0.7715613949398793 514360 
1584 1611 81 0.12444619030302777 464990 
1585 1612 87 0.8591841317797647 450354 
1586 1613 81 0.5276733553039266 463231 
1587 1613 76 0.47131011961117475 461194 
1588 1613 91 0.7057877964348254 485894 
1589 1617 76 0.20761731304935216 472244 
1590 1618 86 0.288841284738811 491019 
1591 1618 76 0.856753573062125 454748 
1592 1622 88 0.31891902498575664 444261 
1593 1625 88 0.352685531148379 462775 
1594 1626 77 0.43436384867625427 533069 
1595 1627 89 0.37266105705154723 480397 
1596 1628 85 0.6015623748590331 481696 
1597 1631 79 0.34341604553433236 535407 
1598 1632 87 0.26385208362800033 481706 
1599 1632 80 0.4184826011069452 526490 
1600 1633 81 0.39288198781702305 535570 
1601 1634 82 0.6564386000924163 518842 
1602 1635 95 0.2697357567170272 485237 
1603 1637 86 0.22529942619423748 468353 
1604 1639 91 0.3599280487335241 477260 
1605 1639 79 0.1919625617627985 479197 
1606 1640 90 0.775345667753037 480191 
1607 1640 93 0.245392204209757 459682 
1608 1641 79 0.6260711762107118 530329 
1609 1643 91 0.12812301872792167 457178 
1610 1644 95 0.4201356532910514 460198 
1611 1644 89 0.03443113463984455 450018 
1612 1646 83 0.06046937853665276 506937 
1613 1648 93 0.8188628044510428 514016 
1614 1648 87 0.6376408943868107 472491 
1615 1648 85 0.32111190627795977 492002 
1616 1648 82 0.39948372073133936 477198 
1617 1649 93 0.1696058878377663 528918 
1618 1650 83 0.18502171340158807 511888 
1619 1650 88 0.35004957608695925 502460 
1620 1651 76 0.5465329685237675 514757 
1621 1651 83 0.15180691017034553 451744 
1622 1652 94 0.06148123507081178 523154 
1623 1652 95 0.1846951499686862 490015 
1624 1654 87 0.0765033109893675 483984 
1625 1655 86 0.12057695021376279 497590 
1626 1656 90 0.33006737566284267 456656 
1627 1659 93 0.892466449684416 527387 
1628 1661 87 0.08571063832444613 457691 
1629 1661 94 0.2618538169322664 537639 
1630 1664 92 0.2837056680339893 526244 
1631 1665 86 0.3664639664997437 524751 
1632 1665 86 0.7369257769720587 499955 
1633 1666 94 0.05242567439972774 503161 
1634 1667 90 0.5379205440541025 533676 
1635 1668 96 0.3620506652401009 522194 
1636 1668 82 0.589087824319589 514962 
1637 1668 92 0.41053222173015097 454562 
1638 1668 81 0.802070356048316 508099 
1639 1672 79 0.5844272848536041 498169 
1640 1672 91 0.6631024648629612 534644 
1641 1672 87 0.4041380198522298 466971 
1642 1672 87 0.8729718113245524 488109 
1643 1674 92 0.6939038686471569 541597 
1644 1675 78 0.11142004729879594 476964 
1645 1675 84 0.49931535868086263 481881 
1646 1677 81 0.3267504438219334 536662 
1647 1678 95 0.5053553390122029 469876 
1648 1679 78 0.1964205517805607 525162 
1649 1679 80 0.5562826254247805 444364 
1650 1680 92 0.7994928598918651 498182 
1651 1682 78 0.6043673661573704 527111 
1652 1682 81 0.05629911756372238 536576 
1653 1683 86 0.28649888288860587 513076 
1654 1684 78 0.7679141504108968 529161 
1655 1685 85 0.7465981508115206 515303 
1656 1687 90 0.5217780762583445 451146 
1657 1687 91 0.11347939655451238 457501 
1658 1688 92 0.47146753070549713 532269 
1659 1688 79 0.5089956342718872 477991 
1660 1693 76 0.3263040495296 444234 
1661 1693 93 0.8649670071857047 519605 
1662 1693 83 0.4147082913910976 499500 
1663 1694 82 0.14482328913119757 479707 
1664 1696 88 0.672323418747093 499082 
1665 1697 85 0.15727202784653638 540601 
1666 1698 87 0.019075975628861708 486876 
1667 1698 77 0.5993285097208785 457681 
1668 1699 83 0.17330809665180355 467246 
1669 1699 85 0.427814344140969 502392 
1670 1699 84 0.04041749377801792 473894 
1671 1699 79 0.2508295203378983 538601 
1672 1700 86 0.3496681251995443 466030 
1673 1700 81 0.45629435551514086 520450 
1674 1701 80 0.8670077082752236 497295 
1675 1701 88 0.5315370092078617 447599 
1676 1701 88 0.3829967953455831 471263 
1677 1703 96 0.8291499731658215 483865 
1678 1706 76 0.5342985643748928 530466 
1679 1708 79 0.5020128327101676 450533 
1680 1708 90 0.7879513669622835 445781 
1681 1708 80 0.4598191363846172 508705 
1682 1709 91 0.4472572920248968 505257 
1683 1709 81 0.37086516895106447 518612 
1684 1711 82 0.8008473218925181 523543 
1685 1713 85 0.7504937271691686 509664 
1686 1714 81 0.17495283303551945 478051 
1687 1715 83 0.6257854142638393 479552 
1688 1716 83 0.47132540667733663 520188 
1689 1718 92 0.027998418562815583 522099 
1690 1718 78 0.7284657253379659 515383 
1691 1719 79 0.25978856557301266 447596 
1692 1719 96 0.5455794833761367 489246 
1693 1721 93 0.10973656588303554 519463 
1694 1721 85 0.30280079223121764 455925 
1695 1721 90 0.4613988067865959 454437 
1696 1722 96 0.040398415120761054 526677 
1697 1723 84 0.15585228772254248 447194 
1698 1724 86 0.1682464568725097 470571 
1699 1724 95 0.45690405393196976 502056 
1700 1728 89 0.23913475654356775 450550 
1701 1729 76 0.2618767700963187 488993 
1702 1730 87 0.8710359373226574 539772 
1703 1730 88 0.6185127682575088 511813 
1704 1731 76 0.8701179544753566 495420 
1705 1732 82 0.6496139144299428 451484 
1706 1732 87 0.3534375247524257 538416 
1707 1732 84 0.15690331857757797 521633 
1708 1733 83 0.6633309272054995 498854 
1709 1733 90 0.56287528613024 444310 
1710 1734 91 0.26555479153987616 530370 
1711 1736 94 0.02642704702442264 503401 
1712 1736 85 0.7376616171235124 449406 
1713 1737 90 0.26484920723787014 477912 
1714 1738 94 0.04527433230399515 505116 
1715 1740 96 0.4669275361500422 507344 
1716 1740 87 0.3100937346785552 506140 
1717 1740 90 0.4777115960347722 516219 
1718 1741 78 0.487828717060461 517520 
1719 1741 87 0.0915773506049027 473801 
1720 1741 87 0.8080444963828377 447579 
1721 1743 86 0.07109010388811261 445333 
1722 1743 78 0.2999714776027108 449769 
1723 1744 84 0.5737597997307687 456263 
1724 1745 95 0.745853289231782 506332 
1725 1746 94 0.27484300921940175 474114 
1726 1747 91 0.5641138530949772 454218 
1727 1747 78 0.18586283885915533 464326 
1728 1748 79 0.479597094021524 464440 
1729 1750 91 0.13401939015590203 503852 
1730 1750 83 0.3721002727715776 504732 
1731 1750 78 0.7890097650369527 490051 
1732 1750 84 0.8413934506403282 532740 
1733 1751 77 0.25259361107460926 446320 
1734 1751 76 0.615515845925825 537262 
1735 1751 91 0.6012085599525097 528230 
1736 1752 79 0.7334954607848739 516114 
1737 1752 84 0.2812827819333624 463789 
1738 1752 91 0.0555412038761226 470930 
1739 1753 93 0.6548911985926892 541296 
1740 1754 77 0.8725076665904014 460078 
1741 1754 95 0.5859611086537618 521098 
1742 1754 81 0.31243982244856194 461603 
1743 1758 83 0.1766030724001323 532329 
1744 1761 92 0.290183247775282 519497 
1745 1761 93 0.8742317141701273 464166 
1746 1761 90 0.17145310573342593 460156 
1747 1762 82 0.47484046378607886 520549 
1748 1763 78 0.24666097126580772 533049 
1749 1763 76 0.2180288005730189 506358 
1750 1764 83 0.07413058262283151 444720 
1751 1764 85 0.49706315557317426 519446 
1752 1767 79 0.827452201742716 520362 
1753 1767 77 0.29903206785142283 481884 
1754 1769 92 0.39561731622701446 469014 
1755 1769 90 0.2439321640887815 464276 
1756 1771 95 0.5846596576628862 465024 
1757 1771 85 0.24604452286613157 485193 
1758 1772 82 0.5938170004374923 478803 
1759 1772 87 0.8458513989499499 445693 
1760 1772 88 0.03588519561952102 519248 
1761 1775 95 0.46351625700451865 530479 
1762 1777 90 0.047706862436849115 482095 
1763 1777 81 0.4231585679123779 533837 
1764 1779 81 0.7320718871438054 511107 
1765 1781 93 0.2590747735980063 497055 
1766 1781 90 0.46717346767571366 508278 
1767 1782 87 0.026968074738858594 536226 
1768 1782 90 0.7440624752831269 470004 
1769 1783 84 0.5115437981506317 514784 
1770 1783 91 0.7397047620585729 529385 
1771 1784 81 0.07381743922687836 444997 
1772 1786 90 0.5399357494641189 529880 
1773 1786 87 0.3241567565764133 501763 
1774 1786 76 0.40287844676502393 520314 
1775 1787 90 0.0829280969508725 517705 
1776 1788 92 0.6483698566061978 518179 
1777 1789 81 0.36082138829358007 473043 
1778 1789 87 0.11994466722534974 465661 
1779 1791 80 0.2837931144714313 448759 
1780 1791 85 0.3322364607549122 522830 
1781 1792 83 0.8570458172533205 530510 
1782 1793 96 0.42016772158128085 509271 
1783 1793 88 0.05504076818079578 508544 
1784 1793 96 0.5095150286051335 456322 
1785 1793 92 0.43837473029062307 532010 
1786 1794 84 0.37412383879420646 474501 
1787 1795 84 0.8449514832223406 511403 
1788 1795 82 0.5068785696705058 495865 
1789 1796 96 0.7060737168914152 475406 
1790 1796 80 0.6872752516225351 518128 
1791 1797 78 0.7420467787207419 505873 
1792 1797 81 0.2455523755973513 528005 
1793 1798 79 0.42150105379779335 520007 
1794 1801 93 0.5287462466371825 479919 
1795 1803 89 0.06320067242172205 521416 
1796 1805 93 0.5231549576837526 451955 
1797 1806 85 0.6989750206010127 468319 
1798 1807 95 0.15778451352122586 534373 
1799 1807 88 0.012041275439198564 499904 
1800 1811 82 0.3324293751720358 495204 
1801 1813 77 0.2755703062889032 523821 
1802 1813 86 0.7453581273730657 480105 
1803 1816 85 0.33987708824082724 523072 
1804 1817 86 0.590753887916674 527911 
1805 1819 94 0.7651225335685223 508809 
1806 1822 85 0.4403786135867944 484177 
1807 1822 93 0.2597074318362508 481762 
1808 1823 92 0.06316332075987348 491084 
1809 1823 79 0.4331788333979285 462169 
1810 1823 95 0.13743030445970694 506800 
1811 1824 83 0.33030719831234795 448038 
1812 1824 80 0.7230354859424579 537540 
1813 1826 93 0.8060994976584305 510240 
1814 1831 78 0.597037475497696 443483 
1815 1831 77 0.3433112674632845 500785 
1816 1832 81 0.6714153211982052 503385 
1817 1832 96 0.8101138177509128 497753 
1818 1833 80 0.1192316109579641 443696 
1819 1837 79 0.18188338508334465 482236 
1820 1841 82 0.018132622405174013 485105 
1821 1842 81 0.4355343310777034 483971 
1822 1843 78 0.7284839134530097 481439 
1823 1843 83 0.11634103139105721 490345 
1824 1844 85 0.7815658890851828 456785 
1825 1844 80 0.18431153911488296 532501 
1826 1845 89 0.4258598182567113 477722 
1827 1845 96 0.032458831637882664 527575 
1828 1845 87 0.2527014717692723 500986 
1829 1845 78 0.8653770759837045 483993 
1830 1846 76 0.5068483687412341 477832 
1831 1847 94 0.23144902775999399 463248 
1832 1848 76 0.7891516605501736 514626 
1833 1851 89 0.15558537134091224 464200 
1834 1851 80 0.17297357046996062 464301 
1835 1852 86 0.40596558804845595 463287 
1836 1852 79 0.8594284526964723 526611 
1837 1853 94 0.3725805113413152 498801 
1838 1853 95 0.43852718298116955 479537 
1839 1854 83 0.08923290191081348 518015 
1840 1855 93 0.29262373680010245 445555 
1841 1856 94 0.26728666683124763 519080 
1842 1856 77 0.12101430009069086 515207 
1843 1858 86 0.5713225060846919 500246 
1844 1858 80 0.5175079937347848 509461 
1845 1858 82 0.575200769653825 538231 
1846 1858 95 0.6332197280960676 498760 
1847 1858 92 0.4544473750591641 516253 
1848 1859 77 0.5490303131869615 480885 
1849 1860 88 0.5711588303327715 518025 
1850 1861 88 0.06743760839086865 492207 
1851 1863 88 0.16440218940843607 523742 
1852 1863 90 0.7448795484231234 510591 
1853 1864 95 0.44714160576857065 513566 
1854 1868 88 0.738782499206316 496119 
1855 1869 85 0.8953103657181246 485760 
1856 1870 84 0.19655305555282654 501944 
1857 1871 93 0.8735895166020887 518990 
1858 1872 93 0.30989634686590045 447170 
1859 1873 93 0.4883382990212715 461732 
1860 1874 90 0.5135752732522904 509593 
1861 1874 86 0.3723427060287497 501870 
1862 1874 88 0.5056098233875542 443940 
1863 1877 96 0.6392407883235286 527183 
1864 1879 85 0.5900618901604913 470858 
1865 1879 78 0.5493987290831973 478489 
1866 1880 79 0.6263280977801385 523249 
1867 1880 86 0.46427072020310756 480522 
1868 1881 78 0.03537130388924919 457884 
1869 1881 90 0.5921886921997087 540902 
1870 1882 88 0.036796823060539594 467853 
1871 1882 82 0.8626660397832411 480047 
1872 1883 78 0.11136120455774225 463752 
1873 1884 80 0.4202406674414247 454945 
1874 1885 94 0.8324895327001237 540935 
1875 1887 79 0.4313657855729795 466051 
1876 1887 91 0.642696642249074 475836 
1877 1888 94 0.20406934795042936 522954 
1878 1888 95 0.6761540569882593 528008 
1879 1889 92 0.3489170729657345 471048 
1880 1889 85 0.3050744627582826 531385 
1881 1889 78 0.48697677363275854 494217 
1882 1890 87 0.13771533318428736 537593 
1883 1891 90 0.8142518953952589 481893 
1884 1891 90 0.2685901952758904 475472 
1885 1891 92 0.34556316041546226 509713 
1886 1891 95 0.7691397774615409 471086 
1887 1893 76 0.35487857123100836 511726 
1888 1895 82 0.47707627340415226 533128 
1889 1896 91 0.2628142504523514 466074 
1890 1896 81 0.7674565931052006 491382 
1891 1897 86 0.18635232334779187 541180 
1892 1899 81 0.5923588845200667 532288 
1893 1900 77 0.819152646524982 468730 
1894 1900 86 0.7199574233577524 506706 
1895 1901 81 0.5865780037094915 539884 
1896 1902 84 0.5982245034682446 459931 
1897 1903 95 0.061760913531858475 484542 
1898 1903 85 0.5150999452848869 481858 
1899 1904 85 0.406411403439747 475873 
1900 1904 78 0.14955246298428926 483186 
1901 1906 84 0.48181054131373 516072 
1902 1907 77 0.48411442496635915 528290 
1903 1908 81 0.28357626701484245 506694 
1904 1908 78 0.0905781091994399 452816 
1905 1908 92 0.7151476379287903 510935 
1906 1909 84 0.3721611674089031 468987 
1907 1910 80 0.3778157739109444 471936 
1908 1912 92 0.3755661143159976 453565 
1909 1912 83 0.016877115066498166 524375 
1910 1914 81 0.33974188199336147 542434 
1911 1915 94 0.8754486529280092 444463 
1912 1921 81 0.6217043446061712 534234 
1913 1922 80 0.6748346458741012 537277 
1914 1924 95 0.44741741106764904 446921 
1915 1924 88 0.3839081360182615 484178 
1916 1927 82 0.6090276981018051 486149 
1917 1927 91 0.6616257460392561 507763 
1918 1929 96 0.1861423691301547 540914 
1919 1929 88 0.5170418217317733 542375 
1920 1929 83 0.19302015830796038 537168 
1921 1934 82 0.5642155820105051 462307 
1922 1934 79 0.10558463917833193 524075 
1923 1934 82 0.7220004127614459 523306 
1924 1935 92 0.28111698852646533 503097 
1925 1935 89 0.06584994566552413 499123 
1926 1936 81 0.18068889167674146 469843 
1927 1936 78 0.8404412246227408 507240 
1928 1936 84 0.027454170466136955 476794 
1929 1939 82 0.021108072875870312 454568 
1930 1939 78 0.15549695017880738 510423 
1931 1940 80 0.5075711265355809 506976 
1932 1941 82 0.8020733555572757 480539 
1933 1942 83 0.4113960467362501 483860 
1934 1943 86 0.4278619266188701 521505 
1935 1944 88 0.15637802345645838 500252 
1936 1945 80 0.8857452286945775 448511 
1937 1945 91 0.5913436371206611 488974 
1938 1947 96 0.34250423390937207 488687 
1939 1947 94 0.34849575735259786 478342 
1940 1947 87 0.08494495264884065 509944 
1941 1947 87 0.7601426942059283 491498 
1942 1948 82 0.8019723187307595 509727 
1943 1951 95 0.8371908669919487 476907 
1944 1952 83 0.814469609271071 489905 
1945 1952 90 0.7888724782951148 495516 
1946 1952 95 0.770135613449394 529515 
1947 1953 92 0.6058143410558932 448678 
1948 1953 94 0.7956339628888358 515694 
1949 1953 77 0.4999210874439305 474401 
1950 1954 88 0.06807810833420137 486296 
1951 1957 81 0.7090924806965843 526120 
1952 1957 79 0.012622009584624538 481932 
1953 1957 80 0.8558441389098655 447728 
1954 1958 82 0.47560151967141495 520114 
1955 1959 89 0.8768346131778507 532987 
1956 1959 89 0.7420822112845404 492976 
1957 1962 83 0.01479136633252293 445051 
1958 1964 79 0.2935967194918707 525311 
1959 1965 87 0.4579977688808355 476022 
1960 1965 92 0.8104289266709457 512782 
1961 1965 87 0.8144199590930411 501263 
1962 1966 83 0.7029195322210438 482518 
1963 1966 92 0.20033989860560725 473382 
1964 1967 87 0.10586609020469401 489177 
1965 1967 77 0.6379866126666767 460483 
1966 1968 83 0.6244335113263123 525268 
1967 1969 76 0.39514760071521265 540745 
1968 1972 94 0.8380247768735929 513712 
1969 1975 96 0.49099120791611134 512929 
1970 1975 86 0.6955391035699818 454620 
1971 1979 96 0.42783095488997486 501490 
1972 1980 91 0.3069799365081854 508022 
1973 1980 87 0.7700285251939374 513603 
1974 1981 77 0.5225562408929973 524509 
1975 1983 91 0.883466508201063 493194 
1976 1983 86 0.23841947005288477 538173 
1977 1983 84 0.4744094389981989 541332 
1978 1983 91 0.4945342958503295 502540 
1979 1983 77 0.21201953018558986 476151 
1980 1986 89 0.871931473440131 487693 
1981 1987 82 0.49985922497126634 528457 
1982 1987 82 0.49695642030617015 472953 
1983 1988 96 0.7643295678769684 514872 
1984 1989 84 0.701250486365751 485125 
1985 1989 88 0.774114113372251 509326 
1986 1992 81 0.09615540638877818 494177 
1987 1992 92 0.22580022441462527 491770 
1988 1993 83 0.8284690422000021 517848 
1989 1994 94 0.6773802719568665 444475 
1990 1994 93 0.11886561786519505 446026 
1991 1994 90 0.6268708034358478 519061 
1992 1996 95 0.7591008712984024 464710 
1993 1997 92 0.17600623256149964 483553 
1994 1997 91 0.2605182437301301 479535 
1995 1998 85 0.1748172040358741 518264 
1996 1999 88 0.27100689485391016 455950 
1997 1999 84 0.559794202738491 542443 
1998 1999 78 0.5400659223901493 500214 
1999 2000 82 0.315619851441764 499795 
2000 0 87 0.6376254211829524 501166 
