1 3 111 0.504349571736642 502374 
2 5 111 0.6332002809760622 418500 
3 6 107 0.569813801531904 507823 
4 7 108 0.11274926655829984 436101 
5 7 113 0.482640696994247 418693 
6 10 125 0.2890455307386133 436363 
7 12 121 0.5238864466530136 427632 
8 12 123 0.5395890652938744 420813 
9 13 125 0.7107383111774408 449928 
10 16 112 0.1264106250348984 428377 
11 19 114 0.7916133428591285 422368 
12 20 112 0.7919492427741022 456829 
13 20 124 0.26149302814765646 427879 
14 20 116 0.3110597846016471 495340 
15 21 110 0.49168889138627997 499952 
16 21 111 0.5708754710081292 490280 
17 21 113 0.30199204149657977 418635 
18 22 120 0.7067740781880352 479745 
19 24 120 0.875062721496166 411586 
20 25 126 0.12199163041338004 417951 
21 28 126 0.6356017734204201 473883 
22 29 109 0.6582138017970643 503278 
23 30 107 0.13917429300961015 506461 
24 30 117 0.12235503993889568 441168 
25 32 108 0.1486070246814853 411779 
26 32 115 0.6542381616479015 483464 
27 33 123 0.8811146858942371 469954 
28 35 123 0.43346366519191115 496082 
29 35 122 0.6255649752376731 408473 
30 35 119 0.03404595780662331 440653 
31 36 113 0.8128721873230138 414618 
32 38 109 0.5112930582931594 479879 
33 39 126 0.6542837428857269 480693 
34 39 120 0.5381063046489238 451755 
35 40 111 0.2224914714773525 470810 
36 42 112 0.31223695745501034 486371 
37 44 112 0.6747906485097606 455114 
38 45 123 0.04977250803112872 460688 
39 46 107 0.5525617849615153 480966 
40 49 118 0.4839428933993997 419545 
41 52 118 0.3311113513793244 457588 
42 54 111 0.025810141114506316 440821 
43 54 108 0.7404422499431195 467839 
44 55 123 0.35558025359234524 479248 
45 58 110 0.8347080612951407 500640 
46 59 126 0.33440686488828925 434598 
47 60 124 0.2293068736136539 466765 
48 62 115 0.5211570179481951 440248 
49 64 110 0.08480965174683179 474013 
50 64 113 0.32972781192158546 455657 
51 64 118 0.5546911505816937 471167 
52 65 122 0.7894173256769539 460342 
53 65 106 0.6727158192695429 417848 
54 67 112 0.4611019178288074 448835 
55 67 115 0.7826913916678115 451936 
56 67 124 0.42033034327981955 434107 
57 73 125 0.3227514698258476 476768 
58 75 118 0.673744628400209 426611 
59 76 111 0.7816520718304639 418546 
60 77 115 0.3101416461826674 418051 
61 77 126 0.3315937817495603 460979 
62 78 119 0.7351413502992202 441199 
63 80 113 0.6751955634006058 434924 
64 81 126 0.8371483568898449 454637 
65 82 125 0.8842055755341316 493206 
66 82 109 0.014827879880695548 428020 
67 84 122 0.17615005433082737 421189 
68 84 120 0.34680468484250765 456710 
69 85 113 0.4213596259346598 483875 
70 86 106 0.2022214229667047 456706 
71 87 126 0.7934304083429423 429580 
72 87 108 0.6099607686198736 507395 
73 88 116 0.44713067959796493 434516 
74 89 120 0.4608116693510635 416743 
75 96 113 0.10508182470108234 424055 
76 97 116 0.10142131929247433 461341 
77 100 106 0.534708461479724 409067 
78 100 110 0.6000563512646684 503176 
79 106 120 0.1001895916154555 417315 
80 107 118 0.8032101309674247 454713 
81 108 113 0.16013705307421133 432671 
82 110 115 0.5088391595520814 447437 
83 111 110 0.8242815727164221 482190 
84 112 111 0.46019686434307894 423033 
85 115 121 0.5004454420080071 452150 
86 121 107 0.1723633621774788 488281 
87 123 114 0.6946984330490286 423232 
88 123 110 0.4267119142122966 425769 
89 123 113 0.828298128229861 425646 
90 123 107 0.06635914728489997 435554 
91 124 119 0.5844060460261111 444723 
92 124 116 0.2932941744606812 441715 
93 125 118 0.8978834046016178 468670 
94 125 112 0.4906260394160305 420476 
95 126 126 0.5529514879127745 462443 
96 128 124 0.7705226503614057 503399 
97 129 110 0.6404510606131074 441490 
98 132 110 0.7900117621148596 423569 
99 133 114 0.5073048598966287 453713 
100 134 115 0.37140078553938083 454348 
101 134 120 0.472446989094107 411191 
102 137 118 0.25356476798440775 472655 
103 137 106 0.07573133474946354 461568 
104 138 112 0.863527293527864 458993 
105 139 112 0.2924804151324117 487506 
106 139 125 0.25029060799867203 410980 
107 139 117 0.07585051375276294 451009 
108 140 126 0.6035312579021492 451210 
109 140 116 0.1396876569368458 482899 
110 141 109 0.19411330631278428 419146 
111 141 113 0.716174820771081 503170 
112 145 117 0.7858302561253061 453077 
113 145 111 0.3553316696828579 453312 
114 145 114 0.1662307858171141 446847 
115 146 125 0.8070792292812352 438688 
116 147 121 0.4801553057076635 445243 
117 147 109 0.58558465016245 489219 
118 148 122 0.2991853483302008 452773 
119 148 125 0.07083870330192657 496819 
120 149 106 0.3894987836377364 415362 
121 150 114 0.6786865274860057 412017 
122 150 123 0.5538411425470091 447332 
123 151 119 0.09665997683781014 422083 
124 152 124 0.31321917140795463 497273 
125 153 108 0.5975613415753492 502549 
126 154 112 0.13079263102130345 421794 
127 159 123 0.4446318534063969 469434 
128 161 114 0.15029154350343857 438429 
129 162 111 0.5937674932032699 492546 
130 162 114 0.4829485445319725 423367 
131 162 112 0.32462075556268155 497581 
132 163 124 0.7953741722336901 468197 
133 165 120 0.8304179447230753 484637 
134 166 113 0.3231235945105404 500656 
135 167 123 0.48679987985487555 507535 
136 167 106 0.21637486066282155 437518 
137 168 121 0.18136892386097012 444255 
138 168 108 0.24878703082926223 502232 
139 169 116 0.6740212659389836 468183 
140 170 118 0.8996265012299072 461526 
141 172 113 0.7488776585925788 423349 
142 172 110 0.04518739402878059 413218 
143 172 125 0.03363841062286263 481248 
144 172 109 0.1624622814340219 483741 
145 173 106 0.5329350677097004 412325 
146 173 115 0.17523558830990912 502636 
147 173 108 0.06344853246631074 475374 
148 176 108 0.7586869626500399 447823 
149 176 107 0.852215765131306 434940 
150 177 114 0.45439478663849514 479134 
151 178 119 0.026587036325256178 411774 
152 178 126 0.12601069759904876 488074 
153 180 123 0.19130078751321108 477688 
154 181 126 0.7960463478153337 490062 
155 185 115 0.3811984268106457 442612 
156 185 116 0.23341520036600355 409281 
157 186 124 0.3816317073988167 488172 
158 186 111 0.10883479482513043 438428 
159 187 117 0.8105564999126836 486224 
160 189 124 0.18274053753580138 411044 
161 190 112 0.5177800453764859 437685 
162 190 115 0.39882388459849427 483636 
163 193 114 0.16945346087659358 409053 
164 193 123 0.5993256161079368 476846 
165 193 109 0.49420346873419924 501881 
166 199 110 0.31777694036147675 444507 
167 200 118 0.8484170763527705 417178 
168 201 107 0.5295582955543633 507892 
169 201 124 0.02842894621344666 473827 
170 203 120 0.6508590558352148 439564 
171 203 107 0.2253829533068765 491411 
172 204 106 0.10034246922017993 414469 
173 205 113 0.8868584166293038 445626 
174 205 117 0.15261502397322668 431124 
175 207 109 0.0435348618353778 480386 
176 213 109 0.2904538981892426 497390 
177 214 115 0.8740145788189826 432381 
178 214 123 0.2156235432829941 423621 
179 216 117 0.15488862654864247 409050 
180 221 120 0.6890508560234786 462795 
181 221 116 0.7336771655910255 484204 
182 222 107 0.7367616701551074 416235 
183 222 123 0.6591748355862642 414335 
184 224 117 0.5316391637398734 462495 
185 228 126 0.20875776218605452 470087 
186 228 112 0.20282078601793227 465995 
187 228 124 0.3222914263091558 487680 
188 230 119 0.45860047165419493 408007 
189 230 122 0.2460056386877778 467794 
190 231 120 0.6213612778536376 422567 
191 231 110 0.06144575039860195 502511 
192 232 107 0.255542455822004 456439 
193 233 126 0.6695820605894671 488947 
194 234 110 0.6141349669483668 417192 
195 235 108 0.8644318201857351 473872 
196 237 112 0.23041106250017607 419462 
197 238 106 0.4434856020276964 427170 
198 238 113 0.25820293885932355 503372 
199 241 114 0.8154319000677475 455411 
200 241 118 0.3460648793008758 506511 
201 243 108 0.09785196300924542 504991 
202 243 121 0.2956119644025812 466652 
203 245 125 0.44991136498503936 498445 
204 245 107 0.6721938460083685 476507 
205 246 121 0.3840171990649793 421069 
206 249 121 0.4116209926708216 446856 
207 250 112 0.20309126781033818 485060 
208 253 107 0.5191470865818896 492838 
209 254 107 0.03268751105592591 408694 
210 254 118 0.6732455398414654 442842 
211 255 122 0.16614409510632913 490592 
212 256 116 0.2523803611795573 469837 
213 257 115 0.38119646351346276 494903 
214 260 112 0.30668471784654294 489847 
215 262 110 0.8116926420986912 464372 
216 263 114 0.04382437704509627 491570 
217 264 108 0.542419558282452 408487 
218 264 117 0.7893855569092899 504603 
219 266 112 0.378483243840818 469494 
220 268 122 0.35430236423426303 446820 
221 270 123 0.4650196221554345 445125 
222 271 113 0.7326635509163077 497471 
223 271 116 0.10115960623405802 472175 
224 272 110 0.8082016680458292 489163 
225 275 126 0.8899757331964395 454190 
226 275 106 0.400383935684278 414904 
227 278 113 0.8815541556839417 502932 
228 279 120 0.31232470104910687 470595 
229 279 112 0.8524703654197185 497207 
230 279 118 0.4273494101387971 430748 
231 280 115 0.39777831039816647 459388 
232 280 110 0.3706993278062329 419838 
233 283 114 0.3489642684342559 497228 
234 283 118 0.22866295224414576 415659 
235 284 109 0.010968402166290013 483755 
236 286 107 0.30218983089550555 463957 
237 286 114 0.6159802044962773 475537 
238 288 120 0.8320929512865917 460427 
239 288 116 0.8301038094525283 459639 
240 288 125 0.646543957223112 490100 
241 289 115 0.09170990532110546 475553 
242 289 109 0.2883032581942881 504235 
243 290 121 0.017591342119852735 430134 
244 290 114 0.7726909862035398 492389 
245 291 110 0.8200710060542372 487277 
246 291 118 0.6617500844134663 482265 
247 292 125 0.6315861278135021 490341 
248 292 120 0.8401719447237421 476049 
249 293 118 0.0679944097631039 418307 
250 294 119 0.28784100392965944 430365 
251 294 120 0.51817198785414 465759 
252 295 114 0.026623669880597542 474909 
253 295 114 0.3680116054159688 504962 
254 298 117 0.4181566798592321 460569 
255 298 106 0.13387650830757122 433607 
256 298 114 0.344377682143867 443978 
257 299 110 0.276500375603112 418023 
258 302 110 0.778946156758637 503336 
259 302 120 0.14854283899129142 416742 
260 303 125 0.4209064989190287 453949 
261 304 125 0.3370058516881759 432523 
262 306 112 0.15531992735573671 410456 
263 307 109 0.48976787143086703 424968 
264 307 126 0.3211116567683186 493360 
265 307 121 0.0785511461892953 424582 
266 309 116 0.5295419666562983 455042 
267 309 124 0.13386696144485963 490803 
268 310 118 0.7937284483446616 487883 
269 312 110 0.6275287617276333 466010 
270 314 107 0.6346600137237628 460315 
271 316 114 0.388388811122086 455477 
272 318 106 0.1331119790108067 433490 
273 318 117 0.0266029870923844 429065 
274 321 109 0.3884679685432783 459224 
275 322 118 0.358543883694777 466454 
276 322 109 0.5718087870588583 457146 
277 323 124 0.3811066521405085 494289 
278 323 113 0.15300268445857457 419501 
279 325 121 0.1520336926393702 478862 
280 325 125 0.6737445646284915 468147 
281 326 121 0.7210856485005543 474580 
282 328 123 0.5650284655129019 439522 
283 329 126 0.48420746751463 445835 
284 330 112 0.26211769085547276 453884 
285 330 122 0.8369331502360199 464848 
286 331 118 0.8056555998574977 505688 
287 332 121 0.8205514758556222 409330 
288 333 117 0.5290053037642558 489669 
289 334 108 0.4041624880462528 491281 
290 334 122 0.360706245188961 432764 
291 335 108 0.13573974598495459 452875 
292 336 111 0.4057511038891003 433855 
293 337 117 0.3007103972343987 448271 
294 337 112 0.07170079014623437 430089 
295 337 112 0.3790830372081566 461155 
296 339 118 0.4079011870989845 449051 
297 342 107 0.11945586367136529 479986 
298 344 110 0.5090481746668025 435450 
299 346 115 0.881023541799021 482707 
300 346 112 0.02063591409252746 470664 
301 346 109 0.7370094670416693 412479 
302 347 106 0.13997332499370024 503690 
303 347 108 0.6093852974262676 459127 
304 347 108 0.1429258053605053 433403 
305 348 111 0.25481337330038495 473249 
306 349 111 0.384971809678858 447823 
307 350 123 0.8408291498640785 428878 
308 352 121 0.05756726188920802 495374 
309 353 114 0.010492443843403445 443746 
310 353 107 0.6504171978064376 493392 
311 353 124 0.46014700867114666 506254 
312 353 115 0.21014384194937755 504017 
313 354 112 0.1604889891480496 503015 
314 355 109 0.22962031933970156 452212 
315 355 110 0.46233105090047316 434034 
316 356 123 0.7258279304763369 425608 
317 356 110 0.7068172187752768 474182 
318 357 106 0.3367740906913044 435660 
319 358 110 0.7588831728846394 417689 
320 359 120 0.05191333423468126 505929 
321 359 116 0.044886194920613263 470407 
322 361 116 0.34150990402382747 466656 
323 361 118 0.7861508179997169 445669 
324 361 113 0.3416805167572882 502233 
325 362 122 0.7389148152788282 498989 
326 362 124 0.433851027163008 419444 
327 362 126 0.8506353409041131 483032 
328 364 126 0.44122963541974436 493508 
329 365 118 0.8895190391922476 433067 
330 365 117 0.20202411055920502 410280 
331 366 117 0.12866411481932927 466860 
332 367 112 0.47972534753738677 426326 
333 368 123 0.783390264494561 459018 
334 369 123 0.1783187933138853 464742 
335 370 111 0.43548131556373204 492982 
336 371 107 0.4481010324213094 412224 
337 372 113 0.23334428967132684 409100 
338 372 106 0.014386222496327795 448369 
339 373 123 0.35936885482459596 422002 
340 373 122 0.020562819728754084 439075 
341 375 120 0.06909390217240477 443759 
342 377 123 0.6528209448064314 421573 
343 377 112 0.860156152800488 472865 
344 379 123 0.4910036985588407 484205 
345 379 114 0.8154271823953634 436657 
346 379 111 0.7060286919343544 451031 
347 381 110 0.30098500637862696 471100 
348 381 110 0.3062119006689198 484294 
349 382 121 0.3982366194969086 472309 
350 383 121 0.5748675396811741 498045 
351 385 124 0.1733436692891248 480251 
352 386 106 0.8838592932045367 501314 
353 387 107 0.7885189668605677 446564 
354 388 107 0.5175583665244082 496740 
355 388 120 0.06811640114851497 476320 
356 388 112 0.41377764062564737 454690 
357 388 121 0.7775135890435122 483981 
358 390 112 0.23096816972536133 426272 
359 390 119 0.49588738652758313 482076 
360 391 117 0.6412812981292781 475104 
361 392 120 0.7416820915508984 436104 
362 393 114 0.23034555719190392 420850 
363 394 120 0.8226657727449804 479884 
364 394 123 0.7167679254874892 496496 
365 395 124 0.42072966690378427 501292 
366 395 107 0.42602696758843883 426056 
367 397 120 0.4832101196617881 415019 
368 399 121 0.6244243975686422 424381 
369 400 114 0.2635845070820071 408197 
370 400 110 0.8488597921848301 435918 
371 401 126 0.32458849966829667 451354 
372 403 118 0.7151564078863071 466245 
373 403 109 0.742781557883061 496403 
374 403 113 0.8141435982073243 431682 
375 406 119 0.02633537529823743 414314 
376 406 112 0.1940408464028429 479453 
377 407 125 0.3025881868996115 422779 
378 407 113 0.8697320316648922 467879 
379 409 119 0.6304417516442284 447355 
380 409 126 0.7793803536471794 485643 
381 410 107 0.5675941115726227 468473 
382 410 110 0.3973518945822914 409592 
383 412 116 0.4678451640822689 474389 
384 413 120 0.5021562848545456 419503 
385 414 126 0.76257571845669 482848 
386 420 112 0.16903014597293756 444107 
387 421 115 0.024037056563132597 419882 
388 421 124 0.6896547674380764 463328 
389 421 112 0.5735815280629514 459818 
390 422 123 0.7433833379647066 469676 
391 422 124 0.8043354729371892 474977 
392 425 125 0.15184601936085163 498098 
393 426 125 0.446099920162607 453413 
394 427 119 0.8064763240186146 460709 
395 428 116 0.35633205541119795 459588 
396 428 111 0.7226019849894174 458233 
397 429 125 0.7312158231237839 493364 
398 430 118 0.8386350133735163 436377 
399 432 110 0.42775082389466224 421239 
400 434 108 0.7319946658345671 414921 
401 434 124 0.6350966104834597 505838 
402 435 119 0.4859842404476468 470761 
403 439 113 0.6298967831595115 452608 
404 439 117 0.6244681343593659 427475 
405 439 109 0.028661453337441675 414767 
406 441 118 0.024539777782589454 476396 
407 442 110 0.6266475360049064 436319 
408 443 113 0.23644719449169208 423395 
409 444 125 0.851502621108724 473816 
410 444 123 0.12056304928600674 492080 
411 444 122 0.32439891355172124 418938 
412 445 125 0.40575441162499426 455594 
413 449 115 0.4334524113762564 457169 
414 450 115 0.31087673157277124 437673 
415 450 116 0.6992342692602695 461316 
416 451 116 0.4725238725336469 480503 
417 451 114 0.5218716459120192 486182 
418 451 116 0.23710360170695993 447204 
419 452 114 0.06004759615856965 438206 
420 452 114 0.27512932641539506 485562 
421 453 120 0.08808883876687483 497965 
422 453 116 0.29785801637928594 464455 
423 454 110 0.32352690148398316 498148 
424 454 114 0.8065722017231602 422703 
425 456 119 0.8014562104382797 465280 
426 457 117 0.6384634129448719 421458 
427 458 107 0.02326541916347162 446474 
428 459 117 0.12223055316417945 450401 
429 460 125 0.7605956992326869 423818 
430 460 116 0.2251827159930984 491182 
431 460 117 0.5938838857723852 463701 
432 462 119 0.0803401656060712 414462 
433 462 115 0.13810041088898706 419546 
434 465 121 0.24466883254527774 419421 
435 466 120 0.535537332546187 408671 
436 468 120 0.10301620321508485 461934 
437 469 122 0.021709184445760657 460870 
438 469 115 0.30995329356790147 453830 
439 471 120 0.33085154824433427 425671 
440 471 109 0.5254314550131807 416122 
441 471 110 0.4473787841408121 428243 
442 472 109 0.5313015447836051 457884 
443 476 126 0.7311756965812379 458110 
444 477 123 0.07272772418355569 408960 
445 478 117 0.6343424963804852 459278 
446 478 118 0.11028251106133607 416378 
447 480 115 0.23816946105231193 468202 
448 482 117 0.529435381545161 478380 
449 483 116 0.7098145154981369 484653 
450 484 120 0.42635603534032024 481736 
451 485 115 0.0755953554605436 473785 
452 487 126 0.3534977615648188 462132 
453 488 124 0.6110836547388031 451167 
454 488 116 0.6136449386139501 465871 
455 488 123 0.3019095288460098 450231 
456 490 126 0.7427715554812682 420859 
457 490 120 0.03131436646207592 497491 
458 490 125 0.547462172630203 502837 
459 491 114 0.8988467453877931 463070 
460 491 117 0.3645711758917573 437087 
461 494 121 0.6910822394747118 442834 
462 496 124 0.52766926186305 469763 
463 496 121 0.738174746825546 463720 
464 497 106 0.2238625086464466 501880 
465 498 112 0.21053335164469944 505551 
466 498 117 0.8480043696948469 423347 
467 498 112 0.2071170543783934 451211 
468 499 113 0.4591556518153671 479382 
469 499 111 0.3979218259459392 460006 
470 499 118 0.6647012636902813 437254 
471 501 122 0.6772810247193716 490623 
472 501 113 0.697057564685407 490740 
473 501 113 0.15388233461357753 482022 
474 504 125 0.04195220803491818 420016 
475 505 122 0.31944914231967786 497712 
476 508 118 0.4669643970761059 458926 
477 511 120 0.585967679036516 471910 
478 511 112 0.21137671930570734 490032 
479 511 119 0.3515871331982451 485145 
480 511 126 0.47118820015051055 488385 
481 512 122 0.23724643306627557 444916 
482 513 119 0.620669024821208 451427 
483 514 125 0.3558743227886636 494591 
484 516 123 0.1611525315769328 419722 
485 517 107 0.13030936654955794 488058 
486 518 106 0.4831145474605182 506558 
487 519 110 0.13541190724502256 413831 
488 521 115 0.7973000460676234 505104 
489 521 126 0.8257930346712649 484911 
490 522 110 0.09214214197622717 446807 
491 522 112 0.35548068640181085 443820 
492 522 106 0.029554103021901396 498553 
493 522 115 0.10195743487659395 418152 
494 522 115 0.6600537809383514 473748 
495 524 109 0.6189342698839239 480933 
496 526 117 0.4568244845797955 453782 
497 529 107 0.8575449385617858 438942 
498 531 109 0.2628343591276893 427681 
499 532 112 0.49621067278347725 409652 
500 533 111 0.25794281966424204 423452 
501 534 124 0.2680079740806757 505862 
502 534 125 0.05164605707110291 479447 
503 535 121 0.07855710366335698 413620 
504 535 115 0.7396694626831537 422807 
505 537 118 0.2220881282006411 458091 
506 537 116 0.32098021978170194 408493 
507 537 123 0.8286494253505176 463633 
508 538 109 0.8637813870247453 461195 
509 539 114 0.37003135304732837 429268 
510 540 108 0.05287680534523379 444840 
511 541 114 0.18980589004006168 466780 
512 541 121 0.7610897736113913 491103 
513 541 111 0.8570731043707938 418135 
514 542 114 0.3707813219441678 455471 
515 542 120 0.04571887619763252 438546 
516 544 121 0.46474659071304697 469436 
517 544 122 0.19413263746055287 432833 
518 544 117 0.10467683044340972 436066 
519 546 124 0.6103947713864606 500044 
520 548 115 0.30549542922843753 420774 
521 549 106 0.5309974542142224 450684 
522 550 125 0.6891738222747209 453120 
523 552 120 0.4907841045387244 462463 
524 553 110 0.18617435346758204 421311 
525 553 110 0.3002344455991876 492361 
526 554 113 0.010890986959900196 450804 
527 556 109 0.05718241533723388 432107 
528 558 112 0.6727157646055419 500699 
529 561 106 0.512996427577679 465244 
530 561 122 0.08718207196042704 450907 
531 562 107 0.35328779799448445 438361 
532 562 109 0.5111756281317155 421844 
533 563 112 0.7650346994787807 438028 
534 564 114 0.7111757568381258 493729 
535 564 123 0.27419648669245617 411285 
536 564 113 0.5360704342461493 486766 
537 565 110 0.5106531484040526 408576 
538 566 123 0.10612969810378808 450874 
539 566 108 0.6178239528154538 428693 
540 567 121 0.6371042849082406 506769 
541 568 113 0.18700356009385882 505530 
542 568 112 0.1382708912863919 463837 
543 568 117 0.3037261953131372 476907 
544 569 114 0.6427718103920309 448730 
545 570 111 0.5403310569025178 492505 
546 574 114 0.25333935391340523 411405 
547 574 110 0.35673499062785174 459357 
548 575 116 0.03827285268859818 499492 
549 576 109 0.03191167405359342 465621 
550 577 122 0.416268640958809 458956 
551 578 117 0.028604390510390466 462391 
552 580 122 0.30305234487243815 507187 
553 582 111 0.3108195519410785 431935 
554 582 119 0.34150212034548366 503285 
555 582 115 0.01797653389631848 491819 
556 583 112 0.579869367145206 470711 
557 583 106 0.18736240199172857 483794 
558 585 108 0.21515268303537335 437863 
559 586 116 0.2878023433485909 468494 
560 589 110 0.534823467604638 454655 
561 592 126 0.3620580357906357 425612 
562 594 115 0.3033753184210206 455139 
563 594 123 0.7706851839849463 491383 
564 594 121 0.8751682595430914 506322 
565 594 109 0.42841275325087014 507202 
566 595 109 0.2943781997130763 467405 
567 596 112 0.27129149510776435 408532 
568 596 115 0.2624015572636953 430224 
569 597 123 0.0819316580237668 507888 
570 598 121 0.4106019294756074 476946 
571 598 111 0.12761889871832732 476014 
572 598 126 0.5452428093887942 468740 
573 599 115 0.4296368320070503 468469 
574 600 115 0.68293702315855 428195 
575 604 122 0.15532393820626222 446768 
576 605 120 0.4938186056532524 498842 
577 608 121 0.8080682487057104 442457 
578 608 119 0.6854942923853106 414928 
579 611 111 0.551166579917637 426338 
580 612 118 0.7576944669959376 496270 
581 612 119 0.44926220691676044 506373 
582 613 116 0.2698745374742263 500046 
583 613 126 0.03470784537803817 477463 
584 613 119 0.2831982448165111 476547 
585 614 112 0.6642666691920212 443818 
586 614 109 0.5792704229924068 466337 
587 614 119 0.49375372861590305 428824 
588 615 107 0.5327743266716458 473786 
589 616 121 0.0867214013592316 419208 
590 616 115 0.8470382658388447 415311 
591 617 113 0.642566801662661 506643 
592 618 113 0.6668625661343173 464633 
593 618 125 0.5680283728731181 449428 
594 619 116 0.15318312791927152 427667 
595 620 126 0.773988682686171 444001 
596 621 125 0.7417811580136021 487001 
597 621 120 0.6099217621137862 428220 
598 621 115 0.7989471994335755 438821 
599 625 117 0.887538841681211 427330 
600 628 122 0.8441782452942199 500828 
601 628 111 0.6054026515053847 456757 
602 628 122 0.374672746924504 488005 
603 629 108 0.6432047724044802 411795 
604 629 107 0.7725642258598446 505986 
605 631 116 0.25914257229187815 499849 
606 631 123 0.2666537299210585 468319 
607 632 116 0.5924773650745808 501902 
608 633 123 0.2022676131223935 447077 
609 634 120 0.39970477668955817 447995 
610 634 126 0.6595986264911923 424595 
611 638 118 0.16740264361807702 423803 
612 640 125 0.2084423950073319 431966 
613 643 119 0.6526997366751663 437847 
614 643 110 0.14003830083239616 507894 
615 643 126 0.06349929104432286 433811 
616 643 118 0.4088856006415795 427011 
617 644 126 0.4569263523950027 489483 
618 645 106 0.09826369178858245 435000 
619 646 120 0.23668100849982462 451380 
620 647 110 0.8373442529614603 476732 
621 649 109 0.22025101137025263 507551 
622 649 121 0.574265924586353 427215 
623 649 121 0.4900598932986073 488297 
624 652 114 0.7567796851363622 473904 
625 652 106 0.45032150697716594 504663 
626 652 120 0.445570814940185 468960 
627 653 124 0.17662129127395995 465716 
628 655 125 0.4140638546063603 440853 
629 655 123 0.8066370714543433 469190 
630 657 107 0.1145020156063518 421341 
631 658 118 0.7557095480541587 500538 
632 658 121 0.5033377148916116 488550 
633 659 117 0.7293138343291832 470677 
634 660 115 0.14985520810549574 476974 
635 660 121 0.35927388664114407 459277 
636 660 111 0.7762638413816569 499245 
637 661 109 0.41821266383227573 493029 
638 662 110 0.5489033026848136 410596 
639 662 107 0.3283364552943366 481609 
640 663 113 0.4570130749346009 476306 
641 663 117 0.5849620690447284 447876 
642 663 114 0.10496886870215025 467206 
643 665 120 0.04192755777595184 446937 
644 667 118 0.4776496306721258 437180 
645 670 126 0.610111377082615 503196 
646 672 108 0.05666224579940697 444288 
647 672 117 0.187357352941343 417416 
648 672 115 0.0778552375102109 451390 
649 673 125 0.4921137288717 444006 
650 674 114 0.07821153445352488 481973 
651 676 110 0.3521603383897954 473790 
652 677 111 0.6624264365304257 410295 
653 677 116 0.3395421587437728 482851 
654 680 125 0.7979865396413942 465849 
655 684 116 0.8174411948875526 425151 
656 685 119 0.210885240247069 481443 
657 685 117 0.7949994083488718 457383 
658 689 112 0.08841729270289982 435033 
659 690 109 0.24794272570095005 506665 
660 692 115 0.057951285085008186 470418 
661 695 115 0.4822024967385104 445437 
662 695 121 0.5239268776014888 453032 
663 695 123 0.8282798505467013 445734 
664 695 116 0.7787103838685089 436028 
665 699 120 0.5053217744390942 443952 
666 702 125 0.374178427935385 490193 
667 702 125 0.4710325430428336 498033 
668 703 119 0.5041656894449876 477601 
669 705 123 0.4254018739527838 430200 
670 707 121 0.38213215093133074 485242 
671 709 114 0.564764476053922 429386 
672 710 124 0.14791008966395813 488621 
673 710 114 0.750414353314133 434226 
674 710 118 0.38654457601489756 478792 
675 710 108 0.8257020359754351 460550 
676 712 118 0.1678000190214714 414643 
677 714 106 0.19971396818276702 452450 
678 715 119 0.20821021223880443 431795 
679 716 123 0.795786078228623 500403 
680 716 119 0.7135945289844373 425872 
681 717 116 0.6314975365840789 447290 
682 717 107 0.7508728374626933 424565 
683 717 108 0.5577908862791887 416527 
684 718 115 0.6966563676105993 430479 
685 720 126 0.4222083947593697 410520 
686 720 112 0.2999629122085109 445671 
687 720 126 0.19456507156493782 484469 
688 724 111 0.6674576377846082 474186 
689 726 117 0.18963823728075885 465170 
690 726 123 0.10981561472630748 484952 
691 726 125 0.3672002089963428 440957 
692 727 118 0.7122863771778876 417282 
693 730 122 0.49700171224909356 417648 
694 731 109 0.25547199845429375 445319 
695 731 121 0.8287076891031264 477222 
696 733 112 0.07986346435339105 435866 
697 734 112 0.049111082298172744 480205 
698 734 124 0.3166106596043019 466128 
699 735 106 0.7044928323967283 481386 
700 735 125 0.16567182959143792 426839 
701 735 116 0.38240150139415807 418123 
702 737 120 0.19525307938082093 456677 
703 737 126 0.7510305874953037 456113 
704 737 122 0.6547165716003696 470076 
705 739 123 0.2050567094742141 497531 
706 740 110 0.5266843033160461 452534 
707 741 119 0.7885340417590717 447618 
708 741 112 0.47223192397935587 504501 
709 741 123 0.1640470534581095 437761 
710 742 122 0.6340580090374985 490064 
711 742 117 0.48019526566560916 440984 
712 743 111 0.46069501679264924 418706 
713 746 113 0.5562227497380692 411330 
714 748 111 0.7229307752517902 503576 
715 748 109 0.8498963701949573 481751 
716 749 114 0.4705906921709397 451339 
717 751 107 0.39102626891556164 420593 
718 751 106 0.12683562526913408 443471 
719 751 108 0.4885834486605389 469349 
720 752 122 0.784897839512665 481391 
721 752 111 0.09644397653259085 424058 
722 753 112 0.3589351459515766 416189 
723 753 116 0.33240603117830336 446352 
724 756 111 0.4132422548568319 417213 
725 756 111 0.23598388290332342 501396 
726 758 125 0.7912805579095158 504165 
727 758 114 0.19137141576926656 476525 
728 758 117 0.43255065624909395 434238 
729 759 108 0.3415904019838345 472144 
730 764 110 0.5370170574994628 469611 
731 764 117 0.33078829028278883 457304 
732 764 124 0.4136254234050273 479645 
733 764 125 0.2849185810730558 432677 
734 765 120 0.8677198743138471 433829 
735 766 110 0.41356010876543386 431880 
736 766 113 0.650799120998855 505065 
737 767 124 0.08501154799884189 425524 
738 767 114 0.4467436378065561 505166 
739 768 124 0.6180654698540496 498903 
740 768 107 0.08671602252819871 484527 
741 768 114 0.3028481981866617 423878 
742 770 120 0.2623968275555858 440978 
743 770 121 0.40725924047335055 423366 
744 771 108 0.3781553380796232 466464 
745 771 119 0.48488957724066006 495767 
746 772 116 0.2223147782554317 489063 
747 772 110 0.05151397316727912 409190 
748 773 109 0.21007333393375596 438982 
749 773 120 0.7333973061053238 478420 
750 773 113 0.8075687628267862 489382 
751 774 112 0.6566969214156426 479564 
752 774 106 0.7034504816587868 475370 
753 775 113 0.784837963300053 410691 
754 777 125 0.27418013734288943 410108 
755 777 123 0.821289437994737 471672 
756 778 119 0.267109124573412 446506 
757 778 120 0.13113872372676522 454035 
758 781 106 0.46326232702517545 454019 
759 783 121 0.579901361127891 503864 
760 783 112 0.3036325814570523 505997 
761 784 118 0.7021168786600859 486555 
762 785 113 0.30423526924494265 483312 
763 786 114 0.3280432437597314 418244 
764 788 124 0.791161594354666 410685 
765 789 114 0.6149162007739973 480635 
766 790 110 0.5900274504197194 481958 
767 790 108 0.791643001049454 497705 
768 791 108 0.3103655700068848 501985 
769 791 121 0.8738867061581567 502287 
770 793 125 0.2605505375050669 438935 
771 793 108 0.06253535612080885 494164 
772 793 119 0.7251970763651587 436708 
773 795 115 0.4552903124740051 410985 
774 797 118 0.8896130783995738 499758 
775 797 116 0.8317309978854719 460872 
776 798 112 0.47872796609286855 457307 
777 800 111 0.6247196543131048 433157 
778 801 111 0.6786457475324086 409307 
779 801 109 0.7375965319678053 429505 
780 802 115 0.838301724710137 476787 
781 803 118 0.7086684639179365 464308 
782 803 118 0.31911794351815975 426981 
783 804 110 0.737002842226311 463310 
784 805 120 0.28272275780027173 465513 
785 805 116 0.30447939049690353 474112 
786 807 120 0.23497973172205494 435459 
787 810 121 0.213096988935643 506286 
788 811 115 0.08398912079340697 410767 
789 814 121 0.08059019022482031 433992 
790 817 111 0.11311641480166608 430940 
791 819 119 0.036762183801571154 432371 
792 819 124 0.8276176655336377 454095 
793 822 111 0.8605210683361338 453565 
794 822 116 0.3942889072626554 420317 
795 823 109 0.5276904347919121 467596 
796 824 111 0.7766533662404722 415789 
797 825 119 0.8723140459452657 464451 
798 825 118 0.327440300149732 456671 
799 826 111 0.1944356937283583 496665 
800 827 106 0.4754104422794092 474157 
801 831 109 0.7424157650534046 463464 
802 832 111 0.24832787691458097 438013 
803 833 117 0.1451937897761724 443322 
804 834 115 0.6231597244640901 420719 
805 835 114 0.22126390722162098 483893 
806 835 125 0.2900146013128552 463667 
807 837 122 0.7475923410771259 425488 
808 838 123 0.6813410877109768 420310 
809 838 121 0.010776256541326608 454529 
810 839 119 0.077821244845367 504688 
811 841 114 0.4923824057000052 459668 
812 841 123 0.20872507743184512 501216 
813 841 106 0.8091241925721511 421989 
814 842 110 0.25532499017840943 428225 
815 842 115 0.28660489536573436 463608 
816 842 115 0.3763871364182171 431501 
817 843 119 0.05060062765179183 427635 
818 845 117 0.4382248479671726 453009 
819 846 115 0.026027630234840955 475657 
820 846 108 0.11545880702597072 493734 
821 848 118 0.4999761559541732 433056 
822 849 110 0.29408969155954334 486199 
823 849 110 0.1743924308863549 417962 
824 849 112 0.1306784471682775 447408 
825 851 109 0.5848171850082844 449635 
826 851 107 0.5905809695966322 450996 
827 852 121 0.2442761516416358 408523 
828 853 120 0.06837635340458222 433760 
829 853 110 0.04511905153083914 408392 
830 854 113 0.5320983893324228 437309 
831 855 108 0.5042764991442633 437147 
832 855 112 0.12109437180170744 411014 
833 856 114 0.8469868867704224 470604 
834 856 113 0.2611231157736529 426774 
835 857 123 0.23280742386910172 460264 
836 858 125 0.6737148094926139 419522 
837 862 113 0.7677163072050055 417566 
838 862 106 0.7936698942159892 443441 
839 862 106 0.6917921001328625 422389 
840 863 124 0.45953509568522954 413011 
841 866 110 0.03563912976326815 428599 
842 867 113 0.7823881713721169 443642 
843 871 107 0.5534705203320125 434621 
844 872 112 0.7268889804228493 481405 
845 873 124 0.3037736622920297 443706 
846 874 122 0.4356704752076419 441796 
847 879 118 0.48783973279989107 418825 
848 879 117 0.7035181802239 483450 
849 880 114 0.44576393966903965 444655 
850 880 114 0.5579355726896307 464418 
851 881 110 0.05417079659292835 453070 
852 882 113 0.27285599464783433 496384 
853 884 112 0.12907925445429105 454346 
854 884 108 0.7313172338527647 479553 
855 886 118 0.24697221398447872 431369 
856 886 111 0.14353096311538943 473656 
857 886 124 0.5385245404505815 410175 
858 887 122 0.7632222104253209 490266 
859 887 112 0.7881035700940194 473568 
860 888 112 0.28687164313886615 452371 
861 889 115 0.07769568803967368 432512 
862 891 106 0.7563112922092735 471052 
863 892 116 0.5311922565488406 442045 
864 892 109 0.37562633076314134 486733 
865 892 114 0.19985102432497587 424693 
866 895 125 0.8396219901928567 424974 
867 896 115 0.8396732088260391 446632 
868 897 122 0.7543329955920709 416262 
869 899 119 0.10413184003981732 492863 
870 900 109 0.31847525665395515 507473 
871 901 118 0.8701645188959031 493132 
872 901 110 0.39068630119432096 437213 
873 901 126 0.5397470904642572 450180 
874 903 116 0.6737042596354307 478038 
875 903 121 0.87568739309253 419615 
876 904 124 0.5389822662914339 445551 
877 909 125 0.439308158699476 447377 
878 910 114 0.792986886231588 427857 
879 910 124 0.2648194414452302 422949 
880 912 120 0.3976963574161831 475131 
881 912 108 0.2938070884654432 463594 
882 913 110 0.1314973401412258 459106 
883 913 117 0.33638492437151185 479416 
884 916 109 0.5515009899542027 415426 
885 919 116 0.5350949159914595 414955 
886 920 111 0.16119830332629329 431069 
887 920 119 0.20640592187068796 447738 
888 921 119 0.2535138371300076 443138 
889 921 126 0.5201738444921125 428148 
890 922 114 0.42444852051854526 461756 
891 928 111 0.852104821233905 409211 
892 928 111 0.5913646883056151 492299 
893 930 118 0.4859087834925717 432885 
894 930 123 0.5781329423726039 493214 
895 931 120 0.7955772955316888 410405 
896 932 125 0.6254556860408562 483748 
897 933 122 0.5112733226890588 493023 
898 935 115 0.5549005454080146 484555 
899 936 108 0.5397540711843343 456707 
900 937 107 0.35245874927303333 427797 
901 940 106 0.5248765156843842 443927 
902 941 122 0.37795293147994374 498495 
903 943 106 0.05266805210656815 498495 
904 943 126 0.04480497534211263 472707 
905 944 118 0.04128795458958237 461364 
906 944 115 0.8160391114626233 477756 
907 944 122 0.06939020848575854 437888 
908 946 120 0.6303737277575502 449965 
909 948 110 0.7555630079057322 477230 
910 949 109 0.5090822154236271 409867 
911 952 125 0.6414264550049813 490336 
912 953 122 0.48850422631924256 485257 
913 953 115 0.16641985386580332 441547 
914 953 118 0.5179146048016171 460807 
915 953 115 0.23600137765049692 507153 
916 954 106 0.6273523725818327 438166 
917 955 108 0.33602877270084724 477778 
918 956 123 0.5240843281231737 468966 
919 957 124 0.15766718597764778 447395 
920 958 121 0.29559740553242886 435020 
921 959 114 0.42673275648697706 477682 
922 959 115 0.20813900470843333 472441 
923 959 107 0.45107652692490063 466452 
924 959 121 0.5087674527636021 428643 
925 960 116 0.05367073826993626 487517 
926 960 112 0.4785413967663594 434755 
927 961 124 0.6403466040420509 471417 
928 961 113 0.19764093984812828 421947 
929 963 112 0.1827030482172467 442632 
930 963 110 0.7556648918377907 492002 
931 964 109 0.2503669584276984 449186 
932 964 114 0.04808022980539681 478610 
933 966 111 0.49609789014074446 409356 
934 968 120 0.7023046246618138 502034 
935 968 107 0.7912559335033236 421350 
936 969 111 0.19456128842228704 452456 
937 969 119 0.2637419411634489 476940 
938 969 122 0.17490728115424928 465923 
939 969 126 0.2856074951772142 450691 
940 972 121 0.6961586503418016 487208 
941 973 114 0.20064088978879457 457432 
942 975 109 0.7211579983370293 452145 
943 977 122 0.3251635964212128 467313 
944 977 107 0.5392224412709344 438761 
945 978 126 0.5675386890896638 416453 
946 979 124 0.6210886385146951 422627 
947 980 114 0.06462116803834414 451577 
948 980 125 0.7656117547076529 461035 
949 982 108 0.6180254704318634 415468 
950 983 119 0.3152429559648125 431511 
951 984 114 0.4823969325743703 440987 
952 985 123 0.3528402684104612 418707 
953 986 118 0.055886341297868077 466870 
954 986 115 0.07662657956150613 447346 
955 986 109 0.02698747936371424 426483 
956 988 114 0.6188675705479126 449739 
957 988 120 0.8501651178292983 498828 
958 989 123 0.41354362715331794 420452 
959 989 126 0.8526796432009314 471410 
960 989 113 0.706202332273428 467511 
961 990 106 0.5541355207344897 425839 
962 992 119 0.761622780671656 434986 
963 993 108 0.5409756128855531 438789 
964 994 120 0.7288988781967282 451116 
965 994 109 0.5120449222685076 502246 
966 996 122 0.4807414724719904 494678 
967 997 107 0.5120050705727407 472516 
968 997 108 0.5703879051054997 434414 
969 998 125 0.11167896922141442 477789 
970 998 120 0.1941102668181226 453536 
971 999 112 0.1991986002570394 440599 
972 1002 126 0.3175610183989075 410111 
973 1002 112 0.08155212467573032 445683 
974 1002 118 0.5540005615086909 488197 
975 1004 109 0.6994078844026964 462632 
976 1004 107 0.1703606985930732 455884 
977 1006 116 0.7027945090714401 493601 
978 1007 115 0.4092838815199423 436201 
979 1008 122 0.569216713596581 483808 
980 1011 117 0.6091440474157547 453914 
981 1011 122 0.6223292158493904 428446 
982 1012 116 0.6565014523908881 421418 
983 1012 126 0.8959397343393257 462597 
984 1014 106 0.5420969535937566 501841 
985 1014 110 0.7744865354303693 500102 
986 1016 119 0.4650784403705621 467378 
987 1016 113 0.6231689548802536 441288 
988 1017 110 0.43908516476906295 488558 
989 1018 117 0.3083031402873194 425049 
990 1018 120 0.778329634397916 443534 
991 1018 108 0.30818504924649076 409647 
992 1019 106 0.18335848738101512 461143 
993 1020 126 0.6135994779059925 497700 
994 1023 109 0.6763652202607215 424783 
995 1023 124 0.8489581644282522 444117 
996 1023 106 0.3598449015471767 484664 
997 1026 119 0.6912615015406625 471526 
998 1027 107 0.21200530147448865 454112 
999 1027 117 0.46394918716950334 506191 
1000 1030 122 0.5724493533076745 455683 
1001 1032 122 0.19273918321934613 446084 
1002 1034 125 0.7279548498851962 412092 
1003 1034 124 0.012533700246944043 480202 
1004 1035 107 0.4419350706959284 503552 
1005 1035 118 0.2799121626171646 446484 
1006 1038 122 0.11810633580524586 452631 
1007 1039 115 0.7924871959081209 427946 
1008 1040 108 0.6026012344957357 451222 
1009 1040 113 0.6161598358466743 465627 
1010 1040 122 0.5974536642194354 459812 
1011 1041 117 0.2686000176067331 469892 
1012 1041 113 0.6089571838635408 452743 
1013 1042 124 0.03462294894499435 483659 
1014 1043 124 0.47997081422128207 468211 
1015 1043 117 0.454699878541754 500801 
1016 1047 115 0.1802694214865512 482355 
1017 1047 116 0.8792858994461566 412197 
1018 1048 126 0.6830478234769939 442183 
1019 1048 112 0.34842532978795254 471149 
1020 1050 126 0.6250845659551907 496818 
1021 1050 120 0.6651200634313632 487736 
1022 1050 117 0.32220241095132246 487413 
1023 1053 118 0.1101610857416725 507351 
1024 1053 115 0.31594828357507376 475635 
1025 1054 113 0.7091100227380439 463228 
1026 1055 114 0.4542037585776202 477267 
1027 1055 124 0.7839806874227937 504882 
1028 1056 126 0.3098866846667623 482126 
1029 1056 121 0.2719955515626242 416082 
1030 1057 112 0.46089343736014277 450546 
1031 1057 113 0.5480797752491422 437708 
1032 1058 121 0.3693828282349307 488299 
1033 1059 125 0.13297470107072165 492036 
1034 1060 115 0.023885544172702604 482012 
1035 1061 113 0.43516160174006885 455846 
1036 1061 121 0.29808323776127643 468803 
1037 1062 119 0.7497443836610045 459409 
1038 1063 112 0.7080536846051968 469956 
1039 1063 108 0.3128690126662823 490264 
1040 1064 124 0.4808703480420016 422724 
1041 1066 110 0.05572884495775803 430395 
1042 1066 112 0.48311634021934446 479739 
1043 1068 113 0.5924791939091435 452290 
1044 1068 115 0.7145738809178617 453001 
1045 1068 106 0.5407216221582558 482733 
1046 1069 108 0.6130126980729493 463990 
1047 1071 119 0.3337163982378085 413143 
1048 1073 118 0.715877621606815 434734 
1049 1073 124 0.5994526987737127 493804 
1050 1074 122 0.5960755228993819 506159 
1051 1074 123 0.34043640779730394 438106 
1052 1074 111 0.5402440207049994 482979 
1053 1076 111 0.3247452323433902 493743 
1054 1076 112 0.7582416097642067 472805 
1055 1077 113 0.5893344289110132 428811 
1056 1078 113 0.4546950524190726 499848 
1057 1078 111 0.6392893648976877 417855 
1058 1079 122 0.20385098438611926 444257 
1059 1080 111 0.7517587285696439 433771 
1060 1081 122 0.5609593273511031 409551 
1061 1081 111 0.7843022451279966 436999 
1062 1082 122 0.5777235853193734 489740 
1063 1086 120 0.34450335196779625 409901 
1064 1087 120 0.5943917451480043 467727 
1065 1089 110 0.333713574786068 466523 
1066 1091 117 0.015284076552640424 426201 
1067 1092 116 0.25725463784769687 453454 
1068 1093 110 0.7775862848159736 472089 
1069 1093 108 0.22812970392631704 442917 
1070 1093 107 0.4638727262079497 451271 
1071 1096 109 0.5972841156997198 466599 
1072 1096 124 0.5981317172947853 476806 
1073 1097 116 0.16465951950802868 456738 
1074 1097 119 0.0686865515962823 437304 
1075 1097 126 0.15564151702560255 418770 
1076 1098 117 0.6660482126222148 411171 
1077 1098 121 0.061059690739905345 492562 
1078 1098 109 0.6533781938953482 482151 
1079 1098 117 0.2575619411155141 503272 
1080 1098 112 0.7478632183273742 471390 
1081 1101 112 0.036630991038366 446785 
1082 1101 107 0.6864769380217678 453605 
1083 1101 108 0.36568424579334863 495541 
1084 1101 110 0.40083555491018324 423583 
1085 1102 109 0.11842206351716647 492535 
1086 1103 109 0.14396371131752175 438723 
1087 1103 106 0.8554019453833969 487380 
1088 1103 115 0.4993429294191409 429816 
1089 1103 107 0.7853804162670666 422712 
1090 1104 108 0.2762797243698168 465646 
1091 1105 110 0.0951042155088257 458397 
1092 1105 123 0.6118658243842663 428637 
1093 1106 125 0.7696327645477421 434321 
1094 1106 126 0.3855147034282053 486393 
1095 1107 126 0.3961070018180642 499865 
1096 1108 117 0.5958470929944965 431491 
1097 1109 110 0.12090788286387491 460394 
1098 1110 110 0.34295969672601967 487249 
1099 1113 107 0.08245763540885732 455040 
1100 1113 123 0.7256335827414354 491781 
1101 1115 125 0.13309822894098475 490496 
1102 1116 117 0.7090915733719219 484803 
1103 1117 117 0.5905468761963626 449188 
1104 1118 113 0.2200276225464654 472824 
1105 1119 106 0.3519157754197657 465735 
1106 1121 109 0.6903050722819578 435263 
1107 1124 107 0.6024199091874688 455597 
1108 1125 106 0.06844343961068983 485030 
1109 1126 107 0.22158483489648995 438096 
1110 1130 116 0.7808927914294564 504274 
1111 1130 116 0.02345633601016951 493226 
1112 1132 117 0.09566472384373008 477191 
1113 1134 110 0.575167982753249 492359 
1114 1135 111 0.6746381049487521 482431 
1115 1136 118 0.4674600682010104 447231 
1116 1136 111 0.3775355779650315 441064 
1117 1137 115 0.5066449557443459 451790 
1118 1138 111 0.1451203287244952 491547 
1119 1140 112 0.6477262497970051 430325 
1120 1141 122 0.3890927433912939 415907 
1121 1142 112 0.6999003668710676 482363 
1122 1142 116 0.08577575107263456 433210 
1123 1142 123 0.8558841296657097 433365 
1124 1142 106 0.8508857581959354 441387 
1125 1144 108 0.20446685951277038 488233 
1126 1145 119 0.5986445844738287 504247 
1127 1145 116 0.728442781649652 442036 
1128 1145 125 0.8944890306923331 505625 
1129 1146 114 0.7321109235498778 413153 
1130 1150 121 0.1043256071997008 448112 
1131 1151 123 0.5976108432127705 507638 
1132 1151 111 0.4579591019397255 504848 
1133 1151 119 0.8004251496050917 426020 
1134 1152 117 0.33606339685506736 435420 
1135 1152 124 0.3686313784121704 423887 
1136 1154 118 0.04083802393471966 449369 
1137 1154 122 0.5065257320735047 443350 
1138 1155 115 0.14826205216740784 496591 
1139 1156 123 0.7141959121732335 414271 
1140 1157 110 0.4351645012990758 417622 
1141 1158 116 0.6055768352487434 467321 
1142 1159 108 0.7302070968131718 472742 
1143 1161 115 0.2037294276725668 497163 
1144 1164 116 0.21140389007587215 412695 
1145 1164 117 0.6129532088778342 483046 
1146 1168 123 0.10963564823542939 439466 
1147 1170 123 0.5614040965391576 419313 
1148 1171 112 0.3394883356137397 480301 
1149 1173 107 0.49079454963737934 432294 
1150 1174 113 0.11824259376676532 422564 
1151 1174 120 0.7056167454582922 462563 
1152 1175 123 0.8416495343835211 437840 
1153 1176 121 0.870618146820482 432609 
1154 1177 123 0.623814107019667 482604 
1155 1177 110 0.771856723546663 437387 
1156 1178 115 0.7371079948205166 432790 
1157 1180 113 0.8039985847267168 471195 
1158 1180 121 0.024239680468983994 425397 
1159 1181 117 0.5581916770153793 443387 
1160 1181 123 0.8773968520095516 474344 
1161 1181 118 0.5541352309535716 479277 
1162 1182 111 0.5539610806862202 447447 
1163 1184 106 0.06355955868020699 452439 
1164 1187 107 0.11341374741333958 483843 
1165 1187 124 0.2940264723626486 480309 
1166 1188 120 0.7856071764003695 430439 
1167 1189 126 0.6347448136903856 502023 
1168 1190 123 0.35983974470092683 452878 
1169 1192 110 0.35006456430338573 494812 
1170 1194 113 0.18113833834085316 479015 
1171 1195 125 0.8418628531579073 418237 
1172 1195 107 0.19109736241124972 463082 
1173 1196 111 0.054509448045551315 429626 
1174 1198 123 0.6729861639302136 437896 
1175 1198 121 0.8936944275119297 436588 
1176 1198 117 0.6626580614067384 429182 
1177 1199 117 0.2673058006345685 432217 
1178 1200 109 0.37989685253364025 495651 
1179 1200 125 0.8517091421525074 413345 
1180 1201 106 0.6586965062313148 418920 
1181 1205 126 0.2061135629597592 478320 
1182 1205 120 0.14600864235910538 448108 
1183 1207 126 0.42321496591394225 452609 
1184 1208 119 0.2971273438482712 427399 
1185 1208 114 0.8160057287458738 452457 
1186 1209 106 0.14047993786249957 468327 
1187 1210 126 0.46112687561465193 413350 
1188 1211 120 0.7378066683228788 480990 
1189 1216 114 0.7314951870763902 506070 
1190 1216 109 0.44115072104958447 430903 
1191 1216 123 0.842634643215505 476687 
1192 1216 124 0.6477581491898885 501739 
1193 1218 108 0.7216674621812543 451002 
1194 1219 124 0.5876519223728032 486591 
1195 1222 125 0.013397668769394588 493853 
1196 1225 115 0.7486767771039395 437768 
1197 1225 119 0.013142542297907782 473741 
1198 1227 117 0.6813625372596989 457645 
1199 1231 125 0.52182780923962 486661 
1200 1232 119 0.8449660083606145 459895 
1201 1234 109 0.17555480123696457 459060 
1202 1234 111 0.2650645434031837 480151 
1203 1235 107 0.7178728139087214 471163 
1204 1236 108 0.3372796602684009 453682 
1205 1237 125 0.7762781799216211 475503 
1206 1237 125 0.1804290341649901 472383 
1207 1238 126 0.25030141555976937 443782 
1208 1238 114 0.4275868168769135 420727 
1209 1238 108 0.7161938839052496 423356 
1210 1239 109 0.166778556345537 448675 
1211 1239 110 0.12357806418585256 414221 
1212 1239 119 0.7407082623868394 467428 
1213 1240 107 0.14431277544712806 504307 
1214 1243 121 0.5490030939818025 448030 
1215 1244 126 0.25895665871630125 447497 
1216 1245 114 0.22829036910571474 464358 
1217 1245 118 0.629372461508699 491407 
1218 1245 119 0.1627783208865157 408742 
1219 1246 106 0.4453651780181105 468287 
1220 1247 124 0.6882285693900876 483072 
1221 1248 109 0.4981082362701385 491761 
1222 1249 120 0.28145120937831064 484212 
1223 1249 116 0.391135882241328 431924 
1224 1249 108 0.7499253711887374 431851 
1225 1251 118 0.4687307825682946 484052 
1226 1251 122 0.757002432565279 444919 
1227 1253 111 0.016089982232826282 454487 
1228 1254 125 0.3167762880867424 494277 
1229 1255 110 0.017244498434559156 477804 
1230 1255 109 0.8548044968000762 490319 
1231 1256 126 0.8744242559583644 432870 
1232 1256 114 0.8399609390805538 479611 
1233 1256 107 0.8479209649616871 430039 
1234 1257 109 0.6100337316959213 500886 
1235 1257 126 0.2724095288308505 446183 
1236 1257 109 0.4419329144238218 472751 
1237 1260 111 0.8209179164493323 409139 
1238 1260 125 0.7326122136717793 494596 
1239 1261 118 0.10138716070583623 467127 
1240 1262 126 0.7422580513377579 455837 
1241 1262 126 0.26894591720232097 481555 
1242 1263 112 0.16366633170274342 462599 
1243 1263 112 0.04119155655974239 470406 
1244 1264 114 0.5851921961978177 454844 
1245 1266 111 0.25669740797507334 498659 
1246 1266 111 0.8642534276171316 428827 
1247 1266 119 0.7131136376518457 451978 
1248 1267 124 0.2396533131168762 497852 
1249 1268 116 0.5744634116029528 409008 
1250 1268 115 0.5464420669937933 418886 
1251 1269 110 0.04917594766752465 432632 
1252 1269 109 0.4528402983207976 431948 
1253 1271 124 0.7876254859722314 501283 
1254 1271 124 0.3380544536784572 409206 
1255 1271 119 0.808300068237505 434488 
1256 1276 118 0.07776462110408593 410053 
1257 1277 113 0.6317791608656039 423074 
1258 1280 125 0.6023454849233046 458882 
1259 1280 125 0.5773623220058314 464524 
1260 1283 120 0.4572876733471073 460048 
1261 1288 122 0.1945165816023597 468450 
1262 1288 123 0.07953362733100862 454133 
1263 1288 120 0.49474385025272727 475463 
1264 1288 125 0.44278834766252173 439062 
1265 1291 107 0.8889262468703546 506665 
1266 1293 123 0.6315243395602304 464101 
1267 1293 114 0.20589439468590387 439981 
1268 1297 124 0.8979763776697021 501524 
1269 1297 115 0.46158890735717617 423160 
1270 1297 118 0.022194877466822555 476479 
1271 1298 119 0.30003187964433775 416616 
1272 1299 121 0.7041472800791662 465905 
1273 1299 114 0.2887728502739609 436579 
1274 1299 125 0.7981243330918067 418442 
1275 1300 113 0.14860479620059572 412895 
1276 1301 111 0.21450812246757092 412081 
1277 1303 113 0.6563866807529356 487360 
1278 1304 125 0.740054445976363 475938 
1279 1304 111 0.7494794458696153 438259 
1280 1305 121 0.43175490902576064 412916 
1281 1305 113 0.49091377214750986 451337 
1282 1305 109 0.8470704996822894 489082 
1283 1306 119 0.46461141858548505 489422 
1284 1306 119 0.5349304234468266 504119 
1285 1307 120 0.3031850558359194 465074 
1286 1307 126 0.8400233226935181 477985 
1287 1307 109 0.49581011159812716 506440 
1288 1310 121 0.09256009644538143 443029 
1289 1310 114 0.7015754994921658 466603 
1290 1312 125 0.7287591185411657 425084 
1291 1312 113 0.8747525145848717 489111 
1292 1313 119 0.2709416510001321 455390 
1293 1314 115 0.3928614449498381 411117 
1294 1314 121 0.02288240051328648 497362 
1295 1314 118 0.3076692899363345 438694 
1296 1314 107 0.8480846634362952 502186 
1297 1315 121 0.23394531275228952 422721 
1298 1315 117 0.514421737369784 431366 
1299 1315 121 0.5912913373324674 494820 
1300 1315 116 0.6851995990945337 415618 
1301 1316 112 0.4421566492646198 471570 
1302 1318 124 0.5900851948391059 432463 
1303 1319 124 0.07596383096521059 503082 
1304 1319 107 0.04989809488980052 444146 
1305 1321 110 0.4522855085533269 489566 
1306 1322 112 0.5610138687209888 412331 
1307 1322 125 0.528996011407737 430181 
1308 1322 122 0.010206713653690696 414831 
1309 1322 121 0.8793595589609632 442257 
1310 1325 106 0.6919353175875187 480536 
1311 1326 106 0.31386048642976483 410437 
1312 1327 123 0.736425120356158 447934 
1313 1327 112 0.6936296614623143 494285 
1314 1328 108 0.20509859478199483 437704 
1315 1328 112 0.5889239924345366 485143 
1316 1330 109 0.1035896072983632 496406 
1317 1332 122 0.2734420116400895 463095 
1318 1333 106 0.0331501586697874 477963 
1319 1335 112 0.26109100854170864 440135 
1320 1335 123 0.3706377023830761 420146 
1321 1336 108 0.08594958974223556 449509 
1322 1336 113 0.5724704377952278 481124 
1323 1337 111 0.5077983608928706 471809 
1324 1337 107 0.8787966219418486 467505 
1325 1338 126 0.23769303555364477 426951 
1326 1338 113 0.7568785086871814 472118 
1327 1339 119 0.17697302997725936 426172 
1328 1341 120 0.5694404039243314 493236 
1329 1342 124 0.7981084647505924 420673 
1330 1343 126 0.26743902317970103 419402 
1331 1343 119 0.2051057348775487 499889 
1332 1347 126 0.014837034634980095 420639 
1333 1347 120 0.09272677203295165 450032 
1334 1347 108 0.5074126262331825 415110 
1335 1348 117 0.33286799701729836 471510 
1336 1348 121 0.5022692299286037 453984 
1337 1349 112 0.3290459580552306 490050 
1338 1350 121 0.2286890051091271 448975 
1339 1351 109 0.8569589399259476 413557 
1340 1351 106 0.7563913917300188 454621 
1341 1352 108 0.2221315980863171 507747 
1342 1352 108 0.09965722131763266 418066 
1343 1353 110 0.4323281130865795 469746 
1344 1353 117 0.7759976186457791 492742 
1345 1353 117 0.24002633106725296 470126 
1346 1354 112 0.1503387635965843 425489 
1347 1354 112 0.35412103938647527 439971 
1348 1355 115 0.8816525036286295 409890 
1349 1355 117 0.21554151213013198 423084 
1350 1356 120 0.43400568070480794 438099 
1351 1356 121 0.33019545979493403 468223 
1352 1357 112 0.2244330150326652 438066 
1353 1357 110 0.5107235596138834 450751 
1354 1357 125 0.7786344856257571 456755 
1355 1358 117 0.6239433286754039 432494 
1356 1360 122 0.8064837325448463 436597 
1357 1361 107 0.07035198354139859 498210 
1358 1362 115 0.7061181771992823 457398 
1359 1364 106 0.6022379546418904 425995 
1360 1366 110 0.08579036362677883 505327 
1361 1367 110 0.6987683518315886 448221 
1362 1367 119 0.36763924604790044 423363 
1363 1367 117 0.5130668133288027 447463 
1364 1368 120 0.43910092695850805 454112 
1365 1370 123 0.2742129162147086 423063 
1366 1374 117 0.5340669865658999 451823 
1367 1375 113 0.01858085480017949 417203 
1368 1375 118 0.7193408310881461 496620 
1369 1376 120 0.2875392634919442 434788 
1370 1379 109 0.5558344301800651 458319 
1371 1379 119 0.2434455075857591 461361 
1372 1379 115 0.4711401321009729 440092 
1373 1380 123 0.6020706094732973 414833 
1374 1381 114 0.8600334771078675 427454 
1375 1381 111 0.10464478390792757 447367 
1376 1382 122 0.5223735593225547 454790 
1377 1384 115 0.3800755369816686 495461 
1378 1384 119 0.3898058411255851 437629 
1379 1386 120 0.8433678347986031 434878 
1380 1389 120 0.16536787641193057 495027 
1381 1391 108 0.36488503155970137 410842 
1382 1392 107 0.46815634637443054 451893 
1383 1392 110 0.01989642142087926 500370 
1384 1393 121 0.23552995422959566 507282 
1385 1393 107 0.8008895243279974 454657 
1386 1394 109 0.7972406630458475 468792 
1387 1394 119 0.14116435597842272 430921 
1388 1395 122 0.8247756017642487 428528 
1389 1396 118 0.19459356617844115 416530 
1390 1399 116 0.8450340837271234 495903 
1391 1400 116 0.35898045831124076 441140 
1392 1400 117 0.1024515679371115 454692 
1393 1401 118 0.5422061675126382 502901 
1394 1403 117 0.4682908037139641 497465 
1395 1403 109 0.21820195023812872 428321 
1396 1404 107 0.4624064845291228 420474 
1397 1408 122 0.4375155141687073 495574 
1398 1410 123 0.4800592909069455 466161 
1399 1411 111 0.12003247847153876 453862 
1400 1413 106 0.7603538438213248 447262 
1401 1413 112 0.8340679646188464 477918 
1402 1413 111 0.7974403254828287 421521 
1403 1414 123 0.4679399980902221 505127 
1404 1417 108 0.6036372034543591 479449 
1405 1418 118 0.046936659894178355 431083 
1406 1419 118 0.3069926588529024 473962 
1407 1421 122 0.8571354933800045 408801 
1408 1422 106 0.2813170019843843 494983 
1409 1422 124 0.18354347756985923 500456 
1410 1423 122 0.8939905194705775 446582 
1411 1427 108 0.4780762307538197 434824 
1412 1427 122 0.3372452881606516 496723 
1413 1428 123 0.5748507672169715 507232 
1414 1428 115 0.7784141492462745 468947 
1415 1429 119 0.4511593280136685 423929 
1416 1429 121 0.43886495454750374 418794 
1417 1430 118 0.3938445663599316 474049 
1418 1431 124 0.12460474216518316 503261 
1419 1431 114 0.41739477754144183 495411 
1420 1432 115 0.7843605660647099 457175 
1421 1434 115 0.2831872584999973 494706 
1422 1435 120 0.4340212321555708 445921 
1423 1437 112 0.7805451946086386 440095 
1424 1438 114 0.8492365781240213 482157 
1425 1442 109 0.8837430537649743 450458 
1426 1444 125 0.24947900654947744 427742 
1427 1444 119 0.17689503634258333 474871 
1428 1445 122 0.2522554638519863 437480 
1429 1446 112 0.4040039088091228 470738 
1430 1446 124 0.3704601632182259 506883 
1431 1449 119 0.2210248187487873 408018 
1432 1449 108 0.7189972124086004 448090 
1433 1449 111 0.6631339597301602 479826 
1434 1451 107 0.09755296721117862 478772 
1435 1451 126 0.018719414075514442 477141 
1436 1451 124 0.30467125409429374 481768 
1437 1452 110 0.5334796283659965 469262 
1438 1453 117 0.7311400127747544 454992 
1439 1453 111 0.7760185927367413 504889 
1440 1453 111 0.3089354716593122 415548 
1441 1458 125 0.6160996828944716 471254 
1442 1458 126 0.25130251470107434 437549 
1443 1459 121 0.7461483129833135 450671 
1444 1460 106 0.20681151690345106 498768 
1445 1461 117 0.7399347816156251 413329 
1446 1464 124 0.8494742816735642 430481 
1447 1464 108 0.7776194219565147 436659 
1448 1464 124 0.8995086256639696 418669 
1449 1465 125 0.46748625824848195 409100 
1450 1466 125 0.24918986728367076 454004 
1451 1467 122 0.8211132728297661 472238 
1452 1467 117 0.2330767364679199 506333 
1453 1467 113 0.5114886197238266 430750 
1454 1468 111 0.1124285509534988 409991 
1455 1468 125 0.1068750818725422 461254 
1456 1468 108 0.5201903312338779 440551 
1457 1468 107 0.8341574546749074 494971 
1458 1470 110 0.6710991229863763 482153 
1459 1470 125 0.422138484691746 491631 
1460 1472 124 0.6414351965186553 481129 
1461 1473 121 0.6356306653834818 414519 
1462 1473 126 0.04175332264693128 503752 
1463 1473 112 0.08521297596740193 500477 
1464 1474 114 0.3874042416307116 424790 
1465 1474 115 0.15857600047225007 415359 
1466 1474 116 0.7679501151847724 451828 
1467 1477 124 0.49562125935469314 481548 
1468 1479 114 0.28799410932627484 483544 
1469 1479 114 0.2306972741714541 496621 
1470 1480 107 0.8095576747267085 474600 
1471 1482 113 0.6773897343581685 432378 
1472 1482 112 0.62309881962264 435747 
1473 1483 123 0.4240643092255 431174 
1474 1485 114 0.6161131246159901 434376 
1475 1489 126 0.37218361439977227 421198 
1476 1490 116 0.26787465575404507 456771 
1477 1490 124 0.5605581576781311 479244 
1478 1490 120 0.5635715831259152 480204 
1479 1491 118 0.8523013770490477 442854 
1480 1492 114 0.8323791618588741 417092 
1481 1492 118 0.422977893570246 452420 
1482 1493 124 0.6994185190651798 475728 
1483 1497 116 0.5577236333316897 488520 
1484 1497 109 0.1488544196989046 505917 
1485 1498 126 0.6463171418770298 456640 
1486 1498 111 0.20673706861824226 422429 
1487 1498 106 0.02362320785936215 438499 
1488 1498 108 0.4028270224602542 418147 
1489 1503 115 0.0271999478292462 504710 
1490 1505 118 0.20392336163378433 483852 
1491 1505 120 0.5581956044524252 452712 
1492 1506 116 0.2675663385919885 506947 
1493 1506 114 0.8126432510216607 425143 
1494 1508 116 0.33280408120154775 461022 
1495 1510 116 0.47830210650429217 421258 
1496 1510 106 0.4482440311548205 487397 
1497 1512 113 0.6826645567084416 447543 
1498 1512 126 0.14534331655227758 478729 
1499 1512 119 0.8615577300030908 462118 
1500 1512 125 0.30597432774522726 501097 
1501 1514 117 0.12553793684214837 465659 
1502 1515 106 0.21880439598011137 452379 
1503 1515 119 0.665468926441492 418357 
1504 1518 121 0.39145632652725415 412240 
1505 1519 108 0.19803773856687978 477991 
1506 1519 120 0.5938863269071091 492668 
1507 1519 120 0.5364051375085208 488128 
1508 1519 110 0.2469530612597463 450266 
1509 1519 125 0.7988256770492779 462056 
1510 1521 125 0.7326652317111044 430113 
1511 1522 116 0.688873311518109 432116 
1512 1523 107 0.8875473987335987 430945 
1513 1523 106 0.5693743047075551 455056 
1514 1523 118 0.6902385898698811 494413 
1515 1524 125 0.11728856773192496 421830 
1516 1526 125 0.8601821354431654 503021 
1517 1526 108 0.2504210632400561 453485 
1518 1527 109 0.530557926601849 468270 
1519 1528 117 0.3870317352691926 473861 
1520 1528 119 0.272485727172454 432410 
1521 1529 115 0.30002662342952113 412978 
1522 1532 108 0.34879190264796656 430067 
1523 1534 113 0.26296289322327265 448217 
1524 1535 111 0.7039473049923718 490886 
1525 1535 125 0.24748894714764144 455056 
1526 1536 119 0.6170149088576641 421140 
1527 1537 124 0.781696722686733 424333 
1528 1538 123 0.8098596086557952 500744 
1529 1538 106 0.2290823048614487 469936 
1530 1539 118 0.6584085444636011 434632 
1531 1539 126 0.2500024265490517 453284 
1532 1541 107 0.3785797065900187 493967 
1533 1541 107 0.12094306251027208 496030 
1534 1543 120 0.5836422743009618 492777 
1535 1543 106 0.13494649701934197 497593 
1536 1545 120 0.4454113967442764 427523 
1537 1545 116 0.6159868657049522 478490 
1538 1547 114 0.652340919537971 482912 
1539 1548 108 0.8186674339490276 418313 
1540 1548 107 0.6033941978997571 448807 
1541 1551 122 0.17748528469465463 469188 
1542 1553 106 0.39408825650116336 481585 
1543 1554 122 0.8896634839588947 495739 
1544 1555 124 0.4266058328665439 445624 
1545 1558 126 0.7397651005310373 413057 
1546 1559 123 0.17529862769423893 440676 
1547 1560 112 0.8776577138642084 429599 
1548 1560 106 0.7886629023522124 474874 
1549 1561 113 0.46578447233781783 451350 
1550 1561 107 0.7923104769448113 437912 
1551 1561 114 0.5545088239284058 443423 
1552 1562 118 0.22399147978378678 457676 
1553 1564 126 0.4067728627875043 440329 
1554 1565 112 0.5676240790242562 429354 
1555 1565 108 0.8974469316075862 472683 
1556 1565 122 0.5876022232129077 430100 
1557 1565 109 0.3099079313597767 440082 
1558 1567 115 0.30881004483796215 408136 
1559 1567 119 0.5161649519181585 423252 
1560 1569 120 0.02255716219330339 428277 
1561 1570 122 0.1691022371939772 426319 
1562 1570 124 0.2556890347162214 413001 
1563 1571 110 0.20719415105640082 488068 
1564 1571 117 0.4841753351972208 496756 
1565 1580 124 0.7299870128847488 454342 
1566 1581 119 0.08122431365258417 499434 
1567 1582 123 0.26122205904326573 487152 
1568 1582 113 0.8570372676821292 429086 
1569 1583 124 0.07660244853851987 455926 
1570 1583 119 0.6461216534932298 484865 
1571 1583 110 0.3433463463370524 475786 
1572 1583 123 0.5795100040992643 476148 
1573 1584 121 0.18552461758955396 472342 
1574 1584 112 0.6701976078484727 452854 
1575 1584 117 0.29422270126585215 417775 
1576 1585 111 0.11679698882166434 423712 
1577 1586 109 0.501514937872884 414441 
1578 1586 116 0.09017233405240105 448573 
1579 1587 124 0.5918792004474739 484462 
1580 1588 121 0.8761667943552266 451090 
1581 1591 118 0.1191796377009173 507059 
1582 1594 123 0.662279457327945 409679 
1583 1595 110 0.1490622088044821 459692 
1584 1596 124 0.703317714756625 422347 
1585 1596 118 0.7142851114765442 500231 
1586 1601 116 0.5100117505452112 418221 
1587 1603 113 0.684392545717441 410070 
1588 1604 117 0.4394839647125133 408729 
1589 1604 119 0.42987892331730365 437940 
1590 1604 114 0.8247698314852134 494266 
1591 1606 110 0.058539740718540685 507189 
1592 1606 117 0.07369785983675246 483772 
1593 1607 123 0.058720234636730505 437791 
1594 1609 109 0.03199013485131949 432003 
1595 1610 110 0.8857797933128598 432683 
1596 1611 115 0.4514489568124869 481837 
1597 1612 118 0.04047453501349196 412043 
1598 1612 118 0.24781338226376187 438007 
1599 1612 109 0.47135953085464155 497524 
1600 1614 117 0.16983518056829044 429294 
1601 1615 122 0.13272888976218247 441611 
1602 1616 106 0.5431242253684069 433172 
1603 1618 121 0.5063817964314405 427182 
1604 1621 115 0.35424441098401893 494453 
1605 1627 111 0.7673660346626776 430060 
1606 1628 121 0.7201488472869118 428608 
1607 1628 113 0.6029880047300318 428519 
1608 1634 107 0.6801883812022456 459543 
1609 1637 115 0.538982380379289 490159 
1610 1637 120 0.8849074665573485 463550 
1611 1637 110 0.03630079394682066 439962 
1612 1638 114 0.8579860215068191 463152 
1613 1638 106 0.8583324519719975 447845 
1614 1641 116 0.5016094310641882 415330 
1615 1643 110 0.8516800743052032 499769 
1616 1645 119 0.5424946563472969 482397 
1617 1645 118 0.47057451854256027 463968 
1618 1647 121 0.5910167440751858 427763 
1619 1648 116 0.21664960111497683 438001 
1620 1649 115 0.7718936316668766 478470 
1621 1654 125 0.25514220820723815 442872 
1622 1654 110 0.7303274277832842 468779 
1623 1654 125 0.2641368149703633 410198 
1624 1656 120 0.8175777423402583 433511 
1625 1656 110 0.7026500843213478 474627 
1626 1656 106 0.11745808088221663 500911 
1627 1657 119 0.7845509893960828 453372 
1628 1658 119 0.08570513703054276 504713 
1629 1658 112 0.26372168861359035 432696 
1630 1659 118 0.5558536484684412 425173 
1631 1660 112 0.292174631037734 444152 
1632 1661 106 0.20713732590262504 420116 
1633 1661 121 0.5124962695614538 452000 
1634 1665 120 0.07875926850808863 445381 
1635 1665 119 0.8852810710474539 506434 
1636 1667 117 0.18476690737080295 490284 
1637 1668 122 0.42130041762926346 464455 
1638 1669 110 0.7914036592998945 457751 
1639 1671 106 0.7481945997612289 456849 
1640 1672 121 0.14482375083263316 453265 
1641 1673 111 0.05786685202201148 464952 
1642 1674 123 0.822365976911128 431161 
1643 1675 126 0.6232073416229916 471845 
1644 1675 109 0.7494936372165877 485995 
1645 1676 115 0.8032529881451786 437539 
1646 1678 122 0.8851401208530336 408720 
1647 1682 108 0.012168435106830206 430574 
1648 1683 116 0.10713414621922743 492507 
1649 1683 110 0.8184372025259739 455230 
1650 1683 110 0.1883117346141953 412012 
1651 1684 107 0.21994291487145598 425006 
1652 1685 107 0.29686789676808645 449829 
1653 1685 107 0.49793460291842706 462365 
1654 1686 121 0.7730738258704761 473297 
1655 1686 125 0.8122160129964776 492867 
1656 1688 117 0.7827608773368349 467619 
1657 1691 124 0.7749971151983726 452758 
1658 1691 118 0.4036730474451572 452580 
1659 1691 125 0.341622138889027 410784 
1660 1691 117 0.7968146660187783 482798 
1661 1692 118 0.4206124537262741 503841 
1662 1692 114 0.10707412655992062 482892 
1663 1696 124 0.25640938230992205 454030 
1664 1696 122 0.6677245686251029 446697 
1665 1698 123 0.21215193524055026 452744 
1666 1699 124 0.24401584165385687 454774 
1667 1700 121 0.3374486274515126 457887 
1668 1701 121 0.6588777786152511 420830 
1669 1701 125 0.6058338700341963 457257 
1670 1701 122 0.431911668389775 446764 
1671 1703 115 0.1847004291107896 444645 
1672 1703 124 0.8096071849115652 453255 
1673 1705 117 0.8482491718264088 475886 
1674 1706 123 0.19196080055083756 463554 
1675 1707 109 0.8953147182063055 501155 
1676 1708 113 0.05595678619969292 484278 
1677 1708 115 0.05864157594780178 480274 
1678 1709 113 0.5608041860310345 493646 
1679 1709 119 0.20428382687441032 427090 
1680 1709 121 0.24517756536420668 458061 
1681 1710 110 0.77031001611359 425120 
1682 1711 121 0.5849122001697766 450482 
1683 1712 117 0.753717010744881 467218 
1684 1712 125 0.4510102939558689 506310 
1685 1712 116 0.7640490722718928 456848 
1686 1713 113 0.5827396329616404 429890 
1687 1713 114 0.8219653225872464 473767 
1688 1714 119 0.6234297947429843 410158 
1689 1714 114 0.13076789973763817 431015 
1690 1715 117 0.5867364372428272 496645 
1691 1716 118 0.4518363170195357 446009 
1692 1716 121 0.20291620515127481 506755 
1693 1718 106 0.3701136501882102 424831 
1694 1718 118 0.5700560839543788 434804 
1695 1719 117 0.5523129790851948 436255 
1696 1721 109 0.866440192522022 476565 
1697 1722 119 0.47752262017243985 413639 
1698 1724 115 0.7355955508741228 443808 
1699 1724 114 0.3223777100007657 418396 
1700 1725 116 0.1799552848061788 408202 
1701 1726 106 0.5569874500443349 495922 
1702 1727 108 0.8903839628993554 471996 
1703 1728 106 0.17624558976944196 492840 
1704 1728 110 0.4425346304332754 409898 
1705 1729 113 0.3799640000329556 491911 
1706 1730 112 0.7687783189486053 503710 
1707 1730 111 0.4292611712555976 494831 
1708 1731 118 0.13510386006933792 479823 
1709 1732 124 0.5335917412577263 476608 
1710 1732 109 0.13783383753372086 409746 
1711 1733 112 0.730416130953886 467634 
1712 1734 106 0.4890072343350015 478384 
1713 1735 106 0.20443415561351788 432246 
1714 1735 122 0.7112447310395161 420212 
1715 1737 124 0.3074382583373787 473344 
1716 1740 106 0.8810994746092872 472671 
1717 1740 119 0.28570864874059326 440565 
1718 1741 120 0.03828393331958887 460257 
1719 1741 124 0.58323429521192 499501 
1720 1743 106 0.4834274385946124 441080 
1721 1745 124 0.8150240564354871 446360 
1722 1747 121 0.39185003206439173 423103 
1723 1747 115 0.2980730756917187 472927 
1724 1748 108 0.3816431530619562 450620 
1725 1748 120 0.19911181358223304 477079 
1726 1750 116 0.0350606037335442 414522 
1727 1750 122 0.5974089916509898 472522 
1728 1751 109 0.39162974948741125 477812 
1729 1751 120 0.23510862578945763 482872 
1730 1752 111 0.6068138000567098 444894 
1731 1753 123 0.435979741115019 492051 
1732 1754 121 0.3158817306122159 471460 
1733 1755 121 0.08896342247557187 444329 
1734 1757 113 0.7150662467981671 470980 
1735 1760 109 0.790670371236892 423176 
1736 1760 117 0.42660962657958207 469271 
1737 1760 114 0.6955859761006501 437279 
1738 1761 111 0.32667407330404913 505164 
1739 1762 110 0.1555283663883408 458378 
1740 1764 122 0.04930800020122924 455563 
1741 1767 106 0.24885280007974353 476842 
1742 1767 115 0.10528750541181721 507499 
1743 1771 117 0.6680967640955155 501512 
1744 1771 124 0.7534780700366586 474582 
1745 1771 125 0.26395953433263863 409572 
1746 1774 118 0.3540433329692283 440103 
1747 1783 118 0.42129593744072436 427680 
1748 1785 120 0.4568850771293206 490927 
1749 1786 109 0.09319448739895832 429458 
1750 1787 106 0.31147024472712626 473501 
1751 1787 113 0.19273568671736596 427902 
1752 1788 107 0.21839189653856886 506376 
1753 1789 118 0.14097843076196007 488530 
1754 1790 112 0.18086237922825113 494568 
1755 1790 122 0.6987277184606311 416602 
1756 1791 111 0.6023131636911264 442663 
1757 1793 121 0.8282745338854766 484536 
1758 1793 111 0.7557723274003924 448049 
1759 1793 117 0.5890420622102462 428439 
1760 1795 106 0.6615549681942111 506534 
1761 1795 119 0.19031793384437304 411449 
1762 1796 119 0.5442204941989637 502834 
1763 1796 109 0.8285101244586967 489747 
1764 1797 106 0.40566689976377257 456955 
1765 1797 122 0.6027259367113401 493924 
1766 1797 126 0.0490037726553274 493398 
1767 1798 121 0.5792637255924473 505727 
1768 1798 111 0.34104169525312117 416609 
1769 1799 116 0.6787819701870188 440392 
1770 1799 112 0.797236016328466 502772 
1771 1800 116 0.6843674265226792 472369 
1772 1801 113 0.057750667184168596 420540 
1773 1803 108 0.5657240515165037 466578 
1774 1804 118 0.1738736329228383 448700 
1775 1806 112 0.8303928530066401 444399 
1776 1806 109 0.6525409838497529 435017 
1777 1807 114 0.5760261876018513 413026 
1778 1809 122 0.4117096331722805 440800 
1779 1810 116 0.2381249963137621 479836 
1780 1811 121 0.38756428025507167 467435 
1781 1812 107 0.6354835042012565 490460 
1782 1813 113 0.46588515283072407 454681 
1783 1813 106 0.8206291226899181 459310 
1784 1814 111 0.2090028922627749 470124 
1785 1815 111 0.870474653349429 507261 
1786 1815 109 0.3547702237072821 501740 
1787 1818 110 0.34465185918369085 498409 
1788 1818 110 0.8207052271749635 501503 
1789 1818 121 0.4150293778257068 423386 
1790 1819 111 0.45220573990517 427104 
1791 1820 120 0.2614344818640509 462560 
1792 1820 110 0.26296656269745367 449441 
1793 1822 124 0.10334743956880135 469259 
1794 1822 115 0.8321250140838589 474193 
1795 1823 121 0.8711490312514333 442030 
1796 1824 108 0.8049818204569069 480953 
1797 1826 125 0.6184343845229584 478359 
1798 1827 112 0.11568256747992132 467186 
1799 1829 109 0.6054222980944918 487770 
1800 1829 124 0.6249050400168311 432164 
1801 1829 126 0.8049036294836815 472452 
1802 1829 116 0.1793077185790261 501571 
1803 1830 118 0.6418632545553767 483715 
1804 1830 121 0.7293206474089619 507605 
1805 1830 124 0.22365601358194234 452567 
1806 1832 110 0.5619476440137152 449303 
1807 1832 107 0.8649875389614707 444226 
1808 1833 106 0.45628657168287895 410905 
1809 1834 106 0.7691797843849384 437183 
1810 1836 119 0.36031969775786465 499913 
1811 1837 126 0.011486046672680572 500965 
1812 1837 113 0.5797920220329018 413812 
1813 1838 119 0.5204309735666635 414625 
1814 1839 116 0.7835678226949263 460477 
1815 1841 106 0.06767823152092552 443135 
1816 1844 125 0.7002656943008863 413436 
1817 1844 120 0.5209875039184897 423890 
1818 1846 116 0.8929468863540612 467258 
1819 1846 124 0.4666575184102481 491087 
1820 1846 117 0.4214200368420134 505377 
1821 1847 109 0.7733525234417937 450307 
1822 1850 106 0.6016423080099514 415014 
1823 1851 126 0.13778459805504203 469093 
1824 1851 110 0.8807148537110141 437133 
1825 1851 122 0.7172279753630417 497065 
1826 1852 112 0.22357785643428618 439594 
1827 1852 107 0.5613969599123465 454092 
1828 1852 122 0.3235578041789413 467726 
1829 1853 116 0.4636661138580694 494024 
1830 1853 115 0.08482151898404942 493035 
1831 1854 118 0.7352961214920203 435050 
1832 1856 122 0.7121203784918979 459505 
1833 1856 123 0.6804058250251348 478857 
1834 1857 117 0.8865311404193374 494667 
1835 1857 109 0.26660179311440363 417338 
1836 1858 118 0.5070327134446728 444596 
1837 1859 121 0.8749318805624517 417457 
1838 1860 112 0.6743310066366035 442892 
1839 1860 125 0.014942936829356223 495667 
1840 1860 120 0.662637838075514 478242 
1841 1861 126 0.052394284410270664 461209 
1842 1862 124 0.1402093988361169 454781 
1843 1863 110 0.3415548783350195 415833 
1844 1863 126 0.13955746493997181 444734 
1845 1864 106 0.1219705509104378 474976 
1846 1866 124 0.04420325743141161 481819 
1847 1867 118 0.4409712146794438 440743 
1848 1870 119 0.616323509587099 432840 
1849 1871 122 0.7296347843364274 507926 
1850 1872 119 0.5244892107806306 505772 
1851 1875 114 0.1774121823933839 452919 
1852 1875 120 0.5939482384603983 464426 
1853 1876 109 0.05630507703382531 413852 
1854 1877 109 0.15654343164938023 412069 
1855 1877 115 0.8644411602476618 465698 
1856 1878 117 0.0993193514845735 439305 
1857 1878 110 0.5928591671104927 482559 
1858 1879 113 0.20705247418084394 436960 
1859 1879 121 0.26517000612906516 491860 
1860 1883 114 0.40209827411885257 414092 
1861 1884 115 0.04075961262057586 410626 
1862 1884 115 0.23531663649193021 464151 
1863 1885 118 0.7945184425652846 478437 
1864 1887 108 0.13785484239931156 476247 
1865 1887 111 0.23374550070090572 453496 
1866 1888 110 0.818193097144543 467582 
1867 1889 117 0.18263094003333635 487787 
1868 1890 108 0.7708735687109448 497020 
1869 1891 124 0.5805080301926258 485589 
1870 1891 120 0.5654918723983641 411710 
1871 1892 112 0.8070596382762162 478061 
1872 1893 120 0.7090920399577999 408766 
1873 1893 118 0.8412037806931588 480504 
1874 1894 119 0.660460511291521 447069 
1875 1895 117 0.25340909086704283 470691 
1876 1895 117 0.31680259522227144 426062 
1877 1896 120 0.40740333401472695 426481 
1878 1897 119 0.6299543267977671 425352 
1879 1897 106 0.46182860230970757 460228 
1880 1897 121 0.6560088437895023 456889 
1881 1898 116 0.27925258543586173 506891 
1882 1898 111 0.2033355158906017 442757 
1883 1902 122 0.49669469939847816 409107 
1884 1904 115 0.1836852161911881 458446 
1885 1905 124 0.765832144203887 455156 
1886 1905 124 0.8866238987965569 488987 
1887 1907 108 0.2933478979701787 445918 
1888 1908 124 0.739383587846823 459812 
1889 1908 115 0.688231135823844 461517 
1890 1908 118 0.20287589768056077 475046 
1891 1908 120 0.30016806063848694 486127 
1892 1909 115 0.04215638516124023 449297 
1893 1911 119 0.5222788431567174 459865 
1894 1913 113 0.5169015650652438 479945 
1895 1914 118 0.14981047718421459 498287 
1896 1915 112 0.415718343305187 424875 
1897 1915 107 0.11381300837664476 428938 
1898 1915 121 0.5940783443820699 462418 
1899 1916 120 0.06230152061220518 452690 
1900 1916 121 0.883286739470568 499910 
1901 1917 113 0.4737479725727635 411540 
1902 1918 124 0.7919119531775285 475121 
1903 1918 109 0.14076549476886754 491562 
1904 1919 119 0.08326977393861804 412912 
1905 1920 115 0.2990104185794939 441206 
1906 1920 116 0.4921332167644457 427981 
1907 1921 122 0.16492099111475303 489307 
1908 1921 122 0.29741168243380883 464128 
1909 1922 117 0.7708077821225097 494581 
1910 1922 115 0.6621653769052025 494101 
1911 1923 111 0.0811981264322724 447451 
1912 1923 121 0.08483422611130062 502316 
1913 1926 119 0.8124008551560239 448219 
1914 1928 120 0.6076082611880815 458029 
1915 1929 117 0.3870510893359639 494476 
1916 1929 111 0.3552371725650872 473139 
1917 1929 123 0.7676667517082286 430920 
1918 1930 120 0.7679308499950125 442678 
1919 1933 123 0.5923954370002299 452988 
1920 1933 107 0.8389830469581416 451803 
1921 1934 126 0.4425885313782862 438475 
1922 1934 119 0.13313007234671098 455613 
1923 1935 106 0.04703378224866412 431915 
1924 1940 117 0.363542381755509 456833 
1925 1940 125 0.31019551573292825 504596 
1926 1944 110 0.741481455925929 415449 
1927 1945 110 0.1293927555104881 437680 
1928 1946 118 0.749663314886258 438394 
1929 1947 110 0.6915602662741701 476734 
1930 1947 111 0.11066437535191911 431658 
1931 1947 120 0.8952598324168854 500231 
1932 1949 106 0.3178461564467854 481195 
1933 1951 119 0.7976845840158839 420911 
1934 1952 121 0.014039285870173581 420493 
1935 1952 120 0.6767873258328106 469864 
1936 1953 118 0.3348574601988637 465152 
1937 1953 114 0.2965026307849858 471832 
1938 1955 108 0.7629275138450844 425407 
1939 1956 123 0.21700976008798126 415934 
1940 1956 106 0.673444854442932 409155 
1941 1956 112 0.7439471332592633 449233 
1942 1958 115 0.5201984428437845 497298 
1943 1960 121 0.3302345152797694 437969 
1944 1961 120 0.46665313650517104 505306 
1945 1961 112 0.19095527347587796 484859 
1946 1962 115 0.4166160483794622 442985 
1947 1963 115 0.2696239573919797 416727 
1948 1963 117 0.130213470655561 476037 
1949 1963 117 0.09586967420250136 498542 
1950 1963 108 0.15654667635093764 507722 
1951 1964 124 0.35668957563466497 476825 
1952 1967 126 0.09762389536330687 463957 
1953 1968 106 0.10101168289113606 412879 
1954 1968 113 0.8091302883614281 447908 
1955 1969 112 0.2861767018156225 489670 
1956 1970 126 0.7536555433734811 497077 
1957 1970 111 0.15619784370532996 423738 
1958 1970 109 0.4662154331465016 408739 
1959 1970 119 0.8288980970273657 434309 
1960 1971 123 0.19220838084344838 469174 
1961 1971 118 0.8846857621660396 503260 
1962 1972 113 0.7845658706834836 413303 
1963 1972 115 0.3299320306764082 433509 
1964 1973 119 0.2108115615311206 434437 
1965 1973 107 0.050346547994053 490652 
1966 1974 115 0.4431172074101953 412808 
1967 1975 119 0.6805821847793796 458559 
1968 1975 120 0.8555278808953322 420087 
1969 1976 108 0.8652909033981206 461238 
1970 1976 118 0.16535008412939903 464862 
1971 1976 120 0.4082083994443313 480091 
1972 1980 117 0.161350671095457 485826 
1973 1980 122 0.29792732373203623 449729 
1974 1981 115 0.30487450700379237 505699 
1975 1982 110 0.19600213160746385 456566 
1976 1983 125 0.614009845916145 411448 
1977 1984 111 0.4471440647174466 483147 
1978 1984 126 0.34272028287544454 453618 
1979 1985 116 0.45825805203078235 477395 
1980 1986 113 0.34048836153476625 429104 
1981 1986 112 0.6052535930606198 506654 
1982 1987 108 0.1605551421075832 417046 
1983 1988 122 0.7029679318060662 429702 
1984 1989 115 0.852041681016092 464028 
1985 1990 121 0.416784498380891 491328 
1986 1992 113 0.017140347340932706 450974 
1987 1992 120 0.32497784698222193 501914 
1988 1993 126 0.40019657861705193 485995 
1989 1993 118 0.6541552799555643 434042 
1990 1993 124 0.39464893233146275 430744 
1991 1993 125 0.06329735605621681 486683 
1992 1995 115 0.10444341654500698 417943 
1993 1995 125 0.3861303225092755 447283 
1994 1996 107 0.35028179264247317 507223 
1995 1997 121 0.55779881271033 450896 
1996 1998 106 0.6059102303907307 413988 
1997 1999 122 0.5958894691711563 464489 
1998 1999 110 0.6184066960910397 441195 
1999 2000 114 0.6242973805323273 481259 
2000 0 117 0.43276212250933954 435306 
