1 25 112 0.20022881158523856 2865 
2 25 116 0.8841859356017325 2995 
3 25 118 0.19560124526993497 2633 
4 25 121 0.8242140425585245 2851 
5 25 111 0.36510973564187693 2931 
6 25 121 0.21167137757456578 3110 
7 25 110 0.14716058081397632 2630 
8 25 129 0.10356138798707491 2688 
9 25 129 0.2921282938835174 2720 
10 25 125 0.013523181909622532 3172 
11 25 110 0.4067731233804622 2847 
12 25 118 0.7185536379324816 3548 
13 75 130 0.6437376526398618 3063 
14 75 128 0.5642962093691646 2976 
15 75 117 0.04932882588407927 2947 
16 75 128 0.8403284106034078 3513 
17 75 124 0.22721884535502715 2790 
18 75 129 0.8741476663889626 3029 
19 75 116 0.45980807934852475 3278 
20 75 129 0.6504107428187982 3041 
21 75 119 0.1971182767332046 3492 
22 75 127 0.7448492248006942 3437 
23 75 126 0.43108467175235055 2917 
24 75 116 0.579313159093275 3136 
25 110 111 0.4242598785726061 2891 
26 110 123 0.1848300631501901 3216 
27 110 118 0.5069080640128486 3176 
28 110 127 0.655594421824139 2840 
29 110 125 0.16878879502155492 2667 
30 110 115 0.6904449176066717 2736 
31 110 113 0.412956353723385 3056 
32 110 122 0.4727199332654741 2656 
33 110 126 0.7314672547854165 2955 
34 111 127 0.800868893551504 2738 
35 111 120 0.18974805879960482 2716 
36 111 115 0.557192261665556 3155 
37 111 129 0.5414667645793265 3128 
38 111 122 0.5471775050161912 2599 
39 111 112 0.42605988136443174 3224 
40 111 120 0.2773055752024428 3194 
41 111 114 0.7631567552083852 2884 
42 111 118 0.6243605312494707 2649 
43 111 116 0.15642816687793432 3411 
44 121 115 0.6746161945821008 3405 
45 121 122 0.10147452610552427 3037 
46 121 123 0.8022595856408151 2987 
47 121 126 0.6982870346489012 3333 
48 121 111 0.12807062185494902 3042 
49 121 115 0.1457204901179975 3385 
50 121 118 0.6544976458172369 3061 
51 121 127 0.5682019047383219 2881 
52 121 111 0.0507063980257791 3042 
53 133 117 0.7450953334641028 3158 
54 133 113 0.7200792714685204 3246 
55 133 112 0.4394359363735923 2745 
56 133 125 0.3176374891140991 2757 
57 133 124 0.797939967426238 3389 
58 133 115 0.7051645967559087 3498 
59 133 128 0.4507308562022159 2910 
60 133 119 0.3660271546701964 3199 
61 133 119 0.4640696446645615 3044 
62 142 116 0.4888141520802739 3295 
63 142 129 0.8967423852044625 2930 
64 142 120 0.7296137176173162 3451 
65 142 110 0.5433977081659814 3528 
66 142 110 0.07627751552360693 2589 
67 142 128 0.5816161831187628 3185 
68 142 127 0.08807017150360248 3057 
69 142 122 0.46992724118142143 3186 
70 142 121 0.5621108246219464 2620 
71 142 119 0.23910259859638425 2627 
72 142 123 0.3858282223906694 3195 
73 142 129 0.8538918920812096 2842 
74 155 116 0.1394093624487451 2951 
75 155 110 0.40499037425343487 3345 
76 155 115 0.38980506453156155 2816 
77 155 118 0.7793391849647895 3268 
78 155 113 0.6432432787414745 3467 
79 155 122 0.608850154339443 3506 
80 155 115 0.7272300222483236 3014 
81 155 110 0.8673464423130431 2681 
82 155 115 0.46683500510970477 2867 
83 173 119 0.8751541584262178 2747 
84 173 122 0.3829726177877983 3284 
85 173 122 0.3002155691820059 3158 
86 173 112 0.010334145629711296 2747 
87 173 130 0.31644556582900396 2867 
88 173 116 0.5854693929124137 2623 
89 173 112 0.6902720531191759 3446 
90 173 115 0.17035847003859458 3016 
91 173 125 0.5694546294759247 3124 
92 179 111 0.4835096783714774 2857 
93 179 121 0.30914114413985777 3042 
94 179 117 0.7377192699037916 3485 
95 179 116 0.15297380192821172 2958 
96 179 116 0.24914908103724448 2733 
97 179 128 0.7570166333937238 2832 
98 179 114 0.31870860145254776 2721 
99 179 114 0.449870302056936 2843 
100 180 122 0.22705122707290343 2938 
101 180 128 0.422303130461862 3419 
102 180 115 0.3019484892577017 3546 
103 180 127 0.24770752670280335 3419 
104 180 113 0.7211124928978945 3389 
105 180 126 0.44590485248065204 3160 
106 180 130 0.6675552126836928 3250 
107 180 115 0.18025891633433222 3207 
108 180 119 0.49135428250991026 3352 
109 180 117 0.5372549581295923 2914 
110 191 127 0.15192582420641929 2673 
111 191 130 0.8088558700478757 3008 
112 191 126 0.6145077501584484 2776 
113 191 127 0.4891417120165145 3384 
114 191 115 0.07083351673568843 3358 
115 191 113 0.6729762065237657 3144 
116 191 124 0.7933906535508317 3112 
117 191 113 0.6974412290496448 2715 
118 191 128 0.8986753323028234 3283 
119 191 115 0.6898630812118962 2573 
120 191 128 0.10866301303254676 3235 
121 192 122 0.6440364377169583 3461 
122 192 125 0.5552155775070216 2934 
123 192 126 0.6202450298992984 2628 
124 192 119 0.5479637675744149 3203 
125 192 128 0.3594436318174396 2885 
126 192 121 0.6064883740974942 2637 
127 192 128 0.5821699599491343 2667 
128 192 114 0.8151318114846963 2939 
129 192 118 0.11967484976045878 2940 
130 210 127 0.417203331365203 2745 
131 210 114 0.07353482020803391 3125 
132 210 114 0.5161802899550262 3058 
133 210 125 0.3425811408722244 3473 
134 210 123 0.21611671063745855 3442 
135 210 125 0.4524972171048735 2933 
136 210 127 0.09743717706394694 2824 
137 210 125 0.388020265433127 2862 
138 210 116 0.05317359896682107 2597 
139 210 122 0.8153059000372584 3384 
140 210 113 0.2365715477013951 2779 
141 230 117 0.2865575809552135 3466 
142 230 116 0.45748899228119383 3046 
143 230 124 0.3524579944374286 2585 
144 230 125 0.8041558864708132 2918 
145 230 121 0.6591405928174542 2737 
146 230 124 0.04645604810705709 2870 
147 230 112 0.37054084712755836 2671 
148 230 121 0.29403030558052384 2751 
149 230 122 0.08123816683702596 2897 
150 230 119 0.7371547208893876 2979 
151 230 113 0.3611131953353025 3107 
152 231 121 0.15959935951222184 2906 
153 231 125 0.5448925711134518 3015 
154 231 123 0.08060750370581615 3027 
155 231 122 0.8770394421762508 3213 
156 231 119 0.17552691740155763 2709 
157 231 121 0.06973595268601673 3169 
158 231 123 0.36616996491964426 2943 
159 231 114 0.3946637478702557 2900 
160 231 114 0.4347465913049922 3185 
161 241 119 0.12406460506052278 3152 
162 241 112 0.8767909944168385 2684 
163 241 121 0.24244225835444838 2968 
164 241 112 0.6434501294642028 3048 
165 241 117 0.7539253849535295 2899 
166 241 118 0.560302077997691 2633 
167 241 119 0.550321593091174 3172 
168 241 120 0.33559294330374856 3554 
169 241 118 0.6903810619975108 3403 
170 249 118 0.11587892057775322 2771 
171 249 128 0.046093504335113805 3036 
172 249 129 0.5540031197443633 2991 
173 249 120 0.28642487378153897 2683 
174 249 122 0.5152796916461465 3009 
175 249 114 0.37018005465753606 3333 
176 249 128 0.09593801041517083 2995 
177 249 117 0.5734147545764633 3207 
178 249 120 0.5658152575009995 3326 
179 278 127 0.8031984223112707 3092 
180 278 119 0.6888424295372951 3283 
181 278 117 0.5363371624235073 3314 
182 278 116 0.691193480076186 3455 
183 278 123 0.08906147291592384 3143 
184 278 124 0.27417498608381624 2725 
185 278 114 0.6290224476123895 3390 
186 278 114 0.7981736967264953 3348 
187 278 112 0.34759937759021386 3399 
188 278 122 0.8212451153513618 3404 
189 278 124 0.7508458284061063 3212 
190 278 120 0.5662906163513782 3402 
191 337 127 0.7644949435896234 2583 
192 337 122 0.5992257724833331 2830 
193 337 126 0.22563723508230424 2624 
194 337 121 0.04505158525829289 3002 
195 337 117 0.8088996677382759 3254 
196 337 130 0.34753392705301106 3094 
197 337 110 0.4044929076648667 3541 
198 337 127 0.7097566573870009 3543 
199 337 120 0.6596944277058557 3216 
200 338 126 0.5979153746726178 3142 
201 338 123 0.3313647997037636 3013 
202 338 118 0.38263403724710704 3136 
203 338 124 0.8326097788095419 3146 
204 338 117 0.3712479209972 2640 
205 338 127 0.44131620535260135 3302 
206 338 110 0.6483473925518125 2710 
207 338 120 0.1287330024389627 2599 
208 338 119 0.845073300064523 2994 
209 338 113 0.4327279949747385 2881 
210 339 111 0.3750873634275064 2683 
211 339 129 0.05998406243237336 3258 
212 339 120 0.6569061415558414 2749 
213 339 110 0.39772475661154905 2711 
214 339 127 0.45010450210985903 2768 
215 339 128 0.0333551807576351 2819 
216 339 112 0.06380840313601488 2862 
217 339 125 0.8663926118007604 3437 
218 339 112 0.48027035637761617 3239 
219 339 113 0.3388290916772275 3288 
220 339 114 0.368068355858113 2849 
221 339 124 0.2793701269602012 2572 
222 340 113 0.18377568728495927 3531 
223 340 113 0.7708706039294237 2851 
224 340 126 0.711495967478208 3429 
225 340 111 0.029366251258895297 2802 
226 340 114 0.6734542938718248 3300 
227 340 120 0.4806907483868919 3525 
228 340 126 0.6479058933006183 3286 
229 340 112 0.6363266079896033 2678 
230 345 118 0.877575916035193 3279 
231 345 121 0.7503619871249697 3255 
232 345 111 0.20597069572846363 3180 
233 345 110 0.23821902850491575 3470 
234 345 120 0.023104186517977056 3108 
235 345 126 0.5015823722905676 2611 
236 345 116 0.21588699474007642 3091 
237 345 110 0.765720719457797 3481 
238 345 117 0.37834512804961196 3151 
239 345 122 0.6113357059367595 3433 
240 345 111 0.599226436870564 2805 
241 362 122 0.8665053389298891 2876 
242 362 121 0.7369570499244134 3497 
243 362 124 0.035025530882015085 2652 
244 362 113 0.6242163730552298 2688 
245 362 121 0.7708005829448716 3228 
246 362 117 0.6978735908079375 3237 
247 362 111 0.1556933364290026 2722 
248 362 114 0.5259669547177502 2817 
249 384 115 0.14463467055991466 3468 
250 384 110 0.11182129847024401 2578 
251 384 112 0.14785399572411012 2701 
252 384 115 0.4968461797337784 2698 
253 384 127 0.13533555453412885 3556 
254 384 123 0.6901643977965953 2583 
255 384 130 0.04831248846275994 3299 
256 384 110 0.11590710138310335 2632 
257 384 112 0.547851235097445 3547 
258 384 116 0.02134471769553127 3294 
259 392 126 0.20348750907296345 2954 
260 392 125 0.6465608135791019 3408 
261 392 123 0.7187297554094446 2767 
262 392 123 0.41543677322991607 2731 
263 392 116 0.7191672496670731 3400 
264 392 117 0.7743263367243827 2653 
265 392 117 0.6626813025827655 3373 
266 392 113 0.5274688993897815 3015 
267 392 113 0.21244126586050144 3181 
268 392 125 0.43640609248383566 2894 
269 392 115 0.7252337994652608 3501 
270 393 122 0.20739833586544554 3405 
271 393 120 0.7856629736895003 2833 
272 393 123 0.628391223300716 3262 
273 393 129 0.6188305704084806 3117 
274 393 122 0.45456267168781195 2961 
275 393 112 0.2864569907881948 3402 
276 393 110 0.806838718880898 2756 
277 393 119 0.44416767541084845 2932 
278 401 129 0.39143213210684774 3250 
279 401 127 0.02795604137039906 3558 
280 401 129 0.7614577467137255 3090 
281 401 115 0.6341597394419193 2566 
282 401 123 0.6221523053674054 3179 
283 401 114 0.8534604828980294 3143 
284 401 127 0.33522410202467995 2667 
285 401 124 0.5130706074326287 2709 
286 401 127 0.036374921699446595 3017 
287 401 116 0.8114645540799931 3328 
288 414 115 0.37590889444656134 2793 
289 414 120 0.888087080790195 3436 
290 414 128 0.8325114853657123 3006 
291 414 123 0.08459062345890642 3374 
292 414 128 0.03791643203690313 2773 
293 414 124 0.487709280440298 3363 
294 414 122 0.21364505343345 3143 
295 414 125 0.13583237818193555 2984 
296 414 119 0.2502029101855982 3392 
297 414 115 0.36659212924628026 3413 
298 416 113 0.6519350293187322 3075 
299 416 120 0.8694102801860075 2971 
300 416 118 0.4757186581839171 3092 
301 416 110 0.7439852015237487 2650 
302 416 122 0.11789713801019645 3126 
303 416 122 0.31670130724999157 3307 
304 416 128 0.4736967257455605 3390 
305 416 130 0.4675240402508945 3086 
306 416 123 0.621592465134213 3551 
307 416 116 0.4445194938702877 3130 
308 424 126 0.3065074156669764 3091 
309 424 127 0.48153859502022783 2726 
310 424 130 0.0390452812471428 3119 
311 424 110 0.27330431156313667 2592 
312 424 118 0.38107880244890996 3457 
313 424 112 0.2638735195225971 3338 
314 424 117 0.645970167521626 3062 
315 424 115 0.3814326177105419 3544 
316 426 124 0.2160865565346332 2757 
317 426 126 0.4980475608655896 3393 
318 426 117 0.2114682780140527 3287 
319 426 130 0.45852085169578727 2751 
320 426 122 0.46401434119729307 2918 
321 426 111 0.4577200467148082 3262 
322 426 113 0.5678550754650638 2579 
323 426 130 0.07004476398525232 3206 
324 426 123 0.5897936355212489 3560 
325 426 124 0.39269884299278773 3182 
326 426 120 0.5273468009344391 2677 
327 436 120 0.11903819511664823 2775 
328 436 124 0.012575336542519749 2708 
329 436 121 0.18992477843314962 3407 
330 436 110 0.7744562996269583 3304 
331 436 125 0.3546168510904641 3541 
332 436 112 0.3116967405938855 3285 
333 436 127 0.7444600037875697 2982 
334 436 122 0.7877666317975242 2622 
335 436 124 0.35212227499748655 3540 
336 436 125 0.37027911070638553 3216 
337 464 113 0.7869119135919962 2934 
338 464 122 0.5763120737259942 2615 
339 464 112 0.05098523128774012 3096 
340 464 114 0.42913718167833254 3389 
341 464 130 0.19190228527739686 2932 
342 464 122 0.19079538943442412 2659 
343 464 120 0.7895967148903477 3145 
344 464 127 0.10148592132626928 2801 
345 488 118 0.7143565303298594 2962 
346 488 130 0.05265006898116301 3298 
347 488 124 0.8860986148262467 3308 
348 488 123 0.8540164899099864 3045 
349 488 114 0.6356444496279356 3345 
350 488 113 0.10642179509145124 2909 
351 488 119 0.27835823667811044 2723 
352 488 121 0.17564425003686732 3506 
353 494 121 0.33050756945881987 2786 
354 494 125 0.21419094525560722 3036 
355 494 124 0.4230412255421668 3204 
356 494 114 0.3693569074778634 2860 
357 494 112 0.819924135088109 3479 
358 494 130 0.022421959142502813 3271 
359 494 119 0.17326534592364715 2726 
360 494 125 0.6733310270728622 3177 
361 494 114 0.8086214226576722 3325 
362 499 126 0.14734125072214863 2949 
363 499 112 0.3305579209174224 3354 
364 499 122 0.6701995321517453 3243 
365 499 118 0.6087905335906958 2876 
366 499 120 0.7721695144972033 3116 
367 499 122 0.17507415187729342 3467 
368 499 118 0.0651921701992496 3069 
369 499 110 0.5288477488370985 2924 
370 499 112 0.7168739708880769 2910 
371 499 123 0.37726124908629993 2891 
372 507 122 0.7718589070833612 2720 
373 507 110 0.15660491913971625 3421 
374 507 120 0.46140796534073686 3197 
375 507 122 0.6602795966117149 2856 
376 507 115 0.5582571025259991 2963 
377 507 126 0.297704319038516 3197 
378 507 124 0.14461112255554653 3393 
379 507 112 0.338025719771518 3265 
380 507 119 0.5156988938893875 3051 
381 507 110 0.4239406223126475 3107 
382 507 127 0.07373949779311986 2593 
383 518 124 0.3283168210015109 3355 
384 518 118 0.20952679070889635 3077 
385 518 121 0.6306120123060103 2977 
386 518 124 0.023277056129722338 3234 
387 518 122 0.6919874089746938 3031 
388 518 110 0.3631292092550718 2919 
389 518 117 0.6983527491509433 2659 
390 518 123 0.8040130236274763 3123 
391 518 119 0.8603577209518285 3384 
392 519 115 0.4276993460718743 2994 
393 519 114 0.870009009819043 2918 
394 519 114 0.40539515608286236 3211 
395 519 118 0.47288021770825056 3255 
396 519 111 0.7088240324689605 3253 
397 519 119 0.14144929723839975 3311 
398 519 110 0.8353082873293339 2868 
399 519 115 0.7374429975699869 3171 
400 519 113 0.5280900373292371 3257 
401 528 120 0.5112398408022095 3372 
402 528 121 0.6215234568806575 3509 
403 528 123 0.5640891511608336 3507 
404 528 119 0.6893829114979919 3443 
405 528 118 0.14504151537547158 3333 
406 528 121 0.16391466297146212 2991 
407 528 112 0.4650642051844542 3334 
408 528 110 0.15495469325582895 2989 
409 528 117 0.825239715329158 3242 
410 528 113 0.08406977989254441 2673 
411 528 123 0.5860330649437012 2641 
412 528 126 0.8216970148298693 2888 
413 529 113 0.8107853475024946 3280 
414 529 124 0.35019380617412427 3332 
415 529 111 0.7750008201575511 2892 
416 529 124 0.8431220763903889 3385 
417 529 111 0.8258846960441943 3115 
418 529 115 0.23148091425687925 3161 
419 529 111 0.8160351992526069 2788 
420 529 125 0.18119078916189416 3095 
421 529 111 0.12581438033625236 3544 
422 529 115 0.7313617846429956 3557 
423 529 123 0.89573366871847 3258 
424 536 130 0.6119897004128043 2790 
425 536 114 0.33876054007073503 2625 
426 536 117 0.5135218842574621 2620 
427 536 112 0.12044828907739243 3128 
428 536 115 0.4644503149484356 2602 
429 536 116 0.35692306146799674 2995 
430 536 124 0.39548557868728174 3459 
431 536 121 0.8507458337450029 3048 
432 536 127 0.1051957074279514 3552 
433 536 110 0.7277999377055218 2762 
434 536 115 0.8370844340440039 3072 
435 556 114 0.13308954700159653 3298 
436 556 114 0.10978912779255705 2562 
437 556 119 0.8325562528136182 3097 
438 556 129 0.6877282798324881 3306 
439 556 117 0.046456203895878935 3071 
440 556 111 0.8499847706722888 2754 
441 556 126 0.20154627198235348 2711 
442 556 119 0.020670920787055295 2921 
443 556 121 0.8445604730995484 3203 
444 556 122 0.6254655320024264 3276 
445 603 116 0.4653876340044613 3032 
446 603 129 0.4961153310649771 3492 
447 603 120 0.06769651244957287 3093 
448 603 120 0.08705498015052089 3328 
449 603 129 0.16206411828222034 2834 
450 603 121 0.6318427060535698 3494 
451 603 110 0.2936556276135339 3061 
452 603 128 0.7996486940940871 3317 
453 603 115 0.13301530760209418 3203 
454 603 115 0.2620498416421171 3521 
455 603 124 0.8486208005457866 3127 
456 614 126 0.46343870165809237 3551 
457 614 116 0.1364865373801386 2752 
458 614 119 0.5191157448025423 3477 
459 614 112 0.6213861374617038 2878 
460 614 113 0.1288563590940384 3533 
461 614 113 0.2661084315303584 2855 
462 614 126 0.03366213923221363 2812 
463 614 128 0.6131069778927886 3182 
464 624 125 0.13290900424372948 3297 
465 624 120 0.820771820758728 3028 
466 624 127 0.019924606000470278 3524 
467 624 117 0.33435761452529517 2600 
468 624 121 0.4942295735850025 3482 
469 624 123 0.036816622762003176 2966 
470 624 118 0.12694140399386827 3416 
471 624 110 0.8560500100796891 3506 
472 624 119 0.5210498675141917 3415 
473 624 115 0.5153062643297702 3081 
474 624 111 0.8922481062297913 2659 
475 624 123 0.6714777976940657 3466 
476 625 123 0.19150956099366342 3142 
477 625 127 0.5796280807685711 2710 
478 625 127 0.12270070553640025 2922 
479 625 116 0.7260530415306304 2660 
480 625 110 0.8396758133358965 3104 
481 625 115 0.5781525975173092 2863 
482 625 129 0.5127673356964583 3245 
483 625 126 0.7186212228155583 2957 
484 625 115 0.22719621243921617 3474 
485 625 130 0.36347158016575387 2909 
486 625 127 0.7690113117906823 2808 
487 625 120 0.8824510688812928 3193 
488 626 114 0.7298831414779371 2880 
489 626 117 0.16782759686287382 3116 
490 626 128 0.7869449820763323 3155 
491 626 121 0.7594289364054944 3324 
492 626 120 0.6537500188774257 2588 
493 626 129 0.22522143733433053 3540 
494 626 114 0.8501304523547564 3475 
495 626 116 0.2459351085326055 3075 
496 626 114 0.5783129461814775 2565 
497 626 120 0.32610664696413305 2589 
498 626 116 0.26668857396993445 2729 
499 636 112 0.7229542804136643 2629 
500 636 127 0.5192454465317067 2938 
501 636 117 0.10328382580500416 3416 
502 636 114 0.2864338227612298 3459 
503 636 116 0.8866511799074691 2598 
504 636 126 0.191018436146278 2790 
505 636 128 0.07265618410765645 3202 
506 636 128 0.08329298289641647 3009 
507 647 126 0.21990981042284918 3047 
508 647 112 0.23312719629999049 2710 
509 647 129 0.4256399730082194 3386 
510 647 114 0.7331523111122576 3021 
511 647 128 0.4447866798933123 2836 
512 647 123 0.8790255337330493 3067 
513 647 119 0.5789571509597967 3021 
514 647 125 0.3749249458712332 3127 
515 647 128 0.8980481919634924 3435 
516 647 118 0.5226699026956109 3225 
517 647 114 0.5349710575136545 3038 
518 648 110 0.8187022136445541 3518 
519 648 126 0.3095269858810589 2661 
520 648 110 0.8573384212530841 3179 
521 648 117 0.33046419934267107 2752 
522 648 121 0.7437819778410307 2785 
523 648 116 0.20335574045789442 2763 
524 648 124 0.39308997619900937 3128 
525 648 124 0.7938444519274331 3018 
526 648 117 0.3204119059830307 2736 
527 648 119 0.7190181137169619 3546 
528 657 114 0.11500627003516715 3193 
529 657 121 0.24573726194607848 2808 
530 657 126 0.714331337042134 2991 
531 657 122 0.3821007368922222 2636 
532 657 125 0.561648703121927 2846 
533 657 120 0.41112019371432806 3356 
534 657 125 0.6598600447575227 3140 
535 657 122 0.1405869806174149 3088 
536 666 114 0.8214055199724304 2675 
537 666 112 0.2265238469405758 2613 
538 666 130 0.2427965841730048 2561 
539 666 128 0.4366345593072984 2824 
540 666 130 0.06986578684889642 3496 
541 666 125 0.5103498080014757 3360 
542 666 113 0.7298204186724845 3546 
543 666 110 0.10536474413695186 3357 
544 666 114 0.37109350669831065 3271 
545 666 130 0.8523943051020143 2785 
546 666 124 0.6297650046640849 3376 
547 678 126 0.7516487775499135 3158 
548 678 114 0.8876805703835792 2715 
549 678 119 0.8219180288416573 2741 
550 678 120 0.6542868637818592 3126 
551 678 127 0.8965972431278826 2674 
552 678 123 0.5310074987375826 2748 
553 678 110 0.33332451182648604 2606 
554 678 110 0.022112769308345305 3542 
555 678 112 0.33872652228307504 2813 
556 689 125 0.6747586049655643 3478 
557 689 124 0.46060968917847905 3291 
558 689 120 0.7135607603319335 2650 
559 689 116 0.5548170575012406 3419 
560 689 115 0.8238855740450295 3306 
561 689 119 0.6231143303104664 2575 
562 689 129 0.7566634523242067 3290 
563 689 113 0.42367962070264964 3084 
564 689 112 0.8953996828687433 3124 
565 689 114 0.8017433104774455 2807 
566 689 114 0.8134217458718661 3001 
567 689 130 0.3214680729013975 3101 
568 691 120 0.5550006212350547 3234 
569 691 122 0.78973443068438 3173 
570 691 112 0.6723870426594405 2713 
571 691 115 0.4806433208473162 2795 
572 691 110 0.861120440535832 2818 
573 691 113 0.8769850518778526 2576 
574 691 116 0.2469488794216733 3415 
575 691 110 0.7288326007539445 3323 
576 700 118 0.42663844013697894 2618 
577 700 121 0.05019982752047193 3292 
578 700 119 0.88486597572144 2690 
579 700 130 0.08704789215337755 3044 
580 700 120 0.17409424855620653 3013 
581 700 119 0.785444844789602 2852 
582 700 118 0.29362518064534787 2620 
583 700 130 0.20322205480230632 3150 
584 707 117 0.3005841437627002 3020 
585 707 114 0.8123634936775811 2872 
586 707 110 0.1434339703109976 3314 
587 707 127 0.11792176309254344 2793 
588 707 126 0.32921895108876986 3037 
589 707 118 0.6034765674811353 3347 
590 707 124 0.3349319865192762 3178 
591 707 120 0.2083334087802062 3334 
592 707 118 0.4913052638981574 3363 
593 707 120 0.33228097220908825 3538 
594 709 122 0.8908570413312414 2829 
595 709 118 0.7503222505737435 2920 
596 709 111 0.06364400907241506 2935 
597 709 116 0.5807976832343436 2638 
598 709 119 0.7196566911935581 3492 
599 709 123 0.15801569333520205 3340 
600 709 116 0.13780906584932495 3551 
601 709 120 0.029550397452971187 3533 
602 709 123 0.7066411562863868 2843 
603 717 119 0.2551101468179314 2985 
604 717 127 0.22311270128884977 2795 
605 717 113 0.6767824117550247 3218 
606 717 116 0.24994765208958025 3268 
607 717 122 0.2021758589216501 3291 
608 717 115 0.544995281737285 3507 
609 717 116 0.2836852275479607 2682 
610 717 129 0.8514669236158219 2625 
611 717 116 0.16045327707332177 2673 
612 717 110 0.10970425370226006 2885 
613 717 121 0.1512983875051069 3138 
614 719 127 0.26402185138637896 3375 
615 719 110 0.796412650862049 3012 
616 719 113 0.7601387081888243 2789 
617 719 127 0.7324336175259937 3338 
618 719 116 0.3476583447991428 2979 
619 719 129 0.01915753011165658 3419 
620 719 127 0.6440789172674569 3357 
621 719 123 0.5459425196583844 3426 
622 719 126 0.10121529744947742 2892 
623 719 116 0.37190795501492024 3348 
624 729 113 0.49882880917989164 3160 
625 729 125 0.869277268954687 3217 
626 729 116 0.39984555605801814 3331 
627 729 121 0.6595636288225719 2960 
628 729 127 0.6115626853662187 3555 
629 729 114 0.5293840893180415 3476 
630 729 114 0.3237461000611469 2733 
631 729 113 0.8551683573879699 2812 
632 729 115 0.37652524326966774 2651 
633 729 110 0.7473096355515585 2949 
634 729 128 0.2131793292173259 2979 
635 729 125 0.8250823431775749 3318 
636 730 124 0.4611399292404665 3488 
637 730 118 0.09474816862333432 2711 
638 730 122 0.25866585273397547 2622 
639 730 117 0.7447246649890786 2773 
640 730 128 0.23066605289055872 2688 
641 730 116 0.4168634974317538 3455 
642 730 110 0.7777192665206699 3013 
643 730 125 0.8155899891891664 2657 
644 730 112 0.21312543534793713 3020 
645 730 120 0.770057264063333 2714 
646 730 120 0.2885739749915722 3482 
647 740 128 0.845759297556103 2747 
648 740 114 0.8881288081461419 2797 
649 740 130 0.32164432283491856 3006 
650 740 115 0.01573335746041836 2930 
651 740 112 0.5908296275863519 2670 
652 740 123 0.3807941100205744 3051 
653 740 112 0.1278749950201186 3131 
654 740 121 0.07901234437013702 3139 
655 740 129 0.2950046146652226 2566 
656 740 117 0.7300066055046697 2846 
657 751 118 0.6156212190838243 2809 
658 751 125 0.6469923674837759 2750 
659 751 115 0.40176133572838624 2929 
660 751 112 0.3077868582697365 3112 
661 751 126 0.12886552470659823 3408 
662 751 115 0.5362970603542941 2615 
663 751 121 0.5274956363494979 3390 
664 751 111 0.7284005125152591 2594 
665 751 121 0.8714841607201514 2895 
666 752 129 0.7851577847487211 2731 
667 752 117 0.7254604461155922 3515 
668 752 123 0.06112441979272145 2745 
669 752 122 0.127855827093244 2583 
670 752 123 0.5298693671860327 2723 
671 752 110 0.789175204391478 2766 
672 752 111 0.11539409104043426 2683 
673 752 127 0.6550294588529738 3320 
674 752 110 0.6130361652247959 3062 
675 752 121 0.18601543164461662 3045 
676 752 117 0.44511903726894325 2664 
677 761 115 0.7925942411323773 2573 
678 761 127 0.1872920294754124 3175 
679 761 115 0.4563854881993574 2580 
680 761 119 0.6319700467962099 3519 
681 761 124 0.235070715202575 2854 
682 761 120 0.6497020278478772 2976 
683 761 123 0.8234215103053402 3277 
684 761 122 0.8651654866264108 3398 
685 761 124 0.6654737323481846 2818 
686 761 112 0.06986550248605615 2674 
687 769 112 0.23222290691327802 2622 
688 769 125 0.20641149524617375 3167 
689 769 118 0.13742821876915917 3428 
690 769 119 0.5857935250512636 3431 
691 769 110 0.33330820963640234 3238 
692 769 129 0.8706757753813346 2719 
693 769 129 0.2860297191328002 2852 
694 769 117 0.5378015756658923 2847 
695 769 117 0.03704529713698262 2940 
696 769 126 0.5346817954099786 3350 
697 769 113 0.13395740891830538 2830 
698 769 121 0.8751772287392994 2771 
699 770 121 0.4296225370066055 2844 
700 770 117 0.1764184998366281 3325 
701 770 110 0.23655545319951257 2953 
702 770 128 0.625473037893723 2848 
703 770 117 0.27276626046937913 3428 
704 770 124 0.2968714257968887 2783 
705 770 111 0.06086719617678798 2966 
706 770 110 0.46667981342983056 2899 
707 777 122 0.5208894376954017 2708 
708 777 116 0.3194293338351611 2833 
709 777 119 0.0425856786058868 2932 
710 777 110 0.13492482216076526 2804 
711 777 120 0.8969769933706501 3467 
712 777 113 0.7278844144700132 3510 
713 777 123 0.8123949795932079 3549 
714 777 122 0.4834092385199186 2594 
715 777 122 0.5756455471295677 3377 
716 777 125 0.1667809187379541 2641 
717 778 120 0.6448285970537608 3359 
718 778 126 0.7050452317585166 3025 
719 778 130 0.09764339754727812 3156 
720 778 123 0.02340198520848462 3352 
721 778 115 0.06928901834425288 2611 
722 778 118 0.3525715142575138 3534 
723 778 121 0.4327658999753749 2830 
724 778 119 0.07719500096063242 3002 
725 778 117 0.767872846341216 2824 
726 778 125 0.1487472118694499 3210 
727 778 123 0.1390791298052943 2609 
728 778 124 0.1275990942557076 3443 
729 794 130 0.22500722186249308 2838 
730 794 120 0.08456975839680388 2963 
731 794 130 0.3446252827989086 3173 
732 794 116 0.7951670206811902 2626 
733 794 120 0.739208662608825 2646 
734 794 113 0.23560662150436656 3008 
735 794 120 0.023544308360271042 3051 
736 794 128 0.7658452403831643 3411 
737 794 118 0.6281598060077033 3187 
738 794 110 0.1475272152788016 3357 
739 794 127 0.1809325003607425 2879 
740 795 122 0.8019488954047352 2618 
741 795 116 0.475365684026001 3095 
742 795 130 0.47864266559569485 3312 
743 806 118 0.6512927584030326 2679 
744 806 116 0.6939541193388129 2861 
745 806 112 0.8465240837892363 2850 
746 806 126 0.4730920503725663 3469 
747 806 114 0.802848184600566 3214 
748 806 110 0.37980035003351637 2703 
749 806 127 0.16994915025228588 3037 
750 806 112 0.5537801033512649 2851 
751 818 129 0.21638177963803074 3228 
752 818 114 0.3081453126119166 3342 
753 818 119 0.7355302215712409 3538 
754 818 130 0.5950983929316122 2916 
755 818 114 0.5427663725978088 3257 
756 818 126 0.8045845330571189 2799 
757 818 113 0.8382962611313989 2774 
758 818 124 0.15696276635029602 3250 
759 818 116 0.06476722483187308 2736 
760 819 117 0.5403240474912854 2963 
761 819 111 0.29223849680645314 2644 
762 819 130 0.09119870419730405 2776 
763 819 111 0.30495074554153573 2820 
764 819 113 0.3775343384270478 3171 
765 819 110 0.7805636930897815 3021 
766 819 126 0.20385757364685 2793 
767 819 127 0.03754348312099673 2656 
768 819 129 0.13922383403955518 2661 
769 826 123 0.8434762307461212 3429 
770 826 115 0.7020749746120772 2878 
771 826 110 0.3503914241463901 3248 
772 826 110 0.26584492328011644 2670 
773 826 125 0.6131853209348308 2586 
774 826 115 0.8263590735697472 3168 
775 826 113 0.43881237985751015 2903 
776 826 130 0.17287198227887368 2731 
777 837 116 0.27905281482772587 2979 
778 837 116 0.6181578260003062 2663 
779 837 125 0.6264262841367436 3372 
780 837 118 0.8073871294694067 3227 
781 837 124 0.37289813440547076 3066 
782 837 116 0.8800306064826616 2667 
783 837 124 0.8749450474965667 3064 
784 837 123 0.08605786510662651 3140 
785 837 110 0.5667706880927538 3358 
786 861 126 0.07948884955141468 2960 
787 861 114 0.4574078925069493 2613 
788 861 113 0.26067097661368455 3384 
789 861 117 0.24979201127735892 2790 
790 861 127 0.33763704921496107 3241 
791 861 126 0.3821099438135158 3361 
792 861 121 0.5176942267583237 3250 
793 861 121 0.3458428303410565 2825 
794 876 128 0.3203195976534194 3162 
795 876 119 0.6382506517296207 2913 
796 876 115 0.7427335281910576 2719 
797 876 120 0.8895068834223577 2583 
798 876 112 0.4350408181344558 2814 
799 876 115 0.530969150210435 2990 
800 876 112 0.24060688532850397 2714 
801 876 129 0.3618264247441918 3009 
802 876 126 0.487690417603334 2828 
803 876 125 0.8270326193705998 2796 
804 876 112 0.6959047025967119 3102 
805 876 118 0.31068862667666386 3176 
806 885 119 0.7944227440020059 2629 
807 885 123 0.7808502326440528 2869 
808 885 113 0.36283203283089177 3097 
809 885 125 0.7346637798894926 3241 
810 885 118 0.56802137594994 2866 
811 885 110 0.49127747702776764 3072 
812 885 120 0.6348461263604165 2641 
813 885 117 0.2752895447956335 2812 
814 885 125 0.4433893841750312 2932 
815 885 115 0.3462787594275944 3038 
816 885 130 0.43905808405017316 3090 
817 885 129 0.37964907101060763 2778 
818 912 124 0.5798011848239042 2589 
819 912 119 0.5768496902159154 3072 
820 912 116 0.14445140209067622 3005 
821 912 129 0.19306194577189695 2671 
822 912 127 0.7896730602250895 3204 
823 912 112 0.3941568916253735 3156 
824 912 124 0.7496214509637132 3384 
825 912 123 0.8744287322184385 3084 
826 923 115 0.1259065399379755 2612 
827 923 127 0.17130021833517237 2564 
828 923 129 0.11711848116633108 2765 
829 923 118 0.8729991597710314 3258 
830 923 124 0.20692093390833521 2849 
831 923 129 0.8402253601448291 3145 
832 923 115 0.5389405023413728 3555 
833 923 115 0.2134231525131125 2724 
834 923 119 0.04865898390896393 3213 
835 923 112 0.7624223980149143 2984 
836 923 122 0.3933944138649462 3028 
837 934 128 0.012028482227649488 2999 
838 934 125 0.40672931776821464 2786 
839 934 119 0.09502086034727084 3079 
840 934 116 0.5867252251631562 3265 
841 934 126 0.823341731496862 2882 
842 934 126 0.8573960109520062 3115 
843 934 122 0.21073110865709702 2800 
844 934 123 0.865079261286404 2656 
845 934 117 0.27764335636965637 3039 
846 934 110 0.8137600389994712 3453 
847 934 125 0.014367764717293313 3095 
848 936 121 0.5826937025198562 2835 
849 936 120 0.29986404095129604 3022 
850 936 111 0.5616629405677419 3024 
851 936 122 0.7092237867228385 2702 
852 936 114 0.841281285794856 3064 
853 936 117 0.11566038032742726 2581 
854 936 126 0.14958433196092993 3390 
855 936 128 0.26591261588207704 3266 
856 936 118 0.29521298645375316 2824 
857 936 121 0.1099113068707746 3491 
858 936 118 0.6853640233565482 3223 
859 936 120 0.09641038454336202 3394 
860 947 123 0.7163185442664004 2856 
861 947 110 0.8163578678299541 3457 
862 947 126 0.8123928609098184 2819 
863 947 119 0.4689510715565815 2763 
864 947 116 0.4343887031141204 3290 
865 947 114 0.8059457912966685 2858 
866 947 120 0.6021522213258124 3208 
867 947 117 0.5508381126376152 2832 
868 948 110 0.12170266587375446 3371 
869 948 126 0.4923253060517737 3539 
870 948 116 0.17819106846798327 3018 
871 948 110 0.6848462616696597 3236 
872 948 125 0.729050079294679 3407 
873 948 127 0.21987316897216097 2797 
874 948 111 0.31369330633918485 3148 
875 948 124 0.7012661495127194 3414 
876 964 113 0.2712235381111846 3227 
877 964 115 0.8671954544731533 2844 
878 964 121 0.3473979862553864 2611 
879 964 128 0.867740149334184 3379 
880 964 123 0.01790910409918569 2584 
881 964 116 0.1650139031924685 3360 
882 964 113 0.18415438320803817 2917 
883 964 130 0.2559055397022301 2752 
884 964 130 0.6333854607636906 2675 
885 975 123 0.40010155305876466 3401 
886 975 123 0.613102306343919 3076 
887 975 128 0.4596728997945137 3334 
888 975 128 0.34104416080423183 2875 
889 975 114 0.010086106599913398 2833 
890 975 110 0.598324479815347 3500 
891 975 123 0.6377470069568665 3295 
892 975 121 0.03308450313581509 3388 
893 986 120 0.31622421737725437 2946 
894 986 124 0.23368983466346369 3329 
895 986 129 0.43764286286881177 2693 
896 986 120 0.2774811905392189 3005 
897 986 122 0.07627731258939353 3044 
898 986 123 0.11756587170363607 3088 
899 986 120 0.5455506570670944 2617 
900 986 112 0.1325655157623667 3193 
901 989 121 0.39872536953655985 3486 
902 989 117 0.796800207880482 2883 
903 989 114 0.7682806656909662 3362 
904 989 113 0.3627720821060767 3486 
905 989 111 0.8384173287543042 3479 
906 989 127 0.6726770582272382 3089 
907 989 130 0.03434890344295654 2974 
908 989 124 0.66233777713058 3136 
909 989 113 0.10664954941376906 2748 
910 989 124 0.24843857741367156 3546 
911 989 115 0.20888302154067231 3000 
912 995 121 0.6185090792238321 2736 
913 995 114 0.7239430814095037 3307 
914 995 126 0.176030889219491 3070 
915 995 117 0.5726173859566082 2999 
916 995 128 0.49279658296893575 2639 
917 995 122 0.3531509707751628 3490 
918 995 126 0.02717721476278509 2878 
919 995 122 0.408852274362178 2890 
920 995 129 0.6308202851874001 2727 
921 995 122 0.6610633549974221 3146 
922 995 110 0.06485556281765659 3135 
923 1004 114 0.6824460729950985 2997 
924 1004 120 0.23080698420677417 2712 
925 1004 117 0.2330724442487946 2839 
926 1004 121 0.288887493459231 2753 
927 1004 121 0.8066941256214983 3280 
928 1004 117 0.6562368377489791 2867 
929 1004 128 0.3071656600906075 2888 
930 1004 118 0.6356760154883836 2981 
931 1004 120 0.2130572218480809 2743 
932 1004 114 0.6682511317994109 3358 
933 1004 124 0.43098137144898935 2892 
934 1005 125 0.41152663304830805 2562 
935 1005 110 0.11058726810329085 2571 
936 1005 112 0.2762598651255959 2814 
937 1005 122 0.06485003886991217 2925 
938 1005 130 0.7394216097326627 2739 
939 1005 122 0.7333792216273599 2911 
940 1005 125 0.6556799007010152 2661 
941 1005 119 0.12507446616635856 3544 
942 1005 117 0.06364382572772836 3130 
943 1005 125 0.6645509470023542 3378 
944 1005 113 0.026628838186718642 2595 
945 1005 116 0.4074976030498183 2597 
946 1006 126 0.47566652848422564 3081 
947 1006 128 0.4727641757160774 3085 
948 1006 114 0.8671663349553852 2734 
949 1006 110 0.1019088275574311 3501 
950 1006 123 0.6845368005487007 2760 
951 1006 122 0.011414228482153998 2960 
952 1006 129 0.7460679050393466 2808 
953 1006 116 0.43597273749639653 3555 
954 1006 114 0.42658085724619726 3063 
955 1016 130 0.21615617110714833 3544 
956 1016 124 0.5270391337672219 3223 
957 1016 122 0.5419645555872159 3025 
958 1016 120 0.011493451606500189 2993 
959 1016 127 0.6638730202264964 2655 
960 1016 124 0.8575903659265556 2807 
961 1016 112 0.5930115475660998 2777 
962 1016 130 0.2669738358355784 3050 
963 1016 122 0.5508863598506667 2933 
964 1026 117 0.050493426681318274 2869 
965 1026 112 0.06214631832604508 3470 
966 1026 126 0.5316593663423759 3235 
967 1026 119 0.19594716412786267 3062 
968 1026 125 0.6933419646934815 2585 
969 1026 124 0.5137042854826338 2911 
970 1026 121 0.13875433435112575 3529 
971 1026 115 0.39614333258201745 3171 
972 1026 111 0.3631410848290265 2766 
973 1026 124 0.03794818302256355 2892 
974 1026 116 0.04377288493967002 3244 
975 1027 126 0.2110951570128273 2852 
976 1027 114 0.5872351384782134 2872 
977 1027 128 0.13358894142599806 2578 
978 1027 115 0.0441896655629503 2762 
979 1027 128 0.8137728107677424 3374 
980 1027 113 0.5714440419588075 3207 
981 1027 126 0.16880382804716126 3212 
982 1027 117 0.8862094997402764 2893 
983 1027 120 0.47774625876064486 2792 
984 1027 114 0.3176685035557817 3050 
985 1027 126 0.1407856239216927 2569 
986 1038 113 0.2420037908058826 2899 
987 1038 120 0.7987018487372214 2686 
988 1038 128 0.21323709536910715 3379 
989 1038 124 0.6426109937163841 3196 
990 1038 118 0.8089230602812431 3557 
991 1038 117 0.2853564223307213 2654 
992 1038 126 0.8451194963342566 3479 
993 1038 119 0.14844856049520247 3251 
994 1038 126 0.7753492378900145 2811 
995 1039 118 0.21440854736779047 3186 
996 1039 126 0.15391422527562462 2570 
997 1039 110 0.3788866876220745 2684 
998 1039 115 0.6207963136740162 2845 
999 1039 122 0.8288744767264213 2672 
1000 1039 129 0.897431023052333 2609 
1001 1039 122 0.7247120972833546 2666 
1002 1039 113 0.30422708956047084 3246 
1003 1039 111 0.09445961684666508 2977 
1004 1059 119 0.0273976512803982 3357 
1005 1059 118 0.8972287505805008 2560 
1006 1059 130 0.4170379737714375 2788 
1007 1059 112 0.5001129588042686 2928 
1008 1059 127 0.787341506616898 3528 
1009 1059 120 0.3713076417538264 2981 
1010 1059 115 0.5357323616128166 3484 
1011 1059 130 0.4918256378956931 3136 
1012 1059 127 0.8173434265516109 3280 
1013 1059 114 0.7589274299714064 3298 
1014 1061 119 0.8466853908101764 2823 
1015 1061 120 0.08910283827394419 3305 
1016 1061 127 0.6917301829189425 2692 
1017 1061 113 0.722077294400096 2986 
1018 1061 127 0.6736011856490522 3560 
1019 1061 115 0.4843976948813214 3420 
1020 1061 120 0.5130657565570891 3003 
1021 1061 117 0.7937123857897751 2936 
1022 1061 117 0.7537760934139067 3549 
1023 1061 110 0.7333983551438306 2658 
1024 1061 116 0.6985717952934563 3077 
1025 1061 111 0.09892549948064444 2676 
1026 1082 127 0.7115988271802741 2978 
1027 1082 125 0.6414697932243935 3289 
1028 1082 116 0.7860093092689588 3046 
1029 1082 119 0.49478611866820726 3556 
1030 1082 120 0.6718939472049571 2585 
1031 1082 118 0.27841036478410913 3176 
1032 1082 111 0.2745998485474377 3353 
1033 1082 119 0.7444064637455847 2905 
1034 1082 124 0.5496516327847939 3529 
1035 1082 113 0.8951136815596828 3006 
1036 1082 128 0.49417959178649234 3424 
1037 1082 127 0.28146147360407475 2890 
1038 1091 117 0.2878730316846367 3112 
1039 1091 115 0.8612504661949302 2650 
1040 1091 113 0.5304229053226969 2717 
1041 1091 130 0.12988720572753434 3136 
1042 1091 116 0.3452700696380897 2730 
1043 1091 119 0.25082874507415687 2854 
1044 1091 111 0.686976902847368 2679 
1045 1091 114 0.8552623894437709 2846 
1046 1091 110 0.712795879812475 3327 
1047 1091 126 0.8647993790820707 3193 
1048 1091 126 0.5067737469477741 2872 
1049 1092 126 0.7182358530231031 3342 
1050 1092 117 0.5086042788545675 2822 
1051 1092 118 0.8749359782202468 2764 
1052 1092 112 0.15500087946256857 3172 
1053 1092 114 0.17817835064974105 3327 
1054 1092 121 0.34819037560618016 3023 
1055 1092 116 0.36777873794730626 2677 
1056 1092 112 0.08996985244348694 2931 
1057 1092 125 0.897372835720309 3298 
1058 1092 127 0.26008380952390536 3299 
1059 1147 114 0.10827731396654874 2629 
1060 1147 122 0.06327910012381152 3307 
1061 1147 128 0.8950125488187205 3118 
1062 1147 124 0.01876578370464209 3505 
1063 1147 122 0.5301111148841207 3274 
1064 1147 123 0.4512679150207259 3555 
1065 1147 111 0.5123801770737879 3338 
1066 1147 127 0.0383857255190331 3398 
1067 1147 117 0.8947625887793705 2842 
1068 1147 112 0.08047850824725944 2799 
1069 1147 111 0.25030243187992635 2692 
1070 1148 125 0.7555971679916819 3376 
1071 1148 126 0.4146953267679555 2630 
1072 1148 118 0.27428984526405215 3315 
1073 1148 116 0.7967587229602876 3046 
1074 1148 130 0.01297712508512946 3465 
1075 1148 123 0.44365701788085543 2596 
1076 1148 127 0.17875765626471782 2661 
1077 1148 126 0.7324521839206106 3320 
1078 1148 116 0.3956448905589397 3049 
1079 1148 120 0.1826389753789596 2781 
1080 1148 114 0.08939269666437756 3526 
1081 1148 121 0.4615864728904787 3178 
1082 1159 125 0.5230316357621849 3304 
1083 1159 123 0.160087707562037 2643 
1084 1159 123 0.876582920701305 2798 
1085 1159 119 0.15347764126573046 3014 
1086 1159 114 0.4994191336875124 2830 
1087 1159 111 0.16926706123838337 2728 
1088 1159 126 0.19834546968788433 2860 
1089 1159 122 0.2664579894288469 3326 
1090 1159 124 0.5553992907782166 2706 
1091 1167 119 0.295678276362251 3336 
1092 1167 124 0.2922586966834843 3421 
1093 1167 130 0.5514182544241543 2978 
1094 1167 114 0.07446082809368139 2766 
1095 1167 114 0.6132109459701544 3244 
1096 1167 127 0.21000991501250574 3018 
1097 1167 125 0.15616018425617337 3524 
1098 1167 129 0.6417020027419597 2712 
1099 1167 115 0.21835183471022604 3130 
1100 1167 118 0.8037583943911705 3433 
1101 1167 112 0.18983642467086378 3062 
1102 1167 122 0.17751299505869808 2991 
1103 1168 114 0.5736947851641357 2907 
1104 1168 118 0.0666809854359689 2755 
1105 1168 121 0.7037921850618929 3447 
1106 1168 127 0.1803191854030975 2839 
1107 1168 126 0.19406276424732763 2663 
1108 1168 119 0.8917558541824961 3539 
1109 1168 110 0.7449133385302322 3417 
1110 1168 125 0.3889205537419198 2849 
1111 1168 126 0.20877504151915044 3322 
1112 1180 120 0.5756540348822341 2602 
1113 1180 120 0.38944220383755507 3479 
1114 1180 110 0.7933351452510826 2799 
1115 1180 121 0.8017638997623622 2656 
1116 1180 123 0.1875502955469806 2901 
1117 1180 115 0.6424540862583356 3156 
1118 1180 113 0.18581088363376513 3201 
1119 1180 114 0.830419268298518 2674 
1120 1180 115 0.1392776460108517 2937 
1121 1180 125 0.5243989228307268 3226 
1122 1180 121 0.31291938162898697 3543 
1123 1180 117 0.20660668339701782 2867 
1124 1189 110 0.11419554737183917 3140 
1125 1189 127 0.8329780472417639 2833 
1126 1189 123 0.2780637580273998 2760 
1127 1189 116 0.42992881230480495 2606 
1128 1189 113 0.04818687111129467 3003 
1129 1189 113 0.5958520413300723 2746 
1130 1189 112 0.208178657663388 3114 
1131 1189 117 0.16594190929238528 2625 
1132 1189 127 0.851456316840896 2944 
1133 1189 114 0.06953649905767244 2950 
1134 1189 128 0.175001654396778 3042 
1135 1189 128 0.7416016454218728 3222 
1136 1200 127 0.8106055686025803 2773 
1137 1200 116 0.8545841650252454 3545 
1138 1200 114 0.8583759100213364 2733 
1139 1200 121 0.41915059693923346 2729 
1140 1200 128 0.8303642649732426 3032 
1141 1200 111 0.8082842047093204 3145 
1142 1200 116 0.4347437454206934 3554 
1143 1200 128 0.51981707318901 2982 
1144 1200 129 0.4481081265615551 3191 
1145 1200 129 0.4086480680100725 2994 
1146 1200 117 0.0732545220156877 3352 
1147 1210 121 0.7774285789651961 2953 
1148 1210 113 0.21824336162600755 3284 
1149 1210 111 0.3502789210541185 3001 
1150 1210 129 0.07393809252019695 3404 
1151 1210 126 0.6952513999728508 3065 
1152 1210 120 0.8897099639669193 3129 
1153 1210 115 0.044305897554875656 3100 
1154 1210 114 0.6247092157595595 2901 
1155 1210 117 0.4834870773994928 2697 
1156 1210 123 0.10523154642893137 3389 
1157 1210 113 0.46483331587804005 2570 
1158 1210 119 0.5604114259256777 2782 
1159 1220 128 0.21303903687525105 2835 
1160 1220 128 0.316296546903924 2658 
1161 1220 113 0.05995749838257552 2895 
1162 1220 129 0.13753523212731888 3036 
1163 1220 122 0.23485748089077071 3271 
1164 1220 126 0.4951236337383763 2721 
1165 1220 125 0.12349534728166245 3299 
1166 1220 122 0.5621391661514975 2630 
1167 1221 120 0.8325648156761618 2648 
1168 1221 115 0.8747919528899153 2580 
1169 1221 123 0.14714745298338658 3071 
1170 1221 114 0.2026515195334372 2581 
1171 1221 115 0.09664453859748913 3227 
1172 1221 115 0.1086156256223984 3362 
1173 1221 116 0.16610312754133236 3276 
1174 1221 113 0.1271084368898385 2949 
1175 1221 114 0.6653673700248476 2648 
1176 1221 117 0.6810540070572583 2864 
1177 1222 130 0.4632263163120549 2603 
1178 1222 127 0.1347482327382845 3177 
1179 1222 129 0.37230484972105465 3470 
1180 1222 121 0.8512174877624165 3094 
1181 1222 120 0.5314632132521262 2743 
1182 1222 112 0.4427440348686333 2877 
1183 1222 112 0.09189512404771366 3200 
1184 1222 130 0.8126761503269537 2751 
1185 1222 120 0.5939487601505987 3327 
1186 1222 123 0.48857558635752824 2662 
1187 1222 127 0.7074048482458314 2864 
1188 1222 115 0.6816842363999963 3284 
1189 1223 119 0.5800749425778546 2931 
1190 1223 121 0.5938841212225905 2701 
1191 1223 116 0.7826701480353979 2578 
1192 1223 124 0.6929391654091285 2589 
1193 1223 123 0.6450863372451102 2914 
1194 1223 128 0.7944603717055326 3192 
1195 1223 127 0.5499813679508604 3502 
1196 1223 111 0.833482826915917 3039 
1197 1223 125 0.8388368511904347 2719 
1198 1223 125 0.36635883206226805 3399 
1199 1223 129 0.28671170748526237 2696 
1200 1224 119 0.6784013065537324 3553 
1201 1224 115 0.3357751981225208 2972 
1202 1224 114 0.5644215567087508 2832 
1203 1224 120 0.25916207497555177 3491 
1204 1224 119 0.8433832536201343 3528 
1205 1224 111 0.5083939937628641 3226 
1206 1224 121 0.6877438882502667 3171 
1207 1224 116 0.086549572885335 3167 
1208 1224 127 0.7353409400802762 2770 
1209 1224 117 0.8191103881001414 3308 
1210 1239 114 0.15940022771213475 3543 
1211 1239 125 0.08861293953399663 3103 
1212 1239 126 0.6609238519546902 3088 
1213 1239 127 0.6440664341816351 3144 
1214 1239 123 0.10957004300659236 2989 
1215 1239 129 0.25416409184165856 3487 
1216 1239 124 0.23412184076021045 3467 
1217 1239 111 0.42681318552989456 2868 
1218 1239 111 0.833672094059863 2789 
1219 1239 120 0.7548052599048538 2722 
1220 1240 110 0.21009166104574395 3031 
1221 1240 125 0.47695726924983595 2658 
1222 1240 119 0.6978803343305662 3128 
1223 1240 122 0.5984425848632466 2859 
1224 1240 128 0.135687430467202 2996 
1225 1240 127 0.10609071887891267 2767 
1226 1240 114 0.6246682606837937 3527 
1227 1240 120 0.016681381446207854 3213 
1228 1240 115 0.015298940909667803 3540 
1229 1240 123 0.18651586758813293 3512 
1230 1240 112 0.07900306935354671 3338 
1231 1257 123 0.5344625265456582 3247 
1232 1257 111 0.08352309570540306 3515 
1233 1257 117 0.38453761096545813 3430 
1234 1257 126 0.07686796101425142 3358 
1235 1257 112 0.7180546325552322 2802 
1236 1257 111 0.2523570308809382 2838 
1237 1257 113 0.5126218742597732 2748 
1238 1257 125 0.2616890168199323 3160 
1239 1286 130 0.5951709962695878 2623 
1240 1286 112 0.11620369485316633 3128 
1241 1286 115 0.36156759229528773 2663 
1242 1286 120 0.6540758931178937 2701 
1243 1286 127 0.46818065547203624 3253 
1244 1286 113 0.41352122705345384 2716 
1245 1286 126 0.6835212176012584 2684 
1246 1286 111 0.7948533086265852 3088 
1247 1287 117 0.492086933358315 3045 
1248 1287 128 0.8070798183659569 2993 
1249 1287 126 0.32436847042912287 3106 
1250 1287 127 0.6701634677119594 3185 
1251 1287 120 0.16961347866199575 3267 
1252 1287 126 0.6484951509615441 3084 
1253 1287 116 0.33773574625978364 2585 
1254 1287 120 0.5638180470566639 3139 
1255 1287 128 0.8623310863310018 2676 
1256 1288 117 0.3236013719787386 2603 
1257 1288 129 0.36166503136719497 2654 
1258 1288 122 0.8876098135479921 3480 
1259 1288 117 0.42152396128635555 2680 
1260 1288 110 0.11479777317803273 2572 
1261 1288 127 0.16643712896577198 3203 
1262 1288 130 0.3698382227756205 3538 
1263 1288 118 0.20902653259403714 2903 
1264 1288 129 0.44236922155888525 3140 
1265 1288 115 0.10256408086087088 2774 
1266 1288 122 0.2057027685862987 2610 
1267 1309 113 0.7604247854408772 2608 
1268 1309 122 0.6904597417585439 3408 
1269 1309 110 0.8255718792338836 3147 
1270 1309 113 0.6201238670012815 2888 
1271 1309 122 0.6426414616651985 3036 
1272 1309 126 0.36129785091144656 3116 
1273 1309 129 0.06091036003964313 2652 
1274 1309 119 0.19140055288626825 2889 
1275 1309 121 0.5492843415047057 2593 
1276 1309 121 0.44356897686144847 3133 
1277 1309 118 0.7096820380417869 2676 
1278 1319 119 0.7772547578368174 3214 
1279 1319 115 0.17948372389482845 2913 
1280 1319 110 0.5650183938383236 2836 
1281 1319 126 0.053901735700893884 2808 
1282 1319 115 0.7073624137399714 2599 
1283 1319 120 0.43133979944979517 3047 
1284 1319 127 0.2024409702266904 3077 
1285 1319 113 0.44461929413742707 3368 
1286 1339 126 0.24618669198463494 2710 
1287 1339 124 0.30562708973892583 2680 
1288 1339 129 0.7064643706963821 2733 
1289 1339 120 0.7117967492362625 3219 
1290 1339 129 0.2221558648238211 3198 
1291 1339 120 0.7882801074033348 2911 
1292 1339 129 0.08309393972558882 3338 
1293 1339 110 0.8619246994714153 3101 
1294 1339 115 0.26168466254841616 3120 
1295 1339 130 0.6229269552849463 2600 
1296 1339 124 0.5985928521014965 2616 
1297 1339 125 0.3355739195755128 2649 
1298 1340 123 0.34025555624527737 2561 
1299 1340 113 0.19934183094304167 2785 
1300 1340 110 0.09504895159825626 2972 
1301 1340 123 0.09943388505127575 3158 
1302 1340 128 0.3716556199331233 2623 
1303 1340 111 0.41553765253435804 3314 
1304 1340 114 0.41604131232394026 2684 
1305 1340 123 0.2841486702869073 2849 
1306 1340 112 0.20730781168412668 3114 
1307 1340 128 0.6825755658937078 2585 
1308 1340 129 0.15532726765644708 3526 
1309 1341 119 0.4188974171223414 2814 
1310 1341 126 0.4977659292485311 3393 
1311 1341 126 0.06781502948017874 2717 
1312 1341 113 0.2098017582752244 3556 
1313 1341 127 0.4097690802370834 2659 
1314 1341 110 0.7926848914963648 3010 
1315 1341 126 0.16402447776553514 3328 
1316 1341 118 0.29163535289278375 3174 
1317 1341 111 0.507752343461857 2582 
1318 1341 117 0.06218469138658422 3088 
1319 1342 125 0.05540815760993068 2660 
1320 1342 125 0.15174933253195477 3345 
1321 1342 128 0.029577726336968507 3091 
1322 1342 116 0.1902600677329157 3377 
1323 1342 129 0.6955557305300683 3097 
1324 1342 117 0.6122357396861617 3426 
1325 1342 124 0.058096222744340634 2899 
1326 1342 126 0.8307721011318874 2700 
1327 1342 111 0.22047152190790642 3179 
1328 1342 113 0.4866994586640692 3038 
1329 1360 122 0.7434263918728391 3321 
1330 1360 111 0.21743872455424443 2826 
1331 1360 113 0.6220251969599166 3062 
1332 1360 130 0.7353940022306098 3070 
1333 1360 120 0.6816475184927907 3169 
1334 1360 118 0.6414894644381071 3298 
1335 1360 117 0.4507458615201908 2896 
1336 1360 130 0.7689503607921286 2666 
1337 1360 112 0.400037176218253 2733 
1338 1360 114 0.8958759671408842 3379 
1339 1371 119 0.2145855598380078 2605 
1340 1371 113 0.37622921740856 3006 
1341 1371 125 0.1099298297815661 2836 
1342 1371 117 0.37878049691798005 2872 
1343 1371 110 0.3611293161499815 3381 
1344 1371 116 0.5450670301207506 2621 
1345 1371 114 0.8280875573012115 2806 
1346 1371 115 0.8648473916400342 3400 
1347 1371 113 0.24672328763914192 2712 
1348 1371 119 0.32614917756240686 3228 
1349 1373 124 0.6711814015210529 2805 
1350 1373 129 0.2423417734616271 2768 
1351 1373 121 0.5316801314177935 2806 
1352 1373 128 0.47872616519071715 2704 
1353 1373 117 0.7147475043288233 3528 
1354 1373 116 0.5619128425449464 2803 
1355 1373 118 0.2657807982301052 3342 
1356 1373 111 0.44240790715070855 3381 
1357 1373 123 0.5940427497254855 2926 
1358 1373 126 0.15958028578771985 2848 
1359 1373 112 0.48940821988421807 2920 
1360 1383 110 0.08333790199594973 3400 
1361 1383 115 0.4072740969647735 3080 
1362 1383 110 0.1090730872863544 3539 
1363 1383 115 0.3134396694836062 2847 
1364 1383 121 0.35472988133939376 3414 
1365 1383 118 0.4686776061069264 2694 
1366 1383 115 0.822889506729549 3240 
1367 1383 127 0.8518608851129632 3090 
1368 1383 110 0.8547509132267471 3166 
1369 1383 125 0.5699071959542308 3418 
1370 1401 129 0.31777902784690265 3478 
1371 1401 118 0.4931501737177157 2647 
1372 1401 120 0.2827473907406754 2881 
1373 1401 113 0.42554908822770143 2631 
1374 1401 110 0.578545845853177 3411 
1375 1401 112 0.7518119330472726 2969 
1376 1401 122 0.019833357906571255 3181 
1377 1401 113 0.8702049522295657 3441 
1378 1401 130 0.8382295383319576 3517 
1379 1401 115 0.44213842970635714 3138 
1380 1403 130 0.4189014919320833 2658 
1381 1403 125 0.8741314028881529 2625 
1382 1403 110 0.2495868256121948 3194 
1383 1403 125 0.1746385283241096 2891 
1384 1403 110 0.536405351396737 3298 
1385 1403 128 0.7927738686596202 2902 
1386 1403 117 0.5782469453933584 3344 
1387 1403 113 0.7770535421812315 3189 
1388 1403 114 0.7965634748269907 2691 
1389 1403 116 0.7970402841766996 2856 
1390 1409 119 0.3684116567751607 3213 
1391 1409 127 0.4059219970509756 3435 
1392 1409 111 0.32172606880587373 3437 
1393 1409 124 0.7248621054693524 2831 
1394 1409 115 0.6958573969936943 2659 
1395 1409 127 0.2545899209920382 2869 
1396 1409 118 0.2740521857445172 3286 
1397 1409 118 0.25753605270088836 2844 
1398 1409 113 0.43906665735241535 3369 
1399 1409 110 0.6189492892829016 3539 
1400 1409 111 0.614176846009878 3170 
1401 1418 120 0.32840085560823584 2811 
1402 1418 111 0.8534895656960186 3424 
1403 1418 117 0.3787026800904232 2913 
1404 1418 112 0.4758739448890186 3311 
1405 1418 123 0.7577693577807282 3446 
1406 1418 111 0.41007821742147693 3317 
1407 1418 115 0.08417495942621948 2955 
1408 1418 115 0.05982300873496701 3548 
1409 1441 129 0.4303030448494329 3071 
1410 1441 119 0.17657274771196435 3424 
1411 1441 118 0.36684871589115936 3127 
1412 1441 125 0.5552639748205394 2766 
1413 1441 128 0.8351757823683101 3385 
1414 1441 113 0.36226425240473803 3247 
1415 1441 127 0.3436206702497796 2862 
1416 1441 115 0.4894079403377599 3296 
1417 1441 125 0.7921009064118414 2637 
1418 1449 127 0.8595115245801317 2653 
1419 1449 111 0.27618112914043347 2955 
1420 1449 117 0.3797071252613316 3340 
1421 1449 117 0.26687888788772557 3211 
1422 1449 111 0.30706764612707166 3109 
1423 1449 113 0.1691670973222412 2984 
1424 1449 118 0.15157863634015414 3315 
1425 1449 116 0.14826488537873955 3082 
1426 1449 130 0.14323827540069334 2843 
1427 1449 121 0.23436724095551512 3099 
1428 1449 119 0.5053639380815996 2893 
1429 1449 122 0.6590374952957606 2709 
1430 1450 113 0.5373485339822934 3159 
1431 1450 128 0.4054135832550634 3124 
1432 1450 123 0.7590812671973277 3246 
1433 1450 120 0.6784926453459642 3041 
1434 1450 124 0.15763948451981685 3092 
1435 1450 122 0.6752297858206558 3423 
1436 1450 128 0.8638815927907175 3176 
1437 1450 111 0.8651470391935454 2718 
1438 1450 110 0.29855210387559555 3174 
1439 1450 115 0.7533573414966667 3530 
1440 1474 114 0.19082450010549454 2738 
1441 1474 117 0.603319261186767 2727 
1442 1474 122 0.24085070742364134 3044 
1443 1474 119 0.8238773893191561 3429 
1444 1474 119 0.21777802104769547 2650 
1445 1474 118 0.04609475129626659 3526 
1446 1474 115 0.18583103142817883 3032 
1447 1474 119 0.8196487428695142 3493 
1448 1474 130 0.7160079195378451 3424 
1449 1503 111 0.7189836612292175 2822 
1450 1503 112 0.5982860255152014 3219 
1451 1503 113 0.15787804327730853 2780 
1452 1503 127 0.8392683306710635 3124 
1453 1503 129 0.5679609802597444 2897 
1454 1503 126 0.33033630369289374 2864 
1455 1503 126 0.49596755854604246 2684 
1456 1503 122 0.6187848575801506 3538 
1457 1521 124 0.12652983726786254 3336 
1458 1521 112 0.2877885463922442 2946 
1459 1521 111 0.46600440873149895 2741 
1460 1521 111 0.5512774242845784 3359 
1461 1521 121 0.3768083137719816 3327 
1462 1521 130 0.2566191742726099 3119 
1463 1521 123 0.6617305792782362 3124 
1464 1521 116 0.2614937006840141 2887 
1465 1521 121 0.456234513172011 3175 
1466 1522 128 0.05683298732401942 3095 
1467 1522 124 0.023968234329791113 2932 
1468 1522 118 0.6121773234369071 2750 
1469 1522 120 0.8404984779806344 3411 
1470 1522 112 0.34544382832303955 3506 
1471 1522 124 0.33968060302022 2723 
1472 1522 117 0.44068216399890453 3456 
1473 1522 120 0.08737506080045952 3354 
1474 1558 128 0.06101702351272606 3510 
1475 1558 128 0.5634774241329853 2913 
1476 1558 116 0.03946289333299128 2725 
1477 1558 127 0.07725435788844287 2635 
1478 1558 116 0.7509251832265521 2775 
1479 1558 119 0.2924097917196841 3281 
1480 1558 127 0.6868462960382427 3061 
1481 1558 130 0.037237582540417494 3416 
1482 1558 111 0.2675164899299742 2988 
1483 1558 130 0.14430302060420186 2670 
1484 1560 117 0.18484139363677668 3386 
1485 1560 113 0.4330666369820253 3140 
1486 1560 119 0.1259731594732847 2995 
1487 1560 112 0.6421934493881587 2920 
1488 1560 128 0.38468200446790424 2899 
1489 1560 120 0.8653430308014683 2849 
1490 1560 122 0.044589233237566556 2904 
1491 1560 121 0.042179177269069126 3045 
1492 1560 128 0.38866826282356975 3181 
1493 1560 118 0.5257159443093045 3094 
1494 1576 116 0.20382453350723026 2892 
1495 1576 119 0.17217536620363913 3453 
1496 1576 128 0.6769933879095826 2675 
1497 1576 119 0.7863426716812071 2577 
1498 1576 111 0.7519326120696308 3059 
1499 1576 128 0.16294954043119492 2695 
1500 1576 130 0.43356725664224477 3161 
1501 1576 127 0.5383812897886976 2822 
1502 1576 117 0.2796645839161791 3270 
1503 1587 110 0.7639316380819183 2768 
1504 1587 121 0.6394244149362005 3250 
1505 1587 122 0.19665451156738115 3031 
1506 1587 130 0.6177828167076987 3256 
1507 1587 126 0.8209799913128122 3362 
1508 1587 116 0.4466347447167566 2755 
1509 1587 118 0.49852440374631324 3368 
1510 1587 127 0.5317484078558832 2633 
1511 1598 122 0.6079488206531958 2642 
1512 1598 128 0.6295762247560202 3078 
1513 1598 117 0.8762787852141046 2828 
1514 1598 123 0.16255577139504754 3319 
1515 1598 127 0.6750264454334811 2689 
1516 1598 122 0.8330448773336587 3378 
1517 1598 111 0.6950379589535544 3040 
1518 1598 116 0.5541238039096962 3099 
1519 1636 122 0.7775335395977229 2920 
1520 1636 113 0.8777966505220288 3262 
1521 1636 127 0.8528128944523656 3173 
1522 1636 124 0.7670553671109894 3283 
1523 1636 128 0.07897509030147735 3192 
1524 1636 112 0.04910809582111623 3121 
1525 1636 128 0.5761939158058474 2679 
1526 1636 121 0.635939095516288 3078 
1527 1636 119 0.6906518263462209 3143 
1528 1636 128 0.79626305772399 3463 
1529 1636 113 0.4085310267775223 3049 
1530 1636 130 0.037569395505121915 2811 
1531 1664 115 0.6416466639330739 2780 
1532 1664 126 0.3538302631212464 3190 
1533 1664 129 0.37908644865477087 3378 
1534 1664 110 0.5925038719027051 2968 
1535 1664 125 0.29434026464232677 3397 
1536 1664 120 0.13350091328932182 2806 
1537 1664 117 0.6623682616607643 2766 
1538 1664 115 0.8271514138538539 2849 
1539 1664 113 0.5070570989335916 2802 
1540 1664 121 0.12469455647038089 2915 
1541 1666 129 0.7054035004927393 3037 
1542 1666 112 0.4928777777598881 3027 
1543 1666 121 0.8834537196641365 3435 
1544 1666 125 0.435151848760644 3345 
1545 1666 130 0.040881209016691324 3430 
1546 1666 126 0.22925068327618425 3359 
1547 1666 121 0.5540523315725044 2825 
1548 1666 121 0.8613312859939634 3034 
1549 1666 124 0.8441624737231718 3063 
1550 1673 119 0.19497335805407084 3517 
1551 1673 123 0.21068501897125505 3085 
1552 1673 123 0.7808567667756698 3277 
1553 1673 121 0.8541335594293462 3167 
1554 1673 113 0.4040216292015399 2683 
1555 1673 129 0.37311909326241627 2925 
1556 1673 118 0.13650249374794457 3171 
1557 1673 119 0.2515161801110106 3052 
1558 1685 127 0.7269037630271343 2613 
1559 1685 119 0.15373547478383306 2774 
1560 1685 120 0.6087537373815523 2986 
1561 1685 112 0.02820304470130658 3028 
1562 1685 128 0.14615705208226423 3306 
1563 1685 124 0.04927445371200029 3329 
1564 1685 122 0.08196157459316315 3551 
1565 1685 113 0.29453976405805593 3247 
1566 1685 110 0.6699366323126796 2885 
1567 1696 118 0.7496551235003917 3171 
1568 1696 127 0.2592287664414119 3466 
1569 1696 123 0.22600871274586204 3117 
1570 1696 128 0.5248919399285624 2910 
1571 1696 112 0.37183696486219064 3165 
1572 1696 130 0.5894933518734974 3369 
1573 1696 112 0.16539519352523088 3039 
1574 1696 115 0.6823105530275629 3536 
1575 1714 122 0.4425999215637618 3380 
1576 1714 123 0.7037957536520633 3467 
1577 1714 126 0.49565144224476165 3355 
1578 1714 129 0.6784825965699001 3533 
1579 1714 122 0.3101074538864342 2783 
1580 1714 129 0.11499878798723918 3146 
1581 1714 124 0.49995802976166215 2630 
1582 1714 113 0.758970499546373 3507 
1583 1714 120 0.7226026841875541 3262 
1584 1714 120 0.4625496757196402 2944 
1585 1714 116 0.40447404524306557 3207 
1586 1714 122 0.8285208327344203 3124 
1587 1732 118 0.850239195145431 3490 
1588 1732 120 0.09410450571454378 2943 
1589 1732 110 0.20424143073180348 2598 
1590 1732 121 0.09585287938209182 2930 
1591 1732 110 0.525245813634021 3549 
1592 1732 115 0.8510209322991384 3530 
1593 1732 116 0.5423954813123089 2943 
1594 1732 130 0.8492307795761219 2994 
1595 1732 111 0.8405607493368553 2742 
1596 1732 128 0.33222146637933236 3332 
1597 1742 124 0.7634070831554219 2705 
1598 1742 110 0.19674703741839705 2822 
1599 1742 117 0.1720635545101635 3358 
1600 1742 130 0.13574649057374905 3542 
1601 1742 118 0.639141145278653 3539 
1602 1742 120 0.8414804181641161 3255 
1603 1742 130 0.5116643879086056 3517 
1604 1742 127 0.6676551186020057 3177 
1605 1742 129 0.26578440908651196 3379 
1606 1742 121 0.7708168486053492 2777 
1607 1742 110 0.4879516059728168 2751 
1608 1742 112 0.3769729571461903 2906 
1609 1743 111 0.6563349713699236 2631 
1610 1743 120 0.8802083346106316 2610 
1611 1743 112 0.1636016043558012 3357 
1612 1743 119 0.38852014537010066 2663 
1613 1743 122 0.2777242612218605 2859 
1614 1743 123 0.6621816927118686 3545 
1615 1743 115 0.6058339135471807 3295 
1616 1743 124 0.7021780105452357 2879 
1617 1743 116 0.18550333997326604 3230 
1618 1743 125 0.7834089828112633 3107 
1619 1743 118 0.4464527828106386 3533 
1620 1744 130 0.03552203478379397 3302 
1621 1744 127 0.47508385897313393 3081 
1622 1744 118 0.7346512168730384 3434 
1623 1744 130 0.5500824979174062 3325 
1624 1744 112 0.6483877631029398 3184 
1625 1744 114 0.09853263668803276 3513 
1626 1744 126 0.6808460596005128 2656 
1627 1744 129 0.48105163637996323 3458 
1628 1755 111 0.25378151194074366 3088 
1629 1755 111 0.8199951741698823 2838 
1630 1755 114 0.8838412993438315 3241 
1631 1755 118 0.13635783473924631 3390 
1632 1755 124 0.32314768375367037 3498 
1633 1755 112 0.828262984252463 3450 
1634 1755 127 0.65944662196193 3246 
1635 1755 118 0.12772772778539657 2933 
1636 1765 118 0.5247481225819288 2767 
1637 1765 119 0.5636733292579095 3384 
1638 1765 112 0.10273210909113234 2996 
1639 1765 127 0.09048901878802801 3354 
1640 1765 121 0.4993105855226015 3311 
1641 1765 113 0.18970527323332456 3351 
1642 1765 122 0.557969521762321 3484 
1643 1765 124 0.2427296456269415 3053 
1644 1765 120 0.489621116092627 2605 
1645 1767 113 0.6443066233991345 3389 
1646 1767 117 0.17826567234213653 2841 
1647 1767 118 0.5471844475400456 3404 
1648 1767 117 0.49667967359913284 3271 
1649 1767 123 0.36562798627153226 3344 
1650 1767 118 0.010854878270191624 2947 
1651 1767 110 0.6578619602982456 3054 
1652 1767 111 0.6768490557806119 3314 
1653 1769 110 0.783284972860165 2723 
1654 1769 116 0.12252622953135965 2958 
1655 1769 112 0.7452791739848398 3461 
1656 1769 123 0.5851166857140644 2827 
1657 1769 127 0.027194835282647455 3159 
1658 1769 110 0.41085002172343993 3334 
1659 1769 124 0.4861795646433966 3534 
1660 1769 126 0.5479827447869674 2890 
1661 1769 117 0.22584036281513023 2841 
1662 1769 122 0.6646078352126538 3232 
1663 1769 130 0.06669011163843046 2675 
1664 1777 115 0.3751635215404573 2651 
1665 1777 123 0.5078494498600157 3329 
1666 1777 115 0.7445763110803661 2714 
1667 1777 121 0.2757734342840714 2575 
1668 1777 112 0.34207644136544596 2954 
1669 1777 119 0.6815933047120514 2936 
1670 1777 128 0.474406516683839 3489 
1671 1777 119 0.5845132863335026 3160 
1672 1777 111 0.6405945970757738 2961 
1673 1785 114 0.6454371583873821 3442 
1674 1785 115 0.6362096305335282 2828 
1675 1785 128 0.8125064961175422 2576 
1676 1785 119 0.7224506648823402 2923 
1677 1785 124 0.6164552015948438 3468 
1678 1785 128 0.8549132483137254 3183 
1679 1785 110 0.6167671534867062 2579 
1680 1785 123 0.6294475605664696 3300 
1681 1785 127 0.18198700629473905 2810 
1682 1785 124 0.6571621566825799 2851 
1683 1785 125 0.3506417665741664 3003 
1684 1785 114 0.26975114352395807 3346 
1685 1786 122 0.38023951759935315 3001 
1686 1786 120 0.32902563666631657 3294 
1687 1786 111 0.2677891117046667 3142 
1688 1786 123 0.6153454912613411 2831 
1689 1786 121 0.464719297986027 2584 
1690 1786 118 0.8677996015701759 3501 
1691 1786 115 0.7419614424455868 2663 
1692 1786 119 0.6990803951253121 3086 
1693 1786 110 0.6896416470561971 3491 
1694 1786 116 0.7317384305348289 3474 
1695 1786 110 0.40441859992885926 2920 
1696 1787 124 0.8609710437222166 3004 
1697 1787 119 0.7161994082452221 3196 
1698 1787 127 0.13790388848177773 3144 
1699 1787 127 0.8484713243874173 3026 
1700 1787 123 0.09362057385765483 3193 
1701 1787 125 0.4275830111827273 2800 
1702 1787 129 0.18432564192313422 3012 
1703 1787 113 0.2897026093859433 3346 
1704 1793 116 0.6637649384163887 3439 
1705 1793 120 0.2914764558925113 3207 
1706 1793 110 0.6784756105937235 3069 
1707 1793 124 0.8623717268882887 3210 
1708 1793 126 0.7483594813799129 2722 
1709 1793 116 0.32698080819919473 2777 
1710 1793 125 0.30268151243676805 2841 
1711 1793 118 0.38176307888167876 2741 
1712 1793 126 0.5424600638813049 2918 
1713 1795 111 0.24304158798687575 3270 
1714 1795 130 0.025655529199670915 3490 
1715 1795 110 0.6590754826625375 3475 
1716 1795 129 0.5165544725731637 2974 
1717 1795 111 0.7832308512444777 2964 
1718 1795 118 0.35337084888486714 2641 
1719 1795 121 0.11736855529728055 2738 
1720 1795 121 0.8291098653195565 2754 
1721 1795 110 0.09901064619274465 2779 
1722 1795 122 0.6551348447030175 3077 
1723 1804 116 0.3556244050907995 2662 
1724 1804 128 0.2110360205465112 2653 
1725 1804 110 0.5559900077308889 3521 
1726 1804 119 0.5136514897615744 2851 
1727 1804 120 0.11437364681863668 2700 
1728 1804 110 0.5715008709812637 3514 
1729 1804 122 0.44932005479321285 3311 
1730 1804 121 0.04076360194766258 3378 
1731 1804 119 0.6754356651943282 2690 
1732 1815 113 0.5030936888161534 3209 
1733 1815 115 0.32413149641606837 2745 
1734 1815 114 0.6991959054811356 3158 
1735 1815 126 0.47328620539941435 3442 
1736 1815 123 0.6013983028766513 2891 
1737 1815 122 0.2501739606901894 3474 
1738 1815 125 0.5491831756380462 3510 
1739 1815 129 0.3194932593404207 3252 
1740 1815 128 0.11846017896479882 2679 
1741 1815 129 0.7280960618438169 3110 
1742 1824 113 0.5353784234166804 2629 
1743 1824 119 0.252052067215995 3055 
1744 1824 118 0.3244587371674685 3467 
1745 1824 118 0.7690136296885073 2941 
1746 1824 111 0.21507970298018123 2869 
1747 1824 124 0.6528998738428198 2623 
1748 1824 128 0.43820257674771446 2791 
1749 1824 116 0.8412048285777055 3525 
1750 1824 114 0.2590204556846889 2589 
1751 1824 110 0.27842625804500654 2672 
1752 1824 114 0.30564775817743445 3535 
1753 1824 116 0.18972111206810713 3370 
1754 1825 122 0.1967855107944651 2888 
1755 1825 121 0.45332462520617 3241 
1756 1825 127 0.5149828777405817 3382 
1757 1825 110 0.4264636467296183 2831 
1758 1825 115 0.09960154621230792 3461 
1759 1825 112 0.21922845119372036 3432 
1760 1825 123 0.5460165548131245 2665 
1761 1825 128 0.7596469948721034 2626 
1762 1825 115 0.848102668868203 3243 
1763 1825 125 0.094486644839022 2805 
1764 1825 121 0.3211980457501824 2935 
1765 1834 121 0.5517050193653161 3288 
1766 1834 127 0.6029870152283674 3440 
1767 1834 119 0.45639762005925827 2802 
1768 1834 119 0.5688161607773249 2929 
1769 1834 116 0.6149746332924311 2816 
1770 1834 111 0.6619853716962377 2900 
1771 1834 121 0.08352687351175118 2932 
1772 1834 121 0.4180642363249153 3346 
1773 1834 113 0.26698184810729403 2841 
1774 1834 126 0.13836808790126973 3200 
1775 1834 115 0.7654347617566045 2833 
1776 1834 110 0.729388833571784 2739 
1777 1843 110 0.5728206113628292 3249 
1778 1843 112 0.8668139955844176 2755 
1779 1843 124 0.618714697959082 3137 
1780 1843 119 0.5162987373493022 3366 
1781 1843 127 0.6277345180580743 3115 
1782 1843 129 0.30701358477386004 3066 
1783 1843 114 0.635202953483942 3241 
1784 1843 115 0.8528470842273845 2921 
1785 1855 119 0.6274265065650428 3042 
1786 1855 118 0.34582741754448615 3543 
1787 1855 130 0.7468494689935552 2928 
1788 1855 124 0.8236407214182498 2895 
1789 1855 112 0.38172236461490977 2832 
1790 1855 122 0.729412233048643 2623 
1791 1855 118 0.5660697970186316 2851 
1792 1855 125 0.05358916659706268 3015 
1793 1856 119 0.031368216438529946 2960 
1794 1856 124 0.3253846722073771 2574 
1795 1856 124 0.43724207307334756 3468 
1796 1856 120 0.7226997994426484 2564 
1797 1856 128 0.7326942079161892 3435 
1798 1856 122 0.819837183417043 3396 
1799 1856 125 0.3615521977654154 3398 
1800 1856 130 0.5548466896494874 2635 
1801 1856 127 0.7901404217169657 3214 
1802 1856 110 0.1311692539618202 3044 
1803 1856 126 0.1202527280906985 2902 
1804 1878 110 0.05250306037701877 3507 
1805 1878 123 0.17446280434819395 2976 
1806 1878 125 0.8987130275076907 3025 
1807 1878 119 0.49854442812704813 3067 
1808 1878 129 0.05611376408142796 2840 
1809 1878 123 0.8393078692929554 2599 
1810 1878 129 0.2032208294334275 3287 
1811 1878 111 0.43179444742627315 2710 
1812 1878 114 0.408034259881322 3467 
1813 1878 115 0.6098131362552915 2582 
1814 1878 130 0.8416079145640348 2634 
1815 1886 114 0.8464401781409352 2692 
1816 1886 116 0.1382380177318318 2902 
1817 1886 128 0.08449135868206714 3416 
1818 1886 122 0.1378256305293091 2727 
1819 1886 128 0.6768200936841288 3219 
1820 1886 111 0.06025664280986226 2950 
1821 1886 116 0.19198105708315016 3326 
1822 1886 118 0.28264227744640447 2586 
1823 1886 116 0.2751961187389511 2972 
1824 1896 130 0.14333450196606157 2809 
1825 1896 125 0.3555123583435448 3338 
1826 1896 110 0.04599853826002155 2935 
1827 1896 110 0.48842701208545547 2821 
1828 1896 113 0.3904688174397842 2716 
1829 1896 116 0.062410584134795 2780 
1830 1896 110 0.2596676072189631 3126 
1831 1896 116 0.6144176618269894 2622 
1832 1896 115 0.27087775859995206 3202 
1833 1896 121 0.8295153218629313 2948 
1834 1907 124 0.5132359084204181 3402 
1835 1907 116 0.6259370683362336 3057 
1836 1907 112 0.7343112012358288 2909 
1837 1907 121 0.34328702140644174 2949 
1838 1907 121 0.6163937976041097 3523 
1839 1907 126 0.8944717612966314 3022 
1840 1907 120 0.5979638645120003 3518 
1841 1907 129 0.6546482679457004 2627 
1842 1907 129 0.37849100003512204 3071 
1843 1908 114 0.49346459409429544 2568 
1844 1908 122 0.5294323362846225 3162 
1845 1908 119 0.02124791568846951 3554 
1846 1908 122 0.21871887186852093 2654 
1847 1908 116 0.5038195375317559 3546 
1848 1908 123 0.01943802673255503 3164 
1849 1908 127 0.8858470533721986 3384 
1850 1908 123 0.5227852603979101 3281 
1851 1908 128 0.2826469834131321 3003 
1852 1908 121 0.7830629794070227 3242 
1853 1908 119 0.4104733440051179 3051 
1854 1908 129 0.7147749117536495 3296 
1855 1917 111 0.690233997028307 2627 
1856 1917 113 0.028976748792333418 2997 
1857 1917 111 0.3042662213693239 2931 
1858 1917 119 0.32601310202577644 2707 
1859 1917 124 0.7925482080277048 3249 
1860 1917 128 0.638912264745684 3363 
1861 1917 130 0.3782850620987933 3350 
1862 1917 120 0.48217996403031915 2635 
1863 1917 124 0.25287298875077446 3471 
1864 1917 114 0.614616768276553 2669 
1865 1917 118 0.2109808921549648 3083 
1866 1919 115 0.12875852289388956 3217 
1867 1919 123 0.30026029578307456 3066 
1868 1919 127 0.8743168516767758 2924 
1869 1919 115 0.14370072297472872 2957 
1870 1919 114 0.6089076142233177 2577 
1871 1919 122 0.12420228392787262 3483 
1872 1919 115 0.6414839837164957 3117 
1873 1919 125 0.7569978480086257 3380 
1874 1919 118 0.4165778174556175 3020 
1875 1919 124 0.6407811308857149 3470 
1876 1919 127 0.5586579970965972 2590 
1877 1919 127 0.24004668152837563 2971 
1878 1929 128 0.5616996061692288 2904 
1879 1929 116 0.4749397372902808 3182 
1880 1929 123 0.7185242032480167 2949 
1881 1929 110 0.5929443478301529 3371 
1882 1929 120 0.5064991874357043 2866 
1883 1929 119 0.16118194105497743 3552 
1884 1929 121 0.16892259787314556 3196 
1885 1929 128 0.17735153970747783 3422 
1886 1938 126 0.4763495459265274 3014 
1887 1938 125 0.45675800114879567 2650 
1888 1938 128 0.6953369977073931 3291 
1889 1938 129 0.23774577260400073 3181 
1890 1938 129 0.5961793795076297 2974 
1891 1938 110 0.20193772445580985 3187 
1892 1938 129 0.42224992913023796 3554 
1893 1938 121 0.3124224106924351 3499 
1894 1938 130 0.2917978763259094 2591 
1895 1938 113 0.797943431189959 3310 
1896 1939 122 0.03793534140948907 3462 
1897 1939 118 0.7067908190141279 2835 
1898 1939 120 0.46631899071158767 3394 
1899 1939 120 0.8888094548098178 3061 
1900 1939 112 0.29077033250003875 2879 
1901 1939 119 0.870348662478633 3111 
1902 1939 129 0.6980976776004949 3071 
1903 1939 112 0.4351100209548412 2852 
1904 1939 111 0.06369093649404803 2838 
1905 1939 128 0.6562220674737421 3285 
1906 1939 117 0.783935675711313 3280 
1907 1940 125 0.8785439685963888 3117 
1908 1940 120 0.056135199877946615 3127 
1909 1940 129 0.16509754819200176 2788 
1910 1940 112 0.4621096071186947 2976 
1911 1940 119 0.8987578959187857 3315 
1912 1940 114 0.8976104704571372 2657 
1913 1940 122 0.781874907156753 3533 
1914 1940 113 0.7543910392962576 2632 
1915 1940 112 0.7351971025897502 3414 
1916 1940 129 0.7620275602923112 2630 
1917 1947 120 0.4099211910272518 3085 
1918 1947 121 0.6334260792995627 3043 
1919 1947 115 0.12743271976956372 3450 
1920 1947 129 0.4627095050852254 2789 
1921 1947 125 0.6569045104086861 3371 
1922 1947 127 0.6534161453142725 2642 
1923 1947 114 0.523395658833781 2781 
1924 1947 112 0.44736262293708284 3027 
1925 1947 117 0.5352102939563588 3288 
1926 1947 130 0.4523644006713626 3369 
1927 1947 121 0.09054304824083913 3216 
1928 1958 129 0.5107590995721888 2566 
1929 1958 124 0.7099944139813913 3254 
1930 1958 119 0.6076696564009995 2913 
1931 1958 114 0.810071405088067 2902 
1932 1958 129 0.3496667187872584 3118 
1933 1958 128 0.8040090330618869 3024 
1934 1958 113 0.2797305211972889 2866 
1935 1958 116 0.6799476361675475 2907 
1936 1958 122 0.2792513720520231 2987 
1937 1958 117 0.23538361232161975 2985 
1938 1969 118 0.3579605012989076 3531 
1939 1969 118 0.42213973936336774 3404 
1940 1969 110 0.2587547818459113 3000 
1941 1969 114 0.53864975091934 3028 
1942 1969 111 0.7758707944866869 2783 
1943 1969 112 0.43589533437595457 2626 
1944 1969 110 0.6455664829356115 2955 
1945 1969 129 0.8709709691434442 3102 
1946 1969 117 0.6245718162218485 3445 
1947 1970 122 0.16203905190581305 3311 
1948 1970 115 0.4460933807049138 2563 
1949 1970 128 0.514336852152289 2788 
1950 1970 128 0.6847714157255694 3539 
1951 1970 115 0.447984635427019 2981 
1952 1970 127 0.5210244205490507 3395 
1953 1970 125 0.06598767867116513 3415 
1954 1970 122 0.7262962392874395 3408 
1955 1970 118 0.568239355938399 3187 
1956 1970 116 0.8221375038070188 3273 
1957 1970 116 0.6954453683098767 2568 
1958 1980 111 0.48558291111559193 3166 
1959 1980 116 0.6337934519566351 2637 
1960 1980 113 0.48625295837618304 3482 
1961 1980 125 0.4476480267371496 3116 
1962 1980 127 0.42131046045615295 3483 
1963 1980 119 0.3027972828045232 3410 
1964 1980 130 0.5327174726881593 3268 
1965 1980 120 0.46116219761873645 2801 
1966 1980 117 0.811114052664935 2603 
1967 1980 113 0.2758538426205451 3327 
1968 1980 124 0.46294892575423435 3173 
1969 1990 113 0.6321093277144003 2759 
1970 1990 128 0.536336855809665 2900 
1971 1990 110 0.5839651598268543 2915 
1972 1990 128 0.38801682572089025 2912 
1973 1990 130 0.5698297466064844 3438 
1974 1990 111 0.11212573602800015 2980 
1975 1990 122 0.1877631260522389 3301 
1976 1990 123 0.11917234613507723 2601 
1977 1990 113 0.5062669901695811 2838 
1978 1990 125 0.8999581945874121 2970 
1979 1990 123 0.4940539588025244 3351 
1980 1991 121 0.8787192279707573 2691 
1981 1991 130 0.1664852374203288 3300 
1982 1991 129 0.06587848190454976 3273 
1983 1991 117 0.4046705291637452 2609 
1984 1991 124 0.27020706632896513 2910 
1985 1991 116 0.8473088514854553 2944 
1986 1991 129 0.7013748025956967 3017 
1987 1991 117 0.7882920088219231 3502 
1988 1991 130 0.7454397107413065 3380 
1989 1991 121 0.5829398764229253 2598 
1990 1999 123 0.7388151608747092 2831 
1991 1999 114 0.31675219814053734 3450 
1992 1999 110 0.8509616143735627 2770 
1993 1999 114 0.5894520034304229 2834 
1994 1999 129 0.11592024716015567 2695 
1995 1999 116 0.7494852114062883 3435 
1996 1999 119 0.4719979380326131 3548 
1997 1999 113 0.42138129573257094 2840 
1998 1999 118 0.529443724695565 3038 
1999 2000 112 0.6121115165763372 3004 
2000 0 123 0.14161332701481563 2715 
