1 21 115 0.8228633053518081 646 
2 21 115 0.3825790751659932 1457 
3 21 109 0.18963826160283564 998 
4 21 117 0.3850448599537372 571 
5 21 113 0.723597351869865 899 
6 21 123 0.7164522852821734 1276 
7 21 127 0.3665561139083669 1227 
8 21 124 0.5836579476548184 1281 
9 21 124 0.2527549864541408 598 
10 21 114 0.5385658285293694 758 
11 21 111 0.6981508582125199 1469 
12 50 108 0.6200550253474553 601 
13 50 107 0.5241286094838327 527 
14 50 109 0.04930819631741245 696 
15 50 120 0.0764914055488303 625 
16 50 113 0.23421504136083238 1312 
17 50 120 0.5609287433988714 844 
18 50 115 0.6094940861883874 1207 
19 50 122 0.22968601813454634 1147 
20 72 115 0.740006987498 979 
21 72 113 0.7464600034979597 565 
22 72 110 0.5036279581655881 658 
23 72 110 0.1868018223425702 1409 
24 72 120 0.7177867273569871 1237 
25 72 107 0.8506464126105305 1513 
26 72 122 0.3664597962741074 1074 
27 72 109 0.33457182764166093 1194 
28 72 112 0.8440178559452582 845 
29 90 116 0.45075508469556874 1380 
30 90 116 0.778696590805821 1074 
31 90 127 0.6425233250699809 1525 
32 90 115 0.21608419596393214 1058 
33 90 122 0.7018196985437788 573 
34 90 118 0.6345519163481206 653 
35 90 112 0.3168182178405299 1104 
36 90 122 0.4044673942528786 985 
37 90 115 0.41905587233271185 656 
38 90 123 0.8628562010901341 835 
39 97 127 0.7277301870532704 875 
40 97 122 0.8078391435496205 763 
41 97 115 0.8995810497771176 739 
42 97 125 0.6170819150698886 921 
43 97 125 0.5672096106734221 1172 
44 97 123 0.8208995621936973 821 
45 97 116 0.6223472500783116 738 
46 97 111 0.2617360795259791 636 
47 97 115 0.4929326827289452 745 
48 97 124 0.6874845799894618 716 
49 97 123 0.44098120593759843 583 
50 98 112 0.24702510220804746 1313 
51 98 112 0.868096461060569 904 
52 98 122 0.39774257058952844 727 
53 98 110 0.35787505431524164 1111 
54 98 110 0.19736057239616783 1465 
55 98 122 0.6588416708100682 1008 
56 98 125 0.04489952122905832 1127 
57 98 124 0.354436215714082 752 
58 98 127 0.4757376027981637 723 
59 98 108 0.7219191343539884 1497 
60 100 113 0.750675494483007 914 
61 100 126 0.360960623490642 941 
62 100 124 0.8262913723457587 1430 
63 100 125 0.14718396608406628 1177 
64 100 117 0.21474374440096594 1267 
65 100 109 0.28780520451183483 1527 
66 100 108 0.8357448487780987 1163 
67 100 126 0.06832263047543614 1150 
68 100 125 0.870922886355954 1350 
69 107 122 0.5634402393737644 1320 
70 107 112 0.2737883081167784 1343 
71 107 126 0.21946934946920665 531 
72 107 113 0.444491100568531 571 
73 107 117 0.35610974772691484 1466 
74 107 121 0.627218614774779 780 
75 107 117 0.2802562752497959 1234 
76 107 108 0.3063826519428122 1009 
77 107 121 0.203164253130592 884 
78 107 110 0.6320681181551195 735 
79 107 127 0.5222527978784287 885 
80 127 123 0.2629760646107675 1210 
81 127 125 0.09396290129068602 1400 
82 127 118 0.16352042711931553 1511 
83 127 111 0.847956567485255 976 
84 127 115 0.12760620492804273 1053 
85 127 111 0.19961414776027517 589 
86 127 113 0.21558289267670652 912 
87 127 125 0.6283184671276797 658 
88 127 110 0.22108952936849036 1401 
89 129 126 0.21351554453018456 1018 
90 129 112 0.5166868450783968 1233 
91 129 123 0.17484552617725738 1429 
92 129 126 0.6545064665310761 945 
93 129 115 0.04363212278214542 556 
94 129 121 0.8351589241110853 677 
95 129 114 0.43304476865614294 1518 
96 129 108 0.6341716904712806 695 
97 135 121 0.35416215875754375 1417 
98 135 124 0.5404273759999808 1009 
99 135 126 0.41473940372480367 1013 
100 135 121 0.6093136872996316 689 
101 135 115 0.3367048748113631 799 
102 135 115 0.17759235318120747 1050 
103 135 120 0.5803548602601861 1425 
104 135 127 0.05088980915317165 1406 
105 135 127 0.6021229090403777 864 
106 135 126 0.25679489045017684 1132 
107 147 115 0.05423059715913568 870 
108 147 124 0.7615312978609055 1119 
109 147 107 0.350065463470805 1035 
110 147 120 0.32547739371578416 1181 
111 147 117 0.2604698655932255 1105 
112 147 124 0.438769886486243 1400 
113 147 114 0.47048296142742957 888 
114 147 118 0.37952222656298407 852 
115 149 125 0.7716122425412925 915 
116 149 117 0.25676966076928753 1283 
117 149 125 0.8569232760072945 605 
118 149 122 0.5060226817653766 857 
119 149 113 0.23693249269917688 992 
120 149 111 0.09124790389731409 1501 
121 149 114 0.2784182822410451 1512 
122 149 127 0.7633280231184206 1340 
123 149 125 0.3029172478694522 1161 
124 149 121 0.8146799188264534 1271 
125 149 118 0.5252683717759499 699 
126 149 117 0.5578864897290824 666 
127 170 115 0.5068812893613314 1401 
128 170 109 0.3578351282135804 824 
129 170 108 0.6544962853859708 1011 
130 170 114 0.1683999578013543 820 
131 170 120 0.7787835008272449 944 
132 170 124 0.6163605374742858 631 
133 170 127 0.32369816865217405 1247 
134 170 127 0.372534564483978 596 
135 181 107 0.30231101314484937 687 
136 181 121 0.5247463946109566 1251 
137 181 124 0.7407759271309591 1250 
138 181 123 0.6066016146003507 1334 
139 181 109 0.7932879398982129 823 
140 181 126 0.8178095048159789 1362 
141 181 127 0.8265127740718077 573 
142 181 108 0.24511336010746526 1517 
143 181 120 0.06139005583538786 1445 
144 181 121 0.5176743060139078 785 
145 181 124 0.6852284718032418 997 
146 182 114 0.09888546704892766 1026 
147 182 111 0.8724299424885669 852 
148 182 115 0.18488729306458848 674 
149 182 108 0.5029283624716514 930 
150 182 110 0.7970230090192727 724 
151 182 122 0.07600098945477972 1076 
152 182 118 0.05076933887676535 1074 
153 182 113 0.7884954011945623 613 
154 182 124 0.02148483297444404 681 
155 182 123 0.7081287334857268 1148 
156 182 116 0.35526184528158306 1292 
157 182 109 0.8878455522533742 1102 
158 184 126 0.8311861219301354 1353 
159 184 112 0.3276669835996723 587 
160 184 109 0.8811921756959449 1511 
161 184 112 0.7664535958005396 1440 
162 184 124 0.4281613413522847 569 
163 184 123 0.4646785736828563 1306 
164 184 107 0.3036488857946737 1433 
165 184 107 0.7167067499722781 717 
166 184 116 0.7933573940501425 1243 
167 184 112 0.6104470575683577 687 
168 184 111 0.7929426209769671 631 
169 184 117 0.3868717510453431 679 
170 211 120 0.5226784489390587 1303 
171 211 115 0.27460136137231395 1363 
172 211 119 0.6993453875180288 1130 
173 211 125 0.34031002073143013 1077 
174 211 119 0.4783237440988999 1236 
175 211 113 0.08067036767049789 643 
176 211 116 0.6362388478977273 854 
177 211 127 0.4619201586033078 1010 
178 211 122 0.03029499519398013 1221 
179 211 124 0.5853597332653154 1405 
180 211 125 0.6110926320877156 1357 
181 238 113 0.57281178383442 1309 
182 238 114 0.23629804901652748 999 
183 238 114 0.13234753201938604 1445 
184 238 120 0.4901049242683931 1330 
185 238 118 0.6710385051809173 833 
186 238 122 0.6076787693960932 1175 
187 238 113 0.7256755137989362 1493 
188 238 121 0.4106484159394707 599 
189 250 117 0.8349880279270945 970 
190 250 120 0.8459892882021887 1370 
191 250 109 0.8489497025969274 1079 
192 250 114 0.650406975268099 1330 
193 250 112 0.6350267615720288 1489 
194 250 126 0.7520386952602038 608 
195 250 110 0.23903741320809851 720 
196 250 114 0.17280731937535226 1262 
197 250 113 0.7405476286018212 725 
198 250 123 0.5974676806371976 1400 
199 250 116 0.6144565101862709 1439 
200 250 120 0.17227864478142954 1056 
201 262 124 0.19597848193229428 1449 
202 262 111 0.8565621090070278 840 
203 262 126 0.6975352302352378 1347 
204 262 126 0.1645883159297892 1035 
205 262 118 0.1873231988782863 698 
206 262 108 0.6555262710018465 1130 
207 262 124 0.1902452928326319 812 
208 262 123 0.570125049282863 726 
209 262 117 0.8351504156622337 765 
210 262 120 0.8486594414134228 1197 
211 293 109 0.8402463551833279 1211 
212 293 117 0.8431690933873836 1447 
213 293 114 0.48938288617788533 1109 
214 293 127 0.7522161652346978 853 
215 293 124 0.6416012066174683 713 
216 293 119 0.832650997141008 598 
217 293 120 0.07429123159839304 653 
218 293 107 0.46327213804679546 1210 
219 293 120 0.02000321098933644 1385 
220 293 111 0.029309470153060152 622 
221 293 123 0.49090657297876233 1148 
222 294 119 0.19741325140049923 1489 
223 294 118 0.5123350724837106 1344 
224 294 116 0.4159433795748618 741 
225 294 107 0.5549109204531685 659 
226 294 111 0.8960463859336739 903 
227 294 125 0.7958075491528424 791 
228 294 121 0.5295565337321697 1071 
229 294 124 0.7042486467002895 664 
230 304 108 0.24249341469996002 610 
231 304 118 0.8812553743306183 1435 
232 304 123 0.6820051921713126 1460 
233 304 121 0.3872255192227515 895 
234 304 113 0.4151204240496443 1027 
235 304 127 0.7391273193726114 1440 
236 304 126 0.8004638245816975 546 
237 304 108 0.0797426814282444 912 
238 312 115 0.18323987882297993 928 
239 312 116 0.12461635108162589 599 
240 312 122 0.47970878681287055 739 
241 312 115 0.041632148870362214 1049 
242 312 109 0.8023372129269923 1264 
243 312 112 0.8427581559660976 1425 
244 312 112 0.6723404982835167 544 
245 312 108 0.4440215829237866 697 
246 312 126 0.3204610982194222 815 
247 312 122 0.07240681608970768 639 
248 312 121 0.5783302557254151 596 
249 312 121 0.6409340171808494 1482 
250 332 111 0.011405992177052647 532 
251 332 127 0.2873256376754089 1179 
252 332 122 0.8756282081928285 1519 
253 332 109 0.4100705386724701 1478 
254 332 113 0.38259504322602567 805 
255 332 108 0.60344433821213 1517 
256 332 123 0.08812829891500731 1509 
257 332 122 0.7940801954233034 699 
258 332 127 0.16753516205132768 784 
259 332 113 0.4206245688278432 927 
260 332 122 0.5173324480596098 1123 
261 332 126 0.248553550363476 536 
262 334 124 0.6314857029136844 645 
263 334 114 0.06804634247520372 547 
264 334 124 0.22166740040027585 657 
265 334 121 0.7321294706178332 866 
266 334 115 0.21358008704859321 1516 
267 334 119 0.12446021016112005 1116 
268 334 112 0.7561898963983053 786 
269 334 121 0.8009348921665413 1115 
270 334 125 0.808171310417465 1289 
271 335 125 0.3575175735733033 1249 
272 335 117 0.5981464653948836 808 
273 335 112 0.05898657156832426 901 
274 335 115 0.011666324323000332 1364 
275 335 123 0.4773514594673581 1212 
276 335 123 0.49530495685419473 987 
277 335 111 0.3942792936176431 1133 
278 335 116 0.344455948554292 703 
279 335 114 0.08815450883301047 998 
280 335 110 0.25955415137751575 1496 
281 336 109 0.41812057107416395 1278 
282 336 111 0.13010092140994284 648 
283 336 111 0.32310161891571143 1057 
284 336 114 0.26338792332912503 1376 
285 336 118 0.8192557689478933 1338 
286 336 111 0.13970793521834135 709 
287 336 125 0.5003761107922007 949 
288 336 125 0.6213417657876319 579 
289 336 116 0.667736845577407 1086 
290 336 107 0.7271767182419728 1078 
291 336 122 0.5346364558244139 766 
292 336 112 0.15011369467071162 1311 
293 342 121 0.03827574533722678 875 
294 342 118 0.8947485570716885 843 
295 342 107 0.14349893830246677 652 
296 342 113 0.3346387269309544 784 
297 342 123 0.6473961030805149 587 
298 342 107 0.5791026921944119 1077 
299 342 111 0.5182845094349499 1300 
300 342 118 0.06392885951457489 702 
301 352 113 0.632690701512504 674 
302 352 113 0.7786341625256251 912 
303 352 114 0.6402008885201502 1451 
304 352 120 0.5900480542358876 1136 
305 352 121 0.1394741562241416 1429 
306 352 126 0.7466135736282551 1221 
307 352 107 0.3254337507275878 1390 
308 352 112 0.6844817664660935 1012 
309 352 115 0.4486012160019594 1341 
310 352 124 0.6954355706526315 1517 
311 352 124 0.869267953344577 1025 
312 363 120 0.14303204597400088 583 
313 363 119 0.405058468385263 1517 
314 363 118 0.3702986064902516 1070 
315 363 114 0.7388854388626148 1309 
316 363 115 0.020567803768145466 1179 
317 363 121 0.1668775044852893 892 
318 363 111 0.4789238763815085 581 
319 363 123 0.029432051793851645 747 
320 363 122 0.7363370875670906 549 
321 381 109 0.7990709541900681 1423 
322 381 116 0.4255754243755249 1220 
323 381 117 0.6058521506181272 789 
324 381 118 0.41899756841811114 1516 
325 381 126 0.294535724657427 689 
326 381 122 0.8661543311853149 998 
327 381 124 0.3381339578938248 1162 
328 381 119 0.029721326573596205 623 
329 381 110 0.41716755078661527 641 
330 381 120 0.6867919955059313 1046 
331 381 122 0.4342004536892404 1007 
332 399 126 0.519576473617284 1285 
333 399 109 0.4451175917303012 1168 
334 399 123 0.39566831286502097 865 
335 399 118 0.3530426425320713 822 
336 399 107 0.03361356787328488 739 
337 399 117 0.15065820828586202 597 
338 399 107 0.8143456830030453 1290 
339 399 115 0.510305709186601 1462 
340 399 120 0.015359067802129856 810 
341 409 108 0.5664844045644962 575 
342 409 124 0.06187753838450581 1253 
343 409 122 0.19890294938338457 1080 
344 409 113 0.7948407316878335 1470 
345 409 127 0.8317710893174782 1366 
346 409 120 0.45311823707116233 636 
347 409 116 0.6848326277469203 646 
348 409 113 0.5591263515512425 852 
349 409 118 0.2918044676901119 688 
350 409 124 0.8883168725125545 1035 
351 409 127 0.6304813585106022 696 
352 410 110 0.35862453109135173 1232 
353 410 117 0.8739521507440964 1260 
354 410 119 0.7125669288464772 1340 
355 410 124 0.5311406547549373 1408 
356 410 124 0.5050390618403587 864 
357 410 126 0.7906312954060237 1301 
358 410 113 0.41171178393487673 1385 
359 410 123 0.3983280730302956 1287 
360 410 117 0.859243315806183 565 
361 410 123 0.3095922165607231 1494 
362 410 125 0.2168652206407161 792 
363 420 110 0.291219901656177 1401 
364 420 117 0.8394069448173788 1025 
365 420 108 0.20014314321073126 1386 
366 420 125 0.44993778831831344 733 
367 420 127 0.33332481103749795 625 
368 420 119 0.5676552201343404 1229 
369 420 114 0.1662861360328641 1321 
370 420 122 0.8586356057414388 1344 
371 420 122 0.7493497217311131 1449 
372 420 121 0.2448172744458824 927 
373 430 125 0.5747624694676737 1418 
374 430 115 0.8909868982786043 1338 
375 430 110 0.36358208295178374 1408 
376 430 124 0.7280427050719102 1281 
377 430 122 0.2916606331377568 1107 
378 430 125 0.5582530538934593 1360 
379 430 114 0.1490098023506699 1052 
380 430 115 0.6296747714984513 1284 
381 432 120 0.7351738647494903 1197 
382 432 107 0.3644038956108324 1268 
383 432 118 0.8177972318051836 581 
384 432 122 0.30616364690635006 605 
385 432 126 0.21670307154086563 719 
386 432 109 0.8972049514430678 1414 
387 432 122 0.3645556714789924 1491 
388 432 127 0.30563634067208084 901 
389 444 126 0.6535644077989148 1133 
390 444 125 0.6362436386399182 824 
391 444 112 0.5910071311549413 1471 
392 444 122 0.33158499388758217 1477 
393 444 119 0.819288024036899 1459 
394 444 127 0.617368718258452 1495 
395 444 115 0.7609944314109807 1421 
396 444 127 0.7690864455174921 1470 
397 444 124 0.303483137842968 1410 
398 444 120 0.6242201198076476 998 
399 463 118 0.7785376527267491 610 
400 463 126 0.8511813230149277 985 
401 463 121 0.3790605157055619 700 
402 463 120 0.10591081295059025 697 
403 463 126 0.408119276690689 1346 
404 463 125 0.35921406950738083 830 
405 463 111 0.3992487948658971 783 
406 463 121 0.8435555709208821 1461 
407 463 113 0.5338501466849854 691 
408 463 122 0.8124853881591447 1360 
409 464 116 0.7567776785422781 1062 
410 464 120 0.8964137511255932 1481 
411 464 119 0.1497054571563692 650 
412 464 110 0.5466657607318475 1178 
413 464 109 0.1852669616708059 1149 
414 464 121 0.3865403869522466 920 
415 464 123 0.08374915231321745 1424 
416 464 119 0.7887031789903167 769 
417 464 121 0.18921621353209758 857 
418 464 125 0.7367776357177058 1181 
419 464 122 0.20415769881770657 1410 
420 471 127 0.2682310705626305 1269 
421 471 109 0.6882766840136898 1092 
422 471 107 0.7958886164482653 845 
423 471 110 0.18320954799896993 1041 
424 471 125 0.8497970716175315 1399 
425 471 118 0.5597875143064852 1439 
426 471 115 0.7796277493646727 558 
427 471 109 0.6204159235095097 1226 
428 471 122 0.5267795461136339 1130 
429 471 112 0.09035907368325174 1095 
430 472 124 0.8941639889818421 848 
431 472 108 0.21396544699648715 1247 
432 472 124 0.017061772031543892 1062 
433 472 108 0.803277749083849 825 
434 472 116 0.3063033116291011 988 
435 472 116 0.7986315313690338 591 
436 472 125 0.40941677618464517 1169 
437 472 121 0.6145079935376404 1237 
438 472 115 0.8908892479121182 1349 
439 472 109 0.7044324450103744 1448 
440 472 113 0.18675566996426718 867 
441 483 117 0.7640830769866569 1488 
442 483 123 0.29967384689687154 1424 
443 483 123 0.143450229078469 833 
444 483 116 0.015767811850394248 873 
445 483 117 0.5515178615894569 1213 
446 483 108 0.1574395464683565 969 
447 483 115 0.18305257532657868 1450 
448 483 109 0.447774869772465 1258 
449 483 127 0.7160055325008478 1145 
450 483 121 0.6522976623777751 1510 
451 483 114 0.08388424375749172 1179 
452 484 117 0.24035502293174982 892 
453 484 109 0.5692824050831695 815 
454 484 122 0.8178239758878204 1155 
455 484 117 0.049275546857745926 1424 
456 484 120 0.28868482657031874 792 
457 484 123 0.5169335709002447 1220 
458 484 122 0.7175580844838486 1496 
459 484 115 0.7822782221555942 585 
460 484 117 0.5506590372750984 1323 
461 484 126 0.5810464818580504 601 
462 484 125 0.23471058877210016 1041 
463 504 122 0.47739041317010933 586 
464 504 116 0.29843830079457706 1242 
465 504 124 0.3841756073171123 605 
466 504 117 0.610704683847845 636 
467 504 119 0.039550556921562244 1345 
468 504 124 0.6021352846310072 1119 
469 504 107 0.14364544820184783 634 
470 504 122 0.1171031175760421 1083 
471 512 126 0.2670820581707937 859 
472 512 108 0.23040342189061022 1476 
473 512 117 0.817252226555903 1229 
474 512 107 0.45135362106623594 966 
475 512 113 0.5479439184794127 782 
476 512 113 0.11218129991075478 1049 
477 512 116 0.24725110247800988 1520 
478 512 127 0.1886534894057597 708 
479 512 120 0.40156721850014476 1018 
480 512 114 0.5244467986592384 544 
481 512 120 0.6801231085274894 1126 
482 512 115 0.2574964553563572 835 
483 530 116 0.06535152558560445 1197 
484 530 117 0.6202486395245089 1002 
485 530 111 0.3285322384054864 1306 
486 530 107 0.8667949910214159 1511 
487 530 125 0.30948454769587264 1116 
488 530 122 0.8194375850441494 776 
489 530 110 0.7998355526133819 835 
490 530 111 0.31117730119211173 959 
491 530 110 0.38396232132642 951 
492 530 123 0.837681566274253 1423 
493 532 120 0.4910207893444992 1257 
494 532 122 0.4241706176036107 1105 
495 532 125 0.22673367993686366 1059 
496 532 114 0.19299842870136785 693 
497 532 108 0.715424731319639 608 
498 532 113 0.5864770930430913 538 
499 532 126 0.6758814874156773 665 
500 532 127 0.4207593260705655 1176 
501 532 115 0.2104114397230317 1309 
502 532 115 0.24096748231323364 1424 
503 532 111 0.8507549175645225 575 
504 541 120 0.7638265678935214 1340 
505 541 123 0.8555198700419092 1124 
506 541 121 0.6235730640817749 1231 
507 541 122 0.14155231724063544 1382 
508 541 126 0.3634947776872222 581 
509 541 116 0.17376660219502169 847 
510 541 123 0.022316713256592836 1125 
511 541 118 0.7663130869309925 1437 
512 542 115 0.5952870806400109 1410 
513 542 116 0.43427890373980516 582 
514 542 107 0.24852409318192673 1476 
515 542 119 0.3544424580119783 858 
516 542 119 0.6359332831177457 1241 
517 542 123 0.7604211804341303 1034 
518 542 112 0.2815772441360432 717 
519 542 127 0.5544913296465814 1154 
520 545 115 0.3378060470198075 1365 
521 545 110 0.19197441294409723 1165 
522 545 111 0.5456560216097268 649 
523 545 116 0.2571727396246858 627 
524 545 120 0.2115587084417461 811 
525 545 112 0.26732435245217273 676 
526 545 113 0.749153890509217 1158 
527 545 108 0.8614004122434274 922 
528 545 114 0.6277398523290159 1395 
529 545 114 0.3423182718880766 1330 
530 578 122 0.5815340308473584 1315 
531 578 119 0.6502775620882705 1453 
532 578 107 0.16261948696729905 599 
533 578 124 0.8750897538747288 716 
534 578 125 0.8307379715424041 1086 
535 578 115 0.46110935571996725 551 
536 578 127 0.2989706512411525 1339 
537 578 113 0.7716847574189075 1226 
538 578 115 0.23627523071627546 606 
539 578 121 0.8956958928718982 1236 
540 578 117 0.8894858670164374 905 
541 588 123 0.24249801701516097 1041 
542 588 108 0.34376112767804035 966 
543 588 120 0.7320116385565926 1062 
544 588 114 0.6077289159960819 1085 
545 588 127 0.6077651425729371 1166 
546 588 118 0.26627831886215453 1358 
547 588 112 0.1357854570889751 1293 
548 588 126 0.4747829431594346 532 
549 588 123 0.32713140693688353 1051 
550 588 111 0.5384369997878724 1449 
551 588 120 0.3087835153944959 676 
552 588 115 0.2475206420126872 1105 
553 589 108 0.4941766045462945 1023 
554 589 127 0.24805634179033775 1373 
555 589 120 0.20614722208535408 1497 
556 589 121 0.6791420213599111 1048 
557 589 116 0.25949120257004843 770 
558 589 113 0.581159487577911 649 
559 589 124 0.6281875820107814 1043 
560 589 120 0.2300720408335137 1253 
561 589 119 0.404926818016375 1524 
562 589 107 0.7171129044347849 886 
563 589 125 0.5536967977846607 925 
564 589 109 0.40004274751184077 1048 
565 600 113 0.21130780817627828 766 
566 600 113 0.6235348936570774 1261 
567 600 125 0.7553675260301783 635 
568 600 110 0.4291504342719289 580 
569 600 120 0.3043327419994625 1462 
570 600 121 0.43281828842043407 1199 
571 600 119 0.036033053465180535 1026 
572 600 125 0.6179396363209154 1394 
573 600 107 0.18773367162222881 1080 
574 600 118 0.2705192524385688 1062 
575 600 108 0.12673531117207554 623 
576 600 112 0.5615229208424755 671 
577 610 114 0.1666059320313226 595 
578 610 109 0.26171597577418054 1115 
579 610 116 0.2186191008725886 1331 
580 610 111 0.6271809055365619 563 
581 610 127 0.4939026533468594 1499 
582 610 120 0.10925626059396494 739 
583 610 127 0.11445593525511571 876 
584 610 115 0.5058270125561621 1273 
585 610 111 0.45514712044229516 1352 
586 610 123 0.635241875712973 1187 
587 610 113 0.591427881924917 575 
588 619 117 0.5865268784145111 1469 
589 619 115 0.550182978493057 1351 
590 619 120 0.28869471213890596 1054 
591 619 108 0.7529404920272448 633 
592 619 127 0.09464760149004318 1238 
593 619 115 0.012878409279373792 1394 
594 619 109 0.27912865977611767 643 
595 619 108 0.031123588488037382 639 
596 619 112 0.36674842570804406 1172 
597 619 120 0.5053319917362931 852 
598 619 113 0.4613146379539397 580 
599 619 121 0.583076561282096 749 
600 651 125 0.09474121657278893 1228 
601 651 107 0.30750883450857946 1486 
602 651 111 0.5662728592406948 1104 
603 651 113 0.6237636404280401 692 
604 651 121 0.805541552499922 1391 
605 651 127 0.44460675617996237 1006 
606 651 108 0.09420690096340427 1292 
607 651 126 0.6842625648148586 1355 
608 651 115 0.8697262277563466 1518 
609 651 113 0.24872185343837558 542 
610 671 124 0.19269814021162177 812 
611 671 123 0.8641954413641472 1011 
612 671 124 0.5698704696385463 806 
613 671 112 0.18432876177310017 603 
614 671 123 0.38603135466237365 1418 
615 671 108 0.735562802881486 1385 
616 671 111 0.4856103120775146 1050 
617 671 113 0.6843844600668884 572 
618 671 119 0.06223942928636422 1251 
619 692 124 0.734536529996219 929 
620 692 116 0.2490881688814845 1448 
621 692 107 0.8993414796710363 821 
622 692 115 0.7365678250420877 1157 
623 692 112 0.20841216972470825 621 
624 692 120 0.5673410318020446 1374 
625 692 107 0.23268987056945648 591 
626 692 107 0.8574457589617039 1452 
627 693 113 0.238608807565386 1071 
628 693 114 0.3296054223511902 969 
629 693 109 0.8419585120445561 1334 
630 693 121 0.8134239697893736 718 
631 693 123 0.7141378394124194 909 
632 693 115 0.576154132585759 652 
633 693 121 0.5595217526048712 1322 
634 693 113 0.6197189296838511 944 
635 701 126 0.7742715446278029 932 
636 701 111 0.23767974655134957 617 
637 701 107 0.7956150304471075 547 
638 701 120 0.3608202414762645 1122 
639 701 125 0.6976999898659206 1162 
640 701 127 0.08701665869787173 1209 
641 713 107 0.20910599285563936 1346 
642 713 121 0.294148675651518 633 
643 713 113 0.4955299810015072 1448 
644 713 122 0.09845726387667476 1450 
645 713 118 0.17550612774942306 1400 
646 713 115 0.8292952486272558 1324 
647 713 113 0.2735225038213365 1027 
648 713 112 0.4109538220104345 607 
649 713 118 0.3683987854040093 1248 
650 713 115 0.45262824274238966 1191 
651 725 107 0.655861920545823 613 
652 725 118 0.26578883663137703 614 
653 725 108 0.8978109576866753 1197 
654 725 125 0.6232174580488754 954 
655 725 116 0.015871039920295423 783 
656 725 117 0.804260649088314 1137 
657 725 115 0.5066298898651692 783 
658 725 114 0.17744294321940673 685 
659 725 120 0.7297258095729315 992 
660 725 109 0.21323657954031222 1262 
661 725 121 0.3370831436042888 1521 
662 725 118 0.42110601783332363 1236 
663 733 108 0.7854779870507981 561 
664 733 122 0.8876772229482454 1478 
665 733 115 0.31437248238915005 887 
666 733 118 0.5881007722658271 1366 
667 733 119 0.10692367600080106 655 
668 733 119 0.38086045791081097 1351 
669 733 127 0.5738390832424359 1330 
670 733 110 0.19526318702953668 840 
671 734 123 0.8042951337071921 950 
672 734 126 0.08036160590127849 1297 
673 734 123 0.14400186544656532 622 
674 734 125 0.6287331673543534 797 
675 734 112 0.30601655215122786 1359 
676 734 113 0.17248884872999493 1453 
677 734 123 0.6554054507004011 588 
678 734 108 0.07971563981374535 928 
679 734 109 0.40497399566591163 553 
680 734 115 0.26736483040573256 1355 
681 734 108 0.36751077895524825 1182 
682 734 124 0.552264283509541 607 
683 736 110 0.3919659740706747 620 
684 736 119 0.08384988630473014 1007 
685 736 125 0.03266894402732567 1373 
686 736 107 0.5706281412280192 1088 
687 736 119 0.040845320324130886 1309 
688 736 109 0.7286915867922359 1291 
689 736 124 0.14700041342915954 892 
690 736 109 0.7137638063508492 1151 
691 736 109 0.7210195629688244 1501 
692 753 118 0.6604801731703497 696 
693 753 110 0.8723510326625153 908 
694 753 121 0.21843900764128638 703 
695 753 119 0.28505128043383315 1330 
696 753 115 0.4093104351093404 1174 
697 753 112 0.14399046169286914 1079 
698 753 121 0.4167128761984175 1348 
699 753 121 0.5656952246508535 918 
700 753 119 0.8678237430527566 804 
701 754 114 0.42867695717866744 1485 
702 754 110 0.7464259301682805 1429 
703 754 108 0.806969809031802 838 
704 754 119 0.6834999198488921 794 
705 754 122 0.7771784890191433 1164 
706 754 127 0.27835695276046063 664 
707 754 125 0.13105072992309047 818 
708 754 111 0.3762793387652928 1337 
709 754 116 0.0975253367305261 891 
710 754 110 0.14220550328501774 1007 
711 754 114 0.8032939764239849 789 
712 754 112 0.2721150202566868 941 
713 756 127 0.06188477891329778 844 
714 756 109 0.6158891092857844 1283 
715 756 122 0.7618491639701712 1406 
716 756 116 0.38938316871659245 919 
717 756 119 0.8802892197405344 759 
718 756 115 0.06972098527649286 1122 
719 756 112 0.3894473252018017 671 
720 756 119 0.2538905757074378 592 
721 756 110 0.38121405896118643 1104 
722 756 121 0.4099212847769967 659 
723 756 108 0.7690531632334708 1092 
724 775 115 0.2851810388451368 1329 
725 775 111 0.2981332763372155 967 
726 775 124 0.6710725786553077 733 
727 775 114 0.6035963695818081 1054 
728 775 123 0.4114333024137077 945 
729 775 124 0.2952976403527893 1216 
730 775 125 0.7349104162151944 1210 
731 775 124 0.55058083364835 899 
732 775 109 0.6706581942738377 1106 
733 783 125 0.23504954485803906 760 
734 783 125 0.2667118777090399 640 
735 783 107 0.37491584905933134 1008 
736 783 109 0.5998596527562173 1011 
737 783 121 0.01552906662995291 557 
738 783 123 0.30334069178902573 925 
739 783 113 0.47340771613288163 864 
740 783 110 0.3274621344518217 1395 
741 783 112 0.8229567702564753 1345 
742 783 111 0.20248689964977198 663 
743 783 121 0.5844848212957207 1440 
744 794 115 0.12688841356470973 868 
745 794 109 0.6448480988523634 1278 
746 794 117 0.31874669074107437 697 
747 794 113 0.12740133505269288 844 
748 794 126 0.39834330565497433 695 
749 794 110 0.45526882015106507 1497 
750 794 117 0.4036870670062178 798 
751 794 124 0.08161399828472425 1440 
752 794 122 0.8723905246940833 1396 
753 817 126 0.10149481486811876 1460 
754 817 110 0.44316137938690153 649 
755 817 115 0.3944662607856627 703 
756 817 115 0.19284129593786437 1296 
757 817 124 0.08190907042872045 1133 
758 817 127 0.739310585238479 813 
759 817 117 0.5763658808864969 949 
760 817 117 0.6328747013863 1449 
761 817 107 0.09560058584519278 527 
762 817 112 0.02162652373461094 1524 
763 817 127 0.5393640451368329 1179 
764 817 126 0.8059694992296044 1023 
765 818 127 0.1209715997643534 973 
766 818 107 0.1961924429123611 843 
767 818 127 0.6016149330500475 1287 
768 818 107 0.49026930655834217 874 
769 818 110 0.29384356819921276 1474 
770 818 113 0.34797314527308176 1188 
771 818 122 0.71653047607182 955 
772 818 112 0.2464525374822098 1275 
773 818 119 0.0812167161837885 1306 
774 818 110 0.6081478380453595 833 
775 819 123 0.4282604976982116 584 
776 819 116 0.37479358248775474 868 
777 819 118 0.047082589981222764 590 
778 819 126 0.8233143785269805 1010 
779 819 116 0.7620478417505837 572 
780 819 124 0.5064803915840876 1296 
781 819 118 0.14626999720437373 1364 
782 819 117 0.6249058379338082 1467 
783 826 119 0.7056917657231228 1226 
784 826 107 0.4497438203723943 1430 
785 826 112 0.5474161826529678 1202 
786 826 110 0.4903915235662116 781 
787 826 116 0.7446211992812366 846 
788 826 117 0.09021219865182471 1448 
789 826 112 0.25973393655206783 688 
790 826 112 0.268491566258648 1210 
791 826 119 0.08396429808828328 1021 
792 826 124 0.31922097248525527 691 
793 837 118 0.44471043459647014 1399 
794 837 110 0.01179216557424647 1145 
795 837 118 0.8830462597574014 1102 
796 837 109 0.34694350598886353 990 
797 837 125 0.7643461523028637 935 
798 837 125 0.8644413321676827 963 
799 837 108 0.1145148566187114 554 
800 837 107 0.7744451044053074 974 
801 837 120 0.23741627605865928 1053 
802 837 127 0.2683804229986742 599 
803 837 113 0.6478555030424122 1072 
804 837 120 0.6905726512776829 646 
805 838 111 0.5999916083184789 864 
806 838 111 0.7113936406175755 1022 
807 838 123 0.3834915540542844 1358 
808 838 119 0.6485935098052119 997 
809 838 112 0.6968461830702019 576 
810 838 114 0.07440519138982443 532 
811 838 125 0.10322151827086845 781 
812 838 109 0.147300399994123 1227 
813 838 122 0.710709484236135 1010 
814 838 111 0.7234696717682689 645 
815 838 110 0.6565349542501968 972 
816 838 123 0.3829124102654243 1155 
817 857 126 0.5507926061115974 1417 
818 857 122 0.5675267810908983 967 
819 857 108 0.2147273193356508 897 
820 857 108 0.34660405460744603 535 
821 857 127 0.15278572307808916 727 
822 857 108 0.44359588176251524 1188 
823 857 123 0.42281512751739486 556 
824 857 111 0.3826408295802904 783 
825 857 120 0.5538436280513995 1054 
826 859 108 0.4468099843739089 1305 
827 859 117 0.7163815230837772 1402 
828 859 115 0.5064819329820427 1396 
829 859 108 0.7486983806475219 769 
830 859 109 0.6824487215964881 1294 
831 859 120 0.3851396957686284 944 
832 859 119 0.1921916304553787 1090 
833 859 127 0.5385372980839855 1489 
834 859 124 0.1780591405472292 645 
835 859 125 0.8573744534970431 1214 
836 880 118 0.2391088690029669 1177 
837 880 110 0.091260617617617 863 
838 880 107 0.3424725755279541 1507 
839 880 110 0.7079032227950974 1125 
840 880 112 0.7971613939460823 1076 
841 880 125 0.6285681688797123 913 
842 880 108 0.494714544072218 556 
843 880 113 0.3268527976371233 1251 
844 880 108 0.1362061439378032 1052 
845 880 123 0.05679349587055419 975 
846 885 123 0.42343906605539877 1157 
847 885 123 0.04039460563480597 538 
848 885 114 0.8394461848524019 1151 
849 885 127 0.8331033112354521 1218 
850 885 108 0.037810614774569436 1288 
851 885 117 0.45811929208416663 748 
852 885 111 0.8005416822124097 724 
853 885 113 0.8002566455169282 1103 
854 885 125 0.29931209521230767 1214 
855 885 111 0.6586982593643124 1124 
856 885 118 0.8823147942518533 1376 
857 892 119 0.10176617833587255 757 
858 892 125 0.33326283981728066 1243 
859 892 119 0.8880399903664045 1412 
860 892 109 0.24187102609480393 1131 
861 892 110 0.7429201643607061 1373 
862 892 120 0.617296758145945 850 
863 892 120 0.3656576495492664 1062 
864 892 126 0.5289938707919003 602 
865 892 116 0.8971288530860053 745 
866 892 115 0.7542135221257745 618 
867 892 110 0.06940889614998703 1196 
868 902 120 0.11077449773526488 582 
869 902 113 0.35063238163407956 1294 
870 902 114 0.13749635260479795 552 
871 902 107 0.17634176644273505 1483 
872 902 123 0.6257977328377814 814 
873 902 118 0.5213096388015109 1142 
874 902 124 0.016346742213186168 1330 
875 902 107 0.7372944151356093 986 
876 902 112 0.596071307745887 710 
877 902 119 0.11491268575740657 926 
878 902 127 0.4233579833396831 1105 
879 902 117 0.03915191501874332 1503 
880 926 125 0.5911233117529291 850 
881 926 112 0.7389399532831312 1003 
882 926 114 0.06609377511089654 981 
883 926 114 0.5801010618881173 791 
884 926 117 0.3789489401287995 1048 
885 926 111 0.24583077589367938 829 
886 926 125 0.49796084075224956 1088 
887 926 125 0.4984870810886214 1115 
888 926 108 0.6388267147075325 1055 
889 926 118 0.5213641526084372 897 
890 926 125 0.3406050463536177 1424 
891 926 125 0.8891289342507676 707 
892 937 110 0.1719962236561566 1456 
893 937 117 0.5424708369334398 1520 
894 937 117 0.025033039053866238 1128 
895 937 127 0.41084693502931696 1062 
896 937 121 0.0423661252344301 715 
897 937 109 0.8667733229493777 1076 
898 937 110 0.2821027860855418 739 
899 937 116 0.019017086250820603 1025 
900 937 111 0.2984822741121306 1033 
901 937 110 0.5772994689677908 868 
902 947 116 0.7261084129322624 890 
903 947 126 0.6642824030041454 636 
904 947 117 0.5374319143798597 851 
905 947 119 0.3668531378676136 1504 
906 947 115 0.8729156705851516 1399 
907 947 109 0.6100939683662641 1069 
908 947 118 0.598644320433681 1485 
909 947 114 0.03161580261455567 825 
910 947 126 0.2330695511008597 814 
911 947 117 0.20760710993582984 1329 
912 947 118 0.7268421839214256 1322 
913 947 113 0.045415804397085785 1164 
914 968 117 0.14831465678621605 1250 
915 968 114 0.3045754440892872 1310 
916 968 116 0.24624391332041015 1402 
917 968 114 0.1811806929931065 1424 
918 968 108 0.8753873997311653 1384 
919 968 124 0.8269893093768282 884 
920 968 107 0.5452099614981443 573 
921 968 127 0.4086964235048672 1077 
922 968 115 0.12253875396586324 874 
923 968 121 0.16852440037617025 1261 
924 968 114 0.5382470405225408 1420 
925 968 109 0.8982680960758808 1028 
926 985 111 0.3068954038418981 1347 
927 985 109 0.80987164297923 1140 
928 985 118 0.1957396570074028 1174 
929 985 120 0.5812540185212349 1432 
930 985 122 0.17900564865849408 1372 
931 985 115 0.5770235356420369 839 
932 985 126 0.8822695618148692 825 
933 985 117 0.6477881662405693 786 
934 985 116 0.19949602220496496 792 
935 985 110 0.4363488473213849 1299 
936 985 119 0.34376712989326214 1187 
937 986 119 0.5160692410236144 1230 
938 986 120 0.5905924351134982 585 
939 986 117 0.1971228432697709 1132 
940 986 123 0.7102427163493361 1091 
941 986 123 0.2382284248810347 811 
942 986 113 0.18630136312150214 599 
943 986 126 0.27017755906357804 1096 
944 986 112 0.8933205716040259 1463 
945 986 124 0.3693895335875542 1485 
946 986 111 0.34701618616306373 740 
947 993 124 0.06332753437036395 1460 
948 993 124 0.8323621332012672 842 
949 993 115 0.855792538363957 900 
950 993 113 0.8021694524032671 790 
951 993 123 0.19534724987338511 575 
952 993 112 0.7819090595532502 944 
953 993 108 0.20560855941561804 1184 
954 993 118 0.3257145763007596 1364 
955 993 122 0.02473952974127098 612 
956 993 114 0.36534819069531077 881 
957 1022 115 0.6997604452975816 1401 
958 1022 118 0.05976948356436909 1151 
959 1022 116 0.09672433536591535 792 
960 1022 113 0.4970171847347815 724 
961 1022 127 0.1536269938485929 1495 
962 1022 113 0.16111048436090344 574 
963 1022 112 0.3724987086205718 1034 
964 1022 122 0.6189601403766687 1361 
965 1022 117 0.7543925627543786 644 
966 1022 126 0.23375315636633032 633 
967 1033 121 0.011808974233244058 1150 
968 1033 127 0.8713082358264556 633 
969 1033 112 0.7590576982162829 1027 
970 1033 126 0.8584876233548633 820 
971 1033 120 0.863173622052831 959 
972 1033 121 0.5822940968867589 890 
973 1033 121 0.4959544866308414 753 
974 1033 114 0.2422430910931727 1029 
975 1033 120 0.4582249625517217 803 
976 1033 109 0.34811265577258393 923 
977 1035 117 0.5333193766852995 1390 
978 1035 126 0.38746063495691513 554 
979 1035 109 0.2754058116042768 604 
980 1035 124 0.7359071467702837 1092 
981 1035 117 0.8244128223378102 1129 
982 1035 122 0.309067112878306 1106 
983 1035 120 0.7964892916398523 1484 
984 1035 107 0.17890145260584595 1257 
985 1042 116 0.4673363945389104 1434 
986 1042 112 0.5465961697323827 1018 
987 1042 119 0.7792298369172392 882 
988 1042 117 0.2680489560631012 1149 
989 1042 123 0.8867052610373165 1481 
990 1042 111 0.08348811783444358 954 
991 1042 119 0.4506328681586591 973 
992 1042 126 0.3099742491029012 717 
993 1043 121 0.6519387575023391 932 
994 1043 119 0.7199532607134579 1134 
995 1043 126 0.35516343747513907 918 
996 1043 111 0.8947481871833954 1476 
997 1043 107 0.504592318242715 1325 
998 1043 122 0.7197547608050286 730 
999 1043 109 0.374869408714152 715 
1000 1043 109 0.14864986072437428 1377 
1001 1043 120 0.6265364312845771 951 
1002 1061 119 0.28902431495195247 1285 
1003 1061 115 0.3150111670661097 1437 
1004 1061 112 0.4711312869789109 574 
1005 1061 107 0.7320993673976325 854 
1006 1061 108 0.3396770464984408 920 
1007 1061 108 0.4162685853589718 954 
1008 1061 114 0.7110504819508683 1208 
1009 1061 117 0.14768925246307268 1305 
1010 1061 107 0.4451728624776528 1043 
1011 1061 126 0.8510938380172411 623 
1012 1063 108 0.19811244420268528 1345 
1013 1063 115 0.23621838254092584 1254 
1014 1063 120 0.2722759769911622 1055 
1015 1063 113 0.775101893135719 821 
1016 1063 121 0.25165145641743203 849 
1017 1063 127 0.49702264324401174 1487 
1018 1063 111 0.8017529305727262 771 
1019 1063 121 0.24595121520700317 872 
1020 1063 126 0.2819493579315487 982 
1021 1073 121 0.7836572801365495 1275 
1022 1073 127 0.7234506687514478 790 
1023 1073 124 0.7478933290637307 1111 
1024 1073 109 0.08962898186054805 699 
1025 1073 112 0.5675955459750155 1423 
1026 1073 114 0.3970424259771578 538 
1027 1073 126 0.5764714596814031 1178 
1028 1073 112 0.5358263792946405 968 
1029 1073 113 0.06747017945464727 1338 
1030 1073 109 0.5588269384625906 931 
1031 1073 107 0.0736069738556311 881 
1032 1073 121 0.6481036427485521 1195 
1033 1085 113 0.2514986423879918 1290 
1034 1085 124 0.6184929297080553 895 
1035 1085 115 0.3767938549387015 866 
1036 1085 124 0.7832600433576208 1062 
1037 1085 127 0.4069458142033542 1501 
1038 1085 125 0.3257279204227937 895 
1039 1085 114 0.0999956780300876 1011 
1040 1085 110 0.04467295644985205 1113 
1041 1085 118 0.43769363784069876 1093 
1042 1093 124 0.29666235625338033 1374 
1043 1093 122 0.1379461456383317 859 
1044 1093 118 0.7087336049873255 965 
1045 1093 125 0.028923935043370944 860 
1046 1093 118 0.7026189811838262 1011 
1047 1093 112 0.4146895093582948 1092 
1048 1093 120 0.2568305945481362 865 
1049 1093 111 0.033660958704895994 527 
1050 1093 110 0.386735822525693 891 
1051 1105 109 0.23229930799133788 1095 
1052 1105 108 0.8423870804387431 1518 
1053 1105 126 0.7769404029310718 1268 
1054 1105 124 0.4162696755627383 1288 
1055 1105 125 0.49911696923694415 587 
1056 1105 126 0.2288119097570075 986 
1057 1105 121 0.01839045774825894 908 
1058 1105 125 0.47743223227804377 1480 
1059 1105 122 0.0512586260059824 913 
1060 1105 116 0.7192286812907774 769 
1061 1113 119 0.7805188565092335 817 
1062 1113 110 0.8990876535465557 971 
1063 1113 112 0.5447468611003582 1090 
1064 1113 112 0.8488085306536525 1488 
1065 1113 116 0.6773740530862309 1017 
1066 1113 127 0.711884949767645 1311 
1067 1113 126 0.07455941283670513 1300 
1068 1113 118 0.6174960636871197 1078 
1069 1113 115 0.37866911157615724 882 
1070 1113 127 0.685927328764647 866 
1071 1113 112 0.3503869236086576 933 
1072 1113 119 0.019646087637492364 694 
1073 1142 117 0.8235479543131344 723 
1074 1142 121 0.7427231911405142 930 
1075 1142 114 0.18555669163973273 1482 
1076 1142 109 0.5364453634684817 1452 
1077 1142 116 0.17539268117869006 646 
1078 1142 127 0.7074159128988838 1132 
1079 1142 115 0.1234401693704909 733 
1080 1142 109 0.17306271129445172 550 
1081 1142 119 0.3344029978016824 1057 
1082 1142 116 0.7762853140471493 784 
1083 1142 111 0.8844244836256316 563 
1084 1142 125 0.13186597584281337 683 
1085 1150 110 0.42842204128833117 1069 
1086 1150 116 0.7768630765616952 616 
1087 1150 109 0.010839632589350333 1223 
1088 1150 112 0.6558446637920681 1239 
1089 1150 108 0.6557206366145654 955 
1090 1150 115 0.23717085512542402 602 
1091 1150 125 0.6789148547134148 1264 
1092 1150 108 0.405096511433701 820 
1093 1180 114 0.1368941584654622 1028 
1094 1180 125 0.29729492137632896 1371 
1095 1180 127 0.40316821161796634 886 
1096 1180 117 0.20082405724335706 1011 
1097 1180 123 0.2329676806586278 847 
1098 1180 107 0.5487839771059896 616 
1099 1180 114 0.8549526180948558 1295 
1100 1180 109 0.7154194582162117 881 
1101 1181 113 0.14715277688690007 1123 
1102 1181 108 0.43034244670784677 1328 
1103 1181 108 0.29560332788478466 556 
1104 1181 125 0.4920547361865324 935 
1105 1181 113 0.50638671560722 759 
1106 1181 126 0.521992464476463 847 
1107 1181 109 0.045794803051208144 1431 
1108 1181 112 0.6116941283061463 1279 
1109 1181 119 0.8380409807151822 1503 
1110 1181 116 0.2898732616082918 762 
1111 1181 115 0.4523211059343969 1424 
1112 1181 125 0.5378451034158043 892 
1113 1192 118 0.22380887774642255 1097 
1114 1192 114 0.6393999539125667 621 
1115 1192 124 0.386994331178698 929 
1116 1192 117 0.19792519435470254 1139 
1117 1192 109 0.44079321499230373 1191 
1118 1192 122 0.10905384189116944 1399 
1119 1192 120 0.8641560491725031 737 
1120 1192 108 0.40958241057349876 857 
1121 1192 110 0.038467700375896925 620 
1122 1192 112 0.596083581623716 1147 
1123 1192 124 0.8542739316116642 663 
1124 1192 127 0.15799493787554045 783 
1125 1196 113 0.48732834774638084 1143 
1126 1196 127 0.7787809700083415 943 
1127 1196 110 0.6879271700424392 812 
1128 1196 120 0.36303497040367766 547 
1129 1196 110 0.786778873558798 782 
1130 1196 118 0.26059266591878355 1251 
1131 1196 107 0.23174287863824855 1405 
1132 1196 112 0.7959127049092892 1315 
1133 1196 127 0.5147750335571364 1047 
1134 1212 122 0.09329164872033137 566 
1135 1212 122 0.0378916703622464 1058 
1136 1212 123 0.8612606170572485 833 
1137 1212 114 0.39565851803644775 558 
1138 1212 117 0.2631107612545112 1463 
1139 1212 113 0.5615409400034408 1103 
1140 1212 119 0.030927967985621495 1512 
1141 1212 107 0.5251630152484991 946 
1142 1213 108 0.5281543757829864 1117 
1143 1213 115 0.8443818220927853 1292 
1144 1213 112 0.19826850022690964 1188 
1145 1213 123 0.7276712364285275 892 
1146 1213 122 0.807720016216445 1303 
1147 1213 107 0.8928490119510579 1247 
1148 1213 127 0.13784505942112224 754 
1149 1213 116 0.611873434112352 1434 
1150 1248 118 0.3147482810541907 632 
1151 1248 127 0.6554232541880453 853 
1152 1248 115 0.24396464382355848 1513 
1153 1248 118 0.8721464746701157 1437 
1154 1248 124 0.12511905876389043 1137 
1155 1248 111 0.6531049963913387 654 
1156 1248 111 0.604543862967361 816 
1157 1248 116 0.5892049474476748 956 
1158 1248 115 0.6192529879325667 1088 
1159 1248 119 0.17076681720744252 662 
1160 1249 115 0.42642215808291467 727 
1161 1249 115 0.3695582110067516 1301 
1162 1249 117 0.8391668089978604 936 
1163 1249 123 0.3486008828260283 902 
1164 1249 110 0.07119822443754606 791 
1165 1249 120 0.04518888142231903 1024 
1166 1249 116 0.7690143279470464 629 
1167 1249 122 0.5746210116201987 1334 
1168 1249 111 0.05893536955117876 1334 
1169 1249 112 0.177120087820382 1031 
1170 1249 109 0.7897624153344056 953 
1171 1249 110 0.8745560478203136 735 
1172 1250 126 0.7232095640310747 1261 
1173 1250 117 0.7235477447513292 798 
1174 1250 115 0.18957409573343192 1042 
1175 1250 113 0.2150025432238242 1452 
1176 1250 109 0.6480591051244338 644 
1177 1250 121 0.11546351780245874 1298 
1178 1250 107 0.8473876310856467 1377 
1179 1250 109 0.8889534391423146 942 
1180 1258 116 0.08702291308594301 591 
1181 1258 116 0.32356966430845296 1058 
1182 1258 125 0.20979543832846376 1225 
1183 1258 112 0.4271634314680291 893 
1184 1258 121 0.3603626270617011 1418 
1185 1258 110 0.07673562976792042 892 
1186 1258 116 0.6281028403728854 678 
1187 1258 126 0.24523735273705055 878 
1188 1258 111 0.7845712936694634 1501 
1189 1258 117 0.7958910563311674 983 
1190 1258 108 0.2650655498882174 1138 
1191 1258 108 0.5757057137798662 907 
1192 1259 119 0.6708448681669004 655 
1193 1259 123 0.30153848464432875 1055 
1194 1259 109 0.295922596224826 1041 
1195 1259 114 0.09973798787740282 1356 
1196 1259 108 0.4152571726597485 1114 
1197 1259 127 0.44958030557412926 1324 
1198 1259 115 0.6616717446587146 778 
1199 1259 124 0.11479707362098934 1212 
1200 1259 126 0.368492501125138 1242 
1201 1259 109 0.44549985264352093 1082 
1202 1259 111 0.2976250124778026 939 
1203 1259 125 0.2678832820026935 1246 
1204 1268 107 0.3441413639270743 1227 
1205 1268 112 0.046534674024839386 1000 
1206 1268 112 0.8636019330341502 959 
1207 1268 124 0.04030151909557544 1052 
1208 1268 116 0.5827095476413583 1128 
1209 1268 109 0.5943809177434144 1068 
1210 1268 118 0.2503354736584936 588 
1211 1268 123 0.15618764730351636 570 
1212 1278 117 0.7483165528725961 960 
1213 1278 127 0.10519892038431554 533 
1214 1278 111 0.6974324887332216 1195 
1215 1278 122 0.4101056329651052 1059 
1216 1278 107 0.7925740607801441 1051 
1217 1278 112 0.04845306994184319 726 
1218 1278 124 0.6872544209042939 862 
1219 1278 122 0.5483927577499034 1420 
1220 1278 117 0.8362029114870415 1363 
1221 1278 121 0.5745077535367457 1013 
1222 1278 109 0.4935913513609194 1147 
1223 1278 111 0.668832115729809 756 
1224 1289 125 0.354504034708116 1016 
1225 1289 125 0.8709708099312228 618 
1226 1289 113 0.31424401202800223 1370 
1227 1289 127 0.5547550312909824 1485 
1228 1289 120 0.1935707419848425 1193 
1229 1289 121 0.16830976885514515 951 
1230 1289 120 0.8219937998553808 1062 
1231 1289 127 0.4413147574584031 683 
1232 1289 127 0.7614327076406243 782 
1233 1289 124 0.4908682476087834 641 
1234 1289 126 0.4059086215492758 614 
1235 1289 124 0.8186041646976029 991 
1236 1338 115 0.08878643469714863 915 
1237 1338 124 0.5672728748276794 683 
1238 1338 127 0.4449503057727719 859 
1239 1338 121 0.34193113727909474 1240 
1240 1338 110 0.6809405400009355 678 
1241 1338 122 0.664568103096273 1221 
1242 1338 110 0.2867838577445214 741 
1243 1338 124 0.069945199417038 963 
1244 1338 119 0.05468794450198729 1435 
1245 1338 111 0.5717350762799098 874 
1246 1338 121 0.8030723595302884 1147 
1247 1338 108 0.4880141200050674 974 
1248 1357 124 0.5519393772429348 575 
1249 1357 117 0.3747006229713309 1518 
1250 1357 124 0.6664937245289088 1143 
1251 1357 109 0.43319161004149304 792 
1252 1357 124 0.5627942696549142 700 
1253 1357 118 0.7867966184939829 1455 
1254 1357 119 0.37784541779667596 917 
1255 1357 117 0.6030212790437282 1405 
1256 1357 117 0.051271255252043534 558 
1257 1357 122 0.16521305306836997 1431 
1258 1378 119 0.5543952480634677 776 
1259 1378 108 0.41258074605025397 1482 
1260 1378 122 0.23978776180323316 1143 
1261 1378 110 0.19567703545871248 1146 
1262 1378 112 0.8602006749092734 1432 
1263 1378 125 0.6653981674506386 1447 
1264 1378 107 0.6049746106716185 1238 
1265 1378 115 0.26353264786992703 582 
1266 1378 122 0.7517259841195112 757 
1267 1378 123 0.8744183058048016 1221 
1268 1391 110 0.5052984371389282 557 
1269 1391 114 0.23596989902384713 620 
1270 1391 118 0.28478010121406755 1502 
1271 1391 107 0.39478908795837236 1224 
1272 1391 112 0.25972088531055143 909 
1273 1391 110 0.16397522863345862 550 
1274 1391 107 0.29980050845211 1431 
1275 1391 117 0.07853274237294158 1202 
1276 1391 116 0.6457778091584929 539 
1277 1391 108 0.7436582886592671 644 
1278 1398 114 0.46563258279429154 897 
1279 1398 118 0.542933958514126 677 
1280 1398 118 0.4736802357398291 1435 
1281 1398 120 0.33442779556855695 724 
1282 1398 112 0.631572571768645 785 
1283 1398 113 0.43814734199546473 1350 
1284 1398 110 0.10773423571744288 1423 
1285 1398 127 0.5828449663118164 949 
1286 1398 114 0.05705846919954194 792 
1287 1398 107 0.6437548196180438 1166 
1288 1399 118 0.7599394038022023 814 
1289 1399 123 0.7758176241200643 1344 
1290 1399 123 0.18680665652331235 752 
1291 1399 109 0.18696506562558585 626 
1292 1399 126 0.4792315691054765 935 
1293 1399 112 0.538355848632107 1470 
1294 1399 127 0.1749112117675605 742 
1295 1399 112 0.5711247722554103 894 
1296 1399 123 0.03159648274274505 1208 
1297 1399 111 0.6477805041288915 1027 
1298 1399 117 0.47840241996181015 1120 
1299 1399 112 0.3162552267080368 1243 
1300 1403 121 0.2109382660343816 1290 
1301 1403 115 0.04932225671764879 1254 
1302 1403 112 0.167070266584862 924 
1303 1403 112 0.3566382727477315 1421 
1304 1403 125 0.1479456045857066 1195 
1305 1403 111 0.4639815333187823 941 
1306 1403 109 0.8286685865250717 932 
1307 1403 110 0.7464524324392919 926 
1308 1403 111 0.2375786371290546 1485 
1309 1410 111 0.10343428189774521 969 
1310 1410 121 0.4412088373984697 925 
1311 1410 113 0.5188574479936562 1422 
1312 1410 126 0.45928911520654325 681 
1313 1410 122 0.8033467992513126 1372 
1314 1410 110 0.15544876171002311 608 
1315 1410 125 0.1540474479110664 788 
1316 1410 113 0.17945460061169555 884 
1317 1410 121 0.03181523753594175 1079 
1318 1410 125 0.11342695589344273 595 
1319 1410 110 0.4271018772770834 1017 
1320 1410 121 0.09033206772599166 641 
1321 1411 110 0.5411264344695185 833 
1322 1411 119 0.16392322703118828 591 
1323 1411 122 0.7408379701551334 1385 
1324 1411 121 0.054753764019790305 1007 
1325 1411 115 0.36835755685738036 1178 
1326 1411 111 0.6536497493384418 1202 
1327 1411 108 0.4094813346596788 1361 
1328 1411 110 0.20534110373717118 1047 
1329 1426 113 0.1341980592948279 892 
1330 1426 118 0.21187629981305986 1262 
1331 1426 116 0.30691639917177566 1344 
1332 1426 114 0.2866992454207206 539 
1333 1426 123 0.6776348784159926 1053 
1334 1426 122 0.7206699842991359 1221 
1335 1426 118 0.6960377295074428 1272 
1336 1426 121 0.4734058185606988 805 
1337 1449 118 0.5362685520061696 574 
1338 1449 114 0.4191927830723189 1296 
1339 1449 122 0.48130264769660985 1451 
1340 1449 113 0.051481851855141904 1491 
1341 1449 122 0.2623910372596089 1132 
1342 1449 123 0.6914516376237785 1193 
1343 1449 119 0.19750010036801444 989 
1344 1449 119 0.07914756535306167 774 
1345 1449 123 0.28761045774480615 1169 
1346 1449 122 0.04428944047097571 1000 
1347 1453 107 0.4396630098824752 572 
1348 1453 117 0.5523351384111693 1250 
1349 1453 111 0.34735111980313127 1073 
1350 1453 122 0.7624203305594985 659 
1351 1453 126 0.1800453321979945 1023 
1352 1453 114 0.0913357132261219 716 
1353 1453 124 0.3629571645684934 1213 
1354 1453 126 0.8746533512264063 1263 
1355 1453 113 0.39939049500869617 1130 
1356 1460 112 0.336291251810789 1274 
1357 1460 124 0.7144864184897598 1510 
1358 1460 110 0.3777818659853698 815 
1359 1460 111 0.08805620396998788 697 
1360 1460 122 0.137858874648381 768 
1361 1460 127 0.4023204555623272 1372 
1362 1460 111 0.7292074311542212 539 
1363 1460 114 0.07830244037641869 728 
1364 1460 110 0.6529668818876161 552 
1365 1460 116 0.392893939283006 1479 
1366 1470 122 0.38909799435963577 1275 
1367 1470 116 0.7164363184643907 1262 
1368 1470 124 0.07494396573571287 1411 
1369 1470 127 0.6906059569304147 1391 
1370 1470 124 0.3165752858031411 1198 
1371 1470 108 0.015135883719354397 1151 
1372 1470 114 0.1156306496018836 1315 
1373 1470 120 0.2542158803160603 1428 
1374 1470 117 0.8899777401881056 1464 
1375 1470 124 0.749468943191955 1017 
1376 1470 119 0.2320266700366 970 
1377 1470 127 0.409561623425942 1395 
1378 1479 122 0.8937578292563593 879 
1379 1479 120 0.8153511272312963 601 
1380 1479 111 0.5799985463458905 847 
1381 1479 113 0.6176677944893235 1282 
1382 1479 119 0.2009836094387803 787 
1383 1479 115 0.21202595692419635 559 
1384 1479 111 0.10803798502745728 1439 
1385 1479 113 0.6316842796156075 1183 
1386 1479 112 0.47781777046611895 714 
1387 1479 125 0.7126464880153945 614 
1388 1479 110 0.8848325635969323 770 
1389 1479 127 0.6253403924456858 1308 
1390 1480 116 0.8435985230236288 1422 
1391 1480 120 0.5058142569449262 1373 
1392 1480 126 0.045698562432295864 1200 
1393 1480 112 0.0908789136539575 581 
1394 1480 122 0.6144412763131013 1258 
1395 1480 126 0.5548822576658246 613 
1396 1480 120 0.3477819039474088 597 
1397 1480 113 0.33358700858809853 757 
1398 1491 108 0.8453847332874561 1148 
1399 1491 115 0.7473381485373073 1235 
1400 1491 119 0.22108499612298124 575 
1401 1491 107 0.8890098375042346 653 
1402 1491 124 0.3150250442685079 591 
1403 1491 113 0.6378173585460838 1393 
1404 1491 114 0.14819715279006432 1221 
1405 1491 109 0.8191061104439697 1518 
1406 1491 109 0.5932362257564603 630 
1407 1491 111 0.30237287763452697 1226 
1408 1491 112 0.7496062537590287 968 
1409 1512 112 0.7355779850525769 1093 
1410 1512 115 0.6861150498003094 1413 
1411 1512 127 0.83030019158826 1469 
1412 1512 127 0.8039133245416169 968 
1413 1512 123 0.37925962570415117 708 
1414 1512 109 0.7488772484383126 1130 
1415 1512 108 0.0612133166164581 1253 
1416 1512 107 0.30404123980857395 661 
1417 1513 109 0.14073714284752759 1046 
1418 1513 108 0.36899002042335655 1339 
1419 1513 112 0.8095828316400028 1370 
1420 1513 127 0.05548910343731541 1231 
1421 1513 108 0.6095744393181998 1183 
1422 1513 111 0.4100692473335214 695 
1423 1513 125 0.018165201376489956 1395 
1424 1513 125 0.3819263951042334 1340 
1425 1513 123 0.8160168855786741 1114 
1426 1515 127 0.44882351834361767 744 
1427 1515 126 0.4321189809463219 597 
1428 1515 116 0.20195465045249905 1128 
1429 1515 116 0.026404738378108437 1094 
1430 1515 113 0.3964075756486957 653 
1431 1515 108 0.5330825851257348 1451 
1432 1515 119 0.422217533995082 1048 
1433 1515 122 0.1855350787497499 1494 
1434 1515 111 0.4461382767040306 1341 
1435 1515 123 0.35523120704346584 737 
1436 1515 126 0.19954624846323418 942 
1437 1523 108 0.6849023334423312 993 
1438 1523 119 0.17245096580970942 1170 
1439 1523 120 0.5815021550858752 1203 
1440 1523 122 0.41761058133830337 1441 
1441 1523 107 0.4953341088245941 905 
1442 1523 123 0.5145371516536692 1462 
1443 1523 115 0.014880740206392178 1458 
1444 1523 113 0.16872608016940194 689 
1445 1523 113 0.4867640596122499 1516 
1446 1523 126 0.8650862780264634 791 
1447 1523 127 0.3465450485637292 1346 
1448 1523 111 0.8765359917826376 1077 
1449 1539 117 0.6259440834922322 593 
1450 1539 125 0.2420302366097603 1451 
1451 1539 109 0.11154665524711946 1333 
1452 1539 108 0.24201820881127142 883 
1453 1539 123 0.47115973288539176 741 
1454 1539 111 0.5447993028707036 933 
1455 1539 111 0.12098289343163764 1255 
1456 1539 125 0.5144542990422575 544 
1457 1539 114 0.7722699045431314 955 
1458 1539 121 0.4445551977727516 1097 
1459 1539 115 0.7339240787729159 904 
1460 1540 108 0.032906212555056685 719 
1461 1540 123 0.3105074458191795 1286 
1462 1540 120 0.27936917812277123 1490 
1463 1540 107 0.8636185537573505 897 
1464 1540 112 0.7604683768200969 1354 
1465 1540 109 0.7194091407209742 1081 
1466 1540 108 0.8625940722205581 1168 
1467 1540 122 0.7535800170594567 1374 
1468 1540 119 0.05663079440051386 1447 
1469 1541 111 0.06110706532106161 1083 
1470 1541 125 0.2477066472861574 681 
1471 1541 120 0.6759439894297218 1121 
1472 1541 127 0.11503914545902501 770 
1473 1541 122 0.16217946008470674 1092 
1474 1541 110 0.5032114850763764 1130 
1475 1541 118 0.4504117321191703 1251 
1476 1541 119 0.6173124508905816 1001 
1477 1541 126 0.22720661497464326 1490 
1478 1541 119 0.7584407780377974 970 
1479 1563 126 0.07213832004861703 1477 
1480 1563 114 0.04522444561722531 1473 
1481 1563 122 0.05820950773226337 1112 
1482 1563 120 0.8507452161903492 1430 
1483 1563 125 0.31283914800632223 730 
1484 1563 109 0.8614124443620839 963 
1485 1563 111 0.6374168240922382 1097 
1486 1563 109 0.3343213234283296 1411 
1487 1563 107 0.45766673472576885 785 
1488 1563 119 0.8393731482767542 927 
1489 1563 118 0.04019432169759767 587 
1490 1563 122 0.23871722797111777 1455 
1491 1572 108 0.047312543664563694 1246 
1492 1572 123 0.05620499012954849 931 
1493 1572 114 0.8813525681935528 806 
1494 1572 124 0.34422515496063527 819 
1495 1572 112 0.8860105579388043 666 
1496 1572 113 0.8279844300144654 1350 
1497 1572 113 0.8514531456867004 1097 
1498 1572 117 0.6614217891859181 1421 
1499 1572 111 0.5172018928923726 1028 
1500 1572 113 0.7976111713766586 1106 
1501 1582 109 0.26701932046961707 886 
1502 1582 110 0.5410214165297089 660 
1503 1582 123 0.7731127781882906 606 
1504 1582 107 0.4756227585895243 1006 
1505 1582 122 0.13703684975803182 1108 
1506 1582 112 0.37151343748745425 945 
1507 1582 124 0.754058001776361 1214 
1508 1582 116 0.17398451168833107 844 
1509 1582 122 0.4637690640758091 1437 
1510 1582 108 0.6967455039171432 1101 
1511 1582 107 0.8525503647766848 1376 
1512 1594 115 0.34684700630048054 789 
1513 1594 107 0.26425541169662187 866 
1514 1594 110 0.13148300849489353 972 
1515 1594 125 0.43754257148591663 1394 
1516 1594 124 0.5545860481903376 897 
1517 1594 125 0.2874778749765713 707 
1518 1594 123 0.5303853064849361 1219 
1519 1594 111 0.05341174082917574 757 
1520 1594 112 0.5254466805946666 738 
1521 1605 117 0.7088994142978633 1299 
1522 1605 121 0.7616681388792652 723 
1523 1605 112 0.8279006682058926 1422 
1524 1605 118 0.6514295297172525 1350 
1525 1605 112 0.7615964175084354 1430 
1526 1605 109 0.3164203581933697 697 
1527 1605 114 0.12965787497674233 775 
1528 1605 110 0.5904948323439464 1020 
1529 1605 116 0.3478823741915792 665 
1530 1605 126 0.16799729523666573 1490 
1531 1615 115 0.4834923233462172 639 
1532 1615 116 0.5087271840627039 1342 
1533 1615 107 0.43310818321013783 1406 
1534 1615 118 0.7329910655945963 791 
1535 1615 107 0.07231434226402836 1104 
1536 1615 107 0.31475416697641007 818 
1537 1615 118 0.08954882503725443 1090 
1538 1615 114 0.6946205220137338 1053 
1539 1625 126 0.7426993179861613 813 
1540 1625 111 0.46608237607243164 986 
1541 1625 116 0.35480316091762665 1246 
1542 1625 125 0.5079333714468844 1180 
1543 1625 124 0.29149636257587475 998 
1544 1625 117 0.18923386405088333 737 
1545 1625 116 0.487750742940247 720 
1546 1625 115 0.6886599459825428 1378 
1547 1625 107 0.5921277498997379 659 
1548 1625 109 0.5375089446484794 1389 
1549 1625 107 0.17880804182145016 1485 
1550 1625 117 0.4205927693356989 743 
1551 1644 117 0.7506393473880448 640 
1552 1644 108 0.5575528526723152 1302 
1553 1644 120 0.6735761838852535 828 
1554 1644 109 0.44274780584369927 1226 
1555 1644 117 0.7031958170590997 643 
1556 1644 118 0.7759379775524876 842 
1557 1644 108 0.840726672514462 1031 
1558 1644 116 0.2267517919307738 1271 
1559 1644 125 0.14209329616785116 674 
1560 1644 119 0.14832224963156213 914 
1561 1644 118 0.37995183944008987 1360 
1562 1644 117 0.7451145230863023 586 
1563 1671 121 0.500713413366214 828 
1564 1671 108 0.13746775014397727 1515 
1565 1671 112 0.884815600110132 974 
1566 1671 113 0.7093922262417461 855 
1567 1671 127 0.48459460449972896 1389 
1568 1671 115 0.29651230386776484 1400 
1569 1671 107 0.028635094079754515 851 
1570 1671 123 0.4015765248968974 1003 
1571 1672 126 0.2439910572102629 1224 
1572 1672 110 0.412859481188612 726 
1573 1672 121 0.07979661402994676 1014 
1574 1672 124 0.21004347808651297 1470 
1575 1672 109 0.16406996946314586 915 
1576 1672 120 0.5843308103615438 1036 
1577 1672 123 0.20054300918708304 624 
1578 1672 125 0.8218925951000396 953 
1579 1672 118 0.6035435046856609 1254 
1580 1672 125 0.8399972141491416 991 
1581 1672 124 0.46035199376781316 879 
1582 1683 107 0.8029253203813937 578 
1583 1683 111 0.22376026197282733 793 
1584 1683 118 0.656985957480961 617 
1585 1683 125 0.41459582392370026 782 
1586 1683 124 0.07432044769012436 1065 
1587 1683 124 0.8297235338960507 1298 
1588 1683 112 0.18349050819256107 670 
1589 1683 117 0.3043916264733737 1399 
1590 1683 116 0.8436919153737025 1516 
1591 1683 111 0.673823220276632 1252 
1592 1683 109 0.2308606113688414 806 
1593 1683 126 0.43223739159934876 681 
1594 1684 112 0.25146620659787344 917 
1595 1684 107 0.7865895782608394 746 
1596 1684 109 0.8583790799881625 838 
1597 1684 118 0.22834074383468753 1444 
1598 1684 109 0.2543512802057495 1398 
1599 1684 118 0.11165004051828549 713 
1600 1684 112 0.26213056941464635 757 
1601 1684 110 0.8148598303768053 1400 
1602 1684 116 0.6508328842129302 695 
1603 1684 109 0.2995444092673186 733 
1604 1684 114 0.10088405134168135 1505 
1605 1691 109 0.06208634033053557 1302 
1606 1691 122 0.17556022593384948 1040 
1607 1691 118 0.5839587300887478 741 
1608 1691 125 0.47809074296620147 748 
1609 1691 113 0.16432401983657047 1141 
1610 1691 116 0.35354556925518554 926 
1611 1691 121 0.4685648624813545 793 
1612 1691 108 0.33832807911818696 600 
1613 1691 125 0.885015622345085 1103 
1614 1691 108 0.17767970818533796 1273 
1615 1711 126 0.4773632414072485 1524 
1616 1711 121 0.8788315987814364 825 
1617 1711 111 0.18122380901902366 1273 
1618 1711 124 0.24522470852916894 1397 
1619 1711 111 0.7981008766939035 1469 
1620 1711 109 0.8196264399055981 1489 
1621 1711 125 0.7085949276834157 706 
1622 1711 120 0.5821692990173795 1475 
1623 1711 107 0.47442866983779686 1126 
1624 1711 116 0.5615415495068403 823 
1625 1718 124 0.38306789292446297 546 
1626 1718 121 0.2787318440533788 1405 
1627 1718 109 0.598434685717979 1248 
1628 1718 111 0.6919355884698192 566 
1629 1718 110 0.3226047988177098 527 
1630 1718 118 0.6986118895891164 1108 
1631 1718 119 0.14725698819968952 1218 
1632 1718 107 0.3879988643339202 600 
1633 1718 114 0.8246662548086338 870 
1634 1718 115 0.4860509859306574 584 
1635 1720 110 0.8689769577654545 1241 
1636 1720 126 0.6608053457035306 1490 
1637 1720 114 0.23527191410253329 1146 
1638 1720 108 0.4561241664552861 1519 
1639 1720 108 0.8558836866231833 1513 
1640 1720 107 0.6299888656885965 1122 
1641 1720 109 0.4720489099848355 649 
1642 1720 126 0.21309790779248697 988 
1643 1730 109 0.09230098863016756 1171 
1644 1730 126 0.7676046278603261 870 
1645 1730 119 0.7738447975734064 1229 
1646 1730 112 0.5256996043569353 1168 
1647 1730 124 0.0396954552273942 972 
1648 1730 111 0.3719526191384503 922 
1649 1730 118 0.3141859156091429 1009 
1650 1730 120 0.1680061717638552 1460 
1651 1730 117 0.3883827452973934 1219 
1652 1730 118 0.2725354909564766 591 
1653 1730 122 0.642679168094119 1135 
1654 1730 111 0.5678799194444135 726 
1655 1735 112 0.5398973350703774 1443 
1656 1735 114 0.7971985222520359 1324 
1657 1735 126 0.4001465069062642 594 
1658 1735 108 0.40107199174450314 1300 
1659 1735 125 0.739916570890283 852 
1660 1735 110 0.8280205016151102 934 
1661 1735 124 0.45862837291215175 872 
1662 1735 114 0.8361223337043981 1327 
1663 1741 109 0.5654522079378105 1128 
1664 1741 117 0.6865964113693401 1075 
1665 1741 126 0.8646567804934279 586 
1666 1741 126 0.20072222200523418 933 
1667 1741 116 0.6242789480186292 1024 
1668 1741 110 0.5143142771233835 1516 
1669 1741 121 0.7834885739065418 838 
1670 1741 126 0.3322875411485266 897 
1671 1760 107 0.6330505782798532 1294 
1672 1760 110 0.6255854060237394 823 
1673 1760 111 0.489543280700957 1385 
1674 1760 115 0.5545083124721883 934 
1675 1760 112 0.7240908186729235 1389 
1676 1760 114 0.13925815671398656 972 
1677 1760 115 0.5757403387827226 759 
1678 1760 124 0.7864149003297491 782 
1679 1760 117 0.3301955034888343 1364 
1680 1760 114 0.02821195007997128 1304 
1681 1760 125 0.28292519318285314 1347 
1682 1760 116 0.7561665250814361 1052 
1683 1772 117 0.8980134896770283 1314 
1684 1772 121 0.7989529158725177 1477 
1685 1772 124 0.26298925297857356 1004 
1686 1772 115 0.6721837177291959 723 
1687 1772 109 0.6488801463521262 1006 
1688 1772 115 0.4262136281835084 782 
1689 1772 108 0.20477253426434025 696 
1690 1772 112 0.3863624216785667 540 
1691 1780 119 0.449943793501523 895 
1692 1780 109 0.1987475965142518 1261 
1693 1780 125 0.4425379466245894 1009 
1694 1780 114 0.09987620132526144 1294 
1695 1780 112 0.23128121562619733 736 
1696 1780 126 0.7202020742528107 807 
1697 1780 110 0.3290587428890054 1011 
1698 1780 116 0.4995082025274642 559 
1699 1780 112 0.6942993942423 944 
1700 1780 110 0.8201552161211856 1136 
1701 1781 115 0.11150578990069311 998 
1702 1781 113 0.5719721529625497 1138 
1703 1781 109 0.7938012098543464 628 
1704 1781 118 0.8375615498292138 1254 
1705 1781 111 0.612124570395893 1489 
1706 1781 119 0.4309926240812259 782 
1707 1781 107 0.23328959756294307 1333 
1708 1781 125 0.243273642657635 553 
1709 1789 115 0.15157796776629545 688 
1710 1789 121 0.38491203477154806 669 
1711 1789 117 0.5906650340353727 842 
1712 1789 107 0.4342759934449282 1441 
1713 1789 119 0.368899030429807 556 
1714 1789 115 0.2570087517449962 1519 
1715 1789 121 0.7903790747990606 1054 
1716 1789 119 0.2097176140069889 685 
1717 1789 119 0.48335848023520606 1480 
1718 1798 121 0.057562255781088686 1131 
1719 1798 110 0.8673477786705952 600 
1720 1798 122 0.18638901019350082 1000 
1721 1798 109 0.7292999477665116 631 
1722 1798 118 0.019058765158207206 949 
1723 1798 125 0.7620293426477532 1289 
1724 1798 125 0.27184485572989003 738 
1725 1798 120 0.8073056565501607 1255 
1726 1798 117 0.8418687565062459 1422 
1727 1798 123 0.2178525725140703 1156 
1728 1798 122 0.21127658671886504 669 
1729 1798 117 0.7783146712093201 729 
1730 1799 112 0.41492215883784805 1143 
1731 1799 119 0.8996854182497508 541 
1732 1799 121 0.07029307483266042 1312 
1733 1799 123 0.43224412293280773 584 
1734 1799 118 0.0902299846633619 527 
1735 1799 122 0.3887768324581601 1005 
1736 1799 123 0.49736712666185007 1164 
1737 1799 121 0.32121704575379706 1400 
1738 1799 124 0.4849492620222247 780 
1739 1799 114 0.3851879359710995 922 
1740 1799 124 0.8690185989092443 1444 
1741 1807 121 0.4665523380512859 967 
1742 1807 121 0.34206639532420835 876 
1743 1807 117 0.7939222272010173 1027 
1744 1807 119 0.7690757668612185 1359 
1745 1807 123 0.7284787926227814 1184 
1746 1807 113 0.6194367790084337 1433 
1747 1807 108 0.5815952932159353 744 
1748 1807 121 0.48485853893473396 949 
1749 1807 110 0.546531808665119 1103 
1750 1807 126 0.4604072604459242 1192 
1751 1817 107 0.31216186998629175 634 
1752 1817 116 0.5977183087684199 1097 
1753 1817 125 0.368135717854565 1006 
1754 1817 115 0.2502355133885747 768 
1755 1817 113 0.6887006127109498 540 
1756 1817 120 0.4909515950424494 1496 
1757 1817 118 0.4267938795726981 1509 
1758 1817 108 0.5154176588117723 966 
1759 1817 115 0.2942210696857616 1012 
1760 1829 120 0.7375127992768155 847 
1761 1829 127 0.04971125652656646 1390 
1762 1829 113 0.08799469151327378 637 
1763 1829 118 0.6542267737932466 1448 
1764 1829 116 0.6745335183870023 1235 
1765 1829 119 0.2723326819940817 1334 
1766 1829 120 0.5423429896060742 981 
1767 1829 117 0.318998649184162 1002 
1768 1829 124 0.31922627347883553 1415 
1769 1829 120 0.3265540424215488 1020 
1770 1829 109 0.14313816431013537 1220 
1771 1830 118 0.44253439210091466 886 
1772 1830 111 0.6259079340664121 1434 
1773 1830 107 0.3988964693808757 848 
1774 1830 116 0.30140158137018563 863 
1775 1830 111 0.5934578565626598 1366 
1776 1830 114 0.827153622376917 1464 
1777 1830 118 0.4028767222929484 727 
1778 1830 117 0.19773092091026312 731 
1779 1830 124 0.8209113801819324 1082 
1780 1831 119 0.895321395963273 688 
1781 1831 120 0.372578297635725 1295 
1782 1831 123 0.6004050971909773 881 
1783 1831 109 0.09111106460711366 965 
1784 1831 121 0.38247858769789944 1515 
1785 1831 110 0.0781423017852379 1215 
1786 1831 117 0.28888360451422446 644 
1787 1831 123 0.15923925479270734 898 
1788 1831 120 0.7048911387483393 1186 
1789 1840 111 0.1449732162612259 905 
1790 1840 115 0.5593306559488579 578 
1791 1840 114 0.06228611525807531 804 
1792 1840 125 0.6267350938310476 614 
1793 1840 122 0.6129915423785045 1158 
1794 1840 123 0.1596177939546423 1457 
1795 1840 119 0.8842120605217986 843 
1796 1840 112 0.4795472306573959 656 
1797 1840 108 0.3105765121882475 1003 
1798 1857 126 0.6798377430853763 1215 
1799 1857 120 0.8139163510293318 1393 
1800 1857 116 0.5013038869344258 552 
1801 1857 118 0.7079065381670805 1124 
1802 1857 122 0.20841552983465922 1163 
1803 1857 109 0.3085272839887607 1385 
1804 1857 121 0.05436559366618841 1278 
1805 1857 119 0.4723914471150221 850 
1806 1858 110 0.5325368007883586 1276 
1807 1858 109 0.07619911328974609 1068 
1808 1858 118 0.4058804857951523 1184 
1809 1858 125 0.7656611888144782 1305 
1810 1858 127 0.7649585530617534 1251 
1811 1858 112 0.16201500393686444 1374 
1812 1858 121 0.17842599382566754 1402 
1813 1858 107 0.861915202268322 1491 
1814 1858 107 0.5328191449719156 1404 
1815 1858 117 0.7735206119381034 889 
1816 1858 118 0.35559706236967475 936 
1817 1866 125 0.7984360512786235 1264 
1818 1866 108 0.8882067837722326 1210 
1819 1866 122 0.4328131640099369 1391 
1820 1866 112 0.5920721269898431 613 
1821 1866 116 0.29283553049440003 813 
1822 1866 116 0.8556423301663251 831 
1823 1866 109 0.021635942911304565 1414 
1824 1866 120 0.5467080939585356 651 
1825 1866 107 0.6875406601601158 1017 
1826 1866 107 0.02212412353289169 1501 
1827 1866 115 0.20204006116907786 910 
1828 1866 124 0.09818730283248199 1369 
1829 1875 114 0.67158683343905 604 
1830 1875 109 0.7845122696172258 984 
1831 1875 127 0.6889091590733216 944 
1832 1875 107 0.1902397553856162 947 
1833 1875 118 0.7595903956236728 691 
1834 1875 117 0.7799111780891546 1174 
1835 1875 113 0.35662322490776477 999 
1836 1875 116 0.5895799414545673 663 
1837 1875 125 0.4078000833852655 536 
1838 1875 108 0.6446942557251809 1029 
1839 1876 112 0.7592895883495434 613 
1840 1876 113 0.7849956656764361 1161 
1841 1876 126 0.8048216824367698 579 
1842 1876 122 0.14398133349915948 1302 
1843 1876 124 0.5685318870273789 1215 
1844 1876 113 0.5397900244474672 1504 
1845 1876 111 0.8783326487602616 571 
1846 1876 121 0.792829797328849 1478 
1847 1876 111 0.38548337740101163 1333 
1848 1876 115 0.7154966222419905 704 
1849 1879 121 0.45195377384946656 1442 
1850 1879 119 0.10326513819309084 772 
1851 1879 109 0.09280055122141574 867 
1852 1879 116 0.418350367728574 1332 
1853 1879 111 0.3835755197456621 1343 
1854 1879 123 0.09159044965346692 740 
1855 1879 118 0.2125681365089428 979 
1856 1879 126 0.6550971541795332 1333 
1857 1886 119 0.8517584923965135 1026 
1858 1886 116 0.7156833042221278 946 
1859 1886 108 0.5477306480809034 682 
1860 1886 114 0.7670405970901699 787 
1861 1886 120 0.1827895898090288 1080 
1862 1886 124 0.3067331401219228 627 
1863 1886 123 0.6741620957833463 932 
1864 1886 126 0.645848295394431 943 
1865 1886 120 0.47776062931942187 710 
1866 1887 122 0.11573933225286447 1374 
1867 1887 116 0.09487748838533404 580 
1868 1887 113 0.8780423855195952 612 
1869 1887 110 0.07828667880003078 1017 
1870 1887 127 0.4392762167928163 541 
1871 1887 119 0.5348724210798207 1486 
1872 1887 124 0.22606802149326002 1212 
1873 1887 110 0.6887951938036863 892 
1874 1887 112 0.10017281074864896 898 
1875 1906 115 0.1625914586075162 1080 
1876 1906 113 0.7463398383002919 1441 
1877 1906 112 0.7148260376729727 1365 
1878 1906 107 0.12204078367094978 702 
1879 1906 109 0.0642016819677683 1484 
1880 1906 126 0.79752908167838 615 
1881 1906 120 0.6080264480648276 1510 
1882 1906 118 0.44226015468716445 986 
1883 1906 126 0.7353289176981048 1429 
1884 1906 116 0.7973122598749556 1365 
1885 1906 123 0.6496656603804131 1037 
1886 1907 125 0.6514774944102067 1363 
1887 1907 117 0.14948798666940247 833 
1888 1907 119 0.8005932451899666 1157 
1889 1907 124 0.03555956176712965 1258 
1890 1907 124 0.17739360465331727 760 
1891 1907 125 0.026355941496124143 1323 
1892 1907 124 0.7867534290074482 548 
1893 1907 119 0.7986317139849399 1411 
1894 1907 112 0.836085490972185 626 
1895 1907 115 0.12058915267516265 910 
1896 1918 110 0.8484248064183331 547 
1897 1918 126 0.7755778298779082 1347 
1898 1918 113 0.15202573415486326 1487 
1899 1918 115 0.5318597896983552 1147 
1900 1918 108 0.7941467160985433 1470 
1901 1918 109 0.7929704415605939 1242 
1902 1918 117 0.8692837236874094 1339 
1903 1918 118 0.5934949340846234 1340 
1904 1918 124 0.21738098717453325 1027 
1905 1918 124 0.8641121583313194 896 
1906 1926 124 0.4050287416594639 608 
1907 1926 120 0.7406977409852414 1320 
1908 1926 112 0.33242713301854576 1222 
1909 1926 124 0.82175707142406 908 
1910 1926 107 0.46428606502536446 653 
1911 1926 111 0.185717330439874 679 
1912 1926 107 0.3930031606587369 1375 
1913 1926 107 0.7720904782931037 828 
1914 1926 117 0.45669445550150095 1057 
1915 1926 115 0.3713417890525489 1179 
1916 1926 127 0.1990881619181539 1009 
1917 1926 124 0.3569714630340005 1018 
1918 1941 117 0.703666397558307 964 
1919 1941 122 0.3080252494867413 691 
1920 1941 108 0.8094244271923693 776 
1921 1941 118 0.36369572676017603 1061 
1922 1941 125 0.6021697358180923 918 
1923 1941 124 0.323891356278199 1419 
1924 1941 111 0.24047375554143938 675 
1925 1941 114 0.8899626751925181 665 
1926 1947 110 0.8340988370995257 1091 
1927 1947 108 0.4837369546619454 1499 
1928 1947 113 0.8188994479622811 977 
1929 1947 122 0.4683579521744594 1232 
1930 1947 111 0.207139423537215 819 
1931 1947 124 0.3401426325908128 1217 
1932 1947 108 0.2193886888406958 1323 
1933 1947 119 0.0949905727031946 832 
1934 1947 111 0.13129615005640827 665 
1935 1947 126 0.20505272167670108 1002 
1936 1947 117 0.47312126193082854 1026 
1937 1948 125 0.7728732017604736 1482 
1938 1948 120 0.551457460177456 1263 
1939 1948 112 0.8663575562776444 1392 
1940 1948 114 0.8222262674700923 1075 
1941 1948 126 0.6440793276176482 1130 
1942 1948 127 0.2559077681930148 1162 
1943 1948 117 0.892685812989745 987 
1944 1948 121 0.1677144233844312 1000 
1945 1948 114 0.09633294630842464 1246 
1946 1948 116 0.5854532903995299 632 
1947 1956 114 0.18897967222430564 653 
1948 1956 119 0.25791507131239916 896 
1949 1956 124 0.32851233945678443 1411 
1950 1956 111 0.3354284366924237 826 
1951 1956 115 0.8049245344511826 775 
1952 1956 109 0.1317596786078693 741 
1953 1956 118 0.1600790647248456 1077 
1954 1956 112 0.17665157612098334 1062 
1955 1956 124 0.7615203092316651 903 
1956 1972 118 0.05912034106917965 1097 
1957 1972 127 0.7706286761392203 1182 
1958 1972 112 0.5992917869842422 1048 
1959 1972 114 0.1590673675823503 1428 
1960 1972 121 0.33704020894486736 1525 
1961 1972 119 0.08107222568692538 606 
1962 1972 117 0.036316682628036806 1248 
1963 1972 109 0.33753414674073057 755 
1964 1980 120 0.6523867201714277 658 
1965 1980 118 0.8934856773743839 899 
1966 1980 121 0.4449693437492154 1077 
1967 1980 124 0.8261778698567541 649 
1968 1980 127 0.17835423621450996 942 
1969 1980 122 0.1259242028825782 979 
1970 1980 124 0.2516134923432958 990 
1971 1980 122 0.7876320692925683 1436 
1972 1989 124 0.4075551978278025 922 
1973 1989 121 0.6814047300601216 636 
1974 1989 118 0.547225262045259 925 
1975 1989 122 0.898855454927929 1440 
1976 1989 127 0.2049771621828736 1189 
1977 1989 118 0.1897283309457525 1471 
1978 1989 121 0.37758971392527235 1198 
1979 1989 116 0.34179301425512426 659 
1980 1990 111 0.13311052691044814 1493 
1981 1990 121 0.30274552791739356 1016 
1982 1990 110 0.543181566910009 1154 
1983 1990 124 0.40730629108170696 1075 
1984 1990 108 0.19795588999289612 1158 
1985 1990 124 0.7914127119252158 873 
1986 1990 124 0.7239100669282386 1332 
1987 1990 118 0.5646522311961844 1479 
1988 1990 107 0.4926876232552144 537 
1989 1999 113 0.4910495262753649 1464 
1990 1999 110 0.10602679368512286 527 
1991 1999 107 0.5811605707744875 788 
1992 1999 114 0.6397634737528721 1518 
1993 1999 117 0.3894119325890146 647 
1994 1999 112 0.601623047531832 1223 
1995 1999 113 0.4114389469907756 1244 
1996 1999 111 0.8875952019922636 1129 
1997 1999 117 0.29135922353542454 1363 
1998 1999 124 0.7047789063771116 1184 
1999 2000 120 0.77791431860938 1298 
2000 0 119 0.18549566670981718 1137 
