1 6 156 18.20209162309208 1326 
2 6 161 19.450992250654227 1210 
3 7 158 36.20122238986921 1153 
4 8 166 37.02201042476442 1220 
5 9 160 19.307282373023355 1289 
6 10 155 16.028794790269277 1202 
7 10 159 34.864463110141735 1310 
8 13 160 36.56837184102713 1208 
9 15 171 45.69579384036852 1343 
10 19 169 20.3646503522978 1342 
11 20 164 48.77466209049082 1189 
12 20 154 18.60411465902449 1165 
13 22 162 24.179169765313112 1312 
14 23 157 47.384467075213635 1254 
15 25 164 48.0704776406372 1282 
16 26 162 24.01098149574458 1320 
17 26 172 15.369703035694918 1223 
18 27 174 13.515350011115274 1197 
19 28 166 34.88380836974778 1296 
20 28 165 49.17105126368642 1162 
21 28 164 47.51688550770762 1164 
22 28 165 11.135235213733212 1252 
23 30 163 33.502108597542914 1159 
24 30 165 31.768686187203734 1290 
25 31 168 36.72294133793892 1344 
26 31 165 49.2484901326423 1279 
27 34 163 35.55354159537937 1283 
28 34 168 22.60574759705947 1230 
29 38 161 31.176000079210503 1246 
30 39 156 33.411326589107546 1243 
31 39 161 45.59707667824873 1264 
32 39 172 49.65345623305786 1217 
33 39 159 35.68316477897739 1236 
34 42 163 18.403956944897146 1316 
35 42 156 38.10921068439048 1224 
36 44 162 48.21428903194149 1317 
37 44 172 46.36516602195781 1277 
38 45 174 22.900252129690585 1233 
39 46 154 35.9650218140515 1213 
40 46 168 38.64112765637189 1206 
41 47 154 43.42677779152616 1237 
42 48 173 42.08141545660597 1217 
43 48 160 44.18856803757164 1148 
44 49 156 33.92421139985167 1211 
45 49 157 41.1532364686759 1333 
46 50 165 30.93158273139156 1336 
47 52 166 35.005366345768486 1193 
48 53 158 49.83528344619492 1258 
49 53 162 21.45081571637116 1207 
50 53 160 12.659264142363366 1203 
51 54 154 41.290123636275204 1333 
52 56 158 22.023657289108996 1151 
53 57 171 28.43432032760137 1304 
54 57 171 16.501817136835434 1197 
55 58 169 43.08217909200981 1247 
56 59 173 28.759407899359903 1307 
57 63 168 40.088849965808365 1220 
58 64 168 42.160057699436194 1153 
59 64 170 23.264790676874917 1219 
60 65 173 37.75036097708535 1318 
61 67 160 19.179500920640308 1148 
62 67 163 40.798921937462225 1343 
63 71 169 42.05259401374386 1274 
64 71 169 16.46169911778206 1326 
65 71 172 43.02871154070868 1281 
66 71 159 36.270447583153924 1194 
67 73 155 43.252469993141226 1152 
68 74 156 43.985581219381345 1321 
69 76 163 16.39791690848118 1313 
70 77 159 38.25152472555574 1167 
71 78 174 39.581733848925836 1255 
72 78 156 16.66422976580511 1166 
73 81 169 47.88315399549531 1149 
74 82 174 32.103170711972865 1343 
75 83 163 34.05206097416462 1215 
76 84 155 32.01047167629567 1265 
77 85 168 12.727221263195938 1195 
78 85 158 45.479754752708 1299 
79 85 169 30.679413112369936 1201 
80 85 171 12.519721484586995 1216 
81 86 166 22.287610940463512 1330 
82 89 168 28.02767636409563 1251 
83 90 167 16.64224391544474 1169 
84 91 165 23.740427689057814 1239 
85 92 162 29.187241166949875 1171 
86 92 154 34.24854960797312 1196 
87 93 163 42.675375539005906 1156 
88 96 162 47.981342811991695 1190 
89 97 169 23.142946483155953 1154 
90 97 166 13.008462208674839 1254 
91 98 170 49.818604396176134 1267 
92 100 164 36.00848635950204 1225 
93 100 164 16.76435502283992 1150 
94 101 165 30.709938857510352 1183 
95 101 154 46.59941891256986 1280 
96 102 160 12.262576201181595 1317 
97 110 170 27.794174192359762 1204 
98 111 171 38.30024368438167 1325 
99 112 154 12.199402017638361 1216 
100 114 172 31.864700448706756 1204 
101 114 156 31.75080425323733 1238 
102 115 162 40.72120970318622 1268 
103 116 156 33.739909450395714 1165 
104 117 160 19.946826464047636 1165 
105 118 170 26.727119698382907 1242 
106 118 159 17.516117288047578 1234 
107 118 165 47.78734604187242 1208 
108 121 173 29.238626556717605 1260 
109 122 161 14.31544336823206 1293 
110 123 155 26.656620642620602 1256 
111 126 166 47.03181396575353 1259 
112 126 171 45.08152467529756 1159 
113 127 163 22.419418751315916 1312 
114 131 167 35.55764686102802 1157 
115 134 156 49.070766607257184 1146 
116 134 162 21.948225741031084 1246 
117 135 161 10.436457595978169 1240 
118 136 168 38.164795789306694 1228 
119 137 165 22.848460494592302 1233 
120 139 169 49.240538996912164 1257 
121 140 165 49.45602017680072 1339 
122 141 167 41.8154312417814 1203 
123 141 161 39.730585946392665 1321 
124 143 163 25.807182971628638 1164 
125 144 158 33.22611098644086 1299 
126 147 174 43.10435085357647 1280 
127 147 164 47.959177606592206 1254 
128 148 163 47.46368757368411 1157 
129 150 154 23.089300718889664 1317 
130 151 172 38.20498527681925 1222 
131 153 162 39.70452661479204 1180 
132 154 159 10.066760477935158 1152 
133 156 157 21.555065468352936 1187 
134 157 165 29.977255655492144 1288 
135 157 162 22.940960578113007 1335 
136 158 168 17.62568133550019 1315 
137 158 155 23.031698094270872 1252 
138 160 170 20.739239909856096 1204 
139 163 168 39.77226697483162 1162 
140 163 159 20.058022535283648 1187 
141 164 160 29.103014533076674 1170 
142 166 167 25.28211596046866 1249 
143 166 164 35.464826565807435 1146 
144 170 158 32.09644702750338 1284 
145 171 155 28.414233086233494 1270 
146 172 159 19.491027729734117 1327 
147 173 157 22.43196018783431 1211 
148 173 173 34.1507011553329 1340 
149 174 169 18.79498173167029 1239 
150 174 159 24.38740464612945 1182 
151 175 160 37.54793091212609 1344 
152 176 165 13.275637318413306 1261 
153 176 161 32.19833789356993 1211 
154 176 167 34.732666213186846 1333 
155 176 158 15.11973656656318 1163 
156 176 155 12.579932576241095 1235 
157 177 171 24.656378712044113 1234 
158 177 155 15.987308966064102 1273 
159 177 173 33.837721187183774 1310 
160 178 165 16.783096262570663 1293 
161 179 166 14.217627495229724 1176 
162 180 168 24.10251806765885 1188 
163 183 161 30.793646943861802 1308 
164 184 171 47.49611363037411 1157 
165 184 163 46.986273814719645 1180 
166 185 154 25.685394007397807 1279 
167 186 170 28.49599905397692 1194 
168 187 155 42.42881337792257 1272 
169 188 163 19.434089937582797 1216 
170 190 171 16.59444752556366 1338 
171 190 166 37.327015692911424 1275 
172 190 158 34.835025892844925 1271 
173 191 169 47.284900722056435 1222 
174 192 170 49.78678987944073 1198 
175 194 154 42.47052799522938 1157 
176 196 161 22.573456192642418 1198 
177 197 157 26.282441959407457 1162 
178 200 174 37.744939704968424 1156 
179 201 170 44.10512658211691 1315 
180 203 155 14.505261437758264 1198 
181 203 155 45.93921981964697 1276 
182 207 156 45.30880558533032 1180 
183 209 172 45.96902759404874 1284 
184 209 159 39.32049263272179 1234 
185 210 163 22.467155788019934 1287 
186 210 171 10.259881397261905 1218 
187 210 163 26.708756887125823 1291 
188 212 162 37.61388887208139 1176 
189 212 163 29.419854508454005 1248 
190 213 172 40.72345189687864 1292 
191 217 156 27.71083932989019 1158 
192 218 170 17.992381047079963 1344 
193 218 172 29.417371537010514 1300 
194 222 160 28.7481604333674 1320 
195 222 155 21.85427454461457 1159 
196 223 155 34.070971309919244 1186 
197 227 167 19.578850812558322 1316 
198 227 154 19.69560473118551 1281 
199 227 169 12.91143811765695 1209 
200 230 169 20.57620547317148 1192 
201 236 174 13.980623522942167 1331 
202 237 156 46.68354800430316 1321 
203 238 173 27.05191250872195 1225 
204 238 169 49.3541607882686 1247 
205 238 156 22.035010163719605 1207 
206 239 168 35.94610563993264 1257 
207 239 165 19.36901260364842 1267 
208 239 173 36.15539263305707 1263 
209 242 163 14.345426278062451 1333 
210 243 155 12.987976297480603 1311 
211 243 161 32.465492955107855 1205 
212 244 167 32.02455865026877 1290 
213 245 160 41.91343860305933 1170 
214 245 154 11.906353193134581 1202 
215 246 174 25.846918895283846 1183 
216 246 155 30.08498298851025 1242 
217 250 156 13.517820777896121 1260 
218 250 171 34.903998639738276 1317 
219 251 162 40.07347921176045 1233 
220 254 160 30.78959657984192 1193 
221 256 167 43.90388398389347 1154 
222 257 168 22.51971842329445 1328 
223 258 167 48.62520859911524 1149 
224 258 156 28.178398947126908 1161 
225 258 161 36.27669596197302 1198 
226 258 164 19.63103368519463 1226 
227 259 172 25.181258519845752 1275 
228 259 171 49.973235782888395 1159 
229 260 171 46.024325488001125 1196 
230 260 155 14.545283369045166 1325 
231 260 168 31.491977996459664 1198 
232 260 159 29.969301562544693 1299 
233 261 165 49.91717857298549 1192 
234 261 165 40.28384804104661 1289 
235 261 163 39.09182162015792 1200 
236 264 158 46.66250556452414 1301 
237 264 167 10.565096036297042 1186 
238 265 160 24.964655181192548 1159 
239 267 166 25.530587919284862 1235 
240 268 159 43.507101194283685 1158 
241 268 168 46.92105684304385 1210 
242 269 154 21.228584163089835 1232 
243 269 168 40.241437329028614 1221 
244 269 164 44.78541739734746 1289 
245 277 164 39.7770642489721 1265 
246 277 167 49.5883830024625 1189 
247 280 158 39.05057612412181 1185 
248 281 169 36.70817708785998 1293 
249 281 166 19.7166899434674 1344 
250 283 172 22.062063727635355 1208 
251 283 171 11.290248863883559 1152 
252 283 163 30.61332933690741 1274 
253 286 159 33.29716829304317 1320 
254 287 173 46.98026813767402 1242 
255 288 170 15.980594516718014 1208 
256 290 170 25.9552170823493 1205 
257 292 173 17.168081159136293 1309 
258 296 173 28.69713281412603 1161 
259 296 161 14.78422250508701 1204 
260 298 167 20.84368410891792 1252 
261 300 157 17.717207741725247 1153 
262 301 168 32.91059761195143 1217 
263 302 169 30.64714921644496 1286 
264 303 170 37.543962940586795 1323 
265 305 164 34.47045109263923 1282 
266 307 161 22.506756534894382 1290 
267 308 157 32.746958167774174 1201 
268 312 163 49.24607722636175 1336 
269 313 154 10.297130593178645 1214 
270 313 156 10.193347056251078 1174 
271 315 158 26.676721723190475 1185 
272 316 172 39.850819887658766 1315 
273 316 161 42.73499589757007 1184 
274 319 159 13.152777023075428 1217 
275 319 166 14.380298413548545 1278 
276 321 160 24.40175048677677 1286 
277 322 169 40.77925222457054 1296 
278 322 166 30.81417184774155 1187 
279 323 158 23.37297906891932 1228 
280 325 164 28.160620763929938 1215 
281 327 157 10.313247051262508 1266 
282 327 164 20.59968188406873 1205 
283 330 174 36.735277910553634 1245 
284 331 165 26.590823440198847 1220 
285 333 165 47.59197777992606 1166 
286 334 154 30.429474473204763 1257 
287 335 157 27.74754349016237 1158 
288 336 154 38.04717161036058 1255 
289 340 163 14.183125298000956 1240 
290 342 157 19.369691327750047 1253 
291 342 163 26.866160904453118 1233 
292 343 170 22.30401536937412 1162 
293 343 157 25.24980796554476 1151 
294 344 167 24.607929960081517 1167 
295 347 155 16.283164439655703 1252 
296 348 165 40.80643711172185 1147 
297 348 172 15.24972751138677 1160 
298 351 162 44.46351980306907 1182 
299 351 169 49.87452484596384 1163 
300 352 160 30.05001138789273 1264 
301 353 173 45.6656606342068 1330 
302 353 172 44.32831992136456 1155 
303 354 166 47.880646464158424 1297 
304 357 168 43.049913493892255 1302 
305 357 162 12.56829928212639 1213 
306 357 171 20.927027914896712 1310 
307 359 155 14.568908776793279 1174 
308 360 154 49.165847841874964 1238 
309 360 156 37.112072443785706 1179 
310 363 156 15.557996454258367 1214 
311 363 157 46.91600587995432 1319 
312 364 162 28.849542550206166 1149 
313 364 162 25.426400027604814 1243 
314 365 159 37.03565881647788 1154 
315 366 172 36.20910400312611 1174 
316 370 174 19.120561347628573 1171 
317 371 170 47.25556224849872 1156 
318 371 166 11.102879131602204 1304 
319 371 172 11.547638448170737 1340 
320 373 168 13.366154540062606 1301 
321 373 162 13.935792404537985 1159 
322 375 172 13.64373278464759 1306 
323 376 162 20.75809158446495 1246 
324 376 162 26.601346449203923 1173 
325 379 164 40.95740649127265 1199 
326 379 164 16.884056156328157 1297 
327 380 159 49.477503006467586 1312 
328 382 165 37.83213721700321 1230 
329 382 154 44.35269821485706 1300 
330 383 161 44.232087864456226 1268 
331 384 164 29.52555200777448 1336 
332 384 156 40.09394979565526 1313 
333 386 167 25.181095224385757 1335 
334 387 172 27.518631670289935 1146 
335 388 154 23.626491907464583 1297 
336 391 158 17.892198004800175 1312 
337 392 171 27.885234034327947 1207 
338 392 167 43.518355651783 1290 
339 393 170 16.59642265331058 1336 
340 393 162 10.492810841404697 1277 
341 395 171 19.72554435129693 1246 
342 397 171 12.251216428193153 1235 
343 398 154 25.908594605767256 1276 
344 398 173 27.815527103344913 1324 
345 398 170 33.50506432208737 1252 
346 398 156 29.8395409771784 1316 
347 399 157 34.12020901748129 1343 
348 400 156 33.22898081047547 1202 
349 400 160 19.012815038404455 1201 
350 403 169 32.90834236648439 1150 
351 404 162 32.632614035745526 1170 
352 407 156 16.58660439304861 1205 
353 407 159 46.92152444914043 1201 
354 407 164 18.778356798506803 1176 
355 407 163 45.38871194783376 1181 
356 407 159 43.305559156236725 1292 
357 408 164 18.332703044487403 1310 
358 409 165 39.87745624794357 1237 
359 410 167 21.272217017449165 1195 
360 411 156 14.765729341698869 1196 
361 413 169 38.073666403242825 1290 
362 413 154 17.237683474774403 1161 
363 414 159 20.237898913177354 1158 
364 415 161 20.073193144081564 1256 
365 415 171 46.16594089380657 1223 
366 416 157 34.57379318608062 1213 
367 417 168 45.17261618851032 1210 
368 419 160 31.591714022412223 1259 
369 419 170 45.61151802049043 1319 
370 420 167 21.697925390595127 1237 
371 422 174 12.372296675998156 1223 
372 423 155 36.89115227060344 1236 
373 423 156 31.513041544453845 1211 
374 423 174 22.0055668417808 1259 
375 425 171 46.773751797442664 1308 
376 426 160 12.83216890636794 1293 
377 427 167 25.755794638529714 1316 
378 427 162 10.136345502529327 1191 
379 428 170 12.142936283071393 1329 
380 428 172 11.271318793258608 1205 
381 428 161 17.609871020317335 1308 
382 431 171 13.658353518654165 1232 
383 432 162 13.567499161085248 1310 
384 432 160 44.72361093094288 1280 
385 434 167 41.02792529448345 1254 
386 434 171 20.87585470467674 1253 
387 436 168 34.862737428366664 1338 
388 438 174 28.6456858180322 1328 
389 438 154 45.04448856230899 1240 
390 438 173 13.470176629324587 1188 
391 440 174 42.00578219324393 1159 
392 440 158 24.979044534246405 1277 
393 443 154 47.27415879882552 1274 
394 443 157 42.44246552528716 1243 
395 444 170 13.767821391779819 1245 
396 446 171 39.17277807450286 1223 
397 447 172 28.033894980314574 1154 
398 448 155 20.86642162033039 1290 
399 450 167 18.009251920645628 1157 
400 451 161 30.612331342892823 1273 
401 451 174 14.236506761136773 1216 
402 451 156 21.20708018349282 1152 
403 453 169 10.21478403466034 1221 
404 456 157 38.551871748836135 1225 
405 456 154 14.429044589699496 1219 
406 457 174 37.66462308737477 1177 
407 458 163 25.692813308197895 1154 
408 459 158 14.155495494305592 1155 
409 460 170 23.701498285482394 1277 
410 463 155 10.162740198975605 1262 
411 463 158 43.744390132230315 1293 
412 463 154 41.75442383307771 1242 
413 465 172 32.44677987362081 1273 
414 467 169 10.243487393840653 1345 
415 469 173 49.308159996531316 1167 
416 470 172 39.150362661212526 1164 
417 470 172 39.83002582243019 1207 
418 471 174 42.08272560060712 1289 
419 474 154 15.585504135177137 1303 
420 474 171 25.30233814505094 1219 
421 475 172 44.007906607039764 1198 
422 476 167 31.844797543731058 1187 
423 476 172 21.21456373516565 1185 
424 477 168 10.702977414608071 1188 
425 478 156 14.204349722987502 1258 
426 478 159 13.594667107591881 1290 
427 480 156 16.325338028018468 1173 
428 480 171 13.947958784913062 1216 
429 480 158 21.15865471290986 1277 
430 480 166 46.28543933776128 1234 
431 482 172 41.866724166398065 1335 
432 484 173 44.45029557666162 1148 
433 484 173 47.169737515985 1334 
434 485 155 42.02786002530322 1165 
435 485 173 49.68455561543445 1274 
436 487 167 34.10276924428874 1244 
437 488 170 16.814425923783638 1175 
438 491 158 42.544206721315845 1205 
439 492 171 44.62625958506658 1217 
440 493 161 10.782947361428512 1172 
441 494 158 44.91776486502207 1154 
442 494 162 47.000865808095746 1195 
443 495 160 48.42874201584452 1252 
444 495 163 30.62065728741098 1229 
445 495 167 42.62465618164623 1232 
446 495 172 10.648588244282884 1297 
447 496 161 17.059053109039578 1197 
448 496 162 45.0137410187546 1282 
449 496 174 10.712125629813954 1333 
450 496 155 10.791806811944937 1199 
451 497 167 27.63830185801881 1265 
452 497 164 44.02164633965479 1305 
453 499 170 32.329994272573074 1193 
454 499 161 38.32055851829301 1335 
455 499 154 32.32163630392504 1255 
456 500 158 26.10457025193881 1336 
457 500 154 36.81966063251835 1192 
458 501 161 42.56079419948876 1223 
459 501 158 14.590621287965657 1294 
460 501 174 49.57695637412726 1284 
461 501 158 28.53577587958928 1300 
462 503 161 21.67538067333776 1306 
463 504 169 19.25241464151047 1258 
464 504 165 46.60556359094477 1172 
465 505 154 46.89907388611331 1310 
466 505 161 26.69645359933661 1149 
467 506 174 17.21519402436499 1244 
468 506 172 44.55308429446732 1152 
469 507 158 24.736211069007773 1146 
470 508 156 16.200245794492595 1343 
471 508 163 24.035234310668802 1200 
472 508 173 47.517294058343225 1339 
473 508 155 22.87729196141434 1241 
474 509 158 44.04619427790515 1155 
475 511 174 23.45422780745457 1191 
476 514 170 31.383159790137086 1305 
477 516 161 14.265121882140717 1322 
478 518 171 40.29967121604235 1226 
479 519 154 38.77585401478617 1200 
480 521 169 33.16758858740046 1236 
481 523 155 18.685150844421912 1206 
482 525 173 17.26918738559832 1292 
483 525 167 35.3479072425265 1338 
484 529 170 18.595015114880503 1306 
485 530 164 35.89723463900046 1284 
486 530 161 47.31614547307041 1181 
487 530 158 25.918221344037747 1285 
488 532 169 18.320357505027147 1199 
489 532 171 17.98246939571539 1255 
490 532 156 46.19241576357531 1199 
491 533 164 21.290764352909317 1337 
492 533 170 43.91787845151018 1181 
493 535 168 40.37643706045279 1165 
494 535 168 39.01829113262642 1317 
495 536 161 44.15134394186842 1258 
496 537 174 47.86901794620248 1272 
497 537 163 19.55531353533532 1159 
498 537 170 42.331473115130166 1262 
499 537 163 21.988215352934077 1216 
500 538 170 31.72009759248244 1152 
501 538 170 20.454250323841997 1244 
502 541 155 30.87307484616617 1187 
503 541 154 31.45085702486281 1299 
504 545 156 11.472714451051992 1183 
505 545 159 13.629446583053353 1263 
506 545 173 48.228597138461254 1152 
507 548 164 25.0012589044051 1277 
508 549 154 11.094046460991 1148 
509 550 167 48.466325630876646 1151 
510 551 155 17.338198149726484 1198 
511 551 159 18.95424285956141 1181 
512 552 160 25.557486490185752 1322 
513 552 168 17.366780707194415 1284 
514 553 168 26.195997247268497 1339 
515 554 163 40.34071828553198 1245 
516 555 173 27.428980104319546 1323 
517 555 171 10.455831987424101 1218 
518 556 156 25.92399611102074 1177 
519 556 166 47.10539448283078 1258 
520 557 172 43.10480807477732 1176 
521 558 165 20.607232892673423 1178 
522 559 172 24.570964444291352 1175 
523 560 166 18.283404275364283 1262 
524 560 165 30.07737410535651 1180 
525 561 166 37.09468482967672 1278 
526 561 166 13.072709664071516 1193 
527 565 168 10.514614805774794 1228 
528 565 159 21.319033638509254 1248 
529 566 167 21.100192183122104 1330 
530 566 173 15.629950491482877 1189 
531 566 164 27.22864011567082 1162 
532 568 167 22.89162874969522 1286 
533 569 168 20.482764837223453 1336 
534 569 159 35.65616595696041 1217 
535 570 155 24.21225124881105 1155 
536 570 163 19.956337514871972 1301 
537 571 167 16.443214441409573 1337 
538 571 160 25.694541706436745 1178 
539 573 168 12.317568865420071 1231 
540 573 168 49.68509631863129 1207 
541 574 161 35.09884523457884 1286 
542 574 158 47.185499312179545 1345 
543 575 170 49.041112622934484 1320 
544 578 172 15.669349441702675 1185 
545 581 166 41.32212626610196 1327 
546 581 155 49.47055249167715 1228 
547 582 164 42.978668989630954 1231 
548 583 170 10.285496686504034 1303 
549 583 154 15.958988771507192 1274 
550 584 158 31.68807535048543 1328 
551 585 166 49.93646547730833 1331 
552 586 154 36.902734606735635 1320 
553 588 172 23.754237451584327 1172 
554 588 154 34.5906195323213 1232 
555 588 166 48.307965058748785 1146 
556 589 168 16.72605652203993 1199 
557 590 158 35.53157113752296 1223 
558 592 166 30.508977744275327 1284 
559 593 158 24.03993445731617 1204 
560 594 161 11.909799437759077 1166 
561 594 154 46.02851130924418 1259 
562 595 174 38.17266836876069 1221 
563 596 159 14.780884858616883 1240 
564 597 169 39.74709737598732 1320 
565 598 157 36.443903316502535 1316 
566 598 159 17.00529695555389 1244 
567 598 168 21.466092374446628 1275 
568 599 171 13.468991312644242 1287 
569 600 154 38.646134794142135 1145 
570 600 156 41.19057197373924 1209 
571 601 166 21.114919829396687 1290 
572 603 158 32.673967021375205 1268 
573 604 171 47.04280930371234 1268 
574 605 167 21.831125836995597 1151 
575 605 169 16.394214166956367 1330 
576 605 161 14.833243895495038 1244 
577 606 154 31.273484260809656 1187 
578 606 163 11.512681647903605 1288 
579 606 164 11.702657229457923 1183 
580 607 173 34.5279602117974 1304 
581 609 172 28.08897437021627 1201 
582 611 167 27.58841744929269 1226 
583 612 162 11.648853889108107 1286 
584 612 168 49.971914504116214 1322 
585 614 154 10.183813876790836 1283 
586 615 164 28.557982795554736 1269 
587 615 162 20.67557751720166 1156 
588 616 156 38.15077819535293 1147 
589 616 154 14.40971234866999 1167 
590 617 166 17.94007306470645 1160 
591 617 173 32.52270068789616 1257 
592 618 162 21.398737926439367 1156 
593 619 173 15.902596451710306 1216 
594 620 157 40.55151875134479 1219 
595 620 156 42.8398410195495 1229 
596 621 174 47.76731863248229 1209 
597 622 156 36.49357718326191 1283 
598 623 164 16.907481769251653 1248 
599 623 168 16.47222725023922 1338 
600 624 164 45.909318960634955 1323 
601 627 164 20.347261677367904 1145 
602 629 157 10.989109059405159 1218 
603 631 160 34.77701568220501 1233 
604 632 155 44.98067087710729 1224 
605 633 160 12.39237949252968 1299 
606 634 168 45.161560449472184 1255 
607 636 165 41.38091007511494 1200 
608 637 164 25.102302568053737 1323 
609 638 171 17.36169119568869 1222 
610 638 167 38.47076941981605 1225 
611 642 155 47.78334995606882 1166 
612 644 174 46.049100768255684 1327 
613 644 170 31.89258071359573 1237 
614 645 159 17.245249064213294 1279 
615 647 172 37.55736705869097 1233 
616 647 169 18.501618548829125 1316 
617 647 173 27.399481607701297 1247 
618 648 162 31.357101355405305 1213 
619 648 164 37.39522548120815 1190 
620 650 169 47.91719015629009 1325 
621 650 169 18.732901527215944 1296 
622 652 154 12.757638187421168 1204 
623 654 168 39.442555929840665 1261 
624 655 165 18.959408454447384 1210 
625 656 165 31.39464944818256 1215 
626 657 166 41.34056063914547 1179 
627 658 169 34.84792991184476 1183 
628 660 156 13.176126853936957 1161 
629 660 154 26.45877916102222 1149 
630 664 156 43.58720278133457 1287 
631 665 166 15.748092557459618 1202 
632 665 173 11.635890961020943 1160 
633 668 158 11.454369387955769 1237 
634 668 167 15.983617827882668 1236 
635 672 169 10.96469542045262 1327 
636 674 155 35.97985540529252 1170 
637 675 172 31.055370956926218 1288 
638 677 164 19.601615168003505 1329 
639 678 174 44.86215696293863 1295 
640 678 156 37.78818204813833 1239 
641 679 169 44.22345196711468 1291 
642 679 172 37.56710871166383 1218 
643 682 157 43.55676082645117 1188 
644 683 163 24.22239035220352 1161 
645 684 170 41.18634501555108 1192 
646 684 167 31.30768192461825 1328 
647 685 154 41.02993345029566 1282 
648 687 173 39.33754786111997 1181 
649 687 157 49.17823269347946 1284 
650 688 159 43.06009386832323 1237 
651 688 164 47.0618063331025 1149 
652 689 155 34.40606598358612 1303 
653 689 157 31.653532313677367 1261 
654 690 159 15.089214774758485 1319 
655 690 161 35.02313321214024 1313 
656 691 174 19.099756029619197 1171 
657 691 156 31.286449625453674 1213 
658 696 154 11.870329043515074 1304 
659 696 158 49.50129941552531 1338 
660 699 171 18.29000196935815 1331 
661 700 165 36.03660797701201 1246 
662 700 173 27.036707009993766 1177 
663 701 170 37.81290983556392 1154 
664 703 165 18.83595020515307 1297 
665 703 159 10.78942585387004 1335 
666 705 158 17.559120114618256 1212 
667 706 161 37.25859445384433 1334 
668 707 162 32.19238832702124 1245 
669 708 155 49.97907673052383 1313 
670 710 164 20.250987132678983 1271 
671 710 165 37.402772969282154 1338 
672 712 170 20.108091236945214 1268 
673 715 171 10.683632271990922 1180 
674 720 154 36.51321157880349 1176 
675 720 165 16.6638308486905 1296 
676 721 158 34.94699929651743 1274 
677 722 173 12.771902954903052 1192 
678 722 158 11.067812915442392 1157 
679 723 165 18.166485245610172 1329 
680 723 163 36.444050043907026 1234 
681 723 171 15.286427463357644 1299 
682 724 154 47.16001843594496 1266 
683 726 164 23.314445565367038 1197 
684 726 170 15.139634452296153 1203 
685 728 167 11.473340826134685 1204 
686 728 167 27.6243865695923 1336 
687 730 157 49.515594531890216 1246 
688 730 170 32.587706798493386 1196 
689 731 162 37.566954406214606 1206 
690 732 163 31.055546156710566 1177 
691 733 162 25.78605894613498 1305 
692 734 171 38.62310603142273 1188 
693 734 174 42.53955606164022 1221 
694 734 157 20.63165287316899 1323 
695 736 154 21.348523803945803 1287 
696 738 168 36.298050619016706 1188 
697 738 156 23.61480552256524 1177 
698 739 166 23.413136379445255 1173 
699 740 168 20.467948454858877 1267 
700 740 164 35.56567257485786 1278 
701 741 173 44.06988503011934 1321 
702 742 156 28.00747244641547 1233 
703 743 161 35.45390553133773 1234 
704 743 167 28.574047886237008 1148 
705 744 174 31.431624453707432 1186 
706 744 167 27.09969846543414 1260 
707 746 158 31.756420721835568 1259 
708 747 170 25.08208911636915 1262 
709 748 171 25.9457322679755 1237 
710 748 174 44.37445012112256 1166 
711 748 154 25.162471518897203 1310 
712 752 154 36.08503149561862 1324 
713 752 156 46.469005828525816 1175 
714 752 164 16.141467516531762 1283 
715 754 170 42.213467831535716 1245 
716 756 154 34.84678341106725 1300 
717 756 160 28.302432966811185 1274 
718 756 163 31.007635158604497 1187 
719 756 169 27.14066827050063 1270 
720 757 166 49.038970672245505 1235 
721 759 157 44.05725095524489 1256 
722 762 164 13.359717907624805 1295 
723 763 174 31.071238839408753 1307 
724 764 173 46.98558131962833 1299 
725 764 167 37.928046716087216 1281 
726 765 155 37.678092226846616 1312 
727 765 169 27.01391262414218 1280 
728 766 162 19.66598820563791 1271 
729 766 160 12.106758454628794 1322 
730 767 169 42.57382771860074 1329 
731 769 158 16.3557702227846 1174 
732 770 173 21.774679410268078 1291 
733 770 167 29.17007810749164 1198 
734 771 174 45.04852168119405 1269 
735 771 165 26.370622146319587 1212 
736 772 168 11.59101507822799 1332 
737 773 155 22.628399218138536 1305 
738 774 173 27.981661751027747 1254 
739 775 170 25.150428324897675 1183 
740 776 172 34.59595113730529 1249 
741 776 173 39.850007375605216 1189 
742 777 160 35.7361806406652 1174 
743 778 156 28.024703277367493 1163 
744 780 164 28.227254695789597 1165 
745 781 167 13.568143207367584 1331 
746 784 163 23.451134609512515 1149 
747 784 171 32.911299417197995 1242 
748 788 173 21.906847206859567 1319 
749 788 166 12.330528735338312 1247 
750 789 160 46.3235322797684 1341 
751 789 170 26.590081035031623 1228 
752 790 174 24.699814029541784 1158 
753 795 159 39.76760527555319 1297 
754 796 164 32.08826556566812 1277 
755 796 167 30.273542990817983 1261 
756 797 171 32.02584592240013 1286 
757 797 169 18.650646648829195 1170 
758 800 165 13.25975402493835 1257 
759 801 163 14.60079031081078 1214 
760 802 165 19.299510463883923 1206 
761 802 159 36.72757806867102 1287 
762 803 166 42.636350228824696 1321 
763 803 173 15.766797929801992 1189 
764 808 171 28.785075722015957 1282 
765 809 172 16.57241222392865 1290 
766 809 159 49.37529790736556 1273 
767 810 167 39.270933697460855 1171 
768 812 156 49.022976714314794 1160 
769 812 172 28.118011240094248 1209 
770 815 156 24.457240781280632 1251 
771 819 164 29.39381244698085 1309 
772 819 171 34.320269231330414 1297 
773 820 174 29.921617368114607 1328 
774 825 160 23.630956417496943 1330 
775 825 174 13.439515223657601 1158 
776 826 163 23.671481877865574 1247 
777 827 158 14.429014340036574 1238 
778 831 171 41.31019930015574 1263 
779 834 174 13.928342030893447 1177 
780 835 164 38.790640955419164 1166 
781 835 161 21.01477084245989 1210 
782 835 172 39.570171416222784 1257 
783 836 159 45.28540986073987 1285 
784 837 168 25.57422241920228 1289 
785 837 160 11.146656838167853 1303 
786 838 164 48.013145589394654 1153 
787 838 158 28.625709296134776 1165 
788 840 163 41.038859896226505 1231 
789 840 159 39.9210400014213 1273 
790 841 163 24.26015491525679 1233 
791 841 163 36.148357363732686 1159 
792 842 173 18.750780194536137 1243 
793 842 169 48.83509327198054 1294 
794 844 161 41.8153160460868 1242 
795 845 171 18.01306283628053 1190 
796 846 157 24.971242055089217 1288 
797 847 156 22.901024790995635 1282 
798 847 173 35.20777763338126 1276 
799 848 174 10.95921112606726 1298 
800 852 160 36.180610598650205 1215 
801 857 174 10.175872190384085 1193 
802 857 157 30.014679915869657 1163 
803 858 172 48.86151440105695 1184 
804 858 164 13.370546471932311 1157 
805 858 157 35.461663897732265 1309 
806 859 174 37.13878343280343 1273 
807 859 156 11.210972774601423 1185 
808 860 162 33.64226162965721 1159 
809 862 159 26.736012886764687 1251 
810 862 154 36.18224384646186 1323 
811 863 164 14.323910016897186 1310 
812 863 165 41.50818223151721 1196 
813 864 172 48.4785565195414 1306 
814 865 170 12.719743741622445 1171 
815 868 165 24.783548797139968 1255 
816 868 163 48.440174368057725 1345 
817 868 154 20.6201280124982 1253 
818 869 167 40.69024262847894 1157 
819 870 173 27.974319260014767 1343 
820 871 156 16.036040615313002 1282 
821 871 155 27.491293727834606 1246 
822 871 171 20.85476578544664 1259 
823 873 161 24.793477856636915 1340 
824 874 157 26.851650028619577 1282 
825 879 157 26.405921089215493 1266 
826 879 158 34.35904350626075 1159 
827 879 173 16.267505527166133 1165 
828 880 174 48.70932211443049 1262 
829 881 160 13.62852721937315 1156 
830 882 165 25.9830240815785 1170 
831 883 168 18.371533580546547 1203 
832 885 174 43.23800116210707 1277 
833 885 163 49.027171167150506 1324 
834 887 171 39.49141749476058 1341 
835 887 162 43.335651963565034 1236 
836 887 155 34.61061223974452 1334 
837 889 162 29.884961219881234 1338 
838 889 165 49.63313812340264 1295 
839 890 173 39.38103801919764 1209 
840 892 162 33.86563464886361 1150 
841 893 171 31.458009172456833 1233 
842 893 169 36.845867152499196 1332 
843 895 170 37.72612816870415 1311 
844 895 157 26.501432610694664 1326 
845 896 163 27.00617544547944 1277 
846 898 157 11.224666509309497 1246 
847 902 158 25.40556035722153 1338 
848 902 173 30.152307844699262 1194 
849 903 164 15.108801428575301 1320 
850 903 173 46.43488953205998 1173 
851 905 161 48.680913732636476 1190 
852 906 164 21.693737350564742 1333 
853 906 166 25.47885065890445 1190 
854 907 164 29.616009893530396 1311 
855 911 165 47.80671904522982 1148 
856 912 166 28.658643340765188 1335 
857 913 171 19.61010421270318 1161 
858 913 172 10.643913736105688 1283 
859 913 165 33.707204631059255 1220 
860 915 168 11.988995107764255 1198 
861 915 165 23.75447120190227 1217 
862 917 154 38.71795529473422 1336 
863 919 163 21.068712804130726 1153 
864 919 166 11.50014896833027 1260 
865 919 174 34.44949023993784 1290 
866 920 165 31.351657244910413 1295 
867 920 165 49.39597984325069 1234 
868 923 170 17.518647049081704 1269 
869 924 170 29.512471522092945 1188 
870 925 155 30.905806934363525 1329 
871 925 166 48.477399641166066 1154 
872 925 154 41.58452165032248 1225 
873 926 159 14.540242524690843 1339 
874 926 163 38.44899540505677 1300 
875 926 171 14.89107157359566 1160 
876 928 173 28.690644702551765 1239 
877 929 168 17.59426941681383 1254 
878 930 162 26.13233856810739 1243 
879 932 158 34.28195674531817 1236 
880 932 168 43.63013489168851 1237 
881 932 158 15.858522467512678 1193 
882 933 155 19.311680010965876 1305 
883 934 160 19.3012335758098 1342 
884 936 174 33.11639807885179 1152 
885 936 169 42.193986765940835 1310 
886 936 164 26.932772254032614 1240 
887 937 166 20.97744739538352 1170 
888 939 170 41.29317084826654 1223 
889 941 173 44.86684575374915 1261 
890 943 166 38.70487034282145 1169 
891 943 158 37.78535502358916 1150 
892 944 172 31.360580304344992 1239 
893 945 156 26.925687236408006 1315 
894 945 159 46.087916047533554 1249 
895 946 170 42.16620779198561 1293 
896 947 172 26.348309784036367 1200 
897 947 173 12.930343818074363 1245 
898 948 154 24.159697988418895 1263 
899 948 163 21.5912066479388 1175 
900 948 168 26.991618858311362 1317 
901 951 165 15.573866364124193 1260 
902 952 172 22.04354861238359 1249 
903 952 169 47.68876578885332 1309 
904 952 158 36.4076090205728 1257 
905 954 155 26.58448176837096 1203 
906 954 170 17.429719837034202 1344 
907 955 158 16.87083208199351 1189 
908 956 157 47.48259886876804 1329 
909 957 164 43.23160394493612 1315 
910 960 170 31.641107293051654 1249 
911 961 164 33.33770895982344 1334 
912 962 170 22.681169983945434 1156 
913 965 166 24.085917998104893 1310 
914 965 174 12.175037796109027 1163 
915 965 160 31.080902206156967 1231 
916 965 164 19.53833545299483 1161 
917 966 171 49.49896453629334 1184 
918 968 167 45.358770513431175 1232 
919 969 166 32.25354174187183 1221 
920 970 157 30.638256177708598 1341 
921 972 170 36.462276330638915 1174 
922 972 161 31.354976702052426 1202 
923 974 156 23.942121774121222 1189 
924 975 165 14.52310395954473 1301 
925 976 160 32.485109695897805 1248 
926 977 160 28.142474373064815 1178 
927 977 154 16.089067307857864 1170 
928 977 158 13.177913286610217 1316 
929 980 159 17.38309558430355 1187 
930 980 168 36.125904642879135 1176 
931 981 155 31.972670668719786 1236 
932 984 174 37.94002971939886 1159 
933 984 166 26.31369711628094 1316 
934 984 160 28.242635516010775 1202 
935 986 171 31.48823965090669 1179 
936 988 172 31.79414886973658 1156 
937 989 165 12.424668724733507 1252 
938 989 157 16.340221020720804 1315 
939 990 162 25.413727616563484 1235 
940 992 167 31.508578924090763 1330 
941 994 159 30.5296535292578 1242 
942 994 159 32.6754762666212 1299 
943 994 162 14.404202168846787 1276 
944 995 160 14.704012850921808 1194 
945 1001 168 40.233374359222246 1190 
946 1001 167 23.375825383350058 1283 
947 1001 161 20.77898896087713 1165 
948 1001 161 43.71059185269133 1255 
949 1002 158 36.83493121050478 1167 
950 1002 165 16.98615343387539 1159 
951 1002 161 41.283376002245085 1256 
952 1005 158 27.33498750252639 1244 
953 1005 169 43.403382784148675 1297 
954 1008 173 32.48630165637695 1342 
955 1008 158 34.219465934685545 1233 
956 1009 170 20.37608181487918 1243 
957 1010 156 14.708008739943491 1320 
958 1011 168 48.76545446156863 1276 
959 1011 154 24.81207092672086 1236 
960 1012 155 21.888605815443867 1329 
961 1012 168 21.937965309365218 1261 
962 1013 170 14.621890898264137 1148 
963 1013 168 35.40190746715025 1287 
964 1014 159 34.84949179592011 1193 
965 1016 169 47.682555135437205 1241 
966 1016 164 45.41755122819909 1299 
967 1017 158 28.714898774958073 1186 
968 1017 173 25.22525840300701 1325 
969 1019 171 24.737394526870414 1160 
970 1020 173 46.89905339727929 1252 
971 1020 163 29.78355444178371 1213 
972 1021 162 35.281372722543324 1196 
973 1021 164 25.43346517130072 1201 
974 1022 160 13.086162902690504 1181 
975 1022 163 43.97261781679565 1189 
976 1023 168 28.886931848619962 1296 
977 1023 174 20.779312590861807 1323 
978 1023 154 22.919978682501046 1195 
979 1023 154 43.11438307368888 1232 
980 1024 156 38.06041731029785 1146 
981 1025 162 39.5306303770041 1164 
982 1026 160 37.039851153551766 1209 
983 1027 160 46.76614231346068 1185 
984 1028 162 26.02080424971672 1337 
985 1028 159 34.137446469895366 1166 
986 1032 159 35.2753253283005 1197 
987 1032 166 46.84981455387448 1235 
988 1033 170 42.695870846679014 1291 
989 1036 168 17.613613029381476 1258 
990 1036 170 38.27558776918225 1229 
991 1037 170 44.257176423063804 1226 
992 1037 168 25.233851933778773 1246 
993 1038 170 17.4530749079008 1209 
994 1039 157 48.00778215314418 1201 
995 1043 160 19.053633469419395 1240 
996 1043 154 23.65629011553078 1270 
997 1045 156 14.385735499276588 1182 
998 1045 169 39.65501965610642 1204 
999 1045 166 32.50193147508916 1167 
1000 1046 169 13.910070007411871 1338 
1001 1047 156 40.93440266687655 1185 
1002 1047 159 31.472666973243058 1155 
1003 1048 158 37.65972013918535 1245 
1004 1048 154 12.806786070205476 1165 
1005 1049 158 26.313998417436707 1187 
1006 1051 154 45.18544777513908 1286 
1007 1052 158 35.44219157401018 1189 
1008 1053 168 41.18990360578363 1252 
1009 1054 172 41.32529271000969 1327 
1010 1056 172 22.35946964972067 1327 
1011 1059 158 16.679006918234606 1295 
1012 1063 167 28.353743328740578 1341 
1013 1063 171 48.897412907727656 1167 
1014 1063 173 43.45440066502239 1306 
1015 1063 154 30.650758296574065 1309 
1016 1067 167 45.29154715660903 1276 
1017 1067 165 29.209589827077572 1265 
1018 1067 174 42.31845656498076 1301 
1019 1068 158 29.199647685747586 1209 
1020 1068 173 24.50437759334828 1247 
1021 1069 161 10.455803945074337 1174 
1022 1072 172 40.58047725859119 1274 
1023 1075 159 45.938191017616894 1295 
1024 1075 160 11.889668450973026 1238 
1025 1077 174 27.200930490093008 1342 
1026 1077 174 32.6662330375648 1342 
1027 1078 164 44.24269417317137 1260 
1028 1083 160 18.758765176519855 1225 
1029 1084 170 12.170951878034524 1235 
1030 1084 162 32.46249226933062 1180 
1031 1085 173 21.050662640439608 1258 
1032 1086 158 24.97430237022085 1218 
1033 1088 166 36.33574049607259 1233 
1034 1089 169 49.9722892281403 1303 
1035 1089 161 40.54248877749182 1224 
1036 1090 171 49.47933811573175 1289 
1037 1091 172 48.46318227158922 1272 
1038 1091 165 31.808826334152116 1152 
1039 1092 161 26.787751694331735 1274 
1040 1092 162 23.985919768559505 1236 
1041 1092 161 29.200440042321038 1257 
1042 1092 154 32.65637560921793 1207 
1043 1095 161 43.37087240615217 1275 
1044 1096 165 27.917371976185965 1222 
1045 1097 167 39.14942120956101 1157 
1046 1097 168 40.59803581601417 1262 
1047 1098 170 31.477734081743595 1159 
1048 1098 167 29.34567191967897 1185 
1049 1099 166 42.0177082755669 1209 
1050 1099 166 33.0633806608347 1297 
1051 1101 160 30.05259467149223 1259 
1052 1101 157 11.915375209605475 1158 
1053 1102 161 36.691673843000935 1181 
1054 1102 173 32.17073874022978 1202 
1055 1102 163 18.644976608734947 1234 
1056 1104 170 40.32888455228577 1293 
1057 1105 164 47.414244243535364 1321 
1058 1107 160 37.28933108130216 1311 
1059 1111 156 25.564258394125577 1324 
1060 1112 157 23.306160589063417 1309 
1061 1113 167 44.054371891508296 1329 
1062 1114 172 34.17849362334607 1150 
1063 1115 172 13.571761115837822 1277 
1064 1116 159 48.47769537526798 1277 
1065 1116 169 45.889614226024264 1229 
1066 1117 154 17.6808649277844 1159 
1067 1118 161 48.085374394871806 1152 
1068 1119 158 26.863124538459537 1215 
1069 1119 156 26.70767439391128 1169 
1070 1120 160 42.35655180578718 1228 
1071 1120 169 40.23444904082101 1260 
1072 1121 168 15.46454972515161 1190 
1073 1122 162 49.88385421308716 1289 
1074 1123 157 36.51047960477422 1309 
1075 1124 163 35.36302145475264 1221 
1076 1124 162 27.286186383434487 1219 
1077 1125 174 34.61277711387834 1296 
1078 1125 160 28.124683829556623 1324 
1079 1126 156 39.44609306549179 1246 
1080 1129 159 43.55028337462677 1276 
1081 1129 170 23.52631781596287 1240 
1082 1129 154 17.995473390615373 1165 
1083 1130 157 36.49630720904252 1245 
1084 1130 172 34.51721322043746 1300 
1085 1131 174 45.18024460737722 1215 
1086 1132 163 14.255943369480448 1286 
1087 1132 170 28.32244151674208 1196 
1088 1133 168 17.951657508446456 1155 
1089 1133 171 44.557149199978795 1326 
1090 1136 154 44.466737825718155 1264 
1091 1136 158 26.100897009360374 1341 
1092 1137 158 33.78177056400561 1259 
1093 1137 167 33.82202087689012 1205 
1094 1138 172 34.54178057269428 1319 
1095 1139 167 42.85862081869551 1148 
1096 1139 161 45.12282385470324 1342 
1097 1140 173 45.660770166796986 1253 
1098 1142 164 30.4339019565167 1217 
1099 1142 168 44.13609134840149 1318 
1100 1143 166 43.15483355625992 1267 
1101 1145 172 39.73538863529975 1305 
1102 1148 160 19.87845596558615 1262 
1103 1149 169 32.18796619934612 1240 
1104 1149 157 49.03973827687237 1166 
1105 1149 154 40.36926166292645 1181 
1106 1150 164 12.618590265510562 1279 
1107 1151 161 28.608960997181697 1285 
1108 1151 170 37.498282623336046 1275 
1109 1151 168 39.33650523281189 1259 
1110 1152 159 43.73274081481569 1278 
1111 1152 163 31.546510803236618 1275 
1112 1152 158 11.897865577924073 1286 
1113 1152 165 23.677338649234585 1220 
1114 1152 168 11.149655003670391 1295 
1115 1154 171 38.152586581726574 1186 
1116 1154 160 15.23866669098362 1240 
1117 1155 166 41.33510285423469 1345 
1118 1156 171 38.75984323127787 1277 
1119 1157 170 28.04679498952951 1154 
1120 1158 160 45.989548924213246 1265 
1121 1159 157 45.40214106131061 1255 
1122 1159 171 28.083553512947006 1235 
1123 1160 158 36.43210400370053 1199 
1124 1161 163 16.399484978159098 1210 
1125 1162 174 20.722833337946753 1217 
1126 1162 171 16.672070849539416 1322 
1127 1164 173 37.188027430457936 1177 
1128 1164 174 46.75870878444721 1232 
1129 1166 159 37.660515679504904 1291 
1130 1167 166 17.55535877597155 1264 
1131 1167 174 43.860675541998965 1324 
1132 1168 174 42.046378855640675 1243 
1133 1169 163 35.84102320218544 1301 
1134 1169 159 22.79989571356509 1156 
1135 1170 166 43.904232556610715 1260 
1136 1171 159 14.100801862413856 1146 
1137 1172 155 27.16863395374933 1219 
1138 1172 159 36.55870246220813 1199 
1139 1172 170 22.922246185975226 1279 
1140 1173 168 19.985399914145752 1221 
1141 1173 155 29.18176472727117 1280 
1142 1174 160 44.88021132204924 1333 
1143 1174 157 24.944524284625356 1158 
1144 1177 171 29.365460103540435 1239 
1145 1178 168 13.198930868917692 1153 
1146 1178 154 19.997172454185947 1148 
1147 1179 155 32.086056758765864 1174 
1148 1182 173 30.942091125606723 1177 
1149 1183 172 10.282166786368183 1340 
1150 1184 159 24.157026364713182 1313 
1151 1184 173 15.384096838125583 1306 
1152 1186 173 34.68067477972258 1312 
1153 1186 159 32.73581904029192 1157 
1154 1187 161 30.483398946299495 1197 
1155 1188 173 18.104985327814674 1203 
1156 1190 157 30.718489457550334 1224 
1157 1190 164 39.36054596624011 1233 
1158 1194 167 20.282004842511874 1248 
1159 1194 161 48.40114738782967 1265 
1160 1194 164 21.154920618247388 1190 
1161 1194 168 11.483020399925232 1233 
1162 1194 158 45.571169935616616 1336 
1163 1196 156 40.758266821513416 1265 
1164 1197 167 21.082296717607566 1330 
1165 1197 154 26.26227212512598 1273 
1166 1200 159 11.41845928261846 1266 
1167 1201 172 32.21498870694261 1180 
1168 1201 172 23.71338601637225 1257 
1169 1202 168 47.806425782492965 1333 
1170 1202 166 26.27557337149904 1234 
1171 1203 174 44.77699235036957 1326 
1172 1205 171 36.08206823035529 1244 
1173 1206 165 22.491132226108142 1231 
1174 1206 163 10.171158874461144 1317 
1175 1206 159 37.23819718143871 1184 
1176 1207 154 21.280556333099312 1290 
1177 1208 164 41.1195293207158 1219 
1178 1210 154 42.18795208594632 1250 
1179 1210 164 21.725800550141283 1315 
1180 1211 162 23.458150114586598 1273 
1181 1213 163 28.686668492515906 1260 
1182 1215 165 45.43830544083893 1185 
1183 1215 163 31.372666105703782 1331 
1184 1215 171 11.839961989406724 1196 
1185 1216 165 30.300108200119663 1160 
1186 1217 155 26.821206355900387 1183 
1187 1218 162 38.75126950241235 1335 
1188 1218 171 34.200772836468865 1257 
1189 1218 156 44.18519370796764 1270 
1190 1221 166 35.40975751946846 1304 
1191 1223 174 39.47244019114009 1244 
1192 1223 166 10.080628243725652 1307 
1193 1223 174 31.619408917275237 1224 
1194 1224 167 20.657295165405092 1222 
1195 1224 167 31.12758961939493 1153 
1196 1225 159 20.88214293325798 1306 
1197 1225 164 37.50364954124102 1179 
1198 1226 164 49.02396122854018 1206 
1199 1227 168 28.22205286683651 1271 
1200 1228 170 38.688597143817454 1324 
1201 1229 157 48.293382963737386 1182 
1202 1229 157 11.621386000528876 1228 
1203 1231 160 47.70275800575491 1331 
1204 1231 157 38.92245080836486 1195 
1205 1232 168 41.13214993673992 1169 
1206 1232 173 15.180957957683452 1285 
1207 1232 172 19.929724772993403 1182 
1208 1233 171 43.95751955873624 1342 
1209 1233 169 40.236735889455794 1224 
1210 1236 162 38.14474448198239 1225 
1211 1236 166 35.74686093577373 1311 
1212 1237 164 10.800311610024167 1151 
1213 1237 172 29.7438802387126 1146 
1214 1237 160 47.85776188811664 1276 
1215 1238 164 44.8087778518912 1257 
1216 1239 167 24.248561421679156 1277 
1217 1242 174 30.638515554064757 1341 
1218 1243 154 27.26352779809515 1282 
1219 1244 173 28.639652250285863 1192 
1220 1244 158 43.988909575855295 1261 
1221 1245 160 11.970420802061854 1273 
1222 1248 168 39.05678730868475 1342 
1223 1248 155 25.426267308091155 1160 
1224 1251 163 24.96016303195462 1255 
1225 1252 162 48.70705283101939 1201 
1226 1252 159 21.230301201878596 1160 
1227 1252 174 49.79266633696602 1317 
1228 1253 171 15.923337067177421 1243 
1229 1254 172 21.78940776608019 1276 
1230 1254 161 18.261031629755188 1227 
1231 1256 169 16.584752079048645 1312 
1232 1256 155 25.14767818350339 1325 
1233 1257 155 18.597810444860276 1268 
1234 1257 168 48.537462360259404 1252 
1235 1258 164 25.14532720073245 1189 
1236 1259 167 33.57580364922009 1303 
1237 1259 167 43.30483008676417 1188 
1238 1262 168 28.676092064837388 1183 
1239 1262 157 13.94647873233518 1194 
1240 1262 166 37.7125917984878 1206 
1241 1262 158 16.7713090322893 1287 
1242 1263 154 25.83847594376632 1286 
1243 1264 162 38.81879018130611 1239 
1244 1266 174 12.137750395657125 1184 
1245 1266 173 37.582618801527786 1209 
1246 1266 170 12.32634868487576 1278 
1247 1266 160 39.735900478823325 1249 
1248 1267 168 17.840095653814867 1240 
1249 1268 155 10.545311844375567 1213 
1250 1268 173 49.02507085037988 1272 
1251 1270 173 25.42239887414077 1295 
1252 1270 173 12.826240398078994 1325 
1253 1270 166 38.83667277502719 1191 
1254 1272 157 39.6268491939166 1299 
1255 1272 174 16.124835698235692 1255 
1256 1273 161 14.73789216204362 1302 
1257 1273 157 11.944379077816748 1213 
1258 1273 157 33.16799256927092 1267 
1259 1276 173 49.21522161821558 1338 
1260 1276 156 23.400410417956184 1189 
1261 1277 155 25.751225769867485 1203 
1262 1278 172 48.913882128536834 1331 
1263 1283 159 12.797696555350434 1330 
1264 1283 158 44.26497841831585 1159 
1265 1285 170 29.199299958138155 1262 
1266 1286 168 26.12541198837581 1193 
1267 1286 168 40.728440364465825 1251 
1268 1286 168 27.55606319850147 1198 
1269 1286 157 12.808853610175968 1222 
1270 1287 161 28.593216412592607 1220 
1271 1287 166 31.145832790316575 1306 
1272 1288 169 11.402088906093407 1202 
1273 1290 160 24.03532580360476 1345 
1274 1290 162 41.3293658398653 1332 
1275 1292 167 24.739969202696734 1150 
1276 1293 156 47.312562909054996 1199 
1277 1294 156 41.56266463550001 1195 
1278 1295 168 23.59042110091209 1308 
1279 1295 157 24.158184058353463 1326 
1280 1295 160 38.14867383742556 1258 
1281 1298 164 11.563023498924299 1156 
1282 1298 164 13.257430913749033 1300 
1283 1299 172 23.39961323067797 1283 
1284 1299 167 27.975421124378038 1262 
1285 1300 170 48.316009420754675 1297 
1286 1301 166 35.08651554251429 1340 
1287 1301 168 30.851712426100594 1180 
1288 1301 170 25.03176085836909 1190 
1289 1301 155 22.22868792942737 1287 
1290 1304 163 37.41959989559871 1245 
1291 1304 156 18.04617331682485 1236 
1292 1304 173 23.812067997853013 1188 
1293 1306 165 20.574314033984006 1280 
1294 1306 161 18.006909867833926 1322 
1295 1307 164 44.40971444632527 1322 
1296 1308 169 41.78934378590901 1202 
1297 1308 165 13.427431372315226 1262 
1298 1313 163 42.43468912461604 1166 
1299 1314 174 42.85429819252537 1277 
1300 1315 172 48.89219052507292 1339 
1301 1317 160 48.01881596708191 1179 
1302 1317 171 16.079865080401206 1292 
1303 1318 174 38.040830513172494 1292 
1304 1320 158 13.58152635003786 1211 
1305 1320 163 36.586604841022734 1317 
1306 1321 156 14.360445808634537 1178 
1307 1323 167 38.05172453653172 1202 
1308 1323 168 35.092645086675034 1222 
1309 1326 162 26.795081882366603 1268 
1310 1326 160 14.035501759471675 1222 
1311 1326 169 33.60448294667651 1306 
1312 1328 171 21.58307715897127 1316 
1313 1329 169 12.817376449175285 1227 
1314 1329 163 18.523255500860017 1165 
1315 1330 172 25.309364317718934 1163 
1316 1331 154 39.15960342291015 1306 
1317 1336 167 41.51729618891768 1288 
1318 1339 159 39.644341104914666 1212 
1319 1339 172 14.29742885331934 1297 
1320 1342 161 18.67932572168579 1190 
1321 1343 170 21.883598793525223 1227 
1322 1344 165 21.909512314709602 1338 
1323 1346 159 41.748649594330644 1239 
1324 1346 168 46.49234693291229 1189 
1325 1347 165 20.901933916212002 1313 
1326 1348 157 23.471695765938904 1205 
1327 1348 154 18.244000660770112 1272 
1328 1349 166 22.684960481100603 1240 
1329 1350 169 16.264256793982433 1216 
1330 1350 154 19.276792841392897 1278 
1331 1350 160 16.1493544479982 1216 
1332 1351 159 49.50355944571912 1337 
1333 1351 167 10.78976275231092 1263 
1334 1351 173 32.98361475889607 1217 
1335 1352 168 12.052206547080138 1315 
1336 1353 156 34.55006842313363 1253 
1337 1355 169 26.26487354133701 1268 
1338 1355 170 14.06345579129557 1329 
1339 1357 163 45.887066737727345 1193 
1340 1358 168 17.923724042745135 1195 
1341 1358 168 16.92445554542129 1169 
1342 1362 155 16.487319610705136 1258 
1343 1362 169 23.62920804219685 1305 
1344 1363 157 44.577739934192195 1255 
1345 1364 155 42.51757326334299 1285 
1346 1366 170 34.28393515137691 1234 
1347 1369 156 32.88072146137264 1345 
1348 1371 156 41.96125676150485 1298 
1349 1371 174 24.420059668171206 1201 
1350 1372 170 44.07358574757368 1331 
1351 1372 174 47.50505335705694 1207 
1352 1372 162 19.772150867389442 1221 
1353 1375 170 35.38475945826113 1313 
1354 1379 161 47.118661982449 1335 
1355 1380 174 21.766995866518037 1274 
1356 1381 159 37.067620133862775 1277 
1357 1382 166 29.30237087153854 1341 
1358 1382 174 16.61696583155761 1293 
1359 1382 168 32.06054921040966 1267 
1360 1382 163 38.15223379522742 1202 
1361 1383 161 39.518499706191115 1310 
1362 1385 158 47.54146786142892 1196 
1363 1385 155 26.95553814515644 1225 
1364 1385 164 15.915990574412305 1165 
1365 1386 155 42.1845787012098 1296 
1366 1389 164 10.214312968266048 1147 
1367 1390 174 32.30777867084191 1226 
1368 1391 155 48.76356305953826 1345 
1369 1392 168 13.678005423123224 1229 
1370 1393 174 40.7833419238451 1186 
1371 1396 171 39.107117270443595 1155 
1372 1396 167 24.125620643982376 1335 
1373 1396 163 33.13383192329169 1153 
1374 1396 161 47.203216560100586 1289 
1375 1398 162 10.647098757604741 1317 
1376 1400 174 17.619427424394974 1155 
1377 1400 160 46.044203569280995 1217 
1378 1402 155 24.7571643654868 1343 
1379 1403 155 35.553512390766 1232 
1380 1405 171 22.534286869786907 1174 
1381 1405 162 11.807680754346649 1305 
1382 1406 165 48.076835284765295 1148 
1383 1407 156 18.19078466064235 1305 
1384 1407 162 35.981848911761354 1298 
1385 1408 154 15.913652078347727 1272 
1386 1408 159 41.75237874566375 1255 
1387 1408 167 19.536831297201655 1176 
1388 1408 170 27.702084055834245 1307 
1389 1410 167 31.60312568319101 1230 
1390 1410 173 26.942574535502295 1239 
1391 1410 162 37.60816821058468 1229 
1392 1412 158 11.451165517516078 1168 
1393 1413 171 28.914373387508412 1199 
1394 1414 161 15.411913487883435 1325 
1395 1415 154 19.562567979049707 1336 
1396 1416 169 24.673835447500988 1228 
1397 1416 161 40.24755070080485 1162 
1398 1417 167 18.225042943185485 1229 
1399 1420 156 16.09698742563751 1147 
1400 1420 167 17.711709016267697 1230 
1401 1421 169 45.29264782957657 1240 
1402 1422 169 26.004569511575653 1287 
1403 1422 157 29.19967775460251 1149 
1404 1426 158 19.290502314172095 1230 
1405 1427 169 38.377372045768915 1318 
1406 1427 164 21.80960639778672 1227 
1407 1427 173 49.99133445450732 1335 
1408 1429 174 16.222059686794434 1191 
1409 1431 157 11.091930067026405 1149 
1410 1432 157 21.0627219718684 1263 
1411 1432 161 17.392532243108864 1218 
1412 1433 158 38.840988752004755 1234 
1413 1434 154 29.2638291887203 1216 
1414 1435 157 11.697900604359045 1244 
1415 1436 174 30.62444659773224 1179 
1416 1438 163 14.76841210235731 1219 
1417 1439 157 22.12155414527395 1267 
1418 1439 159 17.9617904835916 1315 
1419 1439 173 27.729312076198415 1189 
1420 1439 160 17.41576802986216 1172 
1421 1440 157 44.16624410323807 1208 
1422 1440 157 43.82709231378612 1165 
1423 1440 173 23.672257048945426 1250 
1424 1440 166 24.756504939846206 1149 
1425 1442 154 20.131877263906457 1231 
1426 1443 172 33.9183567467893 1305 
1427 1444 154 25.644538731016667 1250 
1428 1445 169 14.131722264166765 1297 
1429 1446 164 26.461379712888874 1238 
1430 1446 166 21.046869006882886 1323 
1431 1447 157 36.87893121941883 1229 
1432 1447 158 43.580587659194535 1264 
1433 1447 168 36.38437660617472 1180 
1434 1449 162 38.63830006139531 1278 
1435 1450 172 24.23821571462712 1163 
1436 1450 161 46.07873342653751 1166 
1437 1450 163 44.03330881309315 1169 
1438 1452 167 27.488110958181423 1198 
1439 1453 168 15.276440628599545 1274 
1440 1453 166 26.264295619065177 1300 
1441 1454 174 12.42304364318198 1293 
1442 1455 167 48.29509486527958 1345 
1443 1455 168 27.73191436575985 1314 
1444 1456 171 11.05978012722038 1278 
1445 1456 165 10.248154234737829 1177 
1446 1458 158 37.23843383292213 1319 
1447 1459 163 22.16715444694382 1306 
1448 1459 158 25.21295979172728 1249 
1449 1460 171 41.078589087606645 1321 
1450 1462 154 43.02300434788124 1340 
1451 1463 155 41.109999375050066 1199 
1452 1464 154 39.34843315552443 1223 
1453 1465 167 16.61245165959496 1292 
1454 1465 166 13.852365499998026 1251 
1455 1465 172 29.63117255849229 1339 
1456 1466 168 40.812666363694404 1330 
1457 1467 154 41.05165968858879 1322 
1458 1468 171 37.415611629345335 1316 
1459 1469 163 23.245906673873222 1174 
1460 1469 162 33.40805041184735 1256 
1461 1469 154 15.901548071285658 1302 
1462 1470 168 32.603005104558534 1211 
1463 1471 174 18.728514610396793 1301 
1464 1473 168 12.082616844765838 1231 
1465 1475 169 11.664908129347493 1319 
1466 1477 174 22.283589564175355 1341 
1467 1478 165 32.7308628085235 1160 
1468 1482 168 19.545846973024176 1196 
1469 1482 154 10.458026342183611 1229 
1470 1482 159 42.3446105016981 1174 
1471 1483 162 24.47655436222858 1226 
1472 1484 172 41.09203209370994 1282 
1473 1486 169 37.32672891191637 1305 
1474 1486 174 46.90617819415636 1274 
1475 1487 156 16.961239871287713 1278 
1476 1487 154 21.575120469888844 1208 
1477 1488 161 31.523452065926453 1326 
1478 1489 173 31.54744585842654 1149 
1479 1489 156 28.84151418669125 1175 
1480 1491 168 39.9899950371351 1166 
1481 1492 157 46.87823271144175 1333 
1482 1496 174 32.06412675257548 1309 
1483 1496 161 16.153099959531666 1275 
1484 1496 174 35.39730947319693 1241 
1485 1497 167 34.781905680881856 1184 
1486 1498 163 42.78190364962539 1222 
1487 1501 158 30.981326569333568 1260 
1488 1501 171 39.16075492579468 1247 
1489 1501 155 29.57831476144078 1211 
1490 1501 158 43.27816482743562 1308 
1491 1501 173 41.84185956656186 1335 
1492 1501 164 48.01731720685732 1151 
1493 1503 157 47.635113380640306 1147 
1494 1504 166 39.202418050911064 1197 
1495 1504 157 27.741920223041603 1312 
1496 1508 157 16.261016867952435 1330 
1497 1510 158 21.388969844231877 1196 
1498 1514 155 32.27999415099424 1341 
1499 1516 165 42.28006929596638 1164 
1500 1520 167 33.17707644979964 1225 
1501 1521 157 25.2008466152541 1278 
1502 1521 161 44.83690771438563 1306 
1503 1522 169 34.71530206015872 1232 
1504 1523 156 46.66741004461873 1273 
1505 1523 173 21.000183966619744 1271 
1506 1524 159 28.617045046375218 1225 
1507 1524 158 19.598056854493745 1280 
1508 1526 154 22.66982206371975 1321 
1509 1526 164 48.39806906377079 1298 
1510 1527 167 14.905697282222764 1189 
1511 1527 154 19.746906998654644 1250 
1512 1528 173 39.02482030490211 1210 
1513 1531 157 27.824128181751995 1228 
1514 1532 163 13.367519883679396 1222 
1515 1532 162 17.422158702194352 1309 
1516 1533 166 17.08542447915776 1149 
1517 1534 164 11.621100893790985 1204 
1518 1535 156 28.88235186323987 1333 
1519 1535 166 10.489312946660721 1256 
1520 1536 157 20.116644584208313 1226 
1521 1537 161 32.820324376451765 1229 
1522 1537 169 32.997493466684716 1243 
1523 1538 155 42.81028137588648 1252 
1524 1539 155 26.457197851102237 1342 
1525 1540 158 47.78704601652223 1237 
1526 1541 158 29.85688341049423 1278 
1527 1541 154 12.485035771282472 1299 
1528 1542 169 24.04855486903706 1188 
1529 1544 168 25.342053140590703 1339 
1530 1545 167 37.275033857053224 1156 
1531 1546 164 23.025798139309067 1276 
1532 1549 168 14.193213034121953 1164 
1533 1550 160 11.888013786108505 1218 
1534 1550 155 13.787571413822853 1168 
1535 1551 174 21.234779940462538 1235 
1536 1552 171 15.602627838909298 1282 
1537 1553 155 40.68776788103597 1243 
1538 1555 172 26.596184809429474 1239 
1539 1555 166 35.44493258818983 1154 
1540 1556 155 39.50110464893048 1276 
1541 1558 168 25.27340161801035 1324 
1542 1563 160 26.652367101579195 1182 
1543 1563 174 27.59326618146745 1169 
1544 1563 167 27.0394877305711 1328 
1545 1563 174 49.65655901397589 1255 
1546 1564 174 25.251509225374345 1172 
1547 1566 172 16.419336138880393 1229 
1548 1568 167 23.81216766673816 1172 
1549 1569 163 10.799702583425471 1338 
1550 1570 161 20.0010527456014 1329 
1551 1570 158 48.30219984587873 1291 
1552 1571 161 48.464720825640356 1147 
1553 1572 174 18.06711591684863 1280 
1554 1572 173 44.520948576328095 1325 
1555 1573 154 15.427710532916485 1201 
1556 1573 174 11.90006712490245 1317 
1557 1573 160 14.998492823970482 1232 
1558 1575 158 24.24972953222666 1182 
1559 1575 174 17.651955321358564 1249 
1560 1577 168 22.72938186510554 1226 
1561 1578 173 41.138259356176476 1214 
1562 1579 170 44.158000031813 1326 
1563 1580 167 27.935657679203977 1185 
1564 1587 163 28.207917725099136 1250 
1565 1587 170 21.04881181707072 1337 
1566 1588 161 46.21000174612366 1307 
1567 1588 156 25.976191488479337 1201 
1568 1590 172 15.56553076904942 1155 
1569 1595 167 48.38824959915963 1219 
1570 1595 173 41.63891019893148 1309 
1571 1596 168 14.447937722841257 1156 
1572 1597 167 48.96847261318659 1246 
1573 1597 167 31.322210987960485 1227 
1574 1597 158 24.543992905998245 1303 
1575 1598 157 15.680885649710925 1298 
1576 1599 173 30.62681542281649 1271 
1577 1600 173 16.182611877058783 1202 
1578 1600 169 43.154430817168134 1150 
1579 1600 157 10.036547204680382 1200 
1580 1601 174 41.421197118914684 1186 
1581 1601 174 34.084976045294525 1177 
1582 1601 158 42.17822980166763 1204 
1583 1601 158 27.254892738815983 1268 
1584 1602 168 41.21366778985287 1309 
1585 1603 164 36.339936012611425 1238 
1586 1603 154 43.15136417549059 1242 
1587 1604 155 34.80444782404342 1318 
1588 1604 163 12.163246868623641 1220 
1589 1605 172 33.83899077050435 1174 
1590 1611 160 29.079981620875444 1336 
1591 1611 172 23.05797030433743 1158 
1592 1612 172 18.096992661653122 1217 
1593 1613 164 18.684986555941308 1175 
1594 1614 166 37.01455740803146 1330 
1595 1615 174 19.810615814777286 1327 
1596 1615 164 15.813542048230978 1344 
1597 1619 166 47.49006112768464 1326 
1598 1620 164 22.22017149414061 1256 
1599 1620 174 40.787020154743864 1251 
1600 1620 169 25.498186203292477 1158 
1601 1621 155 15.498309414794452 1288 
1602 1621 174 28.088928073409186 1209 
1603 1621 160 39.25936602438224 1318 
1604 1622 154 37.77329206809783 1342 
1605 1622 155 40.293222228653036 1263 
1606 1625 155 47.03743768050749 1336 
1607 1625 163 49.58190618331366 1251 
1608 1626 157 25.344819843140492 1166 
1609 1628 163 19.34359932359459 1206 
1610 1629 155 38.74735613367231 1289 
1611 1630 172 24.69456714080644 1222 
1612 1630 159 17.549502698206044 1154 
1613 1633 155 40.075968214002614 1209 
1614 1633 165 47.74231593042182 1310 
1615 1634 156 19.490007286516636 1266 
1616 1635 159 17.883206357761186 1254 
1617 1638 169 27.68036863392627 1238 
1618 1638 162 48.87952247954177 1170 
1619 1639 166 21.27369719117773 1258 
1620 1640 157 48.891665033973034 1282 
1621 1641 172 35.435813325880396 1337 
1622 1641 171 46.353217500507085 1238 
1623 1641 170 25.55912306575838 1216 
1624 1641 168 18.63104185889973 1245 
1625 1642 173 32.89064721667575 1220 
1626 1643 161 18.724556616726456 1158 
1627 1644 157 17.31211482711769 1287 
1628 1645 159 23.353179029142606 1274 
1629 1645 162 21.162093311729375 1279 
1630 1647 166 16.086910480869822 1250 
1631 1648 157 25.942631934717625 1264 
1632 1650 163 23.03055951299232 1164 
1633 1651 162 48.89934539044084 1232 
1634 1652 163 14.814843063399103 1254 
1635 1653 168 32.33006304353509 1207 
1636 1653 156 15.563335827971585 1266 
1637 1653 171 16.531087541519387 1326 
1638 1654 156 43.53269905124608 1190 
1639 1655 173 22.576080281447453 1207 
1640 1655 164 45.29137579957747 1295 
1641 1655 166 40.32024547712361 1198 
1642 1656 172 19.518878706305042 1286 
1643 1656 163 19.61183017798037 1250 
1644 1657 157 45.643102620568186 1320 
1645 1658 169 12.611363350330338 1330 
1646 1659 164 48.541005308849044 1185 
1647 1660 154 26.031246842806635 1182 
1648 1665 164 46.3230946634481 1171 
1649 1666 169 25.0470948343826 1259 
1650 1668 171 34.134368522462125 1296 
1651 1668 159 20.11158473866378 1234 
1652 1670 168 21.904835355391118 1280 
1653 1672 171 26.325916580722325 1229 
1654 1675 172 16.179718745605594 1239 
1655 1677 165 14.568933867639831 1216 
1656 1677 167 40.708388348670525 1183 
1657 1677 173 10.899339228530497 1183 
1658 1678 167 19.414085296154543 1303 
1659 1679 156 19.82017985875954 1153 
1660 1680 170 10.302920888904183 1184 
1661 1681 164 45.31679079940462 1232 
1662 1682 173 49.36891826581728 1288 
1663 1683 174 37.386509243419155 1246 
1664 1683 165 31.135185537504626 1163 
1665 1686 157 36.69244599276823 1334 
1666 1687 157 16.461028935043664 1336 
1667 1687 164 25.205678032423616 1243 
1668 1688 154 33.18053068952577 1339 
1669 1689 160 43.49462966669418 1262 
1670 1690 163 41.84824773670889 1280 
1671 1690 165 25.2249235039409 1249 
1672 1695 172 33.78975133633509 1306 
1673 1695 167 35.03278366125615 1174 
1674 1695 166 41.06759601485325 1278 
1675 1696 157 18.30235594652082 1343 
1676 1698 173 22.480158732391136 1256 
1677 1699 158 28.317252602068102 1320 
1678 1699 170 40.30496772468739 1304 
1679 1699 161 10.239752162032051 1256 
1680 1700 162 19.881793260795398 1300 
1681 1700 158 38.950348202471204 1146 
1682 1700 171 16.006732404207234 1251 
1683 1702 164 29.61074372217467 1171 
1684 1703 165 19.782790595602666 1179 
1685 1703 158 47.49216430193526 1256 
1686 1707 162 48.616854036177976 1270 
1687 1708 159 32.86194898419168 1255 
1688 1709 163 16.062830494348997 1196 
1689 1709 159 36.57673211237572 1198 
1690 1710 159 20.094409513114492 1178 
1691 1710 166 14.470392366071216 1252 
1692 1711 157 31.349392907912105 1266 
1693 1711 168 30.42689753874827 1303 
1694 1711 171 15.357398806820605 1282 
1695 1712 159 21.24358345850907 1277 
1696 1712 172 26.603102700972453 1282 
1697 1713 159 34.682914445638865 1302 
1698 1714 168 29.959964407878307 1274 
1699 1715 161 46.99301919803264 1287 
1700 1715 155 20.568741532910757 1299 
1701 1716 163 30.7578068265763 1225 
1702 1716 163 24.517828428617552 1258 
1703 1716 168 19.360209276151377 1259 
1704 1717 165 43.87540432760408 1211 
1705 1717 170 39.84682487163822 1320 
1706 1718 162 38.81943425028531 1310 
1707 1718 171 27.16290326962397 1170 
1708 1719 156 28.445601869616674 1197 
1709 1721 164 18.752046172388447 1296 
1710 1722 162 42.91452045755203 1292 
1711 1723 173 27.076314482389176 1176 
1712 1725 170 32.22801822380904 1303 
1713 1725 162 31.982165543766122 1280 
1714 1725 167 40.3298292763764 1202 
1715 1726 158 42.490102042740006 1300 
1716 1726 164 16.563625526941635 1338 
1717 1727 154 30.363460856116383 1164 
1718 1731 154 33.351434661025685 1221 
1719 1732 171 47.320827546897505 1225 
1720 1732 154 46.49149567278787 1168 
1721 1733 162 42.05286795986295 1147 
1722 1734 155 29.168291552664254 1214 
1723 1735 157 11.281159601856427 1300 
1724 1735 156 25.280024250799435 1293 
1725 1736 164 33.9127793348093 1212 
1726 1739 168 15.286843605880648 1336 
1727 1739 163 17.658711789937186 1203 
1728 1741 168 43.589642467373665 1159 
1729 1746 157 42.410634308758944 1207 
1730 1746 172 46.93484300606159 1249 
1731 1748 155 28.600845374219436 1160 
1732 1749 170 39.37925430651972 1268 
1733 1749 155 13.482720899778569 1274 
1734 1751 174 38.20638901277739 1188 
1735 1752 166 37.46516332662176 1288 
1736 1753 167 45.891077471648714 1287 
1737 1753 165 13.92375261563155 1266 
1738 1754 171 40.90624070546619 1152 
1739 1756 172 16.176569760606053 1289 
1740 1756 169 25.881667847508506 1201 
1741 1756 154 33.934109963748554 1204 
1742 1757 165 22.55022068624614 1236 
1743 1757 160 10.337727365178417 1231 
1744 1758 167 14.542887484700486 1245 
1745 1758 160 35.03489879959478 1216 
1746 1758 166 34.20284508688988 1169 
1747 1758 166 49.13928623696435 1251 
1748 1759 163 13.365199748965221 1280 
1749 1760 172 12.647382518973323 1303 
1750 1761 163 14.964104843365895 1152 
1751 1762 171 10.589645498474951 1163 
1752 1763 158 44.29185376266461 1260 
1753 1763 161 38.40217036221881 1240 
1754 1764 174 15.55540070272713 1164 
1755 1766 165 31.11554297603876 1256 
1756 1767 166 25.493965491230913 1249 
1757 1767 174 19.167290653984566 1257 
1758 1768 164 14.480702679505333 1315 
1759 1769 173 10.508850785833875 1224 
1760 1769 164 10.494782931085481 1200 
1761 1772 155 21.168141677612958 1172 
1762 1774 161 31.689702182665464 1319 
1763 1776 167 28.8751579375203 1166 
1764 1779 156 44.3714742729084 1230 
1765 1779 162 21.807828325931233 1163 
1766 1779 155 21.29926291154264 1170 
1767 1780 164 19.742143336549635 1145 
1768 1780 161 31.400795177363058 1324 
1769 1781 165 49.1771179450382 1190 
1770 1781 165 17.81683953927749 1336 
1771 1782 158 41.82825892256687 1183 
1772 1782 170 34.11655937159368 1167 
1773 1787 159 24.13329444677919 1225 
1774 1788 156 48.042562793335875 1302 
1775 1788 166 10.606932313013733 1318 
1776 1792 162 18.540963102161392 1145 
1777 1794 156 25.120158224903886 1307 
1778 1794 161 46.86805825936941 1239 
1779 1796 172 12.821789897265248 1213 
1780 1802 165 29.455077882956253 1182 
1781 1803 170 19.515372492890993 1171 
1782 1804 174 44.33122705315208 1145 
1783 1804 171 22.166548087688277 1330 
1784 1804 158 16.26019882932484 1183 
1785 1807 161 23.100087943963082 1227 
1786 1807 165 17.379804306885124 1255 
1787 1807 172 41.08530823059426 1214 
1788 1809 168 39.84633228382853 1326 
1789 1810 164 39.96494378378503 1163 
1790 1810 162 27.278566132525498 1160 
1791 1810 154 21.97083551027835 1169 
1792 1813 159 14.733058379928408 1333 
1793 1815 164 16.824657808774447 1267 
1794 1817 173 21.013627184248833 1161 
1795 1819 172 48.77610125020136 1189 
1796 1821 156 37.68978486810228 1286 
1797 1821 171 13.811128487234443 1315 
1798 1821 174 40.108863355155634 1302 
1799 1821 169 15.289019701334032 1260 
1800 1822 154 25.078105642074817 1273 
1801 1822 166 19.735294930252753 1237 
1802 1823 156 34.18270253705369 1285 
1803 1823 170 29.914416174605382 1156 
1804 1823 168 33.02885787318755 1197 
1805 1824 174 38.052174344496 1249 
1806 1825 169 44.62426102217424 1267 
1807 1826 154 19.203921719999894 1214 
1808 1829 165 37.78899849167249 1241 
1809 1831 156 48.7911108664009 1300 
1810 1832 166 21.917463350659816 1238 
1811 1833 173 18.55857975595866 1316 
1812 1833 170 18.424916592132732 1192 
1813 1834 159 37.60584125410372 1345 
1814 1835 164 23.754027484048905 1295 
1815 1836 163 32.21823623987249 1298 
1816 1836 162 28.754360019278863 1338 
1817 1837 170 17.530889153449078 1228 
1818 1838 163 12.482578169065599 1327 
1819 1839 156 22.041019888492205 1187 
1820 1840 154 11.568991256375076 1232 
1821 1842 154 10.501275392039325 1198 
1822 1842 174 26.678616998699752 1274 
1823 1845 155 29.16293475948667 1342 
1824 1845 170 35.294622083559425 1260 
1825 1845 158 41.49775645966983 1281 
1826 1845 162 46.13593824761998 1211 
1827 1846 169 15.91880552633356 1316 
1828 1846 159 13.125280339017568 1210 
1829 1847 171 32.66187035138366 1171 
1830 1847 161 13.68134289852232 1341 
1831 1849 173 41.09874316687885 1164 
1832 1849 168 21.082594372065742 1235 
1833 1850 155 11.357862811140379 1165 
1834 1851 173 49.17996504636135 1253 
1835 1852 162 15.179529243972656 1202 
1836 1852 154 29.470223940189445 1194 
1837 1854 165 42.44247425462629 1243 
1838 1855 165 47.80359530857433 1239 
1839 1855 164 44.2745450443168 1343 
1840 1856 160 37.60701740869098 1222 
1841 1857 162 17.09966930951991 1266 
1842 1858 162 43.508194578037724 1210 
1843 1858 173 22.547557356327587 1311 
1844 1859 170 39.553931015393175 1295 
1845 1860 156 16.608962555029315 1181 
1846 1860 158 46.52331991985341 1167 
1847 1860 159 15.333419258276857 1306 
1848 1860 163 10.97134092188126 1307 
1849 1863 170 30.818717813363477 1214 
1850 1863 174 10.39119256812738 1320 
1851 1864 172 14.85560310792172 1219 
1852 1864 172 33.894775564392035 1156 
1853 1864 174 24.71839394013624 1148 
1854 1865 162 31.97203069232988 1237 
1855 1867 173 23.060111851977343 1249 
1856 1867 155 26.988536566615 1322 
1857 1867 166 35.6037370989022 1337 
1858 1868 156 26.447685593448874 1266 
1859 1869 161 35.48896774805845 1299 
1860 1870 154 49.4110186781849 1203 
1861 1870 170 21.361376809178857 1209 
1862 1870 158 39.927379519108655 1343 
1863 1871 169 30.247087306551258 1252 
1864 1871 166 31.317470382204803 1322 
1865 1871 159 44.880417488641996 1197 
1866 1871 172 43.380734162015976 1195 
1867 1872 156 26.303885170902802 1218 
1868 1873 174 40.01283056473114 1277 
1869 1875 170 10.72366591116413 1205 
1870 1877 172 19.996060905519656 1258 
1871 1878 168 40.58310826028155 1253 
1872 1878 158 28.807488884169793 1306 
1873 1884 171 33.7524775006476 1311 
1874 1886 160 19.58159601531814 1233 
1875 1888 173 28.218933455749195 1186 
1876 1888 168 22.45127517595847 1324 
1877 1890 155 23.081669349795813 1292 
1878 1891 165 25.25765064176653 1306 
1879 1892 160 37.83368714868341 1345 
1880 1893 161 41.43738956739391 1268 
1881 1893 157 37.23172270948365 1247 
1882 1895 172 24.321558699306472 1207 
1883 1897 158 11.659956259249586 1197 
1884 1899 158 44.38374764593113 1145 
1885 1900 173 31.367515435660206 1323 
1886 1902 174 13.931102074577693 1329 
1887 1903 164 44.2320078560129 1343 
1888 1904 161 25.880140588727745 1295 
1889 1904 160 18.23654091176744 1308 
1890 1905 159 17.371388265609397 1261 
1891 1905 161 25.487143740223786 1242 
1892 1905 154 21.677928976406303 1326 
1893 1906 154 41.59944181111212 1159 
1894 1906 173 18.913017626384075 1207 
1895 1907 163 29.68424351465227 1241 
1896 1907 161 20.922894770221436 1160 
1897 1910 163 44.35341199494293 1254 
1898 1910 157 40.838361199541865 1255 
1899 1914 168 20.910519456460626 1236 
1900 1914 167 21.348164479623094 1181 
1901 1915 157 28.6372888677326 1289 
1902 1916 173 29.10152735849387 1247 
1903 1916 164 40.72919351837313 1157 
1904 1917 165 14.112412151692615 1230 
1905 1920 173 41.95905422583756 1344 
1906 1920 154 15.525639364419064 1257 
1907 1921 173 28.303063118375018 1305 
1908 1921 162 35.907431700001865 1155 
1909 1921 154 37.3029602263163 1278 
1910 1922 158 30.400469562635703 1282 
1911 1922 167 45.60314650283801 1169 
1912 1923 163 12.891236174662456 1279 
1913 1924 169 46.824798732358566 1250 
1914 1926 160 24.464918310454475 1168 
1915 1927 171 18.915092696371328 1323 
1916 1928 165 45.66783126052398 1345 
1917 1932 173 27.31186020990784 1268 
1918 1932 164 49.78306762055424 1255 
1919 1936 169 35.80734112633117 1184 
1920 1937 174 40.843969791688394 1263 
1921 1937 169 43.371360458675994 1184 
1922 1937 163 26.95103090887423 1227 
1923 1938 158 31.288539854873335 1157 
1924 1939 157 34.82740801696068 1316 
1925 1939 170 25.356948715215943 1148 
1926 1942 163 21.520640563184543 1186 
1927 1943 172 10.972132901779972 1197 
1928 1945 162 18.829374272600077 1294 
1929 1945 157 31.105243317618818 1309 
1930 1946 157 24.677845076948003 1171 
1931 1946 155 17.215304508315032 1180 
1932 1947 161 48.61978226495497 1164 
1933 1950 154 39.047719091127135 1344 
1934 1950 158 27.977521817904126 1178 
1935 1951 171 38.454502344939115 1149 
1936 1951 166 27.498382207489946 1238 
1937 1952 168 24.734746521947567 1295 
1938 1952 157 36.789444305698694 1167 
1939 1952 168 36.671096399247716 1332 
1940 1953 166 22.76540139919605 1267 
1941 1953 169 36.564655964689905 1156 
1942 1954 157 34.581716147610486 1188 
1943 1955 172 12.75958366840138 1150 
1944 1955 159 38.490643694659965 1219 
1945 1956 161 27.907126666885205 1284 
1946 1956 159 41.632733022855035 1228 
1947 1956 164 41.94508302584603 1184 
1948 1957 172 16.603807504247055 1313 
1949 1958 162 41.408658376766056 1197 
1950 1959 174 40.163912359320875 1271 
1951 1960 169 18.77173738814836 1296 
1952 1961 166 35.729356296856764 1281 
1953 1961 168 21.69160739931459 1146 
1954 1962 160 30.74112034168362 1234 
1955 1962 163 41.39243686616469 1329 
1956 1964 168 49.77434998374178 1291 
1957 1965 162 23.089245288224433 1306 
1958 1966 171 42.07295787724706 1312 
1959 1966 170 44.85221084026966 1207 
1960 1967 166 32.44583946962172 1145 
1961 1968 157 17.83954790524109 1330 
1962 1969 154 47.73724434006799 1190 
1963 1970 164 21.83123076776168 1156 
1964 1971 169 31.125857711220366 1229 
1965 1972 155 40.050630899250585 1149 
1966 1973 166 43.484590236996745 1335 
1967 1973 156 46.022655766245954 1225 
1968 1974 159 13.467222924069278 1209 
1969 1974 158 39.44216199645715 1174 
1970 1974 159 33.4386264426264 1259 
1971 1975 155 10.371627174496552 1257 
1972 1976 158 42.34356398053778 1169 
1973 1978 162 19.43106247399313 1160 
1974 1981 169 37.38283330029473 1272 
1975 1981 164 49.33310783900964 1229 
1976 1981 168 11.815812995912403 1258 
1977 1982 164 13.658246232828525 1158 
1978 1984 162 38.75344694262391 1335 
1979 1984 158 41.13862301199659 1204 
1980 1984 168 40.30114605949161 1244 
1981 1986 155 34.33905397210885 1173 
1982 1987 164 42.890899499316525 1189 
1983 1987 155 29.880791096738054 1303 
1984 1989 169 37.02044012797522 1289 
1985 1990 160 49.45534631315263 1178 
1986 1991 160 25.95473478771504 1270 
1987 1991 173 30.21725808007063 1169 
1988 1991 168 29.718087934842863 1203 
1989 1992 162 33.03767391085637 1266 
1990 1992 169 24.562634261567126 1304 
1991 1995 171 20.517661003153833 1307 
1992 1995 173 15.673975361736394 1245 
1993 1995 169 16.480146433456554 1292 
1994 1997 171 28.90826683108144 1243 
1995 1998 174 15.526550665387017 1162 
1996 1998 173 15.946800331337752 1308 
1997 1999 158 23.415780154576233 1277 
1998 2000 172 39.32819362195555 1224 
1999 2000 159 20.283424743823456 1233 
2000 0 157 39.09264595741085 1247 
