1 6 165 77.43969518339615 3588 
2 10 158 71.57793767303193 3574 
3 10 147 31.041431637246845 3105 
4 11 149 54.54795986570072 3430 
5 13 152 49.804577253294156 3005 
6 14 164 18.636670917015195 3634 
7 15 161 8.784648638130466 3660 
8 16 148 68.70305177873131 3045 
9 17 153 70.77114497427941 3547 
10 18 166 65.00060480882532 3486 
11 19 152 7.391267320149276 3543 
12 19 147 35.450957993744346 3613 
13 19 154 40.764227722556804 3062 
14 20 156 76.60176504686778 3224 
15 21 149 59.267186774031316 3738 
16 24 165 30.945003860696495 3352 
17 25 161 74.20126907472758 3430 
18 25 167 62.06544400766607 3448 
19 28 151 73.45570415302397 3292 
20 28 167 19.396337646232617 3400 
21 28 155 2.9984384193467815 2910 
22 29 166 60.94980991187556 3466 
23 30 151 86.03561944857148 3761 
24 32 167 19.360852984271645 3271 
25 33 152 87.48593763101162 3362 
26 34 167 17.20173072340589 3224 
27 35 147 35.2820009707034 3283 
28 37 152 68.28195618057568 3083 
29 37 148 43.60036948904047 3072 
30 39 164 25.442927429104103 3400 
31 39 156 63.14045050385038 3347 
32 40 166 51.495708244982396 2867 
33 41 151 67.42809135872622 3338 
34 42 151 59.225504684599144 3003 
35 42 164 48.244350843737195 3753 
36 43 162 77.86676011057726 3006 
37 44 154 20.407616343290336 3398 
38 46 147 11.827649886148246 2850 
39 48 159 25.185241559322435 3195 
40 50 162 50.38444235873596 3377 
41 51 148 82.61114090486134 3367 
42 51 152 37.80352612725908 3715 
43 51 156 82.53613017503733 3707 
44 52 156 21.608942122101436 2925 
45 52 149 27.43613257276322 3402 
46 55 162 15.306659675284733 3042 
47 59 167 28.977443797151874 3543 
48 61 159 81.18814224149017 2935 
49 61 147 30.32394991789851 3114 
50 63 162 37.859730656855675 3359 
51 66 148 82.09017559634194 3153 
52 66 163 63.43724212281832 3622 
53 66 153 64.12643473489047 3088 
54 67 165 8.527518148283454 3594 
55 69 152 28.363060671150336 2856 
56 70 163 5.115207916659522 3639 
57 72 162 60.087206831970924 3096 
58 73 161 17.956054068228845 3677 
59 76 160 8.938202982838511 3255 
60 76 152 71.88606929018518 3169 
61 78 166 63.486624841350924 3098 
62 79 160 12.788340225805525 2972 
63 80 155 69.99291100249175 2878 
64 81 165 43.10872051056071 3120 
65 83 167 31.621211878978986 3149 
66 84 148 51.01855777022913 3052 
67 84 165 26.628797019345644 2804 
68 84 164 89.5104003303491 3024 
69 87 162 5.862525210941023 2801 
70 87 154 19.153784964881538 3618 
71 87 158 68.09972242772574 3269 
72 88 150 89.16707972789699 3211 
73 88 156 38.336306645886864 3412 
74 93 161 85.9393890372145 3522 
75 93 160 40.69546149603839 3543 
76 93 165 66.55175434919397 3139 
77 93 161 41.98703699742305 2940 
78 96 164 37.41655560111479 3338 
79 96 155 80.76872304780166 3369 
80 99 149 74.51926421504014 2979 
81 99 148 50.040626327371314 3440 
82 100 165 55.977454554622156 2959 
83 102 148 70.77095730436615 3058 
84 103 156 41.27469707843443 3589 
85 103 147 35.40634757599704 2981 
86 103 165 23.957371760618315 2890 
87 105 165 8.642408367493623 3367 
88 105 159 32.50652160009405 2994 
89 106 160 56.32081004102466 3376 
90 111 150 33.48257358130825 3249 
91 112 161 2.752321690662987 3607 
92 113 162 39.4153204164678 3405 
93 114 163 52.221450188296195 3309 
94 114 147 30.0655442061973 3296 
95 115 150 19.494188198712624 3599 
96 116 148 44.126912541202316 3653 
97 116 154 88.01995670109943 3033 
98 118 165 84.6536899719679 3530 
99 119 161 48.358383791816685 3135 
100 119 163 8.762263409283925 3583 
101 119 161 86.59139596022273 2767 
102 119 148 43.50445642858217 2902 
103 120 149 49.19521430674304 3279 
104 120 155 88.4396468358187 3490 
105 121 149 84.27857195574768 3721 
106 121 150 13.797739950038471 2952 
107 121 159 31.4158350406 3330 
108 122 147 85.89092336242535 3369 
109 122 164 49.032001072631935 3462 
110 123 149 32.87937315813314 3598 
111 123 154 72.0112530093338 3164 
112 124 161 81.6462268940114 2780 
113 124 152 65.7586040363089 3173 
114 126 165 81.28951597567666 3648 
115 126 161 79.20228197078445 3179 
116 131 165 53.08737938318088 3107 
117 133 166 51.405004477560794 3049 
118 136 157 44.96902914115452 3551 
119 138 167 39.47732080880322 3141 
120 138 160 82.74732117609214 3309 
121 140 152 11.380483064767985 3204 
122 140 166 13.96298261583411 3189 
123 142 166 88.97066571533583 3401 
124 143 167 72.6243110403257 3005 
125 144 161 88.89197564484012 3403 
126 145 159 59.87623490285135 2839 
127 148 159 16.839424184194076 3301 
128 149 163 28.52360963761131 3427 
129 149 162 57.99121010539853 3079 
130 150 159 4.016758597510334 3254 
131 151 167 23.980828490673026 3332 
132 152 161 69.40051524566098 3489 
133 153 165 19.495884596394113 3366 
134 153 148 17.694197066587673 2770 
135 154 164 74.19521624384947 2778 
136 155 163 46.49805698782524 3358 
137 156 160 70.87307452059564 3281 
138 159 165 87.99513318948739 2869 
139 160 164 75.91541515304777 3659 
140 160 159 26.31053330559588 3274 
141 160 147 75.13551622860376 3319 
142 163 155 87.70904364279423 3206 
143 163 152 35.80084008759338 3047 
144 163 165 64.29118889618732 3175 
145 165 156 64.21374075533905 2943 
146 166 159 1.7806986184297906 3433 
147 166 150 45.692901664489 3596 
148 168 163 1.3358426313708747 3758 
149 170 159 23.575269368330577 3238 
150 172 163 52.9938529916574 2887 
151 173 167 5.820824882723045 3394 
152 174 147 41.57294307958 3496 
153 175 156 31.477131889084127 3392 
154 178 157 78.55727504909211 3467 
155 179 167 14.194608802659232 3668 
156 179 163 11.649890044047362 3602 
157 179 157 71.60572748931473 3390 
158 183 156 64.04930690734254 3165 
159 184 159 45.116579574959495 3433 
160 184 164 3.7509286514205056 3042 
161 185 163 49.43649584723033 3406 
162 185 150 40.32306081416391 2840 
163 186 160 50.108468310249904 3331 
164 186 150 55.19504768283506 3153 
165 187 149 68.61798746369934 2791 
166 190 156 23.5841636887352 2890 
167 190 162 12.818232448615976 3204 
168 193 153 88.23580192332746 3675 
169 194 165 74.31062686223063 3313 
170 196 150 62.23579512466571 3754 
171 196 147 42.59115663556535 2935 
172 197 161 68.31764807660439 2937 
173 198 155 8.89782678396313 3627 
174 199 160 3.8880413582945708 2778 
175 202 166 30.516619631046474 2922 
176 202 157 6.612326316400126 3300 
177 203 148 25.694745829096327 3293 
178 205 164 7.942469041894494 3262 
179 207 149 5.202633077161658 3612 
180 207 154 12.025157902843617 2902 
181 209 150 11.275270762213125 3733 
182 210 163 69.48501796164578 3322 
183 214 167 23.532641731661272 3229 
184 215 147 71.40664966120929 2831 
185 215 167 34.92961648741054 3203 
186 215 153 70.60456189006904 3264 
187 215 159 67.53703703405829 2952 
188 216 156 85.08751402918591 3274 
189 216 160 63.6181058030066 2829 
190 217 162 10.729025442049274 3054 
191 218 163 11.848393266206273 3226 
192 218 149 85.39843906633045 3688 
193 220 159 67.49438475281364 2921 
194 221 150 82.22076096701214 3736 
195 221 155 40.22453448296228 3266 
196 222 150 78.15944370279666 2970 
197 222 154 6.936462263201193 3204 
198 223 161 68.42320854867405 3345 
199 224 156 15.019157118417814 3167 
200 225 163 81.65718833042783 2886 
201 227 166 25.662879521116484 3034 
202 228 159 5.885301440875281 2824 
203 229 158 50.887840903888154 3087 
204 231 150 76.69006591929936 3743 
205 232 166 56.94841536145586 3035 
206 232 163 86.14282469212144 3126 
207 233 154 18.69410176617192 3032 
208 233 149 11.034899838774725 2957 
209 234 150 32.00911203785199 2853 
210 235 166 52.81997687989123 2809 
211 237 161 59.28007577583353 2780 
212 237 151 75.24791443390154 3223 
213 238 157 41.37004856080431 2943 
214 240 162 7.059670967309845 3167 
215 241 148 29.052647083316756 3307 
216 241 166 70.25211319814457 3704 
217 242 153 64.31709944979244 3186 
218 243 149 31.891253543652926 3719 
219 243 160 78.36744333979932 2865 
220 244 167 22.439798373689776 3703 
221 244 155 86.70733889267328 3679 
222 248 155 67.11810267881916 2952 
223 248 153 13.789225331482816 3194 
224 248 161 80.69284752867097 3602 
225 248 150 54.46886689540476 2778 
226 248 147 65.9297192968159 3302 
227 249 158 49.069561920899524 3609 
228 252 166 52.26805730099315 3310 
229 253 165 26.538195037897513 3706 
230 254 166 48.03369090445389 2839 
231 258 150 21.40760507110209 3360 
232 258 153 17.111237744080523 3535 
233 259 167 4.415887755105482 2834 
234 259 159 87.83888308813202 2833 
235 259 159 6.8719289090671705 3090 
236 259 164 81.44956978798473 3177 
237 260 155 26.201912986254445 2956 
238 260 161 3.1722633404258116 2873 
239 261 159 21.881482171897378 3578 
240 262 151 41.709435901756855 2913 
241 263 155 44.378207703857036 2812 
242 263 147 1.5060412448064093 3522 
243 263 147 85.39193594494832 3266 
244 264 159 75.26457220248606 3081 
245 264 167 1.0314601133844805 3617 
246 265 162 13.848317025053623 2993 
247 266 156 43.141407624886796 3666 
248 267 166 58.52642432609374 2775 
249 267 150 31.71305312357868 3193 
250 269 156 36.897613840645455 3265 
251 269 165 67.84720860212346 3718 
252 270 158 19.33969502174234 2814 
253 270 149 87.93933866719476 3031 
254 271 155 49.377969764269864 3560 
255 271 149 32.47597287078966 3482 
256 272 155 87.2572208483576 3223 
257 272 164 16.914628795301443 2787 
258 273 148 24.526558712726178 3103 
259 274 155 46.161282550235235 3092 
260 274 156 30.182701041797753 3252 
261 276 153 18.822872497555537 3525 
262 277 154 85.20265595555657 3172 
263 280 159 67.09208771880292 3210 
264 280 165 42.18431761495554 3049 
265 280 156 75.2166824280634 3079 
266 280 166 57.54099580151205 2948 
267 281 167 67.46835718363829 3006 
268 281 151 29.922729608934436 3026 
269 282 164 39.38524484753758 3007 
270 282 161 20.983671642297228 3372 
271 285 166 6.7366390895989445 2774 
272 285 163 33.11783680051486 3659 
273 287 156 60.93364131359407 3305 
274 288 148 62.11643808868397 2778 
275 290 150 80.73085462444907 3343 
276 291 164 5.43825799145207 3125 
277 292 153 17.199084588839693 3070 
278 292 151 25.369797664777668 3418 
279 293 149 11.478294080374534 2962 
280 296 156 22.477349015074203 3544 
281 296 165 48.920499875419836 3102 
282 297 153 2.0695733051258025 3452 
283 298 152 57.11570289551818 3584 
284 300 153 26.741992583087626 3604 
285 302 150 1.326142289937223 3000 
286 302 157 17.546556833949165 3695 
287 303 163 61.278076902821105 2811 
288 305 151 53.38948308362013 3416 
289 305 150 26.28494106338879 2776 
290 305 158 21.999356370517603 3476 
291 305 150 65.14349276354363 3371 
292 306 153 10.072300932727787 3665 
293 306 158 47.46499637844184 3368 
294 308 148 82.01512421666713 3546 
295 309 164 22.575481952610577 2766 
296 310 163 70.98226069955089 3708 
297 312 148 89.3341227176769 3515 
298 313 148 72.88425352978605 3497 
299 314 151 64.12449544154819 3326 
300 314 164 21.134325776847387 3043 
301 316 161 34.7962056227953 3389 
302 317 164 60.410485028209166 3741 
303 318 166 75.04759892243474 3286 
304 320 161 84.32640484959789 3694 
305 321 158 32.79606983269822 3670 
306 321 164 25.266411521230243 2909 
307 321 167 36.189083717540946 3460 
308 321 161 35.53389372248102 2785 
309 322 152 11.040662793013107 3437 
310 323 150 39.17473872820051 2963 
311 323 162 8.186707129260231 3522 
312 324 160 1.40200099642757 3682 
313 325 151 71.2477363888774 3264 
314 325 164 18.5263161665435 2855 
315 326 165 34.70144585244 3590 
316 327 158 48.6585889824936 3705 
317 328 158 75.70504331957896 3663 
318 330 165 9.527847795436927 3151 
319 330 163 23.02070425627472 3054 
320 331 167 14.654291321119459 3284 
321 333 166 18.532140760757155 3545 
322 333 147 28.841679152703737 3656 
323 334 165 85.3703093427794 3700 
324 334 163 8.577555799982742 3612 
325 335 161 40.346687885164954 3703 
326 337 152 10.636855010336696 3009 
327 338 160 64.66814722652846 3716 
328 339 156 7.8869649413152185 2881 
329 339 159 69.13617439879856 3304 
330 342 167 68.20893005523622 2867 
331 343 161 26.051984043530318 3583 
332 343 160 56.902280854390824 3325 
333 345 151 59.210112807291736 3008 
334 345 160 27.286948424390786 3692 
335 345 165 4.08944083972089 3705 
336 345 156 35.66497085336251 3350 
337 346 162 83.02028650480099 2901 
338 347 166 56.117569021141016 2854 
339 353 165 53.6445580775442 3651 
340 353 152 24.413251403545747 3400 
341 354 156 68.56374840826531 3662 
342 357 150 31.78978394212116 2771 
343 359 153 45.22332846526107 3460 
344 360 167 78.12108094512496 2854 
345 361 150 31.520008304949712 3097 
346 361 166 16.95563478617578 3083 
347 364 164 6.302511467819456 2989 
348 366 161 48.34830218435859 2802 
349 367 161 41.68997296000632 3029 
350 368 157 19.843486439039083 3414 
351 369 161 36.66978436286687 3198 
352 370 149 68.34336210621451 3019 
353 371 148 21.86893168832074 3353 
354 371 162 87.61087792558446 3401 
355 371 162 77.96368194943354 3162 
356 372 166 55.852178578864184 3466 
357 374 151 6.0541597745081805 2911 
358 375 152 85.49568176462463 3201 
359 375 161 67.6801069322923 3193 
360 377 150 26.3621251564107 3639 
361 378 150 27.630944713685295 3283 
362 378 158 24.79321482903382 3060 
363 378 152 14.870813798789541 3313 
364 379 165 44.21322396868857 2970 
365 383 150 76.34868016808286 3745 
366 384 151 89.04095934618027 3434 
367 384 159 21.94582503945691 3087 
368 384 165 21.2938130838748 3263 
369 385 156 54.69099981515906 3344 
370 386 165 62.88350495149585 2842 
371 387 147 67.75695874875808 3667 
372 387 147 89.83411404714136 3572 
373 388 162 80.45070827276136 3034 
374 390 163 1.8449466340934548 3655 
375 393 166 70.07455091098728 3595 
376 394 153 47.057082720237034 3168 
377 394 162 22.502830870931025 2877 
378 395 161 8.558934963152426 3665 
379 395 158 40.6082577597767 3078 
380 397 158 7.371931904198959 3145 
381 397 161 28.099953129625927 2926 
382 398 153 46.18523599681939 3185 
383 399 166 60.365562238352396 3026 
384 401 149 52.55398068406009 2833 
385 401 161 46.11020045548588 3563 
386 402 151 72.71096897307918 3395 
387 405 161 75.36695840923797 3161 
388 406 166 71.44336316818006 3197 
389 407 160 19.976248065148933 3046 
390 408 162 50.71127925848868 2993 
391 408 167 21.42151290023677 3166 
392 408 158 82.60852427734224 3579 
393 409 157 31.055956403342826 3440 
394 409 167 38.27354561893374 3143 
395 410 155 78.44145735114712 3646 
396 410 162 77.52546409536573 3300 
397 411 160 86.85491498020697 3053 
398 414 163 88.98249640851583 3282 
399 416 166 8.419149410949412 2964 
400 417 149 8.498649671395002 3562 
401 420 156 15.605000186533257 3105 
402 420 163 51.00014190314261 2770 
403 420 154 47.896904608145064 3055 
404 421 154 59.064669920387836 3118 
405 422 148 43.260298555680045 2895 
406 423 156 40.7086691561764 3626 
407 423 163 61.692690070682595 2888 
408 425 157 55.318017578685335 3594 
409 426 167 10.261805383845223 3057 
410 428 152 57.0174678974157 3730 
411 428 167 38.47628097501372 3287 
412 428 160 6.088502018539429 3196 
413 429 158 47.764235510757565 3030 
414 432 161 33.80743854306823 3509 
415 432 148 31.20013915026089 3009 
416 433 155 66.41006347835702 3173 
417 433 155 12.023644496693406 2968 
418 434 151 85.13369747599442 3153 
419 434 164 51.42326361256137 3108 
420 435 150 45.33515774662446 3704 
421 437 149 80.65828177605796 3723 
422 438 151 86.2361047116616 3333 
423 439 160 19.397976074332842 2990 
424 440 158 22.541043576558856 3326 
425 443 157 60.76944744795511 3728 
426 443 158 29.929743789918692 2874 
427 443 160 71.91353257586611 3217 
428 445 150 26.951880394811727 3306 
429 445 162 54.0497311699047 3285 
430 445 160 66.47652458234373 3344 
431 446 153 19.16032612403504 2824 
432 447 149 70.81560910672792 2980 
433 447 158 63.94868180343359 2905 
434 447 155 39.956390841871354 3086 
435 448 163 27.026656935864033 3127 
436 448 155 47.972797295819625 3225 
437 449 157 45.3345066303103 3314 
438 452 154 54.373113423230215 3123 
439 452 150 87.42313558811524 3390 
440 453 164 9.168067379438039 3062 
441 454 151 88.21058050376952 3690 
442 455 153 76.81367365285803 3077 
443 462 152 15.50013521960941 2894 
444 464 153 60.42196776321549 3497 
445 466 165 66.44092223792022 3134 
446 466 152 78.69662892925017 3607 
447 466 160 80.34662063022401 2952 
448 467 154 49.61245818569069 3075 
449 467 156 43.617628899157474 2832 
450 467 156 8.903701649640606 3097 
451 468 153 39.35352665755467 2868 
452 470 148 32.992660674556994 3265 
453 471 150 56.19273964998326 3481 
454 474 154 32.43111094300173 2912 
455 475 166 68.12143369884474 3214 
456 476 163 9.272816922374869 2981 
457 476 164 36.416489892050095 3303 
458 477 167 51.830548543689794 2989 
459 479 167 5.607086997086636 2911 
460 479 160 7.0329345766401135 3746 
461 480 152 10.908591784238098 3086 
462 481 165 60.27127237574226 2820 
463 481 166 84.22233629543518 3390 
464 481 155 54.10643018817921 3746 
465 482 153 27.240273792246235 3411 
466 483 167 3.039637114391426 3510 
467 484 155 7.140206613623463 2896 
468 484 162 41.6324394460634 3155 
469 486 149 78.71907426339 3699 
470 487 153 72.8749014471815 3448 
471 487 147 56.774217411374856 3160 
472 490 159 25.50934632936562 3345 
473 492 151 83.26831975946781 2825 
474 493 150 12.572280874315256 3147 
475 493 164 74.4631477201398 3209 
476 495 160 21.393476039597118 3583 
477 496 149 3.6291006632986678 3717 
478 496 156 65.3130804101397 2911 
479 498 150 24.01943189068027 3138 
480 499 149 60.74971654524913 2927 
481 501 165 41.94663352985367 3618 
482 502 148 47.97787259097814 2819 
483 504 150 16.12039035826661 3662 
484 505 156 4.262194620557866 3570 
485 505 162 48.586512348040074 3509 
486 506 150 16.813111100902326 3531 
487 509 164 5.05230685614488 3075 
488 510 148 28.898489858491867 3529 
489 510 153 52.00562032561261 3590 
490 512 167 25.521413162280947 3174 
491 513 147 48.121821721642014 3109 
492 513 156 62.704883928139544 3354 
493 513 163 40.555450860668685 3610 
494 514 150 81.41802643941645 3346 
495 515 165 43.00486505291912 3691 
496 516 165 65.3872980985737 3658 
497 516 151 83.27813168020775 2828 
498 517 153 66.34777883146727 3058 
499 517 159 62.42728561530803 3148 
500 518 161 10.757224527506654 3629 
501 520 165 78.23638956240053 3494 
502 521 156 41.64913258010154 3348 
503 521 157 59.65739953158659 3519 
504 522 150 78.63313789636516 2933 
505 523 158 21.873936214107285 3283 
506 523 149 86.83649738087479 2909 
507 525 166 72.68942196551575 3109 
508 525 147 79.00909857459945 3069 
509 526 151 34.55085775381184 3543 
510 527 150 74.53124647087463 3742 
511 530 150 71.89086977307811 2835 
512 531 161 41.015347376195756 3142 
513 532 158 16.476413535063806 3227 
514 532 162 57.062427264525155 3554 
515 535 160 11.771517438192058 3023 
516 537 153 55.87448372816506 3612 
517 538 161 27.13698282124587 3701 
518 538 165 84.61644801124687 3496 
519 539 155 29.954367351617794 3509 
520 541 165 6.910171594327463 3215 
521 542 167 51.73147852815111 3545 
522 543 152 32.284514620932754 3512 
523 543 147 10.93825734082041 2878 
524 544 160 57.39970995066041 3362 
525 544 163 63.12340479758926 3224 
526 547 165 5.446867758724089 3135 
527 550 164 20.403842257605135 2794 
528 550 156 42.07545092154092 3377 
529 550 165 68.17901910429798 3270 
530 554 158 62.27194084447837 3203 
531 555 159 42.20629222128856 3159 
532 557 161 46.15535496311504 3000 
533 557 165 12.846271259964631 3706 
534 558 160 19.241463344573827 2907 
535 559 166 59.92919240424636 3149 
536 559 163 23.976262141625188 3270 
537 559 149 66.48050694465147 3032 
538 560 154 37.00481076663486 2880 
539 561 158 14.093574707077334 2855 
540 562 163 45.70958778396386 3265 
541 565 159 50.14834306658015 3018 
542 565 147 18.12560084934505 3621 
543 566 154 42.41594187471867 3384 
544 566 164 52.20697085599421 3035 
545 568 152 37.766351978371006 3261 
546 569 165 10.900772246391565 2802 
547 569 159 43.264222181635134 3078 
548 569 157 53.31106763726765 3324 
549 572 165 74.35176747282287 3315 
550 573 157 83.81837412371044 3729 
551 573 155 77.3529653761327 3752 
552 574 161 47.19475442494161 2992 
553 574 165 37.958700084300474 3530 
554 576 159 33.96534602823994 3637 
555 579 163 18.847537106905317 2802 
556 580 148 57.282020166468776 3537 
557 581 155 59.29773576497359 3737 
558 581 165 26.818707017163298 3735 
559 581 153 15.792447030423263 3170 
560 583 149 15.518192250919462 2963 
561 584 155 51.8778832894724 3111 
562 584 147 16.81145811180995 2950 
563 586 163 2.5485353889519806 3166 
564 587 151 27.391076849473713 2910 
565 591 167 1.478137788896128 3352 
566 593 165 17.4156825971368 3351 
567 593 165 76.63136367919272 3529 
568 593 151 18.599998599904374 3404 
569 594 161 53.64276287697474 3000 
570 596 155 21.647832843747818 3535 
571 599 157 57.58240570342609 3182 
572 601 148 53.063388378888234 3601 
573 602 158 28.359992100934583 3655 
574 604 165 48.69817895983505 3050 
575 604 161 52.85670026528164 3218 
576 605 165 53.900888412636384 3078 
577 606 162 42.825661412992 2764 
578 607 154 85.53580111640028 3407 
579 608 160 1.7676016327803508 3177 
580 609 156 23.203496343398555 3752 
581 614 164 60.2465916220443 3251 
582 614 157 35.18116901400138 3305 
583 615 164 1.8260900228371713 3653 
584 615 150 19.525570141360955 2773 
585 615 166 38.60279787291781 3157 
586 616 166 61.490306401156225 3500 
587 618 149 79.58716770303737 3159 
588 618 160 47.616775526401334 2980 
589 619 156 5.877531897898062 2875 
590 620 149 15.748023981184753 3552 
591 622 154 60.74086938755788 2972 
592 622 158 47.79329321818011 3608 
593 623 164 73.59917334044084 3564 
594 623 161 79.36128288597358 3643 
595 625 150 66.60509684800394 3214 
596 628 153 2.1395556943970777 3516 
597 628 153 63.56010725111425 3609 
598 629 163 1.3274895386150907 2802 
599 630 160 75.95723567991362 3388 
600 630 153 39.770641035607696 3335 
601 631 161 81.50229191373654 2774 
602 632 158 22.74888775438495 2907 
603 635 157 62.30261531870113 3165 
604 637 150 37.471472622491056 2897 
605 638 154 45.08898535759273 3756 
606 638 155 37.49941900795009 2762 
607 638 148 68.97641747322625 3044 
608 639 157 69.08046491018645 3502 
609 639 151 55.62534412546503 3600 
610 640 152 75.5238247993896 2988 
611 640 162 58.43868934586016 3239 
612 641 153 25.07967231195263 3030 
613 641 167 79.52481337016775 3316 
614 642 153 20.49554633088941 2905 
615 642 163 26.352178416734787 2881 
616 643 166 39.843434218492966 2847 
617 643 147 76.38186181134428 3463 
618 643 150 19.29566370771093 3091 
619 643 160 17.682792795082683 3493 
620 643 153 56.386250277551696 3405 
621 644 160 34.80271523809332 3015 
622 645 159 40.20139875218628 3716 
623 648 165 42.506375161766655 3286 
624 648 161 85.71997769566988 3108 
625 650 151 84.70099678292033 3138 
626 651 150 24.860769815269762 3385 
627 652 151 13.905150444933389 3463 
628 654 165 40.21035496806855 3000 
629 655 158 38.13908821336651 3101 
630 656 151 10.481610975007595 3208 
631 657 155 49.217627276237074 3210 
632 657 163 37.317668196980655 3407 
633 657 163 5.052883413111516 3535 
634 657 154 26.43492734075299 2790 
635 657 162 21.023914823464416 2989 
636 657 165 8.866867850999968 2836 
637 658 158 89.72063350704803 3119 
638 658 156 76.9879902172591 3248 
639 659 158 31.057919896058127 3142 
640 661 160 18.758952804778044 3186 
641 661 161 76.25243660919517 3131 
642 662 154 8.31362029986448 3184 
643 662 167 47.616364432729895 2938 
644 664 162 82.17608531218887 2926 
645 665 164 16.154830158104332 3627 
646 667 156 30.128522052292546 3316 
647 667 159 50.70976430727566 2862 
648 668 148 61.494825177799015 3370 
649 668 148 19.706889155618697 3273 
650 668 164 72.83048036235054 2922 
651 669 151 26.22542014465613 2971 
652 671 150 67.36705135486734 3371 
653 673 156 62.75285082057566 3119 
654 674 151 27.03722583784653 3637 
655 674 158 47.11691278375015 3255 
656 675 160 86.71620084448176 2975 
657 677 157 51.22553639647859 2852 
658 678 161 21.15370604228047 3578 
659 678 159 82.16318669132889 2946 
660 678 160 87.12420953231997 3138 
661 679 156 59.01837115309364 3669 
662 683 157 12.822085816049807 2982 
663 684 153 69.2946187023907 3341 
664 686 156 24.162225753664597 3637 
665 689 157 38.831291970746946 2769 
666 690 165 68.26913169099916 2777 
667 693 148 41.14330226625845 2822 
668 694 161 40.2650048924705 3271 
669 695 167 61.03859536282814 2973 
670 696 159 23.58970284919267 2771 
671 696 160 88.27713815710554 3694 
672 696 152 46.6460781609331 2770 
673 697 158 59.77085167122596 2954 
674 698 154 44.99891901425337 3726 
675 698 157 38.6431323256773 2842 
676 699 155 31.860812724685093 3049 
677 701 164 4.357652480210977 3285 
678 703 166 66.40044454693525 3719 
679 703 154 67.72705091059215 3380 
680 704 151 36.86788904576951 3067 
681 707 149 50.07383673752071 3037 
682 708 148 88.98146728787127 3284 
683 709 151 54.969556430046175 3455 
684 709 156 33.052595570588295 3410 
685 710 162 54.14428807151168 2935 
686 711 161 77.07361663536805 3656 
687 713 164 22.93823802244181 3311 
688 713 152 85.82379288845377 3716 
689 714 158 54.895106742144065 2981 
690 716 147 69.29738679407686 3506 
691 718 165 89.27277562927398 3649 
692 719 157 24.11687798480239 2978 
693 721 158 73.73660354043271 3062 
694 723 156 24.08450103898791 2812 
695 724 156 36.85363678583109 3304 
696 724 148 79.19960248419889 3345 
697 725 150 71.6898869824754 2823 
698 727 154 62.63359777824133 3432 
699 728 167 61.116095893559546 2893 
700 728 159 28.55779057450884 3081 
701 729 158 56.86244223539624 3314 
702 729 147 67.5230648735372 3635 
703 731 155 58.017865816595496 3634 
704 732 147 6.617515813343975 3402 
705 733 151 15.704609417107706 2962 
706 733 158 59.65487697598891 3042 
707 734 162 18.85869495846604 3345 
708 737 163 22.284287699207535 2969 
709 742 148 20.76564299746308 3441 
710 743 151 75.26665077023128 3441 
711 744 149 50.174987644498074 3200 
712 749 163 37.77875064662452 2779 
713 752 149 47.99480337236147 3355 
714 753 159 45.91908804502422 2847 
715 754 147 86.00191548629549 3127 
716 755 154 38.553779544893004 2864 
717 758 151 40.081666545835745 3227 
718 762 149 23.209518354771163 3519 
719 762 151 20.58496907871382 2978 
720 762 167 27.1703333388693 3343 
721 764 154 81.50686538188866 3576 
722 764 166 73.90595392875207 3093 
723 765 152 9.907074667332385 3087 
724 765 166 25.56240373294956 3350 
725 766 156 12.71543708620789 3222 
726 766 155 75.62182243873593 3032 
727 767 154 8.573434044825074 3282 
728 767 163 80.10534727424898 3078 
729 768 166 56.18084325672273 3173 
730 769 163 57.122874160424935 3562 
731 770 158 55.13198163293903 3248 
732 770 165 50.76586599228504 3724 
733 771 161 8.474387056897429 2995 
734 771 147 77.31896325805528 3387 
735 772 154 48.2902552729064 3280 
736 772 164 68.9565311529594 3561 
737 773 153 54.62846423067227 2923 
738 774 164 51.45486924987116 3365 
739 775 156 67.75935928639802 3003 
740 776 149 18.640859497801298 3274 
741 778 153 33.75199126909706 3246 
742 779 152 63.3372884414398 3603 
743 779 162 28.620658969115432 3244 
744 780 155 37.774463471182806 2823 
745 780 160 57.63162417202071 3312 
746 783 155 25.091577955998417 3205 
747 783 158 6.381589839561037 2782 
748 784 156 88.69672674995532 3426 
749 786 164 89.2904102684858 3229 
750 786 159 53.6884178176248 2788 
751 787 165 13.090423442826499 3704 
752 788 158 20.718995357587712 3148 
753 792 166 37.06587713022208 3639 
754 793 160 45.10411375660749 3392 
755 793 161 65.08091210674918 3743 
756 793 167 9.626389824040071 3716 
757 793 149 70.89853767186653 3661 
758 796 155 14.342874294425224 3492 
759 798 149 89.92012305879341 3265 
760 798 166 50.16661918384664 3431 
761 802 155 30.524481772155323 3649 
762 803 147 22.834488653086638 2977 
763 803 153 61.719537347649315 2838 
764 804 162 80.04041475188242 2814 
765 806 147 80.49628205200601 2901 
766 807 151 28.40870757303025 3612 
767 807 157 72.0896193798347 3299 
768 809 159 47.255474639832215 3395 
769 809 161 75.95330832015064 3733 
770 810 155 51.56551850835816 3378 
771 810 153 48.89809218480889 3141 
772 810 157 58.73315183108466 3679 
773 812 165 34.56095217619779 3338 
774 812 160 77.94939751262301 3639 
775 813 151 31.899082580177808 3647 
776 813 154 6.520624827847776 3017 
777 813 160 79.7036802716501 3009 
778 813 158 68.32237071306064 2876 
779 815 167 41.58055887924956 3233 
780 815 153 25.27982065745512 3627 
781 815 147 17.481889219122202 3681 
782 815 148 48.026052266921454 3032 
783 816 148 74.0744232598736 3256 
784 816 153 25.79361519428901 3511 
785 818 152 22.158151256152287 2952 
786 819 151 4.433032962884218 3389 
787 819 159 11.849997950400574 3307 
788 820 165 15.055957137316003 2804 
789 820 157 29.046672884811205 3162 
790 822 159 74.9881307815601 3158 
791 822 166 32.052556839232935 3473 
792 824 166 40.65437291636219 3166 
793 824 163 84.63053703191054 3291 
794 824 161 3.419909745044794 2868 
795 825 164 3.754125730834242 2779 
796 826 159 86.488937631864 2923 
797 827 150 72.62358317679076 2942 
798 827 156 12.59804239155329 3587 
799 828 151 63.524717515140885 2880 
800 829 164 88.51903139624756 3742 
801 830 152 72.86141112807185 2949 
802 831 160 23.273822778419156 3010 
803 832 151 55.394836401099674 2817 
804 833 166 30.250190061885775 3318 
805 836 153 15.151478399721563 3373 
806 838 164 22.065027199114787 3549 
807 838 150 59.942109221612306 3149 
808 838 155 83.98734432571737 3130 
809 839 167 69.67611028461707 3614 
810 839 162 59.86636963208409 3391 
811 841 163 74.10286147442612 3488 
812 842 159 26.92831697804562 3076 
813 843 151 7.399691151469686 2828 
814 843 166 7.4308190311316 3733 
815 844 161 43.44962130903206 3012 
816 844 153 74.87804560319866 3731 
817 846 153 74.59320242837829 2941 
818 846 159 4.627771943825742 3148 
819 847 157 65.8598700109937 3360 
820 847 167 53.713127197991625 3171 
821 847 155 28.944371762338392 3375 
822 848 158 47.96119974379616 3390 
823 850 151 6.244480927410221 3010 
824 851 164 64.54038474012509 3672 
825 851 150 34.891201177495304 3066 
826 852 164 23.37280222206436 3334 
827 852 155 54.56070726742997 3231 
828 852 159 30.083712335510832 3393 
829 852 156 14.95912193444073 3096 
830 852 165 12.473708612391745 3507 
831 854 159 31.402338320107912 3158 
832 856 151 27.581643717937393 3671 
833 856 163 53.07710250376268 3411 
834 856 165 34.41001402785881 3083 
835 856 166 45.75298666732013 3436 
836 858 166 27.7724671430669 3693 
837 859 165 75.68190293936115 3230 
838 862 165 57.96659808670235 3453 
839 862 152 62.76209517261394 3546 
840 862 153 21.29785540289455 3248 
841 862 153 3.6137706773556895 2831 
842 869 163 58.97306032845033 3334 
843 872 156 88.31272030953535 3403 
844 873 149 62.01068175315791 3240 
845 873 164 34.72223738244426 3430 
846 874 150 8.350580811483118 3474 
847 874 165 44.10816321587919 3362 
848 874 162 7.508259356013417 2793 
849 876 165 34.2813447528462 2783 
850 876 160 38.6213241217032 3508 
851 880 158 87.67546956045842 3225 
852 882 152 88.2741575640933 3640 
853 882 153 80.59355320388777 3276 
854 883 160 40.049813868883994 2826 
855 884 160 80.93129256849794 2853 
856 888 151 18.120698440350157 2829 
857 889 161 17.32662198559183 3415 
858 891 162 36.39203170469903 3564 
859 891 155 79.18393839042555 3328 
860 891 164 50.19569920180534 3233 
861 894 152 52.329886216597956 3479 
862 895 158 76.91151080648547 3160 
863 895 158 35.09545732406099 3131 
864 895 151 3.3493022691012264 3477 
865 895 152 84.23001547453205 3487 
866 896 163 26.02550197717267 3456 
867 897 163 7.28441697954776 3392 
868 898 164 2.065359140882837 3147 
869 899 155 55.248010256383964 3027 
870 900 152 42.571558356485674 3569 
871 903 153 7.308436235025002 3056 
872 905 167 21.092732458879112 3277 
873 906 153 72.96067250945231 3420 
874 907 150 51.45370895781919 3238 
875 907 149 79.06848762262425 3537 
876 907 156 83.17285387844237 2885 
877 907 166 11.045957407708576 3135 
878 908 163 50.97392665219272 3550 
879 908 156 58.541340904402986 3179 
880 909 157 20.453931681654343 2970 
881 909 160 2.0845880206792016 3345 
882 911 165 64.04850134415062 3539 
883 912 148 36.83209739905133 3540 
884 915 159 3.2318885517578426 2864 
885 917 157 70.15625094653943 3137 
886 919 155 43.75115214731259 3025 
887 919 153 42.78862610369557 3012 
888 920 154 78.32637646049528 2878 
889 921 148 84.52833502181616 3498 
890 922 148 54.10886621043981 3048 
891 924 166 18.475207810799937 3002 
892 924 165 58.81600040028581 3406 
893 924 152 4.192220701936822 2972 
894 925 148 64.86782259837545 3097 
895 926 152 20.943267205403597 3737 
896 926 160 39.220140233991984 3688 
897 926 155 36.664396728615806 3046 
898 927 166 81.15414094000359 3088 
899 928 167 15.936945641181556 3755 
900 928 159 77.06219479945149 3656 
901 930 159 42.77580039112943 2899 
902 931 156 33.75207773354246 3734 
903 931 167 2.2502061725199622 3683 
904 932 152 2.494538784899375 3552 
905 934 156 19.883062393314674 3368 
906 936 157 44.94384101130518 2779 
907 936 153 16.22651297090603 2849 
908 937 154 6.865963526949413 3584 
909 940 150 84.24587656234716 3668 
910 940 167 53.30027007592226 2936 
911 941 148 1.1858042389814623 3290 
912 942 152 40.83037142276009 3100 
913 943 156 3.6845848886389367 3492 
914 943 160 85.73426002902036 3206 
915 944 152 53.488635752739484 3447 
916 945 161 77.52934588159629 2772 
917 946 167 10.14995661332026 3298 
918 946 160 79.83132192620143 3060 
919 948 149 48.41629421056039 3367 
920 949 156 18.286207679232344 2932 
921 949 151 19.00953709794822 2803 
922 949 149 57.8162843530392 3458 
923 950 149 56.00870040234108 3149 
924 951 147 64.54684134005726 3638 
925 951 164 77.92069165105372 3708 
926 952 150 85.6677037302737 3461 
927 952 155 23.893710654817628 3464 
928 953 147 60.875183273675106 3742 
929 953 153 49.35122794349018 3693 
930 957 159 78.63983245427328 3573 
931 957 160 34.786270718021996 3033 
932 959 147 22.50514878470922 3477 
933 961 147 54.23242998015137 3569 
934 962 164 35.53871758636567 3307 
935 965 157 82.44415748911891 2970 
936 966 156 84.66171600706222 3111 
937 966 161 10.068908297522874 3274 
938 966 161 25.382312079688244 3000 
939 967 160 60.618617048466085 2875 
940 968 149 36.7901125137038 3121 
941 968 164 59.2746745041259 3608 
942 968 153 83.83531085086679 3569 
943 968 163 66.13591799467419 2795 
944 970 155 51.18217096909265 3161 
945 970 165 34.13964952350757 3738 
946 974 157 32.73343076751619 3034 
947 974 151 81.09174923540479 3564 
948 976 164 57.16838470632671 2883 
949 976 157 17.13756154663122 3615 
950 977 165 50.495833084382 3626 
951 977 151 20.213234761911416 2962 
952 978 167 89.12086466535786 3451 
953 978 155 86.47173150535308 2815 
954 978 158 67.79495509602626 2973 
955 978 165 66.37581333541696 3522 
956 980 157 21.096988825848268 2946 
957 981 165 62.734123169879446 3729 
958 983 150 83.32375907465604 3337 
959 983 160 8.983843050479605 3442 
960 983 148 82.5165764239177 2887 
961 984 152 86.20886264752792 3474 
962 987 156 24.490612815900008 2940 
963 987 159 61.45687373171178 3043 
964 988 147 23.31154399243722 3171 
965 989 165 10.92667709875914 3437 
966 991 148 11.585214081965587 3409 
967 992 147 1.6250874708017555 3201 
968 993 149 50.878045603403535 3411 
969 993 162 24.581504438651386 3676 
970 993 155 45.49717741225163 2783 
971 993 155 54.249771504841284 3305 
972 994 151 30.78044726749861 3123 
973 994 162 46.68966918370857 3661 
974 995 149 82.53273863951482 3336 
975 996 161 28.350208320140442 3389 
976 997 152 45.562759327636996 3609 
977 997 161 85.85244352154932 3283 
978 999 161 42.19801026055895 3046 
979 1000 166 34.02826880920913 3541 
980 1000 153 16.676348972979582 3042 
981 1003 162 63.57616477780492 3424 
982 1005 154 82.01543094731058 2793 
983 1005 159 37.73038605452726 3562 
984 1006 153 60.232043303595844 3710 
985 1007 151 77.64666093501167 3488 
986 1008 150 44.56274432319776 3423 
987 1009 147 79.23766768104055 3449 
988 1009 159 13.53338884364288 2891 
989 1009 154 56.05509961119716 2932 
990 1010 165 24.018890521328032 3357 
991 1011 148 5.5517691945535805 2973 
992 1011 165 89.32334524608997 3564 
993 1012 150 32.278648458942044 3361 
994 1013 151 54.85567395586579 2914 
995 1015 149 7.923488738886206 3754 
996 1016 147 61.00661554037032 3032 
997 1016 165 29.445973805474235 3688 
998 1017 150 9.949558880861932 3577 
999 1018 155 46.321394332434366 3286 
1000 1018 150 44.07386085342667 3423 
1001 1018 157 63.233654206204356 2813 
1002 1018 151 31.45917287631767 3654 
1003 1019 159 83.15800651421596 3042 
1004 1020 152 41.922140739481144 3174 
1005 1021 159 58.057027218714346 3561 
1006 1022 156 89.23633120627596 3666 
1007 1023 147 14.053182059337612 2846 
1008 1023 167 44.519272604082985 3409 
1009 1026 157 2.4991111977518643 2807 
1010 1026 162 3.569452951448193 3005 
1011 1027 164 77.86679869466084 3529 
1012 1030 160 30.241228253245115 3566 
1013 1030 152 68.37583165746648 3639 
1014 1032 163 23.343997043316385 3066 
1015 1033 155 70.99614285219518 3317 
1016 1034 157 83.44037357341223 3153 
1017 1034 157 79.83788666464696 3623 
1018 1035 147 13.292739177471676 3253 
1019 1036 150 11.716231332432876 3582 
1020 1039 152 43.98296664288558 2829 
1021 1040 154 19.542661603532004 2894 
1022 1040 163 44.27119381609213 2836 
1023 1045 149 29.128177687519948 3491 
1024 1045 161 81.80452351118663 2879 
1025 1047 153 26.945099932820057 3211 
1026 1049 162 7.4905142219469365 3236 
1027 1050 148 3.2015341950737497 3139 
1028 1050 167 33.922122851739736 3328 
1029 1050 157 28.896856902935802 3274 
1030 1052 157 41.581393200751194 2994 
1031 1052 162 70.6676585288004 3642 
1032 1052 152 59.369039007050645 3461 
1033 1053 155 48.26933423217242 3500 
1034 1055 152 80.9874105816345 2943 
1035 1058 150 54.330533366374205 2836 
1036 1058 156 79.89631069706276 2912 
1037 1058 149 35.95722915452437 3256 
1038 1058 155 14.276847055279895 2930 
1039 1058 164 3.686670724395749 3251 
1040 1060 161 41.94000759302664 3359 
1041 1061 167 63.53722327992164 3392 
1042 1062 157 25.32593829668202 3150 
1043 1063 147 27.12268213097932 2891 
1044 1063 164 70.05943888082906 3448 
1045 1064 152 75.41496575884419 2840 
1046 1064 166 56.37871041540036 3492 
1047 1067 165 72.71161182651447 3157 
1048 1068 157 69.84743607867178 2883 
1049 1069 151 39.26322757742211 3177 
1050 1071 155 38.265204178840435 2963 
1051 1074 157 57.149459203176605 3538 
1052 1076 159 59.651710350477174 2840 
1053 1077 150 84.76411114170052 3182 
1054 1077 152 5.97490530220294 3105 
1055 1079 163 55.3396866166051 2861 
1056 1079 166 88.10346982477108 3669 
1057 1081 149 61.2402508294483 3724 
1058 1082 165 26.206907976061373 3544 
1059 1082 152 3.1853422990447715 3500 
1060 1083 159 88.35613748936228 3183 
1061 1083 161 80.81278501916454 2935 
1062 1084 157 19.454397727216442 3039 
1063 1088 164 57.0696530566947 3634 
1064 1089 150 17.714634903988497 3279 
1065 1089 156 18.356157040537866 3501 
1066 1090 160 28.308284244657642 3505 
1067 1091 147 3.3256875823276935 3311 
1068 1091 160 32.80990214006249 3268 
1069 1092 152 37.26788431640869 3239 
1070 1093 149 83.95093799767973 2921 
1071 1095 161 31.004311877824907 2946 
1072 1097 154 56.44076379632057 3082 
1073 1098 159 80.034239375265 3063 
1074 1098 162 88.0212693000795 3336 
1075 1099 148 67.2528395718972 3576 
1076 1101 148 55.61742729001228 3367 
1077 1102 149 28.704454042267766 2925 
1078 1102 151 1.016392787240049 2939 
1079 1103 160 24.05021453880055 3313 
1080 1104 165 36.60714694946868 2958 
1081 1105 160 76.9250413528857 3055 
1082 1107 147 61.94587873369657 3536 
1083 1107 156 47.292651219263895 3396 
1084 1107 154 25.774023382817354 3597 
1085 1107 163 72.49679271905318 3662 
1086 1109 152 37.09468810874183 3258 
1087 1109 161 80.21834940708399 2879 
1088 1110 150 41.66430856320637 2913 
1089 1114 167 6.21504098545755 3404 
1090 1115 157 4.1065006978973155 2848 
1091 1117 151 48.30133836507946 2948 
1092 1118 166 60.71142525033301 2972 
1093 1119 160 3.1942902257959975 2933 
1094 1119 158 55.21421465298344 3218 
1095 1121 158 14.415256432836534 3072 
1096 1124 150 2.152412160028196 3068 
1097 1127 148 89.31819140817039 3604 
1098 1127 155 77.26665592533432 3541 
1099 1127 148 16.67475203833898 3200 
1100 1127 156 38.274855170334796 3089 
1101 1130 159 22.687020810519588 3359 
1102 1130 166 35.07283324059203 3462 
1103 1131 153 46.174176643108886 3407 
1104 1132 157 47.93254815782022 2967 
1105 1132 147 26.864898603273488 3185 
1106 1138 151 34.01210432644877 3735 
1107 1139 151 65.25423285670044 3736 
1108 1139 166 26.71560799758263 3382 
1109 1140 161 4.456788543047713 2815 
1110 1142 152 78.900463557552 3161 
1111 1147 164 69.5692177215379 2922 
1112 1147 147 61.05070334450601 3119 
1113 1149 160 67.03567436203264 3761 
1114 1150 166 48.20006045288772 3331 
1115 1150 166 57.99340407989223 2880 
1116 1151 156 86.0623261045598 3136 
1117 1152 161 16.419492225254324 3530 
1118 1154 163 39.00091905721515 3550 
1119 1154 156 46.234007836893554 3028 
1120 1156 150 41.17219779552681 3448 
1121 1157 160 17.789376986051543 3664 
1122 1158 165 52.44559232984093 3123 
1123 1159 150 12.930395798642538 3528 
1124 1160 166 72.20605015610492 3047 
1125 1162 162 89.87130437340389 3245 
1126 1164 156 72.84494580210446 3088 
1127 1166 153 72.17932111749944 3344 
1128 1167 153 68.23317701446695 3470 
1129 1167 156 78.85214282007693 3755 
1130 1169 162 37.434946673071366 3395 
1131 1169 161 81.52102793746609 3503 
1132 1170 149 37.043688169949604 3753 
1133 1170 167 54.8967340538473 2876 
1134 1170 166 84.65491702907852 3485 
1135 1171 149 76.6603353109801 3026 
1136 1171 148 8.905068137532098 3080 
1137 1172 156 50.86063174012835 3521 
1138 1173 163 87.4639147025843 3454 
1139 1175 160 4.833213661921238 3155 
1140 1177 154 23.558323039968684 3075 
1141 1177 156 48.79338037179874 2860 
1142 1178 156 13.139782553032296 3048 
1143 1178 157 69.10882185001954 3481 
1144 1178 167 58.711295980786566 2938 
1145 1179 157 51.48699987595512 3304 
1146 1179 158 4.675244695782841 3129 
1147 1179 149 6.601579797444746 3524 
1148 1179 159 22.089077477713495 3381 
1149 1181 147 60.40638381864938 3315 
1150 1181 161 9.13930098602166 3246 
1151 1181 167 86.87072474576783 2892 
1152 1182 163 67.46387135076938 3385 
1153 1183 154 68.78080059640564 3689 
1154 1185 155 35.95455288880067 2913 
1155 1186 165 81.74400350080568 3280 
1156 1188 160 57.246556622304276 3092 
1157 1193 162 36.96018203841122 2888 
1158 1193 153 7.789369263622488 3431 
1159 1195 148 79.18135249474024 3024 
1160 1197 167 23.772569414476994 3243 
1161 1198 163 82.46155136554353 3587 
1162 1198 150 4.848101960454002 3271 
1163 1199 165 82.98338427723723 2906 
1164 1199 166 8.346572069513908 3180 
1165 1201 157 4.3279539321520915 2943 
1166 1202 149 48.597167183800664 3575 
1167 1202 157 63.129132311437125 3751 
1168 1202 151 89.3980290515744 3117 
1169 1203 166 27.27106517250742 2923 
1170 1204 149 66.36544052374919 3607 
1171 1204 148 20.639685996735814 3539 
1172 1206 164 38.01727334364486 3040 
1173 1207 159 56.957162508681684 3756 
1174 1207 166 82.80100513668188 2808 
1175 1208 153 19.252064091454006 2875 
1176 1209 155 42.029060658202425 3610 
1177 1211 163 24.839790152946033 3105 
1178 1211 157 61.162765943666756 3207 
1179 1213 149 30.527805555649934 3609 
1180 1213 148 13.93405633575093 3754 
1181 1214 167 55.46189088080024 2765 
1182 1215 162 68.07956557516228 3397 
1183 1216 157 88.08742987324064 3680 
1184 1216 164 9.351712721130857 3194 
1185 1218 161 74.50884135202915 2822 
1186 1218 155 68.04582363212437 3730 
1187 1218 162 47.42456870487186 2926 
1188 1219 151 6.266667574996705 3182 
1189 1219 162 71.97130065103548 3167 
1190 1220 158 19.29148030775587 3465 
1191 1222 150 58.75967629998218 3682 
1192 1223 153 47.63274802726577 3746 
1193 1228 149 25.755246577805938 2797 
1194 1228 161 25.36124503440016 3396 
1195 1233 153 81.88971640996503 2891 
1196 1234 153 27.704107594219717 3117 
1197 1235 157 48.14748871528721 3222 
1198 1235 164 21.38206869002044 3421 
1199 1239 167 73.37289451996219 3325 
1200 1241 158 74.19167510101992 3373 
1201 1242 160 39.62945926325102 3259 
1202 1243 156 19.73761485395036 3304 
1203 1246 153 77.84030403117144 3531 
1204 1246 156 19.054131023979497 3576 
1205 1246 166 10.933994995819672 3455 
1206 1248 148 9.533079295645162 3626 
1207 1248 148 21.837777154357237 3400 
1208 1249 162 89.52740046974874 3421 
1209 1250 166 25.74048176482066 3400 
1210 1251 155 73.33605688916734 3498 
1211 1252 154 89.77281996520408 3744 
1212 1252 167 13.749632631721411 3032 
1213 1253 167 2.5537697806304918 3198 
1214 1253 158 25.970090712576695 3657 
1215 1254 157 30.179963419566764 3106 
1216 1254 149 66.8510814885738 3603 
1217 1255 154 28.179104064031208 3273 
1218 1257 150 71.17891232194788 3703 
1219 1257 164 62.810017068382194 2957 
1220 1257 154 20.14154162800737 3259 
1221 1257 147 29.49177637457505 3221 
1222 1258 163 57.35559923271853 3585 
1223 1259 164 46.691726571285464 3133 
1224 1259 150 35.43330595997292 3508 
1225 1260 161 52.03864030316291 3625 
1226 1262 149 48.716739499613944 2958 
1227 1263 147 25.87465770544579 3378 
1228 1264 150 20.155693797256472 3205 
1229 1265 151 41.734310206898726 3434 
1230 1266 147 79.23607668971587 2872 
1231 1268 161 60.55582906640335 3714 
1232 1269 159 20.62747110908937 3286 
1233 1271 163 26.018527673643153 3000 
1234 1273 159 24.08093297565689 2915 
1235 1274 153 89.30279569774783 3231 
1236 1274 156 84.05194568213996 2809 
1237 1274 166 57.8910846011808 3294 
1238 1274 161 36.3208136784814 3038 
1239 1277 160 42.190090628647376 3721 
1240 1277 150 11.963756845946111 3725 
1241 1279 166 81.29896821205797 3110 
1242 1281 151 58.32399702573597 3600 
1243 1282 148 63.251180839670056 3327 
1244 1282 166 82.08772528968062 3542 
1245 1282 148 25.74198524193413 3353 
1246 1284 147 46.809609019706535 3200 
1247 1284 164 35.855965257864646 3332 
1248 1285 161 78.30846564264782 3148 
1249 1288 147 58.96613214243252 3428 
1250 1289 166 20.366434206789272 3187 
1251 1289 156 67.00918248605979 3471 
1252 1291 155 44.81970988715519 2894 
1253 1291 158 45.20792047296035 3743 
1254 1293 166 44.38181777701614 3648 
1255 1293 166 29.414010433703236 3399 
1256 1297 151 23.192195192454395 2820 
1257 1299 167 77.13342674444583 2877 
1258 1300 165 32.608073922315796 3644 
1259 1301 149 52.745367705736896 3196 
1260 1301 166 74.49689372981183 3591 
1261 1302 162 61.660649009841165 3655 
1262 1304 159 25.412241280044036 3492 
1263 1305 164 37.483297599147114 3210 
1264 1306 153 29.501011176977368 2853 
1265 1306 153 69.07026053731815 3244 
1266 1306 151 83.4686885352289 2951 
1267 1307 152 56.71010106245101 2790 
1268 1314 148 39.66967944074274 3192 
1269 1316 152 70.42870831902596 3204 
1270 1316 164 84.06598630955627 3650 
1271 1317 162 69.57643697589977 3219 
1272 1317 158 62.70949664167852 3580 
1273 1323 147 82.60104304450527 3504 
1274 1324 152 86.9223647759633 3688 
1275 1325 160 44.777699265036816 2907 
1276 1326 148 36.66516573906342 3211 
1277 1327 167 46.50046766158918 3710 
1278 1327 166 51.361965121613764 3168 
1279 1331 147 31.138687346387915 3259 
1280 1333 158 21.872569375370706 3659 
1281 1334 154 29.80436464480613 3281 
1282 1334 166 18.119533393473358 3415 
1283 1334 157 22.956232698862824 3584 
1284 1335 147 2.339030323215174 2959 
1285 1335 163 17.115104160933377 3664 
1286 1335 148 44.709520548193 3694 
1287 1335 154 58.481285400533906 2891 
1288 1336 150 38.46730085940123 2894 
1289 1336 160 4.344731642822815 2966 
1290 1336 167 71.7050176330189 3305 
1291 1337 152 9.523485268971028 3385 
1292 1337 155 39.512014364401615 3748 
1293 1338 150 37.173568031827116 3730 
1294 1338 156 31.20347012818593 2869 
1295 1339 160 66.44675767234038 2896 
1296 1340 163 48.22809935932665 3448 
1297 1340 157 62.089641559065086 3544 
1298 1340 158 72.78877903954783 3422 
1299 1341 153 25.074546121637802 3621 
1300 1341 155 47.907687877842285 3424 
1301 1342 164 51.9650752839061 3518 
1302 1342 167 33.80553475722107 2994 
1303 1343 161 17.80810324640873 3277 
1304 1347 167 41.26595274779318 3519 
1305 1348 163 86.45492328600142 3396 
1306 1349 155 85.56768298206201 3004 
1307 1349 158 66.95452832771731 3253 
1308 1349 158 22.821626888012055 3761 
1309 1349 165 60.079237194975775 3413 
1310 1349 161 21.807697238285378 3290 
1311 1350 150 77.1570199504158 3217 
1312 1351 166 31.922402827043722 2972 
1313 1354 163 20.109666333371642 3258 
1314 1354 149 81.02981591787828 3113 
1315 1355 148 65.54079271599117 3521 
1316 1355 152 12.097901750425052 3471 
1317 1356 159 10.262104482185483 3153 
1318 1356 151 32.276127141622325 2933 
1319 1357 152 46.26605835626476 3043 
1320 1357 156 13.06239794521428 2865 
1321 1357 160 55.85286904968788 3519 
1322 1359 149 51.57926694973758 3332 
1323 1360 163 75.91402602080258 3256 
1324 1360 150 55.86247224300502 3147 
1325 1361 167 15.87739277673336 3130 
1326 1361 160 83.34444483945222 2797 
1327 1362 154 1.1858319903927756 3524 
1328 1363 162 25.411046707369778 2931 
1329 1363 161 83.34362494575272 3333 
1330 1365 156 45.84354926375873 3171 
1331 1366 152 87.58909809402792 3751 
1332 1366 156 9.311494669346056 2891 
1333 1366 154 36.201018991161035 3522 
1334 1367 157 68.38933381886669 3083 
1335 1367 161 12.429022500611572 3570 
1336 1368 161 73.00294993440286 3126 
1337 1368 165 37.474198554691675 2957 
1338 1368 150 35.146131994239475 3749 
1339 1369 157 48.42522424572625 3130 
1340 1370 157 19.601278725901768 2896 
1341 1371 158 69.77080430847069 3594 
1342 1371 153 21.08201950698892 2991 
1343 1372 147 29.930501803498125 3663 
1344 1373 157 48.80562806622244 3188 
1345 1373 160 53.612780538330355 2777 
1346 1374 153 25.64020855813578 3722 
1347 1375 149 8.309902192860083 3502 
1348 1375 152 55.592285758464456 3710 
1349 1377 161 71.93386331101152 3389 
1350 1378 150 43.53535200843695 3046 
1351 1378 159 23.91445780772947 3735 
1352 1378 167 70.81560388768713 2786 
1353 1379 162 63.19564313799512 3381 
1354 1380 157 30.26795355081956 3376 
1355 1380 165 16.473487134236308 3071 
1356 1381 151 54.04391116373239 3014 
1357 1382 156 17.764194321689597 2825 
1358 1382 155 65.36192845322238 3170 
1359 1385 155 38.91275133675336 3493 
1360 1386 147 40.41514261310656 3241 
1361 1386 155 59.89737226540435 2827 
1362 1389 147 8.90406522963789 2869 
1363 1389 148 60.87596307552984 3466 
1364 1389 163 16.10853377557479 3317 
1365 1396 152 66.66401203996499 3064 
1366 1397 160 59.354401369287864 3546 
1367 1401 156 86.26533104893684 3402 
1368 1401 149 32.23219838073423 3017 
1369 1403 157 27.163058220834014 3060 
1370 1403 149 39.14158449545507 3436 
1371 1404 164 50.71106310206931 3249 
1372 1404 157 9.643637708875723 3321 
1373 1404 166 29.47081258331945 3248 
1374 1406 156 63.829312651946246 3148 
1375 1407 166 75.62185353714447 3165 
1376 1407 154 58.548332843075116 2959 
1377 1408 150 45.056921659809575 3064 
1378 1408 149 29.95546800873553 3678 
1379 1409 147 64.28859667745301 3554 
1380 1410 166 33.48817252430977 3678 
1381 1411 162 86.3273526364654 3739 
1382 1412 160 51.35034412229493 2845 
1383 1412 150 62.54701952698197 3695 
1384 1412 151 87.27109632474999 2854 
1385 1413 166 18.454435008368034 3047 
1386 1414 155 52.09033953735786 3290 
1387 1414 160 59.72781855708053 3415 
1388 1415 151 72.9153450146429 3139 
1389 1416 161 80.03578581617397 2931 
1390 1418 150 13.1176580321061 3701 
1391 1419 147 25.908896324337793 3050 
1392 1420 167 40.26775591583993 3334 
1393 1420 152 29.07433536171536 3622 
1394 1420 161 5.411389359328448 2868 
1395 1422 154 71.57804603292377 2998 
1396 1423 154 28.5918846862312 3075 
1397 1424 156 52.425515635405034 2978 
1398 1424 147 37.946067123385504 3187 
1399 1424 148 11.374770622466283 2865 
1400 1424 163 44.20379106276301 2857 
1401 1426 166 62.61330603757775 2846 
1402 1426 155 73.80167156338601 3762 
1403 1427 152 64.55927597327715 3079 
1404 1428 158 26.25737697858371 2978 
1405 1428 156 6.879300737156507 3544 
1406 1428 156 36.19696373929866 2956 
1407 1429 159 33.050150600403676 2932 
1408 1432 163 69.40575017927313 3744 
1409 1432 148 68.73014757612283 3551 
1410 1433 149 44.884878475877784 3406 
1411 1433 164 37.796212609125575 3126 
1412 1433 158 72.3181853703183 3630 
1413 1434 157 51.4688452649603 3431 
1414 1435 148 49.07182155478792 2837 
1415 1435 148 25.14007097761429 3603 
1416 1436 164 26.779318800261233 3265 
1417 1437 161 77.78875309023485 3378 
1418 1438 164 75.95517807802374 3603 
1419 1441 153 34.77761180485948 3344 
1420 1443 148 23.01513995384874 3222 
1421 1443 154 78.1018681307652 3442 
1422 1444 159 72.24775272912986 3440 
1423 1446 155 48.8322494694692 3673 
1424 1448 148 81.30942939711123 2954 
1425 1449 150 57.33120277188896 3392 
1426 1452 149 13.115793569756512 2858 
1427 1452 157 73.67742692556486 2877 
1428 1453 151 77.87148796436436 2870 
1429 1455 147 80.28106789647082 3232 
1430 1455 164 22.968943032917295 2929 
1431 1455 163 81.87032030515846 3522 
1432 1456 164 24.54397486963546 3156 
1433 1457 158 21.636762751940545 3517 
1434 1457 160 3.9208290319024286 3301 
1435 1458 149 44.78677417746566 2835 
1436 1460 167 82.33220597250012 2802 
1437 1460 159 11.658389555923785 3334 
1438 1461 155 77.77768192662523 3594 
1439 1461 164 78.25324728146977 3086 
1440 1462 163 51.80133918965962 3079 
1441 1463 163 74.21075245775431 3155 
1442 1464 157 16.92413759260161 3155 
1443 1465 154 34.371608301981865 3354 
1444 1466 167 8.926303032712479 3725 
1445 1467 148 75.31400823496666 3638 
1446 1467 150 27.898186449120026 3052 
1447 1468 166 88.63993174470873 3425 
1448 1469 165 60.772940632374144 3191 
1449 1471 148 56.07720959526961 3282 
1450 1471 160 81.60615640636038 3739 
1451 1472 152 69.34926428546841 3463 
1452 1473 148 86.41249463650361 3331 
1453 1473 164 13.28133811794793 2974 
1454 1473 155 60.67294968886115 2973 
1455 1474 153 46.25239535793991 2935 
1456 1475 153 81.15042310718516 2811 
1457 1475 160 30.012299078890365 3398 
1458 1475 158 3.725726897997054 2898 
1459 1475 164 33.380243210143874 3312 
1460 1479 147 1.332629037213396 3144 
1461 1479 153 62.81023318586758 2822 
1462 1479 148 60.22274472941522 3507 
1463 1480 153 86.0283870363655 3433 
1464 1480 155 34.35849571405562 3463 
1465 1482 156 39.96555996011703 3248 
1466 1482 155 42.093508100766044 2911 
1467 1482 152 70.6742451736609 2997 
1468 1483 147 43.755810730554025 3570 
1469 1485 158 86.93331200746113 3034 
1470 1485 158 4.529316135046966 3155 
1471 1485 161 33.198753143426025 3415 
1472 1486 158 24.332241986979138 2977 
1473 1488 159 41.1493679405515 2781 
1474 1488 166 84.17423335534575 2788 
1475 1489 154 40.80368733895074 3208 
1476 1489 156 78.6504733676874 3565 
1477 1489 158 83.28825708120404 3599 
1478 1490 162 6.365082216940726 2969 
1479 1491 147 15.318567093749264 3719 
1480 1492 155 70.67999981293113 3562 
1481 1494 156 54.949441924375755 3679 
1482 1495 156 7.9823560995165925 2945 
1483 1495 166 33.77407419454515 3605 
1484 1495 163 3.4227615671183456 3395 
1485 1496 161 70.43604379142316 3232 
1486 1496 166 31.94143488196979 3307 
1487 1496 160 24.797817950081306 3391 
1488 1497 157 20.265072276722297 3702 
1489 1497 165 43.58552107328524 3472 
1490 1498 151 70.42908774950843 3702 
1491 1500 157 79.31813246559322 3303 
1492 1500 165 20.66888360244745 3146 
1493 1500 164 27.352781209969272 2891 
1494 1501 153 89.98223333623712 2999 
1495 1502 167 33.79638392777482 2937 
1496 1505 159 45.11145396175814 3259 
1497 1509 157 15.397145518540373 3102 
1498 1509 161 66.20713010010182 3302 
1499 1509 152 46.25297021884426 3700 
1500 1510 154 28.283354817908737 3624 
1501 1513 156 33.22973032144122 3421 
1502 1513 160 48.83009637887522 3451 
1503 1513 154 84.88115389605277 3642 
1504 1513 156 78.30633727038212 2943 
1505 1514 157 45.59382782147485 3121 
1506 1516 161 54.897361336058445 3564 
1507 1516 151 88.2503199293892 3440 
1508 1517 153 66.8080198263271 3442 
1509 1518 166 20.51795297334982 3749 
1510 1519 165 78.29674284262666 3575 
1511 1521 161 28.056316648039267 2893 
1512 1521 162 88.53799061988767 3038 
1513 1524 150 82.30214938461408 2969 
1514 1524 165 19.579116415867553 3509 
1515 1524 158 67.5566137351042 3589 
1516 1527 148 7.713174882233321 3489 
1517 1528 153 82.42571894170345 3244 
1518 1531 152 42.392798560280184 3708 
1519 1531 160 5.503409102669607 3360 
1520 1532 150 80.22650248963026 3105 
1521 1533 167 77.79466244653403 3452 
1522 1533 147 51.726834767732726 2762 
1523 1533 163 84.2956799641644 2986 
1524 1535 151 42.56786440770013 2801 
1525 1535 148 71.05255711544466 3224 
1526 1536 152 46.01361265843589 3023 
1527 1539 156 21.338284209923586 3106 
1528 1540 152 59.13328867977132 3080 
1529 1540 158 4.920863704364517 2945 
1530 1540 156 68.52201903883511 3497 
1531 1541 156 62.33638613584283 2870 
1532 1542 149 82.82845204639133 2892 
1533 1543 161 44.840625995030116 3410 
1534 1543 156 2.088806611087693 3182 
1535 1544 157 65.04779452996291 3062 
1536 1544 154 45.92189588246105 3289 
1537 1544 156 39.45615639156703 3202 
1538 1545 164 9.545997407949585 3233 
1539 1548 150 84.42793884764389 3681 
1540 1549 165 85.65274878691136 3305 
1541 1554 150 25.61164509572673 3468 
1542 1554 160 78.40995710804222 3563 
1543 1554 155 6.60154158005484 3440 
1544 1555 149 62.24803410966346 3415 
1545 1556 160 8.033656460575163 3004 
1546 1559 151 82.19452596568243 3098 
1547 1559 165 59.48878040622682 2867 
1548 1560 165 82.73862679794311 2782 
1549 1561 158 53.554173977053026 3019 
1550 1561 165 75.99242015984946 3053 
1551 1563 158 65.63319172887688 3735 
1552 1564 165 65.84871812335541 3139 
1553 1567 164 79.71187820039663 2981 
1554 1569 160 87.507310682361 2900 
1555 1572 164 61.974864934634276 3410 
1556 1573 165 63.7308681148145 3349 
1557 1573 149 70.43069014407216 3025 
1558 1574 149 16.126003475317642 3058 
1559 1574 149 78.50035714689837 3703 
1560 1575 161 1.5098856706850112 3309 
1561 1576 149 14.479012679806042 3748 
1562 1577 151 2.4922443576826026 2790 
1563 1580 159 72.38491554692344 3340 
1564 1582 162 55.679804604260795 3328 
1565 1582 150 64.28281168971341 3006 
1566 1584 158 59.349572879320775 3506 
1567 1585 149 49.0286981805273 3541 
1568 1585 151 89.91316805760616 3101 
1569 1586 166 62.60472950282003 3082 
1570 1586 164 74.22753575724336 2824 
1571 1586 163 26.356662968038805 3606 
1572 1587 148 75.81929978620332 3710 
1573 1588 151 47.01594779215589 3616 
1574 1589 158 58.92018346796083 3721 
1575 1589 152 25.251698529722123 3359 
1576 1590 159 81.09071855599787 3498 
1577 1591 154 13.23395420533574 3035 
1578 1592 148 59.15708599397246 3193 
1579 1592 156 4.135058082146302 3340 
1580 1593 151 65.58694056141127 3464 
1581 1593 152 73.38729491688717 3108 
1582 1594 157 40.23125857986247 3048 
1583 1596 165 51.246457102778145 3509 
1584 1596 161 89.71543358084487 3078 
1585 1598 162 58.53526029136845 3571 
1586 1600 161 25.31700391325412 2960 
1587 1600 153 52.154602517879916 3660 
1588 1602 152 16.81152623279403 3361 
1589 1603 151 20.801050942570512 2832 
1590 1603 155 33.505070538626974 2920 
1591 1604 152 27.549666813851218 3727 
1592 1604 150 28.950187071585955 2930 
1593 1606 159 28.312544397616204 3218 
1594 1606 153 40.15085433421486 3019 
1595 1606 163 86.92846696849693 3493 
1596 1607 154 78.59322458357468 3306 
1597 1607 152 80.19833385585395 3282 
1598 1609 162 19.117879261417325 3070 
1599 1609 164 12.514205850059527 2937 
1600 1610 149 4.10930975234718 3518 
1601 1611 149 15.513676461457774 3046 
1602 1612 166 83.7384120310967 2848 
1603 1613 163 60.56332104343661 3443 
1604 1613 152 52.03154921246397 3031 
1605 1613 148 16.976781939656018 3419 
1606 1615 166 58.136409235325026 3154 
1607 1617 165 44.9834930411708 3727 
1608 1617 157 21.36295179095587 3614 
1609 1618 149 44.487347900379255 3162 
1610 1619 154 69.06318306947664 3431 
1611 1619 147 37.83356686286877 2781 
1612 1620 156 53.660325074698264 3362 
1613 1621 160 80.79880659952329 3616 
1614 1621 154 30.87857271578524 2944 
1615 1623 153 35.66672517023728 3498 
1616 1624 152 49.9294445478296 3443 
1617 1628 150 33.80062520431416 2805 
1618 1629 165 24.286394367800792 3696 
1619 1631 148 49.7338021514379 2937 
1620 1632 163 77.17580959934033 3439 
1621 1632 165 33.320712080673346 3711 
1622 1634 164 35.050014082799954 2815 
1623 1635 165 28.336403355129107 2887 
1624 1635 162 35.50575587367622 2905 
1625 1636 163 54.97663588771751 2992 
1626 1636 166 86.64819465512342 2973 
1627 1637 166 33.382149640178895 3095 
1628 1640 167 31.8588828353708 2875 
1629 1641 162 50.241345533822404 3122 
1630 1644 156 76.20922073200282 3686 
1631 1645 149 35.70334439919353 3354 
1632 1646 158 38.531859177190654 3603 
1633 1646 161 39.56555028596012 3165 
1634 1646 162 46.92249255012056 3060 
1635 1647 152 15.254051299948218 3576 
1636 1650 156 16.315571904617208 2900 
1637 1651 157 11.17860346490408 3252 
1638 1651 150 69.52384760845739 3451 
1639 1651 155 58.53826424720049 2799 
1640 1652 151 72.78917664381733 3557 
1641 1654 148 1.1186277798868949 3714 
1642 1654 164 73.31316184978098 3263 
1643 1655 155 77.32672038191447 3055 
1644 1659 165 27.502211111301637 3570 
1645 1660 167 20.51551781537886 3519 
1646 1661 153 60.70037013875006 2763 
1647 1661 155 24.68497834627695 3533 
1648 1661 163 26.323032920974104 3573 
1649 1661 157 23.251794543656377 3600 
1650 1662 163 48.61762943690475 3130 
1651 1664 158 52.828198906123795 3202 
1652 1667 156 82.78002967161609 3475 
1653 1667 164 62.008320214746476 3722 
1654 1668 156 29.84811468139658 3297 
1655 1668 150 67.08397123887586 3484 
1656 1668 154 72.72218104015424 3755 
1657 1669 149 65.07423206101913 3545 
1658 1669 167 18.91144719945335 3180 
1659 1670 157 48.7082102618711 3719 
1660 1671 147 73.23129619719532 3688 
1661 1671 161 46.392593552892805 3027 
1662 1672 164 19.254514372558262 3260 
1663 1673 156 66.67670280490381 3197 
1664 1675 155 77.40073026080691 2945 
1665 1675 164 6.93847980788709 3675 
1666 1675 162 54.174997547253156 2975 
1667 1677 155 4.866243080425512 2887 
1668 1677 147 59.442257547844136 3233 
1669 1679 155 84.78662239273554 3114 
1670 1679 149 16.76950563438188 2906 
1671 1681 153 59.312479238831926 3723 
1672 1681 156 7.400618372666861 3474 
1673 1682 148 88.19939860838123 2829 
1674 1682 165 87.46591402867793 2813 
1675 1685 149 21.089270383421688 2895 
1676 1685 165 34.56836641932825 3236 
1677 1687 160 55.30242253893571 3251 
1678 1687 153 80.00256811642747 3276 
1679 1688 164 30.37186317728065 3196 
1680 1690 152 64.67168230766708 3728 
1681 1691 161 86.28251433489906 3406 
1682 1691 149 21.878236304529988 3631 
1683 1693 153 26.433304514592937 3707 
1684 1693 147 61.350632412450814 3451 
1685 1694 161 47.915280698406214 3123 
1686 1694 163 23.018720904953437 3241 
1687 1695 158 47.5033896613188 3159 
1688 1696 164 69.10924569238414 3748 
1689 1696 160 14.544049796441024 3725 
1690 1697 154 81.30011624620796 3297 
1691 1700 156 29.67628861484157 2906 
1692 1700 160 79.07190707461456 3695 
1693 1701 156 47.15439449245899 2884 
1694 1701 148 29.429257780085234 3048 
1695 1703 159 37.71526672121816 2784 
1696 1705 155 29.44079501950203 3562 
1697 1708 160 4.627878504972845 3548 
1698 1708 153 61.81313620000728 3743 
1699 1713 157 10.112489809401291 3024 
1700 1714 160 8.885992781383932 3475 
1701 1715 160 52.58709486128344 3232 
1702 1715 167 52.739075783692755 3716 
1703 1717 156 72.41749800101374 2925 
1704 1717 149 23.393800730951874 3165 
1705 1720 166 42.36284212174175 3548 
1706 1721 165 37.63455009022653 3659 
1707 1723 158 51.82508668649108 3348 
1708 1724 158 32.58035941009865 3509 
1709 1724 147 78.70046201230497 3010 
1710 1725 158 16.31473690389649 2765 
1711 1727 150 25.026451057882827 2974 
1712 1728 161 30.782990210686492 3494 
1713 1729 155 79.05064567373178 3610 
1714 1730 147 29.941584916656883 2801 
1715 1730 158 49.05951590609344 2935 
1716 1730 156 78.78592829969486 3595 
1717 1731 153 3.669149137598775 2880 
1718 1731 147 17.26717402322699 3296 
1719 1733 156 84.90720460218242 3696 
1720 1733 148 35.37037805263351 3493 
1721 1735 161 82.16856095550648 3048 
1722 1736 160 17.263928033551778 3129 
1723 1736 159 89.03960851130958 2974 
1724 1738 148 37.322902086003516 3563 
1725 1741 158 26.031598393952645 3375 
1726 1741 147 40.498706106293305 3161 
1727 1742 150 59.57030574287992 3580 
1728 1743 150 52.19702288859981 3573 
1729 1744 166 39.4582973876407 3434 
1730 1745 164 70.83285133317113 2968 
1731 1745 164 53.96845641247768 2836 
1732 1745 159 75.47151307884052 3582 
1733 1747 159 9.185446396100307 3072 
1734 1750 151 27.025792242183183 2983 
1735 1750 162 7.08111310585189 3206 
1736 1752 147 24.2849701569158 3206 
1737 1752 163 40.94710345030852 3151 
1738 1753 159 23.893020103482996 2911 
1739 1753 149 65.80582263118463 2871 
1740 1753 162 66.59298450508841 3095 
1741 1753 164 29.098684906710325 3097 
1742 1753 156 15.720926878922908 3391 
1743 1754 151 28.521453361919296 3460 
1744 1755 161 7.991017887945377 2945 
1745 1756 156 7.940389006503497 2780 
1746 1756 164 89.25491071913483 3669 
1747 1757 153 67.87057969102858 3443 
1748 1757 166 61.68556622528932 3182 
1749 1758 162 17.741903001237326 3102 
1750 1758 154 42.90348598787669 3372 
1751 1758 157 77.90416061630741 3056 
1752 1759 167 20.62956310915801 3708 
1753 1762 162 41.388045814277355 3068 
1754 1766 147 36.57347833421939 3075 
1755 1767 160 49.88085494439192 2839 
1756 1768 155 1.9808983192354566 3179 
1757 1768 157 57.51973721253539 3606 
1758 1768 152 9.831183298923387 2922 
1759 1769 151 57.2463592277036 2898 
1760 1775 161 61.65254243825571 3272 
1761 1775 162 65.44385278248623 3005 
1762 1776 150 33.50891050541748 3740 
1763 1780 149 27.063958610127518 3036 
1764 1780 159 51.796753760054145 3538 
1765 1780 151 30.216588840959123 2901 
1766 1782 151 21.94832508734885 3477 
1767 1783 160 10.086727127933392 3232 
1768 1785 155 60.41216195717667 2858 
1769 1786 161 65.16635938100526 3006 
1770 1787 160 77.5789987013467 3091 
1771 1788 148 85.57185182304909 3095 
1772 1788 152 51.34264622269917 3030 
1773 1790 159 14.533691583390857 3456 
1774 1791 154 28.040105002326662 3533 
1775 1792 165 43.89560877058733 3068 
1776 1794 152 87.30830561698968 3599 
1777 1794 156 33.85855078980714 3245 
1778 1795 166 11.944779354072422 3761 
1779 1796 152 45.536931490834654 3023 
1780 1798 151 13.823337007058383 3237 
1781 1798 148 75.2809929340558 3341 
1782 1800 163 29.314617480949753 2769 
1783 1801 157 87.59623289401006 3152 
1784 1802 149 79.7245228711343 3469 
1785 1806 159 87.21581218395114 3729 
1786 1807 165 35.148235062930276 3722 
1787 1808 149 35.9665271000671 2860 
1788 1809 153 87.702933993517 2803 
1789 1810 165 62.83930827610979 3042 
1790 1811 161 13.872098368400627 3073 
1791 1812 150 52.57486383261391 3365 
1792 1813 149 70.61296288375016 3559 
1793 1814 162 75.4627143195144 3649 
1794 1816 157 79.18471695099933 2978 
1795 1819 150 61.41503596481693 2803 
1796 1822 151 41.69730010895364 3457 
1797 1823 152 41.323040950813564 3140 
1798 1823 157 46.2582128391275 2788 
1799 1823 154 9.484392209313134 3624 
1800 1824 156 42.78258048774605 3473 
1801 1824 154 84.64658775716022 3470 
1802 1824 161 70.25449018564773 3150 
1803 1824 156 70.41709765399447 3483 
1804 1825 149 28.50956828071578 3158 
1805 1825 147 55.82215446209497 3250 
1806 1826 152 26.473598186229168 2849 
1807 1826 154 4.739153651644896 2987 
1808 1827 157 35.09159793698009 3013 
1809 1827 162 70.4198286261665 3120 
1810 1827 163 38.17285050702846 3228 
1811 1828 147 10.077118210455613 3508 
1812 1828 157 15.984671116208597 2915 
1813 1831 152 19.992908823039503 3228 
1814 1831 158 28.37719410361603 2899 
1815 1831 157 6.681689042888392 3030 
1816 1833 165 47.09138569107046 2966 
1817 1833 167 83.17134921628896 3648 
1818 1833 162 3.9807231194223767 2846 
1819 1836 158 81.29230556124548 2797 
1820 1838 163 10.519336651106773 2849 
1821 1838 149 78.84859596550108 2969 
1822 1839 165 49.83240686532836 3428 
1823 1840 157 70.95830378572636 3521 
1824 1842 165 35.43242626563082 2771 
1825 1843 152 49.40314828063275 3408 
1826 1846 148 53.41660919530758 2937 
1827 1846 151 70.80073620305508 3449 
1828 1847 150 88.44412183887641 3110 
1829 1847 163 39.419628949098914 2956 
1830 1847 151 80.3766747993659 2995 
1831 1849 162 42.9552115800867 2792 
1832 1849 161 24.654627352701 3610 
1833 1850 154 48.54054512817102 3473 
1834 1853 157 48.51799158228878 3373 
1835 1853 164 64.77619483817497 2911 
1836 1854 167 68.76952760444587 2854 
1837 1854 151 28.291669195346362 3366 
1838 1857 148 78.40576097962243 3360 
1839 1858 163 33.310200253205416 2871 
1840 1862 153 9.765742174982407 3465 
1841 1862 165 23.4962073974823 3654 
1842 1864 166 57.40916146221478 3576 
1843 1864 153 80.55027186766179 3022 
1844 1864 156 74.50185873813034 3056 
1845 1866 149 64.92786116862513 2890 
1846 1868 148 55.195934915125534 3308 
1847 1868 167 46.97542402934211 2835 
1848 1868 166 5.532657024330001 3194 
1849 1870 153 41.97360130770072 3545 
1850 1870 160 5.017944276398781 3062 
1851 1870 162 54.444615427958 3483 
1852 1870 153 70.37841173436904 2982 
1853 1872 166 51.46526986887626 2914 
1854 1872 161 81.67587278756604 3136 
1855 1872 163 28.253865371496467 3369 
1856 1873 150 42.611964642957574 3672 
1857 1874 164 27.99613897627862 3304 
1858 1876 151 67.44716446540657 3266 
1859 1876 163 17.99448198412219 3202 
1860 1877 151 85.06833142365754 2804 
1861 1878 159 6.492962429757609 3087 
1862 1879 155 46.411497468987925 3456 
1863 1879 154 53.95229793403336 3580 
1864 1883 164 59.85280319342531 2907 
1865 1883 165 7.9740563423886535 2882 
1866 1885 165 66.41085354073266 3318 
1867 1886 167 30.48670846255058 3098 
1868 1887 167 2.788464527665964 2978 
1869 1888 154 39.08857614371733 2978 
1870 1889 158 5.88223979355236 2948 
1871 1889 151 4.4296112300488035 3476 
1872 1890 154 28.423267997554117 3762 
1873 1891 165 60.0206930112894 2891 
1874 1892 155 28.25475652141374 2810 
1875 1892 154 25.970641038363215 3292 
1876 1893 155 14.415388490483789 3710 
1877 1893 150 24.073725086577515 2856 
1878 1894 149 79.5220986766878 2873 
1879 1895 155 20.15053026588617 3424 
1880 1896 147 68.72800579571268 3647 
1881 1898 157 73.13498935216535 2916 
1882 1899 164 65.13460208095813 2983 
1883 1901 162 54.16655323657667 3564 
1884 1901 164 44.47076166527656 3362 
1885 1902 147 80.82378626862483 3259 
1886 1902 162 68.0891267909969 3351 
1887 1903 162 78.26261372103714 3138 
1888 1904 153 64.62784781218627 3010 
1889 1907 167 25.02569266348721 3137 
1890 1908 152 7.486032794865248 2806 
1891 1908 156 80.99205525810001 3236 
1892 1908 156 46.67689644300297 3147 
1893 1909 155 24.05695460797673 3608 
1894 1909 148 76.59864467820334 3355 
1895 1911 161 89.85362398708634 3006 
1896 1911 160 69.35563394982344 3558 
1897 1912 154 71.29048545410443 3058 
1898 1913 152 55.42536143337216 2807 
1899 1915 166 68.22050723022022 3461 
1900 1915 156 17.766747500760086 3000 
1901 1916 156 45.71871881630537 2763 
1902 1916 166 83.86818554574016 3663 
1903 1919 149 87.69159370574374 3491 
1904 1919 155 56.326169505640294 3151 
1905 1919 167 85.26054902968261 2871 
1906 1920 160 87.37641916185667 2956 
1907 1922 154 70.41836948759031 3605 
1908 1923 158 52.461319229775 3512 
1909 1924 163 62.32161640068586 2782 
1910 1924 162 8.422936163202277 3091 
1911 1926 152 44.53849193815288 2778 
1912 1926 148 6.819092738281707 3350 
1913 1927 162 87.03058201217134 3065 
1914 1927 148 3.6190765846088304 2953 
1915 1928 165 86.34673053011493 2933 
1916 1928 157 3.734573251948818 2910 
1917 1930 167 19.668498219716405 3164 
1918 1931 155 29.615437595383597 3655 
1919 1932 164 56.07414050131124 3200 
1920 1932 149 45.78655271494653 3682 
1921 1932 162 32.482299704317086 3032 
1922 1933 153 59.66462630399181 3356 
1923 1933 147 48.25596495950231 2895 
1924 1933 160 7.753098706095571 3577 
1925 1933 155 72.9660612363211 3689 
1926 1934 167 54.05914406444807 2850 
1927 1934 163 29.51742744856613 3130 
1928 1935 157 10.660324337248426 3529 
1929 1936 156 39.60891666134251 2773 
1930 1938 163 29.211163468931723 3406 
1931 1941 153 81.64602241912371 3390 
1932 1942 160 68.83004436316196 3029 
1933 1943 148 23.346992283958624 2794 
1934 1943 149 60.101208310853934 2984 
1935 1944 162 65.1161908319634 3439 
1936 1944 163 53.9741703800707 3652 
1937 1944 147 31.193714864353876 3725 
1938 1945 148 89.27383766035325 3569 
1939 1945 153 74.69770525589095 2938 
1940 1945 158 75.54406395502367 3045 
1941 1946 162 5.603757721031143 2928 
1942 1947 165 44.37057479409264 3353 
1943 1947 161 57.670274855503585 3145 
1944 1947 153 80.77866235108756 2765 
1945 1949 148 34.70476584231745 3689 
1946 1950 160 21.79139193273898 3194 
1947 1952 159 28.26026575431988 3079 
1948 1952 162 79.35036103353016 3307 
1949 1952 167 78.51039046077514 2766 
1950 1953 152 37.315679815561886 2891 
1951 1954 165 27.148135574263822 3029 
1952 1955 149 4.449916223517601 2994 
1953 1956 156 1.5305327216934428 2898 
1954 1956 153 34.844830353383756 3536 
1955 1957 164 30.691321975239966 3690 
1956 1957 163 57.796652915723605 2804 
1957 1960 151 50.71242025596661 2867 
1958 1960 149 60.394706085204675 3742 
1959 1961 161 52.72143695478606 3013 
1960 1963 155 2.37863703794133 3171 
1961 1964 152 42.225547159797266 3350 
1962 1964 166 81.9510011583408 3388 
1963 1968 159 47.122115117416875 3051 
1964 1971 149 29.379547079782867 3049 
1965 1971 155 46.524773855147764 3277 
1966 1972 160 77.80031593193543 3222 
1967 1972 149 24.834732168518922 3678 
1968 1976 157 56.462210625967224 3056 
1969 1976 151 40.888041331159265 3393 
1970 1977 156 63.8183389688669 3560 
1971 1979 161 3.75332402431785 3670 
1972 1980 155 3.2134173042577245 3722 
1973 1980 161 41.74175080052315 2949 
1974 1981 159 54.08678525529488 2798 
1975 1981 161 84.32021930237461 3581 
1976 1983 157 15.946845338415644 3751 
1977 1984 161 52.098359595137076 2829 
1978 1985 162 18.340859647117483 2840 
1979 1986 167 32.48956639308464 3467 
1980 1987 158 23.838147343987956 3253 
1981 1987 147 6.794609641086597 2957 
1982 1987 155 3.5739253098844563 3645 
1983 1988 147 12.840224487145978 2901 
1984 1988 151 31.281248659156827 3216 
1985 1988 153 18.706213859698238 3109 
1986 1988 154 6.009663979390358 3740 
1987 1989 162 14.781327111729505 3327 
1988 1991 165 32.092634743508015 3340 
1989 1992 160 60.174728842965955 3602 
1990 1993 147 12.355493455114459 3252 
1991 1994 159 57.2635377289447 3526 
1992 1994 150 27.683446557981284 3528 
1993 1996 162 43.69589067666356 3106 
1994 1998 163 62.922483024489544 3350 
1995 1998 153 59.43844474227011 3207 
1996 1999 159 47.02054943477499 3045 
1997 1999 163 1.2932028336459203 3181 
1998 2000 160 13.755373315962604 3398 
1999 2000 166 24.850416164134863 3180 
2000 0 152 24.50122052149349 2917 
