1 2 128 42.51757693724128 2989 
2 4 127 65.35746258725091 3472 
3 5 132 40.628878890973276 2693 
4 6 120 52.345641583794716 2848 
5 8 119 76.97876014051755 2695 
6 9 128 14.155828321579241 3204 
7 10 124 71.58714513390356 2660 
8 11 131 2.7717571884254104 2823 
9 12 128 57.390814002827405 3207 
10 16 127 18.641353888093146 2927 
11 16 127 29.945783705234227 3398 
12 18 124 29.078058474963886 3258 
13 18 126 10.390738405383265 3470 
14 19 120 40.78386560497275 3460 
15 20 134 57.46912878885743 3435 
16 21 125 87.69155160827067 3305 
17 21 127 37.69448424223738 2500 
18 23 134 63.58434170830428 2781 
19 23 128 39.05052344046744 3160 
20 23 120 35.600795784809286 3104 
21 24 135 47.53315224304568 2544 
22 26 117 27.58391910006233 3167 
23 27 133 8.835292552313426 3383 
24 28 119 76.16414937269509 2521 
25 29 117 47.12728425224522 3146 
26 29 122 10.923055714161457 2815 
27 30 133 41.120440660240135 2922 
28 30 120 85.39528334465695 2712 
29 32 124 57.34179099213507 2937 
30 35 135 32.72457352855888 3270 
31 35 115 82.25870202522273 2740 
32 37 119 22.37532494894962 3445 
33 37 121 85.12573828374047 2925 
34 38 127 45.515492019452985 2993 
35 41 124 64.95318481047826 3166 
36 42 117 60.876333309732836 2785 
37 44 120 5.390576350475563 3314 
38 45 135 24.03344424022956 2691 
39 46 129 7.637969547915088 3396 
40 47 119 3.5284128381420667 2756 
41 48 131 11.820214443406694 2659 
42 49 117 85.14287757318212 2652 
43 52 119 80.40492177346697 2815 
44 53 122 37.94157464427719 3149 
45 54 115 6.843122346870737 2854 
46 54 134 19.757659734708277 3448 
47 58 120 59.7081273566049 2722 
48 59 134 19.364110258810996 2936 
49 59 135 81.95386161788616 2796 
50 59 117 84.75164372470947 3259 
51 60 120 12.286749407311277 2482 
52 61 116 15.965939867791535 3121 
53 62 124 44.50929945632576 3329 
54 62 120 49.64436695108783 2810 
55 62 120 44.9286767042069 2905 
56 63 132 35.200626322878136 3137 
57 65 117 9.960586545582242 3339 
58 66 126 47.66808359139643 2817 
59 67 129 53.91629529562495 2960 
60 68 130 9.770472146270436 2596 
61 72 129 51.03174048414427 2982 
62 73 129 20.43043361074523 3096 
63 73 134 61.83367247203678 2711 
64 73 133 62.8428480716758 2537 
65 73 117 70.7726495014245 2636 
66 74 124 26.98166735953101 2537 
67 76 123 46.895650760301095 2614 
68 76 128 56.15287622294641 3218 
69 79 125 24.766975142153342 2563 
70 79 122 85.62276498309538 2928 
71 81 126 86.38814068541737 3470 
72 82 134 22.17286343775768 3286 
73 83 131 78.26759858460998 2588 
74 84 128 53.32396775882058 2566 
75 84 123 40.999684949453055 2917 
76 89 128 30.193740091906125 3153 
77 90 132 77.85468652553908 3279 
78 94 132 37.78265927197319 2838 
79 95 135 76.49938565635809 2515 
80 95 122 12.764220458847497 3201 
81 95 128 64.47470884060407 3210 
82 97 116 68.0798360086464 2921 
83 98 133 2.525563502002081 3320 
84 99 133 30.500182333467993 3032 
85 100 128 25.440165883046184 2810 
86 100 116 38.47193529557152 2848 
87 101 122 40.525282329422616 3327 
88 101 133 57.30524809847082 3051 
89 102 127 18.03642832620296 3108 
90 102 124 71.84801454179312 2528 
91 106 119 68.37632289504762 3443 
92 108 118 80.72642530852798 3065 
93 109 130 20.338737736504402 3260 
94 111 133 30.396139488166433 3474 
95 113 132 49.62111146472655 2859 
96 113 125 66.62645817320336 3006 
97 114 117 22.668508021181456 2824 
98 115 129 7.096879288703397 2907 
99 115 123 2.1538423663603945 2899 
100 116 127 52.83086837822841 2844 
101 117 134 5.138315125015095 2662 
102 118 123 76.52957469553134 2935 
103 122 126 86.68468385726716 2837 
104 123 131 60.78808769619219 3455 
105 124 120 29.270331448469953 2757 
106 124 131 57.703323949771494 3259 
107 124 132 53.52117253579671 3316 
108 125 124 24.306211706525286 2802 
109 126 124 40.464605973422756 2589 
110 127 122 70.24075075367922 2870 
111 130 123 20.43997324447399 2566 
112 130 121 46.8070012929524 2496 
113 131 121 86.51889203240577 3169 
114 131 128 84.39176930290792 3180 
115 133 120 18.417763362083367 3284 
116 133 120 2.9907267687936647 2718 
117 133 115 68.95738408254205 3349 
118 134 117 15.512835219259447 2825 
119 135 132 18.219901342877414 2579 
120 137 125 51.752229771562384 3098 
121 137 133 12.675688082623138 2762 
122 137 129 5.811078216737874 3095 
123 137 133 62.058664460507536 2697 
124 137 131 77.67990923816868 3478 
125 138 120 36.30994723381778 3183 
126 138 129 20.87118497821588 2673 
127 138 126 4.5868795605784465 3390 
128 139 126 47.28707327712173 2500 
129 142 122 4.158527030934418 2632 
130 145 134 88.41600146283032 3370 
131 146 132 31.743142501186156 3187 
132 147 119 46.73575745015861 3404 
133 149 124 28.31632784402214 2958 
134 151 117 20.631597111204332 3061 
135 153 121 15.42339651151877 2761 
136 154 118 69.81998714767066 3312 
137 155 115 41.6783985206179 3074 
138 156 121 81.45373721574617 2552 
139 156 133 47.16396630366456 2642 
140 156 132 28.820946074190346 3038 
141 156 123 29.819972972440837 2701 
142 157 132 15.161374347586715 2848 
143 157 131 11.141910255162365 2776 
144 166 129 6.239797480277591 2759 
145 170 131 85.50624686754165 2924 
146 170 115 3.306414475154771 2696 
147 170 117 2.289508605250738 2976 
148 171 125 27.9519993981028 3186 
149 172 129 19.058174077449177 3378 
150 172 121 63.2505926390268 2811 
151 173 127 9.635743534948332 2946 
152 173 122 74.99811994265127 2665 
153 173 133 16.546482128231638 2896 
154 174 125 62.2497103894069 3313 
155 176 119 4.8139127466445935 2833 
156 177 124 79.18523761924862 2807 
157 178 131 60.57560421697982 3314 
158 178 119 16.160805486002268 3032 
159 180 119 66.52430780495854 2733 
160 182 116 11.686236219510498 3072 
161 182 120 49.07292887485814 2584 
162 184 130 9.179753335593567 2492 
163 184 129 50.73886464097154 3252 
164 186 115 47.39180635483736 2636 
165 187 132 4.492214116974486 2827 
166 193 128 59.13718872034498 3140 
167 193 131 39.387494144874594 2916 
168 194 126 34.41626074934674 2488 
169 198 116 45.49746099060113 2853 
170 198 129 27.56438106168326 3074 
171 199 115 33.662774399632916 3200 
172 201 135 40.777356848568104 3015 
173 202 115 43.12261752468937 2516 
174 202 117 50.509105293739644 3467 
175 204 122 62.212909233595596 2928 
176 206 120 81.57765870860051 3072 
177 206 132 25.21002450933608 3169 
178 206 115 38.5308290108757 2988 
179 207 131 69.4358811065193 3052 
180 208 116 4.216196047321902 2715 
181 209 123 19.797044199007022 2723 
182 209 116 38.686487228663864 2493 
183 209 128 73.45927161916191 3010 
184 210 126 45.44987003137767 3148 
185 210 126 75.49209187265329 3110 
186 211 119 79.86489820090905 2876 
187 211 124 67.13287624439607 3245 
188 212 128 33.97003049760633 2912 
189 215 122 18.83627924216931 2967 
190 215 135 16.895375161451817 3316 
191 216 127 80.3831726589537 2712 
192 216 132 76.53153355634498 3292 
193 217 127 84.04777263305513 2981 
194 222 134 85.24307415394263 2818 
195 224 124 25.050611696299654 3373 
196 224 128 67.24397975974043 3284 
197 225 133 67.2764169682466 2964 
198 226 116 82.95012990385224 2757 
199 226 132 75.55029965853991 2746 
200 228 121 56.9346009160236 2650 
201 229 116 20.622397678841715 2591 
202 230 119 42.95561778164262 2497 
203 230 132 62.10579702713501 3439 
204 231 129 38.41001134907169 2652 
205 231 118 65.53456640131199 2554 
206 232 131 29.968157363865572 2556 
207 233 134 55.091430168690756 2708 
208 235 124 39.140135195415695 3445 
209 235 115 21.36401921274479 3369 
210 236 133 25.669623529725882 2535 
211 237 134 21.233225255838423 3218 
212 238 130 80.6691637363675 2880 
213 238 128 34.71053573520296 2923 
214 239 123 35.08874489735657 3272 
215 245 126 6.982977892807906 3179 
216 248 135 44.614718309074426 2538 
217 251 121 56.50393053372892 3196 
218 254 116 78.58805241964998 2772 
219 255 133 43.5945585371433 3135 
220 255 124 9.30153391106124 3164 
221 256 118 5.459319447246032 3430 
222 256 131 22.054176530659078 2778 
223 258 124 47.243385451833895 3301 
224 260 117 69.86637774902977 2894 
225 262 121 66.81097664121808 2888 
226 265 134 72.80675600723781 3445 
227 266 120 52.960539165749225 3272 
228 267 123 37.99405903232738 2792 
229 269 133 51.15471409603039 3159 
230 269 125 37.54435264695547 2500 
231 269 127 35.80004546689674 2814 
232 270 130 82.55076705499539 3416 
233 270 131 43.76425038618491 2663 
234 270 118 68.95064605262802 2879 
235 271 115 57.48147648991144 3131 
236 271 117 3.6650152807421477 3316 
237 272 132 74.24315027896692 3460 
238 275 119 40.18894100150691 2574 
239 276 121 23.421906861027303 3245 
240 277 130 48.18123622792589 2732 
241 279 118 2.7170602787845213 2619 
242 280 125 15.385266368071875 3387 
243 281 118 36.05186147481513 3347 
244 282 116 1.652543943627796 2547 
245 284 124 42.977910349539755 3131 
246 284 129 69.21111941834849 3339 
247 285 125 43.23124171481838 2989 
248 286 120 34.81183064710643 2803 
249 287 128 20.075974237373423 3197 
250 289 115 16.943153670800505 2875 
251 290 118 70.84555082698762 3465 
252 290 124 84.51018850605095 2836 
253 290 126 62.536540170058515 2796 
254 291 124 86.25656777706232 3067 
255 291 116 47.95358564942498 2653 
256 292 115 40.7561119899599 2648 
257 293 119 68.04295525735591 3291 
258 293 122 26.14493991936291 2628 
259 294 116 73.09829772688798 3306 
260 294 132 13.166723887241064 2640 
261 294 131 44.84246357957526 3416 
262 296 132 79.43880342157117 3019 
263 296 129 10.626632110733235 2726 
264 296 129 88.64936145533285 3031 
265 298 118 31.915847072926077 2733 
266 300 126 74.58421484161278 3122 
267 301 126 20.257798850503566 3419 
268 301 133 50.585886057024915 2954 
269 309 125 29.82983853285811 2577 
270 309 130 20.427845659101617 3001 
271 311 121 15.142755385598608 3157 
272 311 125 17.790055256156563 2973 
273 311 135 41.97695318281098 2832 
274 316 126 21.8175245746296 2618 
275 317 133 76.18615745637739 3119 
276 318 116 48.03894717128957 2768 
277 319 116 88.74732942138803 2651 
278 320 115 80.56373240026515 2612 
279 321 132 19.85751268727006 2651 
280 321 123 31.584807118828433 3351 
281 322 121 13.207023184008724 2570 
282 323 125 32.293800818917674 3050 
283 326 127 33.20926208982168 3153 
284 327 123 65.35734787735235 2618 
285 327 118 1.7831877758943944 2800 
286 329 116 60.277238319742295 2574 
287 332 117 22.341859903390073 2732 
288 332 135 35.15976113823656 2521 
289 335 123 38.90056081028421 2488 
290 335 120 60.588505491327396 2671 
291 336 128 3.390880077123124 2926 
292 338 128 33.43827072548764 2559 
293 341 119 72.4358397257697 3382 
294 342 134 58.714784123197504 3293 
295 342 115 63.57932526715021 2823 
296 343 127 80.84876461835674 3016 
297 346 133 8.47674484435227 3373 
298 347 118 26.750356059672097 3365 
299 347 130 16.308832743321005 3057 
300 348 134 79.24930731817174 2556 
301 352 119 11.270361346122478 3160 
302 353 127 58.69360803683893 3089 
303 354 119 85.8082134655211 3098 
304 354 123 72.21975222416991 2583 
305 355 120 21.259894165552662 2538 
306 355 115 38.00886478463684 3324 
307 356 130 4.869717608196367 3196 
308 356 119 86.35783718117536 2888 
309 358 130 85.1060747635733 3364 
310 360 128 77.71990417439675 2768 
311 361 129 75.22845859620831 3439 
312 364 123 86.07330481772446 3415 
313 364 129 35.6015839992559 2696 
314 365 115 48.041879260671145 2854 
315 367 118 86.585265811107 2857 
316 367 133 75.08795249654986 3031 
317 367 127 35.19653679094891 2816 
318 368 129 70.38138414979669 3475 
319 369 122 36.87278018825965 2583 
320 370 117 49.698621042856196 3393 
321 371 135 27.26273571265426 3203 
322 372 133 63.55648196389074 3377 
323 374 127 8.758927304786441 3100 
324 375 130 71.50279318089177 2495 
325 378 129 46.898751834523196 2694 
326 378 134 89.89536553663415 3183 
327 379 129 30.562334561447113 3113 
328 379 123 23.753965140401416 2703 
329 381 116 51.72098408306018 2790 
330 381 121 14.471266726677566 2781 
331 382 115 40.110083248405104 3335 
332 384 118 46.17203694791435 2951 
333 384 121 76.79419487970948 3376 
334 384 125 58.08951970319526 3432 
335 385 115 67.34070031421356 2838 
336 387 135 84.61823252164254 3159 
337 388 119 65.75734081670585 2895 
338 388 116 68.9986489556675 3276 
339 389 131 36.04473025183044 2751 
340 389 126 74.12471905250007 3230 
341 390 123 2.0582459945685345 2797 
342 391 118 86.95565206404892 3187 
343 392 125 25.13356827617087 2809 
344 392 121 23.634650928988844 3381 
345 392 125 32.898043774635305 2945 
346 393 118 54.38624122037462 3037 
347 394 128 20.55202995579243 3105 
348 394 128 2.6409259512979597 3455 
349 397 127 76.8193599528099 2638 
350 397 132 22.06411386302084 2624 
351 397 121 18.79873509222439 2976 
352 398 129 63.85019668371642 3397 
353 400 129 48.26314652963865 2945 
354 401 115 39.21833304295587 2776 
355 402 134 43.285735133305586 2577 
356 403 118 69.77891802687253 2679 
357 404 127 23.47760093830479 2502 
358 405 125 86.16147298568298 2795 
359 405 128 88.5169132613241 2871 
360 405 127 22.806137889624413 3021 
361 406 117 81.18897054665736 3417 
362 407 128 35.89194878646503 3353 
363 407 135 32.83284159255584 3096 
364 411 131 84.19529327521327 2578 
365 411 120 89.56680072745066 2614 
366 412 127 31.85472979033656 2895 
367 417 129 8.314451386631317 2751 
368 417 128 36.88935912649745 3149 
369 418 129 72.75520517366253 2940 
370 419 119 39.85717033308325 2688 
371 419 124 81.3863868700932 2644 
372 421 121 34.865243703033926 2669 
373 421 125 50.205499750646595 2809 
374 422 115 68.96355523877803 2784 
375 424 129 64.76239966914997 2771 
376 424 127 81.7772471537584 3360 
377 425 119 40.67451839727185 3201 
378 426 117 49.09645849076038 3360 
379 429 120 50.366860395398504 3301 
380 430 123 33.022783728225704 2775 
381 432 135 51.953621625433605 2755 
382 432 118 8.01069402284934 2990 
383 435 117 14.74025890351225 2541 
384 435 132 48.170904114108325 3456 
385 436 134 34.72618213417919 3120 
386 437 117 32.5833552483771 3328 
387 439 122 64.34631730739494 3034 
388 440 132 86.68037057055956 2574 
389 440 127 81.67021408449395 3274 
390 442 134 78.01386835366401 2927 
391 442 117 6.103228962251829 3418 
392 442 115 69.12634914338598 3457 
393 442 120 64.23906033237273 2862 
394 447 118 31.147183196609497 2491 
395 447 123 28.153364718558887 3070 
396 447 125 71.37297868559007 2860 
397 448 124 74.20223874758229 2619 
398 449 118 57.618154107525385 2726 
399 449 134 36.05131250938713 2975 
400 449 134 79.27646532219724 3036 
401 450 119 17.550115399309462 3331 
402 451 129 24.13864845792442 2881 
403 451 116 76.04051157993756 3290 
404 452 115 18.72411060375671 2973 
405 453 121 80.53989203110828 3256 
406 453 119 27.59183332553062 2987 
407 453 135 10.65368689967824 3286 
408 453 133 40.27595472616908 2527 
409 453 134 73.52423847878813 3157 
410 455 127 61.91727182870593 3192 
411 456 123 16.639961530573984 2607 
412 456 132 19.3240087109888 3062 
413 457 127 88.76217705511152 3017 
414 457 122 52.19633034928277 2862 
415 458 132 30.771964868878165 2814 
416 458 125 80.35670828693281 3473 
417 465 131 51.596386905339045 3086 
418 465 132 46.773316214108725 3417 
419 466 130 20.7139544670247 3019 
420 466 131 54.44125956623018 3399 
421 470 122 8.598563147127424 3322 
422 472 122 60.922497757370174 2848 
423 475 124 41.554123610623826 2585 
424 476 116 55.508839325090165 2880 
425 477 128 61.36618227048829 2758 
426 477 132 37.22603570624124 2632 
427 477 126 84.96571720575221 3159 
428 478 122 69.23316147958838 3160 
429 479 124 26.507218578626606 3392 
430 479 133 7.656168789888448 3226 
431 479 132 69.01796466673196 3125 
432 485 120 59.42212440846302 3339 
433 485 131 11.231719487363556 2754 
434 485 125 60.859931975850785 3009 
435 486 121 37.47150902284937 3027 
436 487 132 69.72090816227379 3346 
437 488 128 42.252720267294606 3457 
438 488 121 58.580520296801396 2843 
439 491 132 67.3823877676785 2664 
440 491 132 55.74225549680276 2842 
441 491 115 20.7170186285351 3000 
442 494 130 41.94295544154439 3130 
443 494 119 46.35793984870148 3195 
444 496 118 26.33600773018827 2503 
445 496 121 24.717323293078426 3158 
446 497 135 57.114017830934614 2529 
447 498 130 46.04804404916405 3226 
448 498 120 21.61133222556835 3373 
449 499 130 58.53782627948002 2825 
450 499 134 35.43974984396007 2599 
451 500 135 88.28444508741565 3321 
452 500 124 8.452066494738336 3300 
453 501 134 23.635118650964323 2905 
454 501 134 51.541030745512714 3151 
455 501 121 66.73185539502063 2813 
456 502 128 73.96345376459665 2664 
457 502 115 58.837668936133916 2533 
458 502 122 62.49455400193124 3215 
459 504 129 12.524964979646555 2590 
460 506 131 77.12883570622148 2497 
461 506 119 59.43834220448492 3054 
462 506 129 84.26097420577605 2653 
463 507 134 1.0966885470975467 2585 
464 507 133 29.488754700562637 2508 
465 508 122 42.32752806562166 2565 
466 509 132 8.222784765638867 2571 
467 509 122 47.450268662681225 3183 
468 510 125 67.45115446949563 3207 
469 510 132 49.894330088550994 2980 
470 511 117 64.60231502343257 2481 
471 513 131 53.66014775168398 2504 
472 514 117 45.539400916274026 3275 
473 514 123 45.24512316009917 2655 
474 515 125 31.34293187313439 2830 
475 515 127 1.60809814971044 2832 
476 516 132 58.02648812247457 3413 
477 517 115 36.02561116508547 3115 
478 518 132 36.16697757975222 2979 
479 519 131 85.4344761584309 2841 
480 519 134 35.240532800132186 3306 
481 519 133 60.54560959814033 2864 
482 520 125 70.63280691389174 2510 
483 522 130 66.51595047399009 2671 
484 525 129 48.73924879884848 3175 
485 527 117 44.58235378483085 2732 
486 528 117 36.35586575512419 3210 
487 528 121 11.770564812858561 3190 
488 528 126 60.1783462905714 2944 
489 532 127 21.905657890534314 2790 
490 534 126 81.61282228713891 2998 
491 535 128 19.66886791445278 2685 
492 536 132 57.87495164974397 2910 
493 537 120 24.042492743174567 2852 
494 538 121 82.53786160850126 3273 
495 541 132 83.25613550027492 3287 
496 542 116 18.690504231084688 3096 
497 542 134 38.591174691592336 2677 
498 544 127 28.774789346108967 3129 
499 545 128 55.907712941706485 3365 
500 545 122 75.96619407056674 3314 
501 546 123 10.391258188314051 2734 
502 546 127 59.454071544049135 3199 
503 546 115 54.658750834182946 2752 
504 548 118 68.5265630055521 3346 
505 548 127 50.7486973865841 2855 
506 549 134 1.280553249783376 3064 
507 549 134 48.32645827860674 3082 
508 550 133 6.1109956202270235 2624 
509 551 120 45.623724022991155 3401 
510 551 135 89.31998968430705 3223 
511 552 131 14.254316141770047 2671 
512 553 116 47.852233623612165 3220 
513 554 117 55.11499016894352 3271 
514 556 134 51.16303253979963 3023 
515 557 122 22.390468053742808 2818 
516 558 128 6.906498450324425 2939 
517 560 127 11.612564527947876 3468 
518 561 123 78.95803152156023 3303 
519 563 128 16.511013517145685 3302 
520 565 132 80.25692517343187 2690 
521 566 115 83.62639050210906 3441 
522 568 134 85.15316849901842 2641 
523 568 128 71.64036864520052 2630 
524 568 115 7.805016891315699 2632 
525 570 135 55.1341922380894 3435 
526 570 128 18.25750648722635 3199 
527 571 132 1.0676387528443736 3173 
528 572 130 78.71878472287705 3363 
529 574 123 1.8444656294219821 2849 
530 575 121 6.653011068044419 3281 
531 576 117 10.861877398777949 3391 
532 576 133 79.94595670828224 2983 
533 577 120 16.54752126531178 3102 
534 578 115 63.051058185339244 3406 
535 581 121 85.8810626496223 3431 
536 581 119 58.75348320411553 2767 
537 582 119 84.16780330454698 2986 
538 583 128 89.93211381869041 2740 
539 584 118 79.62946463469704 3118 
540 585 129 60.79309338968385 2636 
541 585 132 42.96284070569283 2717 
542 585 116 23.049709729544247 3362 
543 586 133 18.08019839644919 2947 
544 588 128 81.63377626125639 3101 
545 588 134 44.87969702757832 3246 
546 588 122 70.46130697637432 3234 
547 588 131 58.18739234796587 3130 
548 589 115 16.39062105104447 2565 
549 590 128 1.3903561678164345 3401 
550 591 128 87.71501967095891 3062 
551 591 130 68.13395898186981 3148 
552 591 130 30.29825589398031 2887 
553 591 122 89.3457794950214 3310 
554 593 128 22.17895661104618 2689 
555 594 123 34.721224128177255 2840 
556 595 131 82.76721603441709 2848 
557 595 130 60.94003468488293 3111 
558 595 123 45.90515936717345 2513 
559 596 122 10.886672051772221 2935 
560 597 134 57.946314002315944 3090 
561 597 128 29.994805898004685 3217 
562 597 118 30.410739847110378 2944 
563 598 118 81.19356229956132 2693 
564 598 119 38.04931575283787 2622 
565 599 116 6.258849400170276 2619 
566 599 126 45.98893107243023 2787 
567 599 124 71.79094720130504 2740 
568 600 118 42.06171161829106 2583 
569 601 135 54.97240753911398 2533 
570 603 121 63.40547350291565 2773 
571 605 128 49.345754849781194 2888 
572 605 123 84.32253733021449 2919 
573 605 125 50.94358649859444 2831 
574 606 115 52.907161980299776 2628 
575 607 117 14.421695064379334 3373 
576 607 133 1.1549768412642174 3275 
577 607 134 46.65378295175352 2905 
578 610 135 50.16748169013562 3271 
579 610 124 30.147541935020943 2984 
580 611 115 72.7932932029205 2625 
581 612 120 89.08167558476173 2885 
582 612 134 67.56453852359022 2730 
583 613 128 88.29001224358734 2819 
584 613 118 2.73339055623828 2980 
585 614 123 22.136479864616355 3022 
586 615 125 81.09165741879198 3449 
587 616 127 54.694155441142875 2931 
588 617 133 69.54052798204728 3464 
589 618 129 79.40927857958309 3237 
590 618 125 51.980265822785654 3473 
591 620 115 68.79921048042343 3306 
592 621 130 38.106155613715835 2696 
593 622 124 27.109233620262355 2996 
594 625 121 31.900555448601278 3092 
595 628 130 14.73062191399759 3066 
596 628 133 56.24783404269816 2729 
597 629 124 27.44233855238059 2761 
598 629 134 20.14395807129701 2839 
599 631 120 51.725518204348674 2817 
600 631 135 82.06517538876456 2678 
601 631 133 30.907739695226617 2835 
602 632 121 30.495879728968266 2759 
603 633 122 15.694568496117965 2533 
604 634 129 10.475605171632663 3450 
605 635 128 10.151076138618295 3086 
606 635 134 41.69357531377384 2979 
607 636 126 53.09413819364578 2951 
608 636 118 39.69100451965514 3458 
609 639 120 55.46793675614155 3095 
610 639 132 63.68916753914745 3420 
611 640 125 76.89948253640824 2796 
612 641 132 70.4046260864064 2872 
613 641 130 48.369494270870476 2921 
614 642 120 31.86882637990134 3183 
615 643 126 86.9682100373951 3184 
616 643 122 63.78660649242252 3240 
617 644 132 60.20520224237413 3269 
618 644 126 75.2706211652518 3429 
619 644 128 13.659735323137248 3195 
620 645 115 80.89103374089137 2614 
621 648 119 28.25096604584372 3176 
622 649 128 37.636796178869425 2927 
623 650 119 45.95782450470522 2499 
624 650 118 34.78851687979134 2687 
625 651 129 89.60066784870212 2812 
626 653 118 58.66490862505519 3161 
627 653 123 62.00423465700379 3122 
628 654 126 64.86259910047976 2952 
629 655 116 69.99882315121738 2871 
630 655 129 44.13386389677668 2778 
631 656 124 18.629538696046517 2658 
632 657 124 22.260170121987905 3381 
633 658 120 70.34988055251088 2909 
634 658 120 71.40459134986223 2837 
635 660 130 52.977201927927226 3019 
636 660 128 38.70216470714653 3330 
637 662 127 41.756985096497544 2589 
638 666 123 59.74973356108784 2810 
639 672 119 70.66028253434747 3285 
640 674 133 9.790336055605724 2808 
641 675 126 40.20383231602009 3470 
642 678 119 33.64465142047626 2697 
643 679 120 49.46618906880625 2564 
644 681 130 27.416962598822792 2628 
645 681 119 30.082285441225828 3035 
646 681 131 78.78289524307648 3229 
647 681 117 9.849865801627798 3465 
648 682 135 46.128314042172406 2827 
649 683 129 66.45306661403852 3122 
650 685 122 85.05307805031718 3314 
651 685 128 66.25978922918868 2573 
652 688 122 8.05653126970272 3397 
653 689 118 89.35256013430713 2575 
654 691 132 48.08655469598146 3277 
655 695 122 74.0282929652204 2653 
656 695 126 59.82457990032578 2748 
657 695 121 28.676481320384102 2506 
658 697 129 39.35114245489271 2856 
659 697 129 36.42008136615745 3004 
660 697 133 51.52513469750353 2875 
661 697 115 65.69638395158552 3181 
662 697 133 13.741438381222073 3230 
663 698 125 19.952301589822646 3107 
664 698 122 53.08650414221549 2789 
665 698 125 22.326864247891578 3191 
666 699 128 7.769590360774196 3113 
667 699 122 35.717220804745935 2781 
668 699 131 8.65010846790572 3212 
669 700 115 75.17874827137472 3037 
670 702 127 53.949414906179214 2787 
671 703 130 76.93898223345606 3128 
672 704 130 59.96557115765168 2828 
673 706 128 14.124125252335501 2573 
674 707 116 10.260826643569837 2974 
675 710 116 3.5430563817127743 2904 
676 710 127 70.47500293339182 2837 
677 711 120 67.52834850092273 3414 
678 712 122 87.16897345296755 3248 
679 713 134 18.08766493186263 3229 
680 713 128 42.22190089866888 3313 
681 714 134 15.581413266560414 3269 
682 716 116 26.781591914396845 2636 
683 716 120 68.21956651165739 2695 
684 720 126 7.072257346443654 3385 
685 721 118 65.08050739062169 3303 
686 722 133 66.51822923532673 3216 
687 723 124 33.001333452409625 3207 
688 723 134 69.96791926168927 2540 
689 724 124 15.56519617907784 3317 
690 724 132 1.3596980491884545 3161 
691 725 130 48.550651805738305 2859 
692 725 119 77.92047190958944 2822 
693 726 124 12.676210238787931 3241 
694 726 120 80.04770049749287 2963 
695 728 118 52.397676278881455 2484 
696 730 126 29.178801170491386 2848 
697 731 126 67.60717996894452 3152 
698 731 130 64.63551198597386 3460 
699 732 133 24.735257486927576 2727 
700 732 132 2.0343953666232433 2959 
701 734 123 13.964980024208629 3086 
702 736 119 18.77041142991547 2926 
703 737 119 8.04622677087394 2494 
704 737 116 45.63722031399518 2703 
705 738 126 84.8061247216791 2648 
706 739 135 65.4465081526428 2601 
707 740 131 26.355876956226417 2627 
708 741 122 56.57254826671462 2813 
709 741 126 7.645760427860027 3282 
710 743 130 57.60801656261435 2932 
711 744 124 25.176498865950048 2679 
712 746 123 84.83501432451588 2989 
713 747 133 57.423764931611316 2873 
714 749 129 52.45061830482974 2675 
715 749 121 65.03460001697893 3363 
716 749 124 87.71854278310546 3309 
717 749 132 74.93649424957214 3416 
718 750 127 5.0744978879230285 3307 
719 752 116 7.638328388129345 3221 
720 756 131 24.238263699042236 2857 
721 757 128 54.466825858407326 2879 
722 757 115 61.90540790616459 2862 
723 757 120 13.069173999259618 2982 
724 761 120 21.60401366743002 2608 
725 761 115 64.61512205621446 3123 
726 764 133 85.09295375102282 3354 
727 764 119 64.89417766539995 3307 
728 765 128 25.498979820414437 3343 
729 765 133 2.2190102936011633 3459 
730 767 118 81.00053528623268 2601 
731 768 118 52.36106923819915 2989 
732 768 130 15.735790700795441 3038 
733 768 129 60.70655147128903 2778 
734 768 129 72.30193891613135 2663 
735 769 121 42.649287478940444 2684 
736 771 135 40.737483826570056 2771 
737 771 124 35.422106196859396 3085 
738 771 123 48.35738677106511 3428 
739 772 128 44.86308917509815 3267 
740 774 117 80.7070436933489 3100 
741 774 133 76.75705879031263 2719 
742 776 134 58.378174080102255 2488 
743 779 131 78.53575090110647 2819 
744 779 116 39.337357351810624 2880 
745 780 123 78.32004268958613 3311 
746 783 118 53.293670339292625 2906 
747 785 119 75.48468294780504 2536 
748 785 135 21.756075567803673 2502 
749 787 131 54.49227908685243 3314 
750 787 124 89.06448750694888 3368 
751 788 120 58.3136080010909 3353 
752 789 133 36.185031647006916 2860 
753 789 126 43.48604555416072 2879 
754 793 121 40.256771087412545 3152 
755 793 128 27.75987744222343 3397 
756 794 131 11.632253125819695 2624 
757 794 132 69.59380446258407 2654 
758 795 131 74.98496002046421 2803 
759 795 128 52.78182722607018 3054 
760 796 132 64.31154002177027 3341 
761 797 123 68.14263009213661 2978 
762 797 123 40.25108255157608 2709 
763 798 129 81.2407922350418 2698 
764 800 119 12.902284408982469 3114 
765 801 135 70.23745753790527 3283 
766 803 129 32.488614849931736 2641 
767 804 118 52.113473257641786 2588 
768 805 122 40.93871937862176 3274 
769 805 125 57.462511340473434 2990 
770 805 130 33.78210343537104 2686 
771 807 129 74.66222243041803 2904 
772 807 117 18.42479631239577 2507 
773 809 128 63.64967982745029 3064 
774 809 135 28.829118328416516 3226 
775 809 119 32.39861717243137 3184 
776 811 122 80.40949914766196 2920 
777 812 119 22.134816223075266 3381 
778 812 119 38.268703040160396 3282 
779 815 135 56.67553039171834 3077 
780 815 129 54.93614478897253 3257 
781 817 133 12.912530133725438 2666 
782 818 122 30.86854682276484 2598 
783 819 126 56.29424783688323 3211 
784 819 115 42.04933689454545 3176 
785 820 117 43.33154888599123 2877 
786 821 121 25.447874722410933 3190 
787 822 133 39.756254923456034 2490 
788 825 119 16.676272621345177 2760 
789 826 124 5.758558370149317 3266 
790 827 131 32.74663930458774 3246 
791 831 128 31.025350824230344 2962 
792 832 132 76.67686271737114 3055 
793 833 135 69.13948979188898 2676 
794 834 131 5.6110310377455965 3064 
795 834 128 63.04459332185248 2640 
796 835 119 63.25780811205189 3097 
797 837 130 7.123847595466276 3066 
798 837 121 65.71233680941599 3305 
799 837 122 11.539110005784329 2613 
800 840 121 60.97901427049766 2832 
801 845 127 58.35145859317884 2918 
802 845 115 24.65370664898314 3138 
803 845 134 79.52751915783924 2805 
804 846 121 16.803804118764454 2501 
805 848 133 28.991646286348477 3046 
806 848 115 43.58249186113933 2766 
807 849 125 84.04481417955309 3408 
808 850 122 47.01901106185237 2801 
809 852 130 2.8207464821215327 3155 
810 852 117 51.118409217603215 3437 
811 853 132 71.56314194308096 2514 
812 853 126 35.853400949178244 3222 
813 854 117 16.803985126671733 3400 
814 855 132 23.89680703609491 3408 
815 857 118 9.902024607977891 3110 
816 858 135 73.8180430983646 2913 
817 859 126 35.434362439986366 2744 
818 859 131 69.93407208629891 2785 
819 859 134 14.924272577336552 2568 
820 859 125 75.68343425599846 2879 
821 859 125 17.623789254309017 2565 
822 860 127 29.204988932297656 3023 
823 860 116 73.31341254428122 2596 
824 861 127 22.003738776571378 3410 
825 862 126 28.21199756993082 2900 
826 863 120 38.35756331097164 2677 
827 863 125 20.171587658014055 2589 
828 864 133 73.90661478127271 3180 
829 865 125 27.1194414276513 3095 
830 865 131 79.81371744521348 2980 
831 866 124 73.89748576739225 3205 
832 868 133 67.16807565489326 2799 
833 871 132 29.272766344240363 2773 
834 871 128 58.439264562519895 2663 
835 872 131 10.112524030519204 2606 
836 872 121 63.019142940819144 2996 
837 874 124 38.37528257405879 3315 
838 874 128 53.4773673680738 2490 
839 874 117 53.54758908962576 2637 
840 875 119 33.81898793616058 2929 
841 876 135 27.897771524952855 2941 
842 876 135 80.65941197504719 2875 
843 876 122 1.9182564916016256 2958 
844 877 134 4.559874138118634 3010 
845 879 128 35.780084761425016 3216 
846 879 115 20.66915569274894 2834 
847 881 123 38.220332346256406 3439 
848 885 132 12.847029711928714 2513 
849 885 124 15.215051384848485 2544 
850 886 115 12.740310041373265 2905 
851 886 119 53.65032102524565 3346 
852 889 135 6.220620626069781 2950 
853 891 115 44.63810690037141 2880 
854 891 128 57.3115595048385 2761 
855 892 130 9.541308250966544 3091 
856 893 135 42.491271196844444 2617 
857 897 119 6.620555264763339 3468 
858 897 116 39.50461423302069 2803 
859 898 122 86.42121528205898 3121 
860 898 135 4.895896049363145 2961 
861 898 133 29.227039716057572 2656 
862 899 125 65.44568956104541 2823 
863 900 121 83.82429525306779 2856 
864 902 122 24.67437884661177 2588 
865 902 128 43.69061787962467 2657 
866 903 133 9.366420553455953 3371 
867 905 131 66.60409509719186 3011 
868 905 123 19.113529858847347 2892 
869 905 134 81.06128841223604 3128 
870 907 122 87.90010839598118 3150 
871 909 126 26.891138789838504 2809 
872 909 119 78.84614098544348 2920 
873 909 130 20.096366964902735 3456 
874 910 133 37.21180990568166 3144 
875 910 126 4.330364617524496 2942 
876 912 127 42.0974899888039 2747 
877 912 134 6.80557635743063 3328 
878 917 131 28.191979468599428 2748 
879 918 126 45.88731815480362 3283 
880 921 134 66.22217644122381 3353 
881 923 117 86.32705338147034 2821 
882 923 125 26.236421061005327 3242 
883 923 134 36.911965865616104 3054 
884 926 124 32.17500379606841 2707 
885 928 131 83.99516787944667 2836 
886 928 116 14.133904617334219 3374 
887 928 118 8.702349737262487 3333 
888 928 122 33.87606291687314 2882 
889 929 121 8.770245697538545 2743 
890 929 132 45.26740362030237 3463 
891 930 130 55.813870720491565 3149 
892 932 135 30.027014611852348 3241 
893 932 128 40.7627800349883 2594 
894 935 118 65.66915316329731 2927 
895 935 132 30.940744517312154 3207 
896 935 116 37.57310641911982 2658 
897 938 122 3.271019761117171 3470 
898 939 130 17.381061909096385 3103 
899 939 116 81.5143594027713 2553 
900 940 122 30.082400845062047 3026 
901 941 128 79.98213359686676 3232 
902 941 127 50.846423410919066 3096 
903 941 122 65.3121501539427 2872 
904 943 133 34.35178373263622 3197 
905 944 124 79.50867533312562 2598 
906 949 129 53.221946963263875 2809 
907 949 117 14.51710264207306 2989 
908 949 132 72.69259857032843 3064 
909 952 132 68.41564838915434 2730 
910 953 128 33.209178523257215 2946 
911 953 124 15.281679958249205 3007 
912 957 126 65.25253466237703 2616 
913 957 119 13.0669380442435 3451 
914 958 116 8.876984743417305 3116 
915 958 134 85.08159986760863 2751 
916 960 117 79.20805437997988 2963 
917 961 117 51.286585632711905 3400 
918 962 120 16.85832902828709 3276 
919 963 132 5.079506059657296 3209 
920 964 116 27.33308022229912 3151 
921 965 123 9.794370370918985 2908 
922 966 119 42.93982614705268 2607 
923 966 117 43.88872446394694 2958 
924 966 121 76.97158339982704 3374 
925 969 121 4.672370511234608 2841 
926 970 128 38.214606297183856 3455 
927 972 121 47.90387323910202 3309 
928 975 135 66.14485105176553 3296 
929 976 123 2.1313525869440575 2875 
930 976 124 9.943207654705148 2839 
931 976 131 47.549006337125256 3310 
932 977 123 51.3242118939328 3269 
933 977 133 33.524887158725136 3342 
934 978 122 77.18430175438368 3320 
935 978 124 51.7022769500409 3018 
936 979 120 69.11706290824868 3149 
937 979 123 81.90225382904387 2490 
938 980 127 1.043601248787855 2521 
939 983 124 36.622298196152684 2597 
940 983 134 15.971415380746677 2801 
941 983 127 28.340731189022105 2518 
942 984 133 20.986308808777476 2944 
943 988 132 79.78110355149941 2814 
944 989 120 37.491923707018195 2742 
945 990 117 71.65759678389412 2549 
946 990 116 88.77628436873647 3179 
947 991 117 22.01351561687354 3423 
948 991 126 1.3096764905902858 3419 
949 992 121 75.54466402711034 2803 
950 993 126 68.07911439279724 2970 
951 993 126 5.6732446436747646 2627 
952 994 116 84.84372311995654 2627 
953 994 132 76.96911310266943 3462 
954 994 126 63.03609188020487 3460 
955 994 123 72.34560239427428 2681 
956 997 120 24.13348433204896 3378 
957 998 117 18.25027768879636 2616 
958 999 123 63.72920245999335 2972 
959 999 122 56.17419695370632 3400 
960 999 120 9.768372865319407 2715 
961 1000 121 75.80499008039283 2481 
962 1003 128 50.005775534260366 3087 
963 1003 120 17.861117131535657 3117 
964 1006 116 71.91191817480302 3170 
965 1007 130 86.28468803704284 3357 
966 1008 120 20.861668682086776 3348 
967 1014 117 80.50384756574701 3437 
968 1016 117 48.47770859016129 3310 
969 1017 123 71.3540572290675 2806 
970 1018 123 83.37333200749508 2815 
971 1018 126 68.27819078732819 3368 
972 1019 129 9.887050300862144 3204 
973 1021 115 52.520280417648095 2720 
974 1022 116 54.75953852003515 3033 
975 1023 126 58.11390530116536 2684 
976 1023 133 30.13999629169256 3289 
977 1023 125 4.380899083255642 2831 
978 1023 119 76.1053102278015 2983 
979 1023 117 68.89068892685543 3351 
980 1024 133 41.904554741637696 3251 
981 1024 122 9.393817965236128 2601 
982 1026 119 25.410072276397063 2631 
983 1027 121 63.307646010397846 2698 
984 1028 126 8.987809510537472 3297 
985 1028 123 5.419017801608837 3359 
986 1028 125 84.38979234439378 3166 
987 1029 130 77.6643313717105 2716 
988 1030 118 13.920688522433883 3069 
989 1032 125 76.120198762253 3322 
990 1033 133 41.239647624959396 3198 
991 1033 133 20.214736852557017 3376 
992 1034 118 86.3959641674207 2805 
993 1034 134 57.37807654125666 2503 
994 1035 128 29.2063525323358 2716 
995 1035 128 34.20174695462726 2532 
996 1036 135 45.94493911666024 3192 
997 1037 131 2.5312435637187787 3035 
998 1038 126 63.322797143913775 3282 
999 1038 121 6.782760669630624 2738 
1000 1039 131 69.54156541090038 2716 
1001 1040 129 12.6933383333588 2720 
1002 1041 132 24.930952614013936 2727 
1003 1042 126 14.965016667743164 3349 
1004 1042 117 85.48849982648075 3055 
1005 1043 130 14.533683438565806 3449 
1006 1043 116 51.86632030461598 3179 
1007 1044 118 67.73465739238867 3060 
1008 1044 116 68.89894505978755 3301 
1009 1044 126 59.35306535532466 3460 
1010 1045 118 19.251157996858574 3118 
1011 1047 125 55.93612223634595 2575 
1012 1048 120 24.494972689866245 2699 
1013 1049 132 35.17526049570612 2554 
1014 1050 119 22.826905216008146 3007 
1015 1051 131 57.33514309667884 2568 
1016 1051 132 14.725943632103414 3379 
1017 1052 134 26.408549185299886 3201 
1018 1054 117 45.21045884179596 3442 
1019 1054 118 2.667606542911427 2969 
1020 1054 134 24.917367809674257 2732 
1021 1055 130 65.63882599683983 2954 
1022 1056 135 39.54764110194275 3275 
1023 1058 133 84.81035873076037 3315 
1024 1058 129 2.030194977637314 3016 
1025 1059 120 87.21525935614456 2945 
1026 1059 127 61.81634516891926 2682 
1027 1061 131 63.08633066657439 2574 
1028 1061 132 81.60033590360403 2505 
1029 1063 130 60.274949480664745 3208 
1030 1063 121 55.32977696393285 2623 
1031 1063 122 84.53401213568048 2744 
1032 1064 119 13.662234011566477 2509 
1033 1065 125 3.5813955325062166 2634 
1034 1065 121 65.11929453846187 3328 
1035 1069 119 39.46336391734259 3046 
1036 1069 132 75.61440567140379 3276 
1037 1071 129 22.270153912092514 2830 
1038 1072 123 78.48067995834421 3245 
1039 1072 121 70.7276606534636 2507 
1040 1072 130 63.336693685797634 3065 
1041 1072 120 3.6383349897193673 2731 
1042 1073 130 25.63462921014625 3203 
1043 1073 125 29.940588235167695 3278 
1044 1076 121 38.721088619282284 2509 
1045 1077 115 36.74729018750056 2901 
1046 1078 116 72.92338700412482 2600 
1047 1079 125 27.052885744138162 3221 
1048 1079 133 29.860112136059946 2820 
1049 1082 121 79.85341906217964 3143 
1050 1084 121 28.41766299996618 3144 
1051 1084 132 89.09471683815404 3053 
1052 1086 129 60.706505970071674 3029 
1053 1088 134 63.651833497060885 2502 
1054 1089 129 26.313872904753232 3361 
1055 1089 119 27.83948852745591 2805 
1056 1089 129 40.34778964511753 3253 
1057 1089 115 67.34546858660437 2960 
1058 1091 127 11.72160493619572 2747 
1059 1091 128 30.993349435346104 3231 
1060 1092 117 6.297408174514112 2750 
1061 1093 117 41.38035676481936 2661 
1062 1093 126 79.67699130886007 3317 
1063 1094 131 2.4117502817887453 2824 
1064 1094 117 38.276960865672 2953 
1065 1095 125 57.88129310223235 2719 
1066 1096 135 32.904971930362066 2515 
1067 1097 129 20.21395386724231 3167 
1068 1098 124 50.169242441563135 3030 
1069 1099 132 16.675362555811635 2533 
1070 1099 135 43.24231976563194 2725 
1071 1100 117 74.87209064832699 2528 
1072 1100 116 4.3836067822927625 2492 
1073 1101 124 25.711466665972885 2778 
1074 1102 127 27.716386137085365 2696 
1075 1102 125 39.74559127982201 2568 
1076 1103 116 73.37588776140936 3394 
1077 1103 125 75.77884441668277 3163 
1078 1104 132 62.58465950322496 2570 
1079 1106 127 54.856856002186746 2512 
1080 1106 117 56.43677434195564 2920 
1081 1106 115 34.1783044131454 2624 
1082 1107 125 85.76637147401581 2517 
1083 1109 129 71.5168723727261 3014 
1084 1110 133 49.70751977434017 2747 
1085 1110 132 31.74968185046385 3327 
1086 1112 115 66.87462322900834 2590 
1087 1114 128 11.97627031377057 2589 
1088 1119 125 22.790470451468416 2814 
1089 1121 117 80.4542606405479 2804 
1090 1121 121 19.533654197786017 2578 
1091 1122 135 62.918942369256555 3245 
1092 1123 135 77.67664610559152 2507 
1093 1124 117 12.854012569445354 3364 
1094 1124 117 24.77845329691129 2487 
1095 1124 121 40.73883068861607 2765 
1096 1124 115 77.70872666448312 2545 
1097 1126 126 46.83857151665319 3413 
1098 1126 119 65.82103802484068 3048 
1099 1127 122 24.97774032749263 2843 
1100 1131 133 80.04863491135357 3065 
1101 1132 134 83.15644409787497 3098 
1102 1132 128 40.740513234211186 2537 
1103 1134 123 55.99686506989938 3395 
1104 1135 131 12.00336839607651 2736 
1105 1136 116 83.45535292073413 3285 
1106 1137 128 48.112693917512544 2635 
1107 1137 124 82.70258847021987 3393 
1108 1141 130 49.7582817395794 3419 
1109 1141 116 46.61851412362562 3440 
1110 1142 128 28.28435588624718 2708 
1111 1142 119 34.57600421395963 2865 
1112 1144 117 29.209513321675093 3426 
1113 1144 116 13.916596976663065 3412 
1114 1144 134 55.52183436082674 2849 
1115 1145 127 56.25355650482869 2699 
1116 1146 127 73.78375463082318 3133 
1117 1146 122 11.05985561347098 2669 
1118 1147 135 21.51184016848214 3150 
1119 1148 115 5.983797031242836 2563 
1120 1148 135 69.0753516311395 2864 
1121 1149 121 23.137788158833377 2925 
1122 1153 119 57.075059897794134 2791 
1123 1153 125 36.385764730428996 3476 
1124 1154 132 35.60716291018546 2754 
1125 1154 123 1.2059933035505357 3341 
1126 1155 124 84.19132402111761 2541 
1127 1156 118 13.607367578720574 3444 
1128 1157 123 70.46651985898814 2810 
1129 1157 129 46.24175584486982 3090 
1130 1158 134 58.805689975694456 2584 
1131 1159 127 41.46047912685757 2625 
1132 1160 124 25.577446984473024 3066 
1133 1160 126 10.076164632716647 3091 
1134 1161 129 1.7167440192955534 2869 
1135 1163 134 63.93592623668818 3166 
1136 1164 127 83.36555410676529 3283 
1137 1164 115 87.68099115472394 3439 
1138 1165 124 48.214095793349934 3121 
1139 1166 122 64.71470233369922 2835 
1140 1167 126 23.428922978307526 2947 
1141 1168 126 32.27109685552091 3030 
1142 1169 117 71.27314115325287 3348 
1143 1169 120 73.42319912849463 2670 
1144 1171 117 62.292503731416076 3232 
1145 1171 116 31.668692927135375 2803 
1146 1172 128 36.76831636194012 3179 
1147 1172 134 60.95585888584745 3204 
1148 1172 119 62.60198692630378 3283 
1149 1175 134 84.16493148668384 3258 
1150 1175 117 39.860181717162206 2698 
1151 1176 121 48.192921073729906 2835 
1152 1176 116 10.049200264180024 2906 
1153 1177 134 63.748873420092565 3339 
1154 1177 126 47.680385304023325 2720 
1155 1177 119 32.64709707374803 2760 
1156 1179 115 83.8088334184943 2504 
1157 1179 118 77.9175228946667 2597 
1158 1179 115 81.08696668292211 2837 
1159 1180 127 65.43207765619263 2869 
1160 1181 134 68.15894060070411 3284 
1161 1185 128 17.09904736934976 2630 
1162 1185 124 31.594132153910092 3407 
1163 1187 129 5.738195071266594 2482 
1164 1187 130 16.305878052814357 2704 
1165 1190 121 37.28133592510369 3447 
1166 1191 117 45.78428095783477 2934 
1167 1192 131 10.355969006071604 2567 
1168 1192 129 59.22177739678027 2718 
1169 1195 122 86.12598373569506 2786 
1170 1195 124 83.7414261712163 2508 
1171 1196 130 31.671344569492444 2716 
1172 1197 127 78.89203140578192 3028 
1173 1199 126 16.251257813151057 3272 
1174 1201 117 34.6071606011567 3192 
1175 1203 129 43.86098117856913 3402 
1176 1205 134 88.08044264765724 2641 
1177 1207 135 81.7082592842876 3302 
1178 1207 123 50.85573831031291 2842 
1179 1209 125 53.34967559787323 3266 
1180 1210 130 57.72560532988447 3256 
1181 1211 126 13.957433975213377 3150 
1182 1211 123 65.77093105643647 2552 
1183 1211 127 66.66879456590965 3206 
1184 1211 120 31.936622435865434 3444 
1185 1212 125 61.63037912595107 3468 
1186 1212 131 36.295923761185776 2998 
1187 1213 125 12.197903420778513 2735 
1188 1213 120 64.53572716830539 3038 
1189 1214 133 73.87371341367373 3438 
1190 1215 123 76.00989445730778 3167 
1191 1217 118 79.74124090349828 3198 
1192 1218 133 2.4010781993666166 2774 
1193 1218 120 27.842270589394168 3406 
1194 1220 134 11.765801563523613 2677 
1195 1222 121 45.76165773565178 2746 
1196 1224 127 3.3835127385253108 2864 
1197 1226 129 31.462058957256335 2732 
1198 1227 124 47.25660387447069 3249 
1199 1228 126 56.38706735690558 2911 
1200 1229 116 44.55933993791969 3443 
1201 1231 133 33.73852199236016 2502 
1202 1231 133 23.87415266859856 3342 
1203 1232 124 63.83012216190687 2892 
1204 1232 133 24.806078874392835 3097 
1205 1233 115 30.041974461318482 2665 
1206 1234 118 65.02086859694727 2536 
1207 1237 125 4.579111059666172 2724 
1208 1237 130 62.848743855697705 3023 
1209 1238 117 38.087836300361005 3132 
1210 1240 134 66.70774837278721 2863 
1211 1240 129 59.64883961401061 3362 
1212 1241 120 44.722992628578716 2889 
1213 1241 135 70.87185642373386 3129 
1214 1242 121 4.498028584918215 3371 
1215 1242 130 29.558013831125756 3168 
1216 1243 117 37.53138067537375 2714 
1217 1243 119 4.763446138603732 3396 
1218 1244 118 4.010970018128983 2924 
1219 1244 126 49.15587675982104 3223 
1220 1245 121 50.33648662696678 3413 
1221 1246 134 33.491806333764636 2946 
1222 1248 132 80.02023393321267 3397 
1223 1249 135 68.21677122535931 3405 
1224 1250 135 7.325551125982607 3406 
1225 1250 116 9.866145940393311 3245 
1226 1251 127 65.08696095693729 2891 
1227 1252 127 89.96223395877408 2938 
1228 1252 134 16.63970613083805 3188 
1229 1252 121 46.03742827199334 3169 
1230 1252 128 87.49517185537002 3000 
1231 1253 135 77.68441144042364 3420 
1232 1254 120 18.13710649544683 2704 
1233 1255 118 21.730221086876202 3235 
1234 1255 134 22.020199555986657 2491 
1235 1256 120 71.06053351696593 3235 
1236 1257 119 59.14370850168714 2514 
1237 1261 117 70.1547332733329 2870 
1238 1261 135 19.209680190595414 2498 
1239 1261 123 12.876655065713054 2769 
1240 1262 135 87.5103754182187 3006 
1241 1263 134 44.79964482928215 2913 
1242 1263 119 14.945532865646252 3072 
1243 1267 124 79.98085308823332 2641 
1244 1267 119 64.24327248505296 2667 
1245 1268 132 80.57365495389764 2649 
1246 1268 131 56.89365100713392 3472 
1247 1269 127 73.66230521843647 2936 
1248 1272 129 61.57542848800205 2591 
1249 1273 133 87.89998146399958 3289 
1250 1275 127 65.31517991624486 2823 
1251 1276 116 6.822090762527797 2607 
1252 1276 121 35.90859603846775 3112 
1253 1277 125 70.92519671613175 2625 
1254 1279 129 77.8889520613978 2571 
1255 1280 129 53.05519503038118 2849 
1256 1280 118 40.221435358182426 3046 
1257 1282 119 5.539852002894519 2494 
1258 1284 125 69.20339002198831 2594 
1259 1284 118 57.62639689399373 3414 
1260 1288 130 65.63113255536446 2628 
1261 1289 135 58.55199782954777 2865 
1262 1291 135 47.49842631780977 3223 
1263 1292 119 72.97743796981064 2710 
1264 1292 123 77.61371012544357 3085 
1265 1293 133 12.892012924879605 3229 
1266 1296 131 49.20859481506093 3148 
1267 1298 134 85.31573694870549 2610 
1268 1298 133 84.91720370676808 2654 
1269 1298 118 74.26949602603288 3301 
1270 1298 132 64.84623050539604 2500 
1271 1299 133 33.634217187089895 2926 
1272 1300 123 84.32112862113215 3210 
1273 1304 117 17.20105480368132 3419 
1274 1305 116 46.372749460108274 3180 
1275 1307 130 56.32810075357719 2579 
1276 1307 115 13.661035321839165 2483 
1277 1307 125 19.720645923748762 3018 
1278 1309 126 17.038386805828573 2569 
1279 1311 127 45.07756121306008 3301 
1280 1312 124 39.64291143136819 2489 
1281 1312 115 42.78001878278531 3301 
1282 1313 134 42.55824363019219 3435 
1283 1313 128 8.044482842145449 3078 
1284 1314 130 27.87510609267807 2853 
1285 1315 124 78.60330836671099 3216 
1286 1316 122 22.89533471076848 3473 
1287 1319 122 49.15171905037663 3352 
1288 1320 120 68.99191582153296 2741 
1289 1321 125 88.19676377622297 2483 
1290 1323 115 67.62664366352347 2972 
1291 1325 118 27.501664216597362 3282 
1292 1325 122 29.84481380906663 2820 
1293 1327 115 71.16076806804969 2681 
1294 1328 132 3.4101705879801765 2996 
1295 1328 117 22.499032407678673 2579 
1296 1329 121 30.25256372972669 2787 
1297 1329 120 27.97031137590207 3313 
1298 1330 131 34.52041371649684 3010 
1299 1330 120 88.20114641118218 3373 
1300 1331 121 11.816569217491464 2915 
1301 1332 131 36.46394405860007 3023 
1302 1333 130 87.71149261803339 3353 
1303 1334 120 11.584130201955723 2934 
1304 1338 135 43.09511384081617 3247 
1305 1338 115 39.79374972603335 3042 
1306 1339 123 60.659841384599396 2481 
1307 1340 115 70.60821126225363 2504 
1308 1340 119 87.18916873222413 2603 
1309 1341 115 76.66902564943258 2651 
1310 1342 119 35.11677659001528 2853 
1311 1346 117 8.682536139608368 3343 
1312 1347 115 23.22474713545303 2659 
1313 1349 115 69.1358052738759 3094 
1314 1351 125 39.81290167051086 2638 
1315 1351 133 46.94566185470919 3256 
1316 1352 122 10.577151957551951 2751 
1317 1354 126 50.39577317906655 2882 
1318 1358 115 35.63462593609 2716 
1319 1360 119 43.08972996601883 3233 
1320 1362 124 27.4104989344962 3226 
1321 1363 120 30.831394445844627 3019 
1322 1363 132 64.52311994296488 2675 
1323 1364 123 53.902821042226265 3048 
1324 1366 123 69.84823284474771 3276 
1325 1367 134 15.25354460908839 3242 
1326 1367 118 88.13392626588086 3176 
1327 1368 117 52.32864586877563 3398 
1328 1369 130 20.342478744699797 3227 
1329 1370 117 23.107623850075413 3008 
1330 1372 131 13.907606757777945 2562 
1331 1372 130 34.66734776162516 2592 
1332 1373 122 74.31005157250762 3174 
1333 1376 115 45.749770423141854 2543 
1334 1376 120 42.685822613585344 2795 
1335 1378 127 23.36909438328744 3153 
1336 1378 119 88.52311856171488 3282 
1337 1378 122 88.70629134128873 2615 
1338 1381 131 1.4447778607084856 2973 
1339 1381 119 56.91257470948353 2608 
1340 1382 128 47.53486296489247 2874 
1341 1382 124 77.8584605540298 2590 
1342 1383 131 69.5694825738557 2536 
1343 1383 131 80.92596075158013 3245 
1344 1383 125 31.034759841633353 2866 
1345 1385 131 75.01591620634726 3219 
1346 1386 120 10.08932323857925 2838 
1347 1386 134 26.439535241797074 3204 
1348 1386 128 8.576324523204608 2521 
1349 1387 135 75.49250657747123 2743 
1350 1387 132 41.271520035426875 2710 
1351 1388 127 46.48811467640601 2596 
1352 1389 133 17.52441809027743 3039 
1353 1390 119 26.12173963940622 3164 
1354 1391 121 56.010467751681574 2721 
1355 1391 123 34.936378334394746 3304 
1356 1392 130 61.04541542363682 3248 
1357 1392 125 70.97461146051229 3232 
1358 1393 135 79.74695369311748 3017 
1359 1394 123 2.2047593742706573 2794 
1360 1395 115 18.854250787299822 2548 
1361 1397 128 67.81129721529248 2504 
1362 1398 125 45.949373806423644 2567 
1363 1399 120 67.70192208750152 3183 
1364 1399 121 2.3338931129984823 2939 
1365 1400 118 89.80177097241567 2947 
1366 1400 129 88.27039616079618 2538 
1367 1401 124 48.66662145945816 3107 
1368 1402 117 82.62720681248273 3118 
1369 1405 126 86.2696594393548 2835 
1370 1406 123 17.487510932485325 3210 
1371 1408 115 47.60794021438531 2865 
1372 1412 135 42.689508599714856 2721 
1373 1412 115 30.802024980580523 2868 
1374 1413 124 21.03154645970595 2499 
1375 1414 129 45.96944114483873 2669 
1376 1414 127 8.632904014473542 2569 
1377 1414 127 23.665037406025476 3281 
1378 1415 119 52.03712578222701 2725 
1379 1415 116 76.04447911265123 3230 
1380 1416 124 58.41222917142256 2768 
1381 1417 133 33.91957135858326 2906 
1382 1417 124 87.06480401734395 2551 
1383 1418 135 62.5331548322418 2559 
1384 1418 115 84.3921250416824 2919 
1385 1419 115 72.36486572349885 3375 
1386 1421 117 19.637466447803163 2570 
1387 1422 135 21.656247751001306 2748 
1388 1422 128 82.4299085842222 2937 
1389 1424 132 31.45228612690628 2780 
1390 1424 121 39.07029662340617 2710 
1391 1425 131 75.84395724275149 3082 
1392 1426 126 29.865111825214942 3430 
1393 1426 127 45.53808514302826 2524 
1394 1426 117 68.83132981054888 2572 
1395 1428 119 1.622423517608378 3120 
1396 1429 125 67.75708242253667 2770 
1397 1430 135 84.39942739577158 2718 
1398 1430 133 64.03288265255591 3326 
1399 1431 127 55.677246507497166 3053 
1400 1431 120 80.20789975821063 3134 
1401 1432 128 88.23305625797957 3398 
1402 1432 128 18.673446312135447 3228 
1403 1433 122 21.13023050779901 2686 
1404 1434 127 28.47915409374926 2579 
1405 1434 124 33.512430371642566 2780 
1406 1435 135 26.22553447794373 3398 
1407 1435 129 17.225282906832533 2929 
1408 1436 115 85.44181706801143 3128 
1409 1437 118 22.871278582131183 3162 
1410 1441 125 50.257623128897144 2692 
1411 1441 119 69.14729720047305 3135 
1412 1442 115 35.74794672443957 2506 
1413 1443 121 16.541642227434217 2585 
1414 1446 115 46.4290190727315 2989 
1415 1448 119 89.71467521583976 3308 
1416 1448 130 42.91017023217698 2988 
1417 1449 134 65.90154574297576 2537 
1418 1449 133 45.99416658060076 3409 
1419 1449 116 81.02540572518575 2867 
1420 1451 115 2.811778787541943 3093 
1421 1452 115 19.6796738744207 2709 
1422 1454 132 32.725693208347124 3340 
1423 1454 131 85.24496307040252 2964 
1424 1456 119 12.36762759431903 2713 
1425 1456 120 33.684208015102584 3422 
1426 1457 134 39.417833097836834 3217 
1427 1457 134 72.36435660419886 3279 
1428 1459 135 38.27650787914378 3431 
1429 1459 124 61.53580882973207 2609 
1430 1461 115 78.01058775441629 3350 
1431 1466 133 42.89149115797385 3194 
1432 1467 135 26.035338742768488 3231 
1433 1468 116 37.32486294355787 3192 
1434 1469 118 81.69398405237281 3234 
1435 1472 122 72.97638441337868 3468 
1436 1474 129 34.02176081152947 3208 
1437 1474 130 53.19350900333702 2929 
1438 1474 124 43.25786514473939 2568 
1439 1474 119 14.11930736026814 2858 
1440 1476 122 81.99328712163026 3192 
1441 1477 122 41.66285062117606 2804 
1442 1480 133 84.5751520712964 2536 
1443 1481 127 19.193884561333192 2783 
1444 1481 116 11.33786466991264 3439 
1445 1481 123 78.28961568686404 3004 
1446 1483 131 80.40890866039798 2776 
1447 1484 122 37.74072099369955 2657 
1448 1485 130 78.2986425231482 3177 
1449 1485 121 78.52305954097667 3229 
1450 1487 121 41.01650925061859 2668 
1451 1488 117 20.947180185231876 3161 
1452 1489 127 21.244555259441462 2713 
1453 1490 123 83.61203382926023 3078 
1454 1491 131 58.18115340806257 3445 
1455 1491 126 49.44722836389878 3262 
1456 1492 128 33.20881332158815 3419 
1457 1492 123 40.669067368859 2809 
1458 1492 129 77.24400294349587 2969 
1459 1493 124 84.84837365793629 2891 
1460 1494 128 32.155087762795475 3317 
1461 1495 126 39.91397306837967 3394 
1462 1496 135 56.91740627111038 3274 
1463 1496 120 20.703519504367904 3427 
1464 1497 128 73.24127500209657 3012 
1465 1498 131 77.53167919020285 2642 
1466 1500 115 18.01642946065226 2725 
1467 1504 120 72.48826049432324 2488 
1468 1505 126 59.298298009979646 3470 
1469 1506 115 75.5222185042589 3025 
1470 1506 130 47.41016509168676 2844 
1471 1507 123 73.9565148764868 2971 
1472 1508 118 84.82193291158234 2845 
1473 1509 125 49.206771338905575 2635 
1474 1509 129 28.39201769337517 2863 
1475 1509 126 28.860861581054078 2862 
1476 1510 119 57.88993973502314 2770 
1477 1510 121 27.05746490545843 2580 
1478 1510 126 62.36507769832492 3188 
1479 1513 115 84.60034027835975 2776 
1480 1514 115 42.55237927854419 3021 
1481 1514 115 34.659880285792845 3031 
1482 1514 122 7.317932050767507 3443 
1483 1517 118 21.83612795952245 3478 
1484 1518 127 79.12560921010821 3323 
1485 1519 134 42.768612594339956 3190 
1486 1521 130 1.5082249171284032 3110 
1487 1522 122 3.036436558019366 3138 
1488 1522 130 47.5265390732738 3214 
1489 1523 121 48.71095601794656 2757 
1490 1532 127 5.6541843857036085 2643 
1491 1533 115 66.15787909330035 2737 
1492 1533 129 37.63621852351544 3008 
1493 1534 118 46.714873041152835 2760 
1494 1534 131 85.31661301963234 3207 
1495 1536 123 2.0986375920695948 3276 
1496 1536 132 63.667541856986254 3270 
1497 1537 121 30.408240991459216 3271 
1498 1537 134 37.1971784551841 3055 
1499 1537 133 51.91710374524526 2812 
1500 1538 130 66.59086514112205 2703 
1501 1539 127 6.08322668436112 3257 
1502 1539 118 28.064842044802003 2765 
1503 1540 127 46.794940006723245 2702 
1504 1541 135 9.587371226630157 3164 
1505 1541 117 72.91735842048202 2659 
1506 1544 123 21.223530321316034 2957 
1507 1544 130 1.2873005584672108 3178 
1508 1545 115 53.8694964406167 3093 
1509 1547 115 50.43222058827676 2622 
1510 1547 135 67.32811630238925 3359 
1511 1549 128 65.0064372249438 3067 
1512 1550 128 56.899814204945926 2894 
1513 1550 133 40.50358596364845 2521 
1514 1551 129 2.4667865580858233 2772 
1515 1551 122 11.714625340270782 3145 
1516 1552 126 8.861917789072201 2493 
1517 1553 126 27.96736542059952 3073 
1518 1554 131 21.242088145544106 2897 
1519 1556 131 21.058720105887858 2985 
1520 1557 121 64.53158766611074 2990 
1521 1558 117 13.302062335193344 2682 
1522 1558 125 40.931822080037634 3313 
1523 1559 129 28.172612841286764 3270 
1524 1559 118 11.48734387947051 3019 
1525 1560 133 42.86523502538862 3089 
1526 1560 121 68.0742701542761 3252 
1527 1560 125 62.26403215164782 2780 
1528 1561 117 45.68128577593198 3096 
1529 1561 120 35.318340198565316 3465 
1530 1562 116 7.448357971415808 3416 
1531 1564 120 9.479092150488805 2671 
1532 1564 119 81.98315047258076 2867 
1533 1565 122 47.74184087047749 2480 
1534 1566 121 45.82925266875211 2736 
1535 1569 135 6.706224398503683 3188 
1536 1570 118 19.71601185380972 2774 
1537 1570 116 19.713010168019924 3221 
1538 1573 134 35.732845394355806 2750 
1539 1573 134 76.8034735667678 3047 
1540 1575 126 58.71676296667962 2792 
1541 1578 123 76.43873209406095 3359 
1542 1579 117 78.65993777240453 3067 
1543 1581 135 13.320962380962596 3228 
1544 1582 124 64.79749358248131 2969 
1545 1582 121 32.20203269197252 3469 
1546 1582 128 30.618190634544344 3113 
1547 1583 128 39.09394368767649 3352 
1548 1583 133 46.583808310643946 3104 
1549 1584 126 77.69221189671846 2589 
1550 1585 134 87.02528595684055 3337 
1551 1586 128 76.0573821187462 3382 
1552 1586 135 78.10563599372827 3374 
1553 1588 127 1.555689871185932 2841 
1554 1590 126 55.41093829020979 3033 
1555 1590 122 22.51585097698194 3242 
1556 1591 116 28.040799999416695 3370 
1557 1593 119 66.24224906139965 3123 
1558 1593 115 71.7577313011238 3013 
1559 1594 118 64.61314346858953 2911 
1560 1597 119 31.81524201212608 2866 
1561 1598 125 40.3836616994264 2584 
1562 1600 124 46.63578661113655 2761 
1563 1602 134 4.319401134510534 2811 
1564 1602 131 28.85590290766264 3044 
1565 1602 125 16.0405889068912 2481 
1566 1604 117 39.31606040249978 3274 
1567 1605 126 17.376878634154636 2497 
1568 1609 134 80.75442575073865 3387 
1569 1613 117 83.68930765061573 3419 
1570 1614 133 72.22673313110246 3303 
1571 1615 120 68.65677018646906 3129 
1572 1615 126 4.3257986094053695 2510 
1573 1617 119 19.42914390876085 3443 
1574 1618 133 27.831697076942103 2910 
1575 1618 118 61.347885844971195 2576 
1576 1621 116 36.92916245452736 3392 
1577 1621 119 16.65442026874464 2751 
1578 1622 117 47.12616644932529 2686 
1579 1622 118 87.87799879736437 3478 
1580 1623 132 9.680557238967923 2972 
1581 1625 134 81.99323850783423 3156 
1582 1625 131 17.202210412770214 3296 
1583 1625 125 47.94772422931642 2960 
1584 1626 118 42.162289346915216 3359 
1585 1627 127 77.7143901272968 3428 
1586 1628 130 37.65510700014893 3274 
1587 1628 129 74.98309577486889 3092 
1588 1629 122 49.96866937804 3441 
1589 1633 134 23.331712684399974 3097 
1590 1633 128 30.893434368570706 2717 
1591 1634 133 3.961789900113873 3342 
1592 1634 132 69.0644917260377 2885 
1593 1636 120 22.80327954485268 2520 
1594 1636 133 14.157487572127643 3100 
1595 1636 134 5.042329581349078 3396 
1596 1637 122 23.373229688013474 3107 
1597 1638 117 74.16638285309877 3281 
1598 1638 131 42.49019585166707 3046 
1599 1640 123 53.94112969649009 2690 
1600 1641 124 61.66721494416715 3024 
1601 1641 120 71.60188452730065 2685 
1602 1642 115 82.77411176581279 3476 
1603 1645 131 17.593009786788382 2807 
1604 1646 134 47.03737655537593 2933 
1605 1646 132 21.08010158742237 2957 
1606 1646 121 57.17107863529516 2594 
1607 1646 132 33.78921240012771 2680 
1608 1646 135 6.265969394535553 2728 
1609 1648 123 21.498397765303846 2485 
1610 1649 133 19.422395660055184 3390 
1611 1649 116 27.69805832752187 2793 
1612 1650 131 15.059669737025251 3118 
1613 1650 119 89.79337258874874 2531 
1614 1653 133 38.08764021852191 3354 
1615 1654 135 62.29938117257884 2761 
1616 1655 130 33.59285552977153 3075 
1617 1656 133 82.60442182251423 2483 
1618 1658 115 20.09016772553826 3361 
1619 1659 121 3.345372578491985 3291 
1620 1659 127 59.995239990869074 2630 
1621 1660 126 61.55059944503274 2511 
1622 1661 118 27.402209186967745 2903 
1623 1664 124 76.43872877915975 2672 
1624 1665 120 64.87558242286102 2932 
1625 1666 120 35.17877604888551 2597 
1626 1666 132 49.84350542181241 2724 
1627 1666 129 32.92307335297579 2918 
1628 1667 129 8.578265640069496 2819 
1629 1667 128 10.17629430478842 3100 
1630 1667 133 79.21743816719938 2919 
1631 1668 121 13.943188961409074 3136 
1632 1668 131 25.097215590558353 3335 
1633 1670 118 32.84189766343944 2740 
1634 1672 124 38.96926184028521 3057 
1635 1672 117 12.241366473397306 3117 
1636 1673 132 61.773507667642534 2793 
1637 1673 125 59.94158259795063 3130 
1638 1675 123 44.05478687250923 3245 
1639 1676 123 79.25725816512282 3349 
1640 1676 117 81.48215460069065 2786 
1641 1677 115 88.58042909971155 2828 
1642 1678 118 32.527080185250085 3398 
1643 1678 120 78.260781855049 2491 
1644 1679 134 31.897609662350916 3071 
1645 1679 117 76.09813635857851 3340 
1646 1681 128 60.668206894966524 3274 
1647 1681 126 20.09516556302308 2535 
1648 1682 128 26.524345599678572 3263 
1649 1683 134 11.666147501998688 2755 
1650 1683 123 18.343987803845337 2912 
1651 1683 132 2.3917109280723086 2712 
1652 1683 115 50.98556316918511 3015 
1653 1684 124 80.3197202829382 3293 
1654 1684 118 13.562159062549417 3173 
1655 1688 115 85.17612028213722 2901 
1656 1689 125 27.114975742891488 2689 
1657 1690 135 1.7216487232402597 2769 
1658 1691 123 58.36660778495042 3390 
1659 1691 117 5.375278534527684 3387 
1660 1692 132 59.439946369397326 3268 
1661 1696 126 72.83153620564227 2997 
1662 1698 126 31.772463374478658 3016 
1663 1699 123 21.817097606762225 3031 
1664 1699 124 82.39864185692646 3372 
1665 1699 117 19.456719475437737 3006 
1666 1700 117 72.66324751042303 2922 
1667 1700 125 50.12295574143284 3469 
1668 1701 123 33.94874751675922 2520 
1669 1703 123 70.61281448635523 3449 
1670 1705 129 29.621092298334144 2572 
1671 1705 132 29.19796522531076 2670 
1672 1706 120 46.08781565455276 2928 
1673 1706 127 10.983060282855945 3409 
1674 1707 125 9.19838985769466 3244 
1675 1708 134 68.21135422414831 2739 
1676 1708 126 80.2178283206912 2749 
1677 1708 127 88.11184442204242 3456 
1678 1709 130 27.840481724069473 3358 
1679 1710 133 60.47911624470322 2782 
1680 1711 118 87.74074531805519 3237 
1681 1713 132 57.72660925915917 2973 
1682 1714 125 51.82772168032778 3045 
1683 1714 117 83.14971647688097 2556 
1684 1715 134 27.578284091944234 2977 
1685 1716 129 2.0130772829837937 2497 
1686 1716 129 75.11668118416347 3243 
1687 1717 123 45.78006091197524 3423 
1688 1717 129 4.500941363534162 3471 
1689 1721 133 79.769336197329 2896 
1690 1721 115 7.862193964884166 2722 
1691 1722 132 86.61374297434315 2685 
1692 1723 122 18.32290951068664 2969 
1693 1725 131 14.463887776656886 2843 
1694 1726 120 55.23324077543162 2984 
1695 1727 118 78.92041810757621 2655 
1696 1728 123 27.954133409472735 2496 
1697 1729 133 64.1811199428926 3036 
1698 1730 122 50.22027294319681 2561 
1699 1731 119 41.800234936773684 3151 
1700 1732 127 11.067625907161581 3210 
1701 1732 124 12.160550364045463 2676 
1702 1733 132 88.52900035231946 2877 
1703 1734 135 75.9401108023065 2784 
1704 1734 124 45.32477047589502 2597 
1705 1735 116 65.12783244499458 2941 
1706 1742 132 37.58688723839462 2921 
1707 1742 132 61.950638099647364 3315 
1708 1743 126 71.79247949749463 2644 
1709 1744 120 63.34185600724792 2607 
1710 1744 119 89.69378000172136 2715 
1711 1746 124 35.84581269519059 3453 
1712 1746 132 14.435892329810095 2898 
1713 1748 116 58.252440142217985 3222 
1714 1748 118 65.1808720557065 2904 
1715 1749 116 57.771961720449724 3052 
1716 1751 115 11.963358583104249 3445 
1717 1753 130 29.209788143511112 3212 
1718 1754 128 14.005674955559213 2658 
1719 1758 127 41.97849923683904 2643 
1720 1761 123 87.45517199348554 2947 
1721 1763 118 61.0614954779994 2932 
1722 1763 130 33.723243165670375 3366 
1723 1763 118 44.0786073444885 2822 
1724 1765 119 40.79138480623611 3070 
1725 1766 122 32.85951956546973 2613 
1726 1766 135 10.005907228902196 2864 
1727 1768 135 45.673857284571156 3220 
1728 1770 118 49.08943846499267 2674 
1729 1770 121 41.28182910134801 2936 
1730 1771 131 89.25407701579505 2854 
1731 1771 123 74.42565848886987 2918 
1732 1772 126 23.335635626667834 3233 
1733 1773 130 63.785524031537456 2635 
1734 1775 124 27.59495323233786 2483 
1735 1776 129 42.86839212872318 2526 
1736 1777 131 54.691049736754834 2793 
1737 1778 129 30.811487860771436 2960 
1738 1779 129 2.2320786743874574 2789 
1739 1780 127 49.28698318172035 3047 
1740 1781 133 81.41603059286192 2771 
1741 1781 127 74.46107566429367 3011 
1742 1782 126 58.78876743591156 3420 
1743 1786 128 45.842804301118825 2741 
1744 1786 129 42.69735931730811 2832 
1745 1786 135 15.231021154932995 2514 
1746 1787 134 49.9043606367017 3382 
1747 1788 118 62.17993879039577 3432 
1748 1789 127 80.11538224869507 3308 
1749 1790 132 62.265177406335084 2749 
1750 1790 126 55.76600321965078 2596 
1751 1790 115 76.0923498772417 2550 
1752 1791 120 69.11860849486399 2599 
1753 1791 117 1.5861331999680033 2668 
1754 1792 133 65.4300640230808 2491 
1755 1792 128 79.51690210141942 3099 
1756 1793 128 74.89779209577314 3333 
1757 1796 128 29.536158530873987 3201 
1758 1797 121 26.791990566443104 3264 
1759 1797 115 1.4712352529188737 2893 
1760 1797 125 36.53842481698222 3278 
1761 1799 125 43.944266917185764 2722 
1762 1800 135 50.591462831524964 3203 
1763 1802 116 75.7676428245775 2585 
1764 1802 117 13.948657738316388 3146 
1765 1804 135 76.08299288588319 2798 
1766 1804 118 37.66235786377166 2713 
1767 1805 132 26.473330882409368 2942 
1768 1806 133 18.85936135305543 2987 
1769 1807 125 52.14730079937027 2874 
1770 1808 117 19.935639798133735 2793 
1771 1808 126 47.35091871380215 2633 
1772 1809 116 89.2579915368723 3451 
1773 1810 132 11.245892905269013 3046 
1774 1810 116 48.20286735892837 3280 
1775 1814 127 69.36338817971017 2613 
1776 1814 129 88.82919924131495 3230 
1777 1814 128 74.03680139218724 3085 
1778 1814 135 52.08759982175619 2943 
1779 1815 133 74.0500663036652 3332 
1780 1818 130 50.595916708103815 3014 
1781 1818 131 1.5415193980472905 3034 
1782 1820 119 3.2456824431295073 2737 
1783 1820 124 26.30152220911476 2693 
1784 1820 127 84.37569257177869 3259 
1785 1821 134 12.666372309206132 3474 
1786 1822 130 40.12015530670474 2909 
1787 1823 135 20.117919497740328 3451 
1788 1823 129 65.2494790256533 3182 
1789 1827 116 80.4264101261062 3336 
1790 1828 121 2.426476481696054 3249 
1791 1829 126 16.778948505021926 2646 
1792 1830 129 7.942544745986913 3193 
1793 1830 127 9.373705000584398 3256 
1794 1831 128 81.83741991567926 3220 
1795 1832 120 59.65084727063893 3468 
1796 1833 130 22.394863419238032 2667 
1797 1834 135 27.446468603167236 3075 
1798 1836 119 71.24262972440036 2923 
1799 1837 123 39.439197500696785 2730 
1800 1838 134 22.206887291472828 2497 
1801 1839 123 12.407952837848148 3395 
1802 1840 125 65.67414812696663 2735 
1803 1840 134 20.95314746090755 2782 
1804 1841 127 10.89589265720002 3419 
1805 1841 135 21.99117583235896 3205 
1806 1842 125 55.873402417111286 3130 
1807 1842 121 73.17091991659281 3443 
1808 1843 122 53.880283112858585 2550 
1809 1844 119 23.698512196687684 2670 
1810 1845 115 73.39772850005545 2665 
1811 1847 131 63.22293788434472 3341 
1812 1847 127 16.0376318226408 3093 
1813 1847 130 46.78651356598939 3085 
1814 1848 129 19.678987700413284 3477 
1815 1850 120 89.692906022 2891 
1816 1851 129 42.09533591571039 2699 
1817 1853 115 11.690844043315142 3170 
1818 1855 131 19.118082714177575 3088 
1819 1855 117 48.92813444493006 3150 
1820 1856 118 19.751848877505854 3113 
1821 1856 116 42.51121410264688 2498 
1822 1857 129 23.530733336815295 2668 
1823 1858 117 15.805484976560399 2615 
1824 1860 121 56.75568708092554 2525 
1825 1861 122 27.87495443146518 3370 
1826 1861 120 46.94547574354414 2621 
1827 1864 134 64.5673981377684 3234 
1828 1865 119 35.127635376352686 2558 
1829 1865 117 89.19014828604118 3361 
1830 1869 130 21.48966494265944 3185 
1831 1870 130 69.50557340986082 3336 
1832 1870 133 82.5225159584114 3434 
1833 1871 126 12.971145770988109 2540 
1834 1872 125 53.197754423347526 2636 
1835 1872 121 63.238970282654364 2733 
1836 1873 129 68.60329506454944 3023 
1837 1877 121 33.81702291991384 2818 
1838 1877 129 31.178280251546695 3168 
1839 1877 117 57.27747563795468 2745 
1840 1879 125 21.8171978893312 3302 
1841 1880 119 26.024999936287657 2891 
1842 1881 123 61.41941435443495 2668 
1843 1882 125 28.324654386804028 2633 
1844 1882 125 85.72935157065237 2702 
1845 1883 130 17.64989344433636 3188 
1846 1884 122 65.34393992545252 2792 
1847 1885 118 76.52680714064869 2611 
1848 1886 129 6.31314626926846 3465 
1849 1886 132 75.36449774525516 2715 
1850 1888 119 31.708990195966397 3144 
1851 1889 128 23.46372513886968 2991 
1852 1889 133 53.936492903355 2941 
1853 1889 128 69.9063278998538 3316 
1854 1890 132 2.8829006663816212 2671 
1855 1891 125 72.92589757831924 3271 
1856 1894 131 63.3242922369495 3084 
1857 1896 119 18.837879340770954 2923 
1858 1896 121 63.654060772792015 2879 
1859 1896 120 70.14032509407659 3036 
1860 1896 131 54.18257854482889 2494 
1861 1897 126 1.5745368391612655 2664 
1862 1897 118 85.73788363674224 3433 
1863 1897 118 64.89259076684354 3075 
1864 1899 135 73.7663561694909 3078 
1865 1899 121 22.259119273018026 2891 
1866 1899 122 40.35675739752321 3071 
1867 1900 130 83.66241632989522 3360 
1868 1902 122 26.414720889079764 2809 
1869 1903 124 23.107268532706865 3472 
1870 1904 116 41.854643365373136 3266 
1871 1905 132 42.770565248553446 3352 
1872 1905 131 74.76836816093999 2964 
1873 1905 127 66.71318117521201 2729 
1874 1905 119 21.479009076574133 2552 
1875 1906 115 54.10019597090109 2782 
1876 1907 118 50.755902563602234 2994 
1877 1907 119 81.49099045935135 3008 
1878 1908 131 12.792901262704127 2525 
1879 1910 119 59.734576780117564 2854 
1880 1910 118 51.40391339128422 2652 
1881 1911 122 14.519990111007974 2573 
1882 1912 131 51.61468739186209 3426 
1883 1913 118 26.391682417409424 2500 
1884 1914 119 16.984683609515752 3125 
1885 1915 135 87.75419992591823 3139 
1886 1917 125 46.91869635539311 2510 
1887 1917 115 59.222340511577166 3028 
1888 1917 131 46.359493905290336 2952 
1889 1919 115 16.479659303717924 3068 
1890 1919 127 27.51175890109113 3027 
1891 1920 122 18.750461303118215 3152 
1892 1920 131 8.457172087576133 3199 
1893 1920 123 38.71994536635759 3375 
1894 1926 123 58.79455401312417 2765 
1895 1926 133 53.85733083443886 3154 
1896 1927 118 82.30344106609031 3280 
1897 1928 129 80.07271376232498 3362 
1898 1928 118 89.05541755435705 3259 
1899 1929 118 45.834106188640156 2492 
1900 1930 118 68.82835611295823 2868 
1901 1930 122 67.51818018359064 3314 
1902 1930 115 59.143271114029844 3141 
1903 1931 130 45.866684101569746 3004 
1904 1931 120 3.578987454966413 3020 
1905 1931 122 46.687183749579525 3431 
1906 1931 121 43.513439980401046 2963 
1907 1932 117 83.25193374532783 3003 
1908 1932 118 47.436527648009395 3089 
1909 1932 127 35.201266234994755 3170 
1910 1934 135 64.71145741128646 2613 
1911 1934 116 7.415531509339318 2713 
1912 1935 115 16.943834786966306 2935 
1913 1935 115 12.719168512063835 3120 
1914 1938 115 32.56157103513123 2635 
1915 1938 117 86.1914724405922 2598 
1916 1938 133 13.252496233701702 2672 
1917 1939 129 28.44954982837814 3385 
1918 1939 131 27.47691492689733 3477 
1919 1940 122 88.38000246350019 2977 
1920 1943 116 17.03396840678507 3373 
1921 1943 116 53.41056873527161 3466 
1922 1943 133 57.5058986292434 2851 
1923 1944 120 6.887434744168047 3478 
1924 1944 130 84.9425277841019 3023 
1925 1945 121 2.8769441922562407 2517 
1926 1945 124 34.41005602633098 3173 
1927 1945 129 63.7238963097744 3453 
1928 1945 126 71.24019342337328 3097 
1929 1946 128 27.689536342113712 3304 
1930 1946 117 27.38474158475975 2805 
1931 1948 128 29.80807318103242 2777 
1932 1949 133 73.44274687715723 2686 
1933 1951 135 72.26499547356188 3375 
1934 1953 117 43.7489113882078 3034 
1935 1954 130 39.18814077547932 3443 
1936 1954 123 77.42189323169498 3361 
1937 1954 118 35.797503342790414 3321 
1938 1955 128 86.73918164490601 3227 
1939 1957 129 51.438650205735534 3364 
1940 1958 115 42.36844329747564 3460 
1941 1958 134 32.60323401192884 3256 
1942 1958 121 27.766656129200435 3274 
1943 1959 129 61.49447204726677 2755 
1944 1960 131 2.180821012247785 3127 
1945 1962 124 75.13877900699644 2489 
1946 1962 116 73.33827969139838 2643 
1947 1963 117 64.98575217053377 3426 
1948 1964 132 89.74723102872049 2621 
1949 1966 133 58.268367776544686 3006 
1950 1966 125 39.849747373347576 2548 
1951 1967 133 50.17543983275447 3477 
1952 1968 133 3.1349077695485286 3186 
1953 1969 117 78.71785354258672 3418 
1954 1969 121 29.24419406140533 2791 
1955 1969 123 86.12011984251114 2788 
1956 1969 134 30.206776997213193 2857 
1957 1970 122 64.78858249287995 3085 
1958 1970 127 28.451964666653343 2668 
1959 1971 120 22.960456755168153 2482 
1960 1971 133 40.36282626535454 3089 
1961 1971 132 59.33513384690169 3062 
1962 1972 118 20.237670158942063 3268 
1963 1972 118 60.66157994785179 3047 
1964 1973 120 3.033767802069133 3024 
1965 1975 123 26.738334774430097 2632 
1966 1975 118 67.43107038567923 3309 
1967 1976 130 47.638260679403245 2528 
1968 1977 119 83.91849206563651 2542 
1969 1978 115 34.27620123511548 3312 
1970 1978 134 43.26357145033549 2708 
1971 1978 120 35.098106573335116 2837 
1972 1979 135 79.04724505720255 2583 
1973 1979 118 25.589450242127885 2578 
1974 1979 126 1.3230373517726028 3322 
1975 1982 120 57.820738096617205 2939 
1976 1982 129 65.91900206896149 3257 
1977 1982 124 5.0673466409630326 2816 
1978 1984 134 39.21111722422369 2779 
1979 1985 130 74.70536216742663 3478 
1980 1985 125 86.28366493770335 2877 
1981 1985 127 41.53393241442867 3196 
1982 1989 133 42.93181747259022 2767 
1983 1989 124 21.21993725288128 2996 
1984 1991 118 60.64519547366706 2707 
1985 1991 118 75.55615509524435 3038 
1986 1991 120 37.50517383135509 3304 
1987 1992 131 65.05814031986023 3235 
1988 1992 120 76.11588242618163 2793 
1989 1993 120 71.1030370207826 3364 
1990 1994 124 55.46759507065012 2740 
1991 1995 126 32.417384222482085 2585 
1992 1995 122 38.986191716110476 2736 
1993 1996 125 84.58965752169476 2613 
1994 1997 124 3.8309083603009313 3054 
1995 1998 122 11.716292979166772 2716 
1996 1998 121 87.71392039398114 2661 
1997 1998 135 61.34552284217761 2836 
1998 1999 124 67.57663966662084 3189 
1999 2000 131 42.729459554799774 3227 
2000 0 119 51.81820885485182 3196 
