1 4 133 21.793571875514687 1172 
2 5 148 43.28619645889073 1121 
3 6 142 10.24598103507525 1160 
4 8 142 41.08501709329014 1241 
5 11 144 23.749922920767656 1277 
6 12 133 47.16240802777105 1116 
7 14 140 23.484377009083314 1174 
8 16 144 44.62273407719506 1191 
9 16 143 12.45605578841474 1231 
10 16 151 26.000599579973297 1275 
11 17 139 16.914916672117016 1219 
12 17 143 17.176968146115147 1272 
13 18 144 21.847648970473458 1204 
14 19 149 49.137762260308826 1282 
15 19 134 19.189189752812634 1278 
16 21 149 20.452809934484705 1285 
17 21 150 21.72236394828252 1162 
18 22 153 21.294936619041405 1169 
19 23 139 27.633236475101313 1248 
20 23 153 10.033874258315905 1152 
21 24 145 18.21869511214637 1305 
22 24 153 29.56581581626811 1295 
23 26 149 43.82726630691255 1174 
24 27 151 12.698734810150821 1209 
25 30 141 26.72584364647831 1196 
26 31 134 14.336830381858935 1174 
27 34 138 15.735188997443665 1252 
28 34 140 40.56803251506418 1284 
29 35 148 46.6970674428177 1235 
30 36 150 24.799926952328203 1222 
31 37 140 13.52810838019316 1310 
32 37 134 49.878650544475526 1150 
33 39 136 22.728409520290633 1209 
34 42 148 21.741470026585056 1246 
35 43 144 44.617875431673866 1115 
36 43 144 11.965345746840686 1130 
37 45 140 38.57762769781318 1199 
38 46 137 37.22378133057204 1296 
39 47 146 46.6905993792208 1266 
40 48 141 37.15280037483488 1212 
41 48 143 11.47667113740221 1189 
42 52 135 11.353586731122078 1140 
43 52 146 46.58371346545433 1234 
44 54 149 25.026986317443058 1304 
45 55 144 25.58277661000121 1158 
46 55 146 29.970193786609865 1142 
47 55 153 10.505163920971103 1255 
48 56 138 19.564949993691197 1155 
49 56 134 37.094162790856295 1314 
50 57 144 15.166944796770219 1293 
51 57 134 23.648643032681512 1115 
52 59 143 20.05132770436299 1238 
53 59 150 46.95517380812126 1291 
54 60 148 12.80529074294597 1280 
55 61 137 44.09391216340404 1307 
56 61 152 22.957522848038376 1154 
57 62 145 18.18262541762408 1164 
58 62 152 17.961422797508856 1158 
59 63 145 46.704080610447406 1143 
60 65 140 40.79212973645883 1284 
61 66 134 21.620469988661462 1274 
62 66 152 48.100692863735894 1137 
63 68 148 30.577695310168092 1237 
64 68 138 29.21425799775005 1283 
65 69 149 15.985041842960296 1311 
66 70 145 45.289097748986734 1203 
67 70 146 36.40583299778665 1188 
68 71 148 17.347364476911878 1121 
69 72 133 47.56958017177416 1120 
70 73 152 16.61600454124132 1120 
71 74 142 43.056030008678086 1277 
72 75 136 34.83393990801611 1168 
73 77 150 17.60927774237993 1253 
74 77 136 16.64532166981022 1149 
75 78 133 46.72583172490566 1184 
76 78 133 12.754098769087907 1308 
77 81 138 22.073381240676426 1295 
78 81 149 10.300361161771189 1215 
79 81 141 37.420017617799076 1290 
80 82 151 32.360631155478615 1155 
81 83 145 41.21776669259286 1216 
82 83 134 19.581953097758145 1299 
83 84 143 17.610994736448646 1160 
84 85 152 40.776354230776796 1243 
85 87 142 31.742005454570233 1145 
86 87 143 20.36555998906826 1274 
87 88 142 33.8283955275301 1263 
88 89 141 18.746824777879226 1283 
89 93 134 43.18847851427594 1168 
90 95 137 26.21084076134014 1245 
91 95 153 34.52937856749925 1295 
92 98 153 18.29012759524347 1177 
93 99 142 31.264086813666264 1234 
94 100 151 22.400486110056516 1136 
95 105 150 14.7958200742206 1267 
96 105 133 30.107902933838965 1261 
97 105 137 45.788995279950846 1120 
98 106 136 48.508586201329805 1205 
99 108 148 31.375643367642407 1171 
100 108 150 24.00574498662172 1262 
101 109 153 48.208172593029154 1159 
102 111 140 38.01062875425106 1185 
103 111 146 40.89268346924818 1122 
104 112 144 42.15057187504282 1293 
105 116 138 24.995439207517826 1211 
106 117 141 47.396165682549636 1305 
107 118 136 44.487107660815106 1220 
108 120 141 23.176393284205552 1287 
109 124 138 11.277979426146182 1235 
110 124 140 12.510455852729677 1224 
111 124 137 11.509402321755843 1152 
112 126 153 18.900832120042782 1289 
113 128 148 35.45897506716336 1191 
114 128 150 47.61081485912524 1183 
115 130 152 12.985530284588824 1287 
116 131 135 45.649646242594955 1167 
117 135 147 34.97766966118336 1299 
118 135 148 12.782517095970501 1252 
119 138 144 42.73096830495087 1116 
120 139 152 42.975965792609614 1161 
121 139 136 36.76990716190327 1149 
122 140 142 47.99228401113189 1227 
123 140 151 45.66067411135833 1252 
124 142 152 25.41990960057031 1123 
125 143 153 24.14259188572766 1299 
126 144 143 32.326779277908024 1175 
127 146 138 48.620431119271714 1116 
128 146 134 25.860915594755284 1268 
129 147 150 29.78819950540942 1310 
130 148 141 42.571905474763355 1136 
131 149 148 26.32562241004348 1206 
132 151 141 44.999928606912874 1131 
133 153 147 48.29805645557179 1160 
134 155 149 43.267202187652934 1251 
135 157 151 31.986291324939707 1150 
136 157 146 23.159777560868488 1311 
137 157 139 39.99034050259239 1154 
138 157 153 45.50449752912763 1137 
139 158 149 11.795089100152314 1151 
140 158 145 30.365281062028302 1229 
141 158 145 22.36400019071441 1172 
142 159 136 25.21348256180474 1269 
143 159 135 23.630771197399714 1203 
144 159 151 42.44752728918498 1182 
145 161 150 20.865946492230197 1114 
146 163 146 33.48211419979515 1305 
147 164 145 16.274551741726242 1250 
148 166 147 33.082979568316134 1243 
149 167 151 39.20771415925553 1293 
150 167 135 10.706314702965475 1161 
151 168 133 10.92086706971287 1162 
152 168 139 37.12362490823967 1196 
153 170 150 32.64076046796403 1161 
154 170 134 29.304154918618444 1314 
155 171 139 46.968501481286786 1163 
156 174 134 29.720110904611367 1191 
157 175 150 18.150316246285925 1143 
158 175 147 22.97383670958215 1187 
159 175 140 11.093038488314209 1189 
160 176 134 25.133185824280567 1159 
161 177 144 49.1824480225258 1277 
162 178 147 18.92546167593265 1277 
163 178 141 38.58153688615601 1275 
164 181 137 40.71638159391766 1300 
165 183 144 31.840230673394675 1281 
166 183 148 14.367640775676524 1202 
167 184 152 10.906134941571883 1242 
168 184 150 29.520743384672727 1186 
169 185 133 21.894516656574172 1195 
170 190 136 18.832977326896998 1122 
171 190 139 49.95260649835422 1215 
172 190 136 11.13681817641587 1289 
173 193 144 13.567084243895714 1249 
174 194 139 31.731771444397815 1177 
175 195 149 21.11204836828311 1234 
176 196 135 36.71531511590883 1184 
177 196 152 32.59274985706966 1138 
178 196 153 46.00929937732396 1304 
179 197 134 27.78506623083247 1185 
180 197 141 30.811894881238505 1223 
181 199 149 28.13725612454654 1202 
182 199 146 33.74026552410632 1276 
183 199 142 30.445550480224355 1180 
184 202 138 47.392878347757524 1299 
185 203 147 34.225754124540785 1255 
186 204 147 45.76644953885812 1245 
187 205 144 44.31101862736262 1311 
188 206 134 28.255036134155684 1139 
189 207 136 31.012847818395773 1127 
190 209 144 34.01885397658842 1145 
191 209 135 43.87274939474831 1264 
192 209 141 23.16805465579456 1224 
193 209 136 45.59375122804232 1206 
194 209 146 42.94935217504097 1147 
195 211 147 10.777558612955204 1185 
196 211 138 28.09538750631144 1286 
197 211 136 34.65534432048908 1218 
198 211 144 29.472154940134256 1115 
199 212 146 43.46557593740486 1217 
200 212 134 39.44931610283051 1142 
201 212 149 33.08943411370343 1163 
202 213 137 48.89990743192382 1218 
203 214 145 30.527485359323588 1307 
204 214 142 44.79225858299629 1204 
205 214 145 19.42373328108976 1287 
206 215 141 35.748244368902846 1133 
207 216 146 40.41664288818706 1220 
208 216 149 10.832730159174822 1121 
209 217 141 30.739009133176122 1146 
210 219 142 46.098245227749636 1227 
211 220 134 27.481102497754733 1226 
212 220 139 26.54886374614415 1129 
213 220 133 29.411181717421385 1305 
214 221 153 21.37743350148439 1131 
215 222 149 43.43847054389574 1160 
216 222 151 42.68171464782829 1132 
217 223 143 16.713173197670717 1193 
218 225 146 39.28599052232205 1305 
219 231 152 33.1532104450598 1202 
220 233 140 43.07869708715622 1236 
221 234 141 41.112394940112225 1159 
222 235 133 42.93459962658764 1153 
223 235 139 11.299720776800054 1301 
224 236 141 33.224359555124266 1163 
225 237 142 12.501181540150954 1134 
226 240 139 22.450634540206625 1265 
227 242 146 23.103851141630667 1182 
228 242 151 35.073604514846714 1141 
229 245 138 33.581914669533944 1230 
230 245 143 27.042502137421884 1151 
231 246 144 42.795056660335355 1120 
232 246 143 20.661366116856232 1123 
233 247 144 25.648321644841054 1261 
234 248 135 23.340157158971305 1210 
235 250 148 30.45663246041564 1277 
236 250 140 34.84100250356939 1145 
237 251 135 18.451662521772114 1309 
238 251 149 34.40416138836271 1241 
239 251 149 12.76900321360321 1225 
240 252 147 28.306068610184802 1256 
241 252 136 20.69058420802068 1255 
242 253 146 37.70325104156903 1149 
243 254 153 21.298924263183615 1249 
244 256 138 44.91328529324178 1190 
245 257 152 46.73296331626075 1275 
246 259 133 42.67473432984894 1166 
247 261 145 13.402433394742301 1212 
248 261 133 46.279080025550556 1244 
249 261 137 41.7516043845329 1286 
250 262 153 12.251531920292003 1240 
251 265 147 37.973035868928235 1154 
252 266 153 33.981497223642236 1152 
253 267 141 38.808830379865384 1278 
254 267 149 41.65776182264562 1224 
255 267 141 12.891411810369604 1247 
256 267 133 18.862718087307595 1277 
257 271 152 20.03113698217394 1239 
258 271 143 47.78605519428861 1213 
259 272 142 19.835046772829624 1286 
260 272 147 13.962172669323426 1244 
261 273 148 34.51750698572431 1187 
262 274 150 14.007700616128291 1130 
263 275 136 33.44601544043337 1131 
264 277 138 48.330264310981875 1245 
265 281 150 16.13973228973879 1238 
266 281 151 25.76550326756351 1239 
267 281 149 44.365639858449 1131 
268 281 144 20.5313944670578 1268 
269 281 152 35.09292484234142 1225 
270 284 147 14.992949584373507 1119 
271 286 140 40.742972451934115 1287 
272 287 140 21.356483289017795 1130 
273 289 150 41.780356381537096 1203 
274 289 151 49.06915819555196 1223 
275 289 133 44.29080912689481 1158 
276 289 144 49.16084402473081 1163 
277 291 146 35.212356091043354 1216 
278 292 145 47.350813603597906 1160 
279 294 150 32.962334755716334 1143 
280 294 153 33.40912419853777 1214 
281 295 150 47.279870767088944 1245 
282 295 142 41.45930316719875 1276 
283 295 140 35.11935898669576 1229 
284 297 135 19.09000906068002 1179 
285 298 149 32.983725795905336 1160 
286 299 142 13.232292588963986 1193 
287 299 152 13.486219204879518 1302 
288 301 152 43.80411430958433 1304 
289 303 152 20.35697019325771 1150 
290 303 145 17.415129960596396 1285 
291 306 146 35.09045674972652 1295 
292 306 141 23.059766282292333 1286 
293 307 152 21.89483854113206 1189 
294 307 135 28.630064650008876 1135 
295 309 146 19.883135516536584 1225 
296 309 141 19.03725053825714 1182 
297 310 152 49.124559893550376 1155 
298 312 144 10.036584137490202 1210 
299 313 138 38.53847529715027 1303 
300 313 153 41.385678673886105 1309 
301 314 133 20.519575697904816 1208 
302 319 147 33.66338390918164 1156 
303 320 141 12.804252902216122 1232 
304 320 147 33.51679099675283 1286 
305 320 150 26.090390722761903 1229 
306 322 148 37.36481009695282 1118 
307 323 152 31.85883342591267 1156 
308 326 148 47.64277184213771 1299 
309 331 142 47.571110197547284 1206 
310 331 149 21.611576026648144 1289 
311 331 139 12.7714722890871 1126 
312 332 142 20.091747137912538 1175 
313 334 149 14.097124160404327 1182 
314 335 138 36.07151391148748 1125 
315 336 139 40.68875377295564 1281 
316 336 142 20.502376461503452 1169 
317 337 151 33.6918100644345 1163 
318 338 143 23.254127917863464 1300 
319 340 137 18.763159420942415 1242 
320 341 149 38.62810817341523 1158 
321 342 148 35.465856121586775 1120 
322 344 151 27.978621687637354 1201 
323 345 138 10.460722942434725 1277 
324 345 146 20.79173064471859 1235 
325 350 149 12.940184015271367 1199 
326 351 134 29.545096899979498 1222 
327 351 152 31.8065796948302 1124 
328 351 136 18.342210163063008 1191 
329 352 136 48.119999201337336 1310 
330 353 150 11.225236375615491 1194 
331 354 148 22.19869950916832 1168 
332 354 135 48.94905917589313 1291 
333 359 141 40.16434466173256 1120 
334 363 151 32.20740301113274 1203 
335 364 140 13.635587940668362 1188 
336 365 150 26.252789832502668 1119 
337 366 153 26.128583733311945 1132 
338 366 134 30.055372648038144 1251 
339 366 138 33.74319469922273 1150 
340 367 138 24.95107271800004 1153 
341 370 146 25.09459600342347 1306 
342 371 134 15.555282316497028 1150 
343 371 148 24.481149809519295 1138 
344 373 135 26.964801717512763 1137 
345 373 151 16.435537826018674 1127 
346 374 149 17.42215597217836 1274 
347 375 149 28.609989460673585 1239 
348 378 133 15.078331315827613 1150 
349 378 152 48.900850487101515 1155 
350 378 137 27.78006188565467 1166 
351 379 148 23.071452538743156 1311 
352 380 150 33.49663064990812 1121 
353 381 146 32.767793205719734 1117 
354 382 150 20.426722054731922 1262 
355 382 152 14.47711403355898 1215 
356 382 143 28.121371350910035 1118 
357 383 151 40.914863419180605 1176 
358 385 135 33.44508433023901 1159 
359 386 133 35.44633358646087 1119 
360 386 139 26.783864123374382 1153 
361 386 148 11.584666311613185 1192 
362 390 142 10.1913750042204 1179 
363 390 148 43.92936855705732 1135 
364 390 143 28.40064267755011 1173 
365 391 134 37.15219916533309 1124 
366 391 135 12.029594525898148 1307 
367 391 151 44.21084559050725 1232 
368 392 153 27.324202142987314 1189 
369 394 148 37.30170735881848 1152 
370 395 142 42.416436596776535 1313 
371 396 148 27.886458122691632 1190 
372 396 139 48.657381028692306 1208 
373 397 137 25.79299241254469 1303 
374 397 149 10.9883982475789 1299 
375 397 147 19.804141116879983 1213 
376 398 147 16.09208261511654 1169 
377 399 143 31.995008126404095 1181 
378 399 142 39.438628297746185 1140 
379 400 145 28.600867688172315 1205 
380 400 153 31.345456293831152 1179 
381 400 147 27.251870920616984 1290 
382 401 145 29.936947987472195 1182 
383 405 145 11.684729782721842 1189 
384 409 136 49.52675834384627 1130 
385 414 149 16.871239135700158 1218 
386 415 136 38.46919281540602 1265 
387 416 134 11.42082559946132 1227 
388 416 136 35.807336493083966 1216 
389 417 148 38.07355475208233 1181 
390 419 138 12.710048208658456 1308 
391 419 153 17.99208399412675 1214 
392 420 146 14.96119183218697 1140 
393 420 142 16.835721763682766 1221 
394 422 140 21.048807492288905 1264 
395 423 151 18.994735110099263 1267 
396 423 133 34.3336822761166 1203 
397 423 141 13.855285252417762 1150 
398 423 149 21.025805243291305 1291 
399 423 143 24.667073079752214 1287 
400 424 144 36.19022442463861 1273 
401 425 149 39.96218694423722 1254 
402 425 148 39.18651086841568 1186 
403 426 137 45.65660368349226 1201 
404 429 150 11.091902695313976 1216 
405 430 145 34.40458879056959 1253 
406 431 148 11.971448729750712 1280 
407 432 142 12.613647717056985 1187 
408 432 151 23.930860623157514 1192 
409 434 143 18.61309886030856 1207 
410 439 135 43.81786076264524 1170 
411 439 149 22.094894741465062 1160 
412 441 141 17.84005452593425 1183 
413 441 151 48.41838846716347 1160 
414 441 141 49.097707683925705 1276 
415 443 143 14.458759466278025 1119 
416 443 144 48.5419722092672 1190 
417 446 145 36.906092441176526 1250 
418 447 142 46.24850427241278 1302 
419 448 136 42.278082034752046 1307 
420 448 135 49.97941389435691 1208 
421 449 148 21.61634012821129 1196 
422 451 133 35.30987706681593 1125 
423 452 147 46.44231884024503 1239 
424 453 148 30.579178138755665 1202 
425 454 133 42.230456410891506 1302 
426 454 151 34.33372490744871 1314 
427 454 133 39.31680615227508 1165 
428 456 152 27.243333704493008 1123 
429 457 144 16.969201313306602 1190 
430 458 145 30.188799392442647 1188 
431 460 139 44.007313266796366 1204 
432 461 148 36.42753100468624 1181 
433 461 144 25.30280890917161 1245 
434 462 142 35.84545802551463 1310 
435 463 151 41.268944021313004 1295 
436 463 139 11.148130266488682 1171 
437 463 147 40.13714323294148 1233 
438 464 136 44.48221392921225 1230 
439 465 141 15.924529326504647 1308 
440 466 152 18.529417904416512 1248 
441 473 145 27.309890000391917 1115 
442 473 133 21.60148220465135 1205 
443 474 142 32.79386200165561 1226 
444 474 138 36.95802846316799 1177 
445 475 134 29.21841771635254 1118 
446 475 144 39.7527263937384 1270 
447 475 152 42.29647514338622 1291 
448 476 140 16.93809701656615 1116 
449 476 150 20.247601728818573 1190 
450 476 137 26.08961905786971 1234 
451 477 134 12.760640975168652 1188 
452 480 139 15.678438227917418 1302 
453 481 141 43.346931788232844 1120 
454 482 153 13.374223662613938 1291 
455 482 133 21.259924128631237 1255 
456 483 148 39.855938103004604 1146 
457 484 151 22.0303363382803 1119 
458 485 136 12.312128275992634 1223 
459 485 137 20.721354134964677 1162 
460 487 139 14.870240473187074 1133 
461 487 137 29.305208345443894 1203 
462 491 135 28.55732874316198 1196 
463 491 141 32.050470617561146 1290 
464 492 139 35.71414670034577 1283 
465 493 152 19.843485271839086 1211 
466 493 144 29.607666400362035 1139 
467 494 151 38.9047844689393 1278 
468 497 142 34.63209475729593 1184 
469 498 150 23.8992776913097 1154 
470 499 144 48.63267022356675 1203 
471 501 136 32.95693765764641 1123 
472 502 138 26.933356728214036 1237 
473 505 141 23.67875347538366 1146 
474 506 137 28.165984832231747 1126 
475 506 146 31.4826979861466 1226 
476 507 134 17.817806152809762 1302 
477 508 146 49.64869782351518 1234 
478 508 141 45.51176053314077 1180 
479 509 150 43.140640256560104 1281 
480 511 140 28.40930025960133 1149 
481 511 151 48.07076049741421 1243 
482 512 146 40.041167310167566 1119 
483 512 143 26.461196328508315 1224 
484 512 144 18.620168278678154 1254 
485 512 149 29.164275772342144 1202 
486 512 135 46.660202089785216 1203 
487 513 139 28.95393427806326 1309 
488 513 144 14.504662763703697 1197 
489 514 145 48.01657577754757 1136 
490 515 153 25.582293722588886 1220 
491 515 138 46.85219016959651 1139 
492 515 137 29.035827570547 1118 
493 517 139 14.927696115390416 1293 
494 519 135 44.49241609446223 1304 
495 521 138 42.67626022993426 1195 
496 523 152 40.170460139786044 1151 
497 524 138 14.835694098724455 1166 
498 525 134 19.1964011438857 1263 
499 526 144 28.090494162013098 1218 
500 527 147 26.529212527063038 1263 
501 529 141 15.007952372031713 1241 
502 530 134 20.89641392833252 1246 
503 535 149 35.36961791843062 1122 
504 535 142 26.598272605831383 1300 
505 537 134 19.09134120026282 1302 
506 537 137 38.35262430114767 1251 
507 540 134 13.890090381432776 1280 
508 540 137 37.0127272955487 1173 
509 540 137 36.908026591497304 1289 
510 541 144 35.98465550320794 1131 
511 542 138 36.421494511253336 1169 
512 542 146 17.791479072788377 1224 
513 543 140 32.230268417673116 1186 
514 543 141 13.615374652476401 1155 
515 544 153 20.195493605996578 1119 
516 546 151 11.303530339144894 1297 
517 546 144 40.75378908601705 1277 
518 546 134 24.569953758202523 1244 
519 547 138 39.93630447050167 1305 
520 548 136 17.36025048180274 1127 
521 550 135 44.53452298499731 1260 
522 550 136 48.05527240799787 1216 
523 553 145 47.62497232018309 1240 
524 553 141 43.22515982180837 1271 
525 554 144 45.8626856078972 1137 
526 554 139 22.88713416917776 1237 
527 555 149 11.791558259379237 1258 
528 556 139 26.986768622489727 1213 
529 557 134 29.761750582321454 1262 
530 557 150 26.49881448141557 1120 
531 558 152 49.88061622270574 1251 
532 559 136 20.419074926071687 1209 
533 561 152 45.80762309043031 1168 
534 561 142 25.25305432515198 1148 
535 563 148 37.98834520331749 1295 
536 564 134 16.97211905596094 1310 
537 565 138 28.185013836958813 1226 
538 565 152 30.803785825031305 1188 
539 567 152 29.452268795390744 1157 
540 569 143 49.5556275951072 1225 
541 570 141 42.04402317653786 1148 
542 572 150 30.538913458030144 1289 
543 572 138 23.312058235340437 1242 
544 572 150 29.808214043092885 1179 
545 572 139 40.89930847329501 1239 
546 573 136 32.3141087938553 1297 
547 576 137 19.109384893834132 1275 
548 577 151 18.9295674447078 1226 
549 577 146 32.76668922059015 1295 
550 578 141 46.53626695902693 1273 
551 579 138 19.778415666783374 1295 
552 579 140 48.62916310498366 1218 
553 580 142 29.945990372022976 1305 
554 580 134 28.075112520100255 1220 
555 583 141 40.617338145713774 1222 
556 584 153 18.029472492818726 1154 
557 586 146 32.63942784501944 1164 
558 586 149 17.454019587575456 1152 
559 587 151 24.137116270572953 1195 
560 589 149 10.83160413624781 1233 
561 589 148 23.873920776434822 1258 
562 589 149 21.962541800667864 1288 
563 591 133 27.25272270697316 1223 
564 593 151 33.50974369682997 1205 
565 596 135 26.08374624847876 1120 
566 596 144 48.383686483281366 1248 
567 601 137 39.1203160625939 1135 
568 602 136 44.69723737273932 1164 
569 607 135 47.77855646605489 1116 
570 609 143 20.9967049111131 1252 
571 610 138 15.332357045084697 1283 
572 612 151 29.833396746724546 1153 
573 612 146 27.279652001635867 1297 
574 614 152 22.147176393276418 1262 
575 614 136 27.62017857075998 1230 
576 615 149 26.231210266390015 1128 
577 615 147 23.73767307371095 1227 
578 616 134 41.146058323222135 1223 
579 616 142 16.617558013017167 1236 
580 617 143 48.2302835372391 1305 
581 617 138 31.56390313879807 1149 
582 618 133 10.102753534184457 1132 
583 619 140 23.552717519374568 1141 
584 620 136 30.64962666484522 1252 
585 620 133 31.238743600870723 1250 
586 623 150 49.31995440895916 1223 
587 623 148 26.827030235366873 1212 
588 625 153 31.80159072176634 1287 
589 626 139 34.633283290448276 1143 
590 627 146 33.500476522170686 1141 
591 628 133 17.53681807287041 1180 
592 629 138 47.62847570147345 1185 
593 630 152 31.430551730005906 1188 
594 631 140 10.137953773721687 1242 
595 632 140 15.95230429757057 1189 
596 634 149 33.50268206755699 1186 
597 637 134 43.02700158462073 1292 
598 637 143 19.378023905387735 1311 
599 638 149 45.29383770456401 1254 
600 638 150 25.963146893766478 1234 
601 642 134 29.03325088791147 1242 
602 642 149 33.10785621721614 1268 
603 642 139 22.397235785140577 1225 
604 643 134 44.613045479920174 1192 
605 643 146 21.535201135047796 1257 
606 643 150 14.818316112041368 1190 
607 644 144 26.265494571970976 1123 
608 645 146 26.23875597465995 1171 
609 645 134 44.96119271870061 1141 
610 646 137 33.76397809953433 1120 
611 648 140 31.18748153358204 1183 
612 649 146 19.978780836878958 1185 
613 649 140 45.82247939175157 1280 
614 650 139 49.88426349724544 1302 
615 650 146 30.079447940359714 1178 
616 651 152 10.40998298110367 1184 
617 651 135 47.282873118587474 1127 
618 651 151 41.75984407245437 1267 
619 652 148 13.048709660451149 1248 
620 652 142 19.318211827506953 1241 
621 653 134 45.22436092687667 1135 
622 653 137 24.77307671781741 1246 
623 654 138 31.529745742025625 1237 
624 655 150 25.970134309043544 1157 
625 657 137 28.399702611408305 1264 
626 659 142 36.05039285385533 1300 
627 659 143 22.240611571112456 1256 
628 660 134 42.675648103336485 1289 
629 660 152 21.44673568539007 1184 
630 661 153 17.970962811259362 1211 
631 661 140 46.26126795577464 1126 
632 661 133 27.49761666498898 1187 
633 661 142 47.101785522510525 1165 
634 663 144 33.99213950795718 1125 
635 663 145 47.31911850371243 1304 
636 663 148 44.12923703970117 1150 
637 665 143 16.212271345471603 1253 
638 667 149 38.37618702300263 1244 
639 668 149 17.836894548153953 1166 
640 669 150 24.467934154873177 1304 
641 671 151 21.362288540488514 1140 
642 672 147 46.74803730464886 1128 
643 672 143 42.45372996125675 1194 
644 673 136 36.32535815033262 1241 
645 673 135 42.74365287618204 1211 
646 673 146 13.674135840122833 1132 
647 673 143 43.27304049787514 1299 
648 675 150 31.47138772103196 1188 
649 676 134 37.088568611968455 1170 
650 676 135 20.447571085340677 1187 
651 677 137 45.52024170940781 1192 
652 677 148 33.2699491537346 1154 
653 677 146 19.32245792036664 1258 
654 678 153 22.125422033131965 1245 
655 678 145 49.48019003915973 1151 
656 679 136 40.89711831122703 1285 
657 679 141 26.056440650842237 1127 
658 679 144 43.43909989748335 1311 
659 680 140 20.06038501243792 1128 
660 681 141 13.75585098979374 1299 
661 681 148 42.61689063480893 1115 
662 681 149 28.13558990823852 1121 
663 684 151 37.22036843802681 1241 
664 685 145 22.649655393431694 1251 
665 687 139 36.229350814302734 1310 
666 689 144 26.569141677499594 1249 
667 690 145 37.34645964292085 1230 
668 693 143 36.648804743013656 1275 
669 693 135 18.06020421354887 1227 
670 694 152 20.758550728500204 1313 
671 696 136 45.88852620848898 1124 
672 697 135 41.10055084857396 1237 
673 697 148 18.392333838800262 1265 
674 701 142 32.90455746796662 1159 
675 702 146 11.74398688931889 1298 
676 706 151 39.70494917636153 1196 
677 706 143 12.037489573991667 1218 
678 707 149 40.90246500602123 1242 
679 707 141 13.788913762019504 1142 
680 708 143 47.3825847623912 1196 
681 709 153 33.151167056050326 1238 
682 709 137 11.085394272273836 1160 
683 713 139 17.618935185083 1173 
684 715 135 47.5401854352465 1155 
685 716 143 46.39094949075163 1123 
686 717 143 16.63151148927568 1134 
687 717 141 20.95867702746355 1189 
688 717 140 24.349089345707377 1300 
689 717 150 12.673231660054501 1242 
690 718 136 20.863050059620928 1171 
691 719 138 10.966657784726728 1247 
692 719 147 47.44313099901425 1120 
693 720 135 45.91221999405424 1273 
694 720 146 33.10292409475755 1131 
695 720 136 10.77147993254139 1157 
696 722 134 47.66649575811263 1132 
697 723 139 19.80776139274902 1291 
698 723 145 47.3325623546022 1145 
699 725 146 12.738867453786199 1169 
700 725 148 48.24525280369951 1244 
701 726 152 42.98292970843601 1272 
702 727 146 41.301655064754414 1240 
703 727 141 15.681467812524845 1156 
704 729 143 14.06723099693943 1158 
705 730 135 24.374523327099716 1246 
706 731 133 42.161521467962146 1148 
707 731 133 22.62231792489944 1288 
708 732 151 40.396083966923825 1153 
709 736 148 18.46938671829056 1312 
710 737 146 45.7345417884223 1235 
711 737 147 31.152736229386427 1305 
712 737 136 25.117082323200886 1273 
713 738 139 47.708069994674986 1252 
714 739 137 33.287050658922645 1198 
715 742 150 20.45278840719243 1296 
716 743 137 18.827406432053277 1266 
717 745 147 20.36302415182863 1283 
718 745 135 44.12646167557606 1266 
719 745 140 19.10622215950244 1236 
720 745 144 46.69856161914707 1167 
721 747 137 25.0727100559552 1252 
722 747 133 34.31353763234438 1263 
723 748 139 21.294515689679052 1114 
724 748 152 18.748473837287527 1220 
725 751 137 31.352033972808133 1241 
726 752 137 19.286926839725457 1211 
727 753 147 40.58431764459718 1307 
728 753 133 12.698383728912459 1270 
729 753 145 37.844326978342664 1121 
730 753 136 38.51495566448735 1284 
731 754 138 21.44024304348493 1248 
732 754 137 42.137307059180564 1244 
733 754 135 46.288615856386684 1255 
734 758 148 44.27898405515934 1292 
735 758 153 35.912466061173596 1117 
736 761 145 19.458109788418618 1170 
737 764 133 40.637484503478724 1179 
738 764 138 48.70442318354753 1214 
739 764 148 16.89248430803226 1274 
740 764 147 22.420010696190094 1122 
741 766 146 34.92056346382652 1310 
742 767 136 29.073697686424286 1157 
743 767 135 47.97619102574127 1253 
744 767 138 24.921405582883086 1274 
745 768 142 22.83777125864111 1152 
746 768 134 40.73621931266622 1224 
747 770 146 13.217774189886189 1135 
748 771 133 17.762561482433938 1259 
749 773 139 38.42980786938756 1296 
750 776 139 28.807645422731454 1153 
751 777 149 40.87055580802829 1192 
752 778 135 22.5158830289868 1257 
753 779 146 46.464274433528644 1153 
754 782 143 10.741717768268447 1118 
755 782 137 28.25329107779876 1264 
756 782 133 25.860188969892228 1312 
757 783 141 38.41785884782796 1142 
758 783 136 41.07603937198397 1124 
759 783 133 10.947920172391967 1191 
760 785 135 17.84349846279978 1295 
761 786 146 34.64784787934726 1173 
762 786 149 15.956338616261817 1142 
763 787 144 49.82655222370209 1227 
764 787 145 18.148129341234856 1115 
765 787 133 45.430016184955825 1180 
766 790 143 45.169929602219035 1206 
767 791 152 37.61708551217119 1264 
768 792 137 32.23530956634157 1178 
769 793 140 49.470201545361206 1158 
770 794 138 10.754208181095928 1240 
771 794 142 35.181191102013976 1276 
772 794 153 24.449192648873964 1224 
773 796 141 19.942581632993384 1119 
774 796 142 47.416069403800634 1156 
775 796 143 11.562759275576848 1307 
776 796 136 20.494419190457283 1138 
777 797 142 49.18175912967061 1123 
778 798 142 33.589071664866005 1261 
779 801 134 20.8430847976077 1186 
780 803 152 19.88501627631274 1206 
781 803 142 30.89345167958939 1302 
782 804 137 45.43381397009684 1275 
783 805 152 36.01458548722635 1231 
784 805 144 31.82793874269479 1195 
785 807 146 41.975589226220904 1214 
786 808 151 25.904458068870785 1137 
787 808 152 13.960092439297265 1167 
788 809 140 22.62108831556064 1124 
789 810 133 30.303438437554554 1119 
790 810 136 36.95201800055696 1156 
791 812 137 30.890290578097623 1210 
792 812 135 49.19985878979226 1267 
793 813 151 16.37246629036206 1134 
794 815 141 38.6829882217875 1221 
795 815 133 13.26187101433279 1177 
796 820 147 23.13768576111486 1182 
797 821 147 24.15037628475855 1266 
798 822 140 32.46150305578719 1219 
799 822 137 45.556531566700485 1128 
800 822 133 39.14226795548686 1223 
801 824 153 13.335893332019776 1242 
802 824 141 34.28995249562368 1263 
803 824 138 42.24564285850447 1258 
804 825 143 11.518292491455924 1145 
805 825 138 30.669851108117243 1172 
806 825 141 23.956855277256093 1183 
807 826 134 31.920605428228722 1157 
808 828 148 40.15204319284818 1266 
809 829 136 48.59006200758552 1261 
810 831 145 23.118415152566378 1240 
811 832 149 46.9763890535343 1221 
812 833 135 23.860740203269497 1311 
813 833 140 47.673122907517325 1219 
814 833 138 41.978279623623045 1239 
815 837 135 11.790563258835434 1235 
816 838 148 38.20853235769093 1138 
817 838 146 19.080146674290702 1120 
818 839 133 19.594728557287326 1276 
819 839 143 26.516375990623168 1231 
820 840 135 40.48229604231061 1222 
821 840 149 12.189782070303558 1256 
822 841 150 38.836451719941934 1266 
823 843 146 20.255983764577078 1224 
824 843 142 26.73036162289798 1273 
825 846 153 39.736298130797095 1155 
826 846 139 33.20891852427027 1243 
827 846 138 29.243536470550456 1263 
828 847 152 40.001042844120036 1154 
829 848 137 33.8423532424706 1209 
830 848 135 23.068733602029916 1135 
831 848 135 48.36804979958713 1132 
832 849 151 41.15910745194743 1149 
833 851 142 31.242453833045687 1153 
834 852 149 10.861813011176027 1194 
835 854 151 39.30645562632098 1205 
836 855 152 47.69384047704098 1312 
837 856 143 36.6584714940431 1133 
838 856 138 48.87652519960491 1149 
839 857 134 40.111231762296036 1241 
840 858 152 49.938402325991504 1141 
841 861 143 33.30598944208573 1304 
842 861 135 20.68415026824973 1194 
843 863 145 39.2980164286211 1226 
844 863 148 33.663079257921424 1199 
845 863 149 28.52765138312219 1155 
846 865 143 13.008280053782645 1224 
847 866 136 26.04163520126303 1274 
848 866 141 32.05046043340729 1295 
849 866 145 30.849334464607917 1211 
850 866 144 41.486441616052716 1273 
851 869 136 49.524524784721976 1170 
852 869 133 25.034452944600133 1130 
853 869 142 12.048463827089213 1232 
854 870 141 43.800043574144055 1243 
855 874 142 44.580820660519024 1143 
856 876 139 21.957694041720153 1256 
857 876 143 10.460848147925073 1280 
858 877 141 24.798148129600275 1280 
859 877 136 34.33604010733335 1147 
860 879 141 48.71803178146158 1152 
861 883 150 27.115455347240697 1123 
862 883 149 13.896271811111376 1210 
863 884 141 26.976113775737197 1170 
864 885 142 24.72665685031651 1211 
865 888 141 37.587614741493056 1253 
866 888 135 17.007743526108232 1307 
867 889 142 26.85055266761009 1122 
868 889 144 24.30663113126599 1286 
869 890 144 10.751904254474965 1125 
870 890 138 32.25968147810303 1137 
871 891 135 36.15466186776402 1314 
872 891 148 27.392888061466856 1205 
873 893 149 11.382192122522543 1247 
874 894 150 43.51360153115568 1241 
875 898 144 45.88881206689522 1176 
876 899 147 43.08458716091789 1159 
877 899 148 47.86435994057394 1129 
878 900 149 34.11847610793954 1292 
879 901 142 16.542996873895717 1255 
880 901 153 40.734736083183485 1153 
881 903 133 45.962499431632 1291 
882 904 138 31.26109960107277 1163 
883 905 140 48.39510284998642 1171 
884 905 153 28.16701652671446 1147 
885 907 143 25.367997222987754 1125 
886 908 144 21.59978299621249 1266 
887 913 143 47.647678902782296 1117 
888 914 140 27.07950614147712 1173 
889 916 140 43.26027985274246 1185 
890 918 152 20.364822162711704 1135 
891 918 151 44.66620451029298 1121 
892 918 137 38.12204048659198 1259 
893 919 140 33.77164988997059 1187 
894 919 134 39.55079568503407 1223 
895 920 151 45.99720826539804 1187 
896 920 144 41.5312139525549 1312 
897 922 152 23.992610800957046 1196 
898 922 139 18.724231784719212 1115 
899 923 148 28.238074165888165 1225 
900 923 143 31.00125318407956 1129 
901 924 134 17.5125231054841 1197 
902 924 140 34.68826260535842 1216 
903 924 147 11.243627059856287 1137 
904 924 142 37.47550614381832 1178 
905 928 139 36.09265444980672 1242 
906 928 153 41.564303156362854 1189 
907 928 149 10.41043024684495 1128 
908 932 136 47.478759733485234 1137 
909 932 149 38.57070307500115 1134 
910 933 152 28.554735102153195 1251 
911 933 152 40.362769880163654 1308 
912 934 149 41.86584713880557 1129 
913 935 151 44.849514536440125 1161 
914 936 149 49.80914294928456 1265 
915 937 148 44.09264529447447 1265 
916 938 134 39.942630850150465 1313 
917 938 136 10.033993476541777 1207 
918 939 141 45.98709223794464 1313 
919 940 136 46.701484437700415 1161 
920 940 147 47.53509560338909 1122 
921 942 152 33.77003264126411 1289 
922 943 133 18.858292570988368 1264 
923 946 140 15.499228087430206 1218 
924 946 135 23.80061617069646 1195 
925 947 151 33.57887483053818 1282 
926 949 141 43.03641636773729 1257 
927 949 146 43.19488047502884 1187 
928 951 140 47.125333208346184 1281 
929 951 141 23.851660445084754 1262 
930 951 142 13.083229362895707 1163 
931 952 151 39.36312088170706 1174 
932 952 138 42.914879458760325 1262 
933 953 138 25.873967247819444 1190 
934 953 151 15.398477616045895 1276 
935 954 144 24.506099623552835 1291 
936 956 139 12.902243750009589 1256 
937 956 141 35.756478730721184 1269 
938 958 152 45.71453669426385 1238 
939 959 145 18.96699185165517 1142 
940 959 153 15.015552395971618 1125 
941 960 147 32.43609197708455 1244 
942 960 143 31.864634195388977 1161 
943 963 149 24.590669425091672 1296 
944 963 147 16.504395224339742 1188 
945 963 139 12.405033963964524 1264 
946 966 152 11.46116783340239 1189 
947 966 153 49.28316651171768 1188 
948 966 136 48.49107011332788 1244 
949 966 133 49.168125475115815 1166 
950 967 150 11.663763854360232 1211 
951 970 138 17.359136814909647 1291 
952 970 148 43.28546354459924 1278 
953 970 146 32.43403720481598 1309 
954 971 153 21.865309281219787 1292 
955 972 137 16.551345069188447 1168 
956 974 140 38.97596509247127 1228 
957 975 134 32.93476943407789 1264 
958 979 137 26.96595596022773 1132 
959 979 138 11.760458119399564 1150 
960 979 135 26.3807200799075 1121 
961 979 152 23.807119969738277 1284 
962 979 149 39.56162355113352 1231 
963 980 136 46.88776286399145 1309 
964 981 137 34.65965552049778 1249 
965 982 144 27.24729912160904 1180 
966 983 145 22.389050001453604 1234 
967 984 148 12.656600178974289 1195 
968 984 141 25.391972948017685 1211 
969 985 136 42.47451185141819 1166 
970 986 134 28.715426591737394 1139 
971 986 151 43.342369374636704 1288 
972 990 136 45.738612004564864 1263 
973 990 135 33.5864290165364 1229 
974 991 136 47.890463766782496 1181 
975 992 141 15.677522194050235 1304 
976 992 148 22.43432493912218 1210 
977 992 139 27.478032803167473 1247 
978 994 152 18.413509847731902 1240 
979 997 138 10.89917667315618 1301 
980 997 151 39.59039901682409 1245 
981 997 137 26.595346386745774 1202 
982 997 138 15.737093931406685 1120 
983 999 139 17.437734147594455 1189 
984 999 152 34.28152577030632 1229 
985 999 136 11.301372571917643 1216 
986 1000 149 45.88790900342323 1146 
987 1001 148 17.966403789687373 1146 
988 1002 149 40.04753584122497 1258 
989 1003 143 40.11375343474797 1200 
990 1003 141 13.396365236815551 1280 
991 1005 141 25.195487157001963 1287 
992 1005 143 35.002495065763526 1224 
993 1006 142 44.28344707695856 1255 
994 1006 152 23.940271021772674 1204 
995 1007 141 37.00890549280035 1298 
996 1009 150 38.53273166401027 1285 
997 1010 146 20.93159468962707 1271 
998 1011 134 41.22380417924696 1271 
999 1012 136 17.261633404993844 1224 
1000 1012 137 27.572315695596604 1257 
1001 1013 143 14.490504276920873 1144 
1002 1014 145 27.38737156533764 1273 
1003 1015 151 35.4719548425723 1283 
1004 1016 146 34.74690130753355 1132 
1005 1018 149 47.025171338948205 1155 
1006 1018 138 20.722053361615814 1180 
1007 1019 142 32.60520931768593 1198 
1008 1019 153 48.7901167096358 1285 
1009 1020 151 49.943653295815984 1251 
1010 1021 148 46.80227695019816 1260 
1011 1021 153 40.27374544496467 1291 
1012 1025 145 44.00755510534499 1206 
1013 1027 148 38.06563885629084 1225 
1014 1028 147 15.270773791037637 1257 
1015 1028 135 42.43402533563709 1276 
1016 1029 142 14.742254176974017 1162 
1017 1029 134 42.659812906202916 1198 
1018 1030 151 14.546979346947104 1248 
1019 1031 141 10.277415661002323 1208 
1020 1032 141 20.95475712980675 1310 
1021 1033 150 36.06075877714299 1140 
1022 1033 145 13.659135644313647 1273 
1023 1033 143 15.870352310184108 1278 
1024 1034 142 26.473897776988547 1256 
1025 1036 150 15.803348483761003 1184 
1026 1036 134 13.192876143717399 1157 
1027 1037 138 12.526979307656433 1310 
1028 1037 152 44.971079707473024 1127 
1029 1037 146 24.117513637272424 1126 
1030 1039 137 29.81033865007283 1274 
1031 1039 151 38.78014624935367 1205 
1032 1039 151 21.924473891231223 1219 
1033 1041 150 22.335777686337757 1242 
1034 1042 136 19.457922197709404 1218 
1035 1043 151 41.52975472475099 1257 
1036 1045 152 20.969478377690617 1178 
1037 1046 142 49.32179084536176 1120 
1038 1049 140 34.28452050556058 1160 
1039 1050 148 24.028814572197273 1253 
1040 1051 149 36.790692645677524 1263 
1041 1052 141 14.07890815330096 1198 
1042 1052 141 17.824224428592487 1139 
1043 1053 135 33.26224981271598 1127 
1044 1058 147 33.05865634131356 1187 
1045 1059 144 16.403752315546278 1146 
1046 1060 142 15.52548441702478 1119 
1047 1060 137 36.2656683275546 1304 
1048 1060 142 33.96158908580625 1253 
1049 1061 144 13.717609361985911 1250 
1050 1062 138 15.659824941352603 1228 
1051 1063 139 30.2153839050351 1288 
1052 1065 134 45.86794771108285 1290 
1053 1065 150 25.738237702055837 1300 
1054 1066 133 21.45729100947993 1133 
1055 1067 150 25.4353629313636 1237 
1056 1068 134 39.97745237508458 1126 
1057 1069 149 34.29835745641874 1190 
1058 1070 140 25.864863876335733 1267 
1059 1071 133 31.17842839985161 1262 
1060 1071 134 14.68471672787917 1268 
1061 1071 142 23.997922731962564 1232 
1062 1072 142 24.6523021335558 1238 
1063 1072 145 22.622409753207787 1201 
1064 1072 139 29.01997359397193 1281 
1065 1073 137 20.757228671798885 1219 
1066 1074 142 36.33991995179034 1255 
1067 1074 149 19.69323124580633 1115 
1068 1074 134 16.084483889934912 1290 
1069 1079 142 32.889015242687776 1272 
1070 1080 135 26.45292153006094 1214 
1071 1082 148 33.57283024746158 1184 
1072 1082 138 42.22157488783364 1168 
1073 1082 145 23.509736701698994 1267 
1074 1083 141 43.59260233550322 1278 
1075 1083 148 27.531562969021472 1168 
1076 1084 134 14.371279067272997 1115 
1077 1084 151 22.89727013161118 1167 
1078 1085 135 11.800793205040584 1299 
1079 1086 142 47.13467781536568 1272 
1080 1088 144 15.528240005733123 1152 
1081 1088 133 14.313929955406909 1202 
1082 1089 153 17.7482125235786 1118 
1083 1089 136 35.13549049883622 1250 
1084 1089 147 18.75637167256425 1150 
1085 1091 135 21.479950421658973 1290 
1086 1092 143 27.97031102811645 1249 
1087 1095 139 47.091797962402836 1182 
1088 1095 148 39.891887086602836 1122 
1089 1097 143 44.498436965775454 1282 
1090 1097 149 34.33886259742303 1174 
1091 1099 148 34.043117976878456 1230 
1092 1100 140 30.31762127647346 1138 
1093 1102 137 43.583866210969106 1193 
1094 1102 143 41.71581690916048 1307 
1095 1104 146 45.12528132455842 1162 
1096 1104 133 36.46032641274863 1288 
1097 1106 142 17.377147865009658 1288 
1098 1107 138 35.56277595287539 1114 
1099 1108 137 11.995033910677165 1248 
1100 1111 146 25.8712018703851 1276 
1101 1111 138 20.490960997791348 1281 
1102 1114 133 47.74769507775328 1224 
1103 1115 134 23.580294502286286 1290 
1104 1116 152 11.707296542969594 1187 
1105 1119 136 12.900431406503783 1116 
1106 1120 138 38.477048412479675 1290 
1107 1121 133 20.764003194801912 1137 
1108 1121 144 35.911926510858144 1307 
1109 1121 142 21.438288017250088 1268 
1110 1121 147 17.30289502830437 1202 
1111 1122 133 27.80334752653537 1157 
1112 1122 136 13.557436605170835 1214 
1113 1123 140 27.504106544266207 1172 
1114 1124 141 26.588859910468784 1236 
1115 1125 141 35.0113608570837 1134 
1116 1125 142 49.51042095999042 1264 
1117 1126 139 41.96069766598521 1205 
1118 1127 151 12.43144331993053 1295 
1119 1129 150 45.3237263513842 1296 
1120 1132 151 41.39622911775014 1123 
1121 1132 137 12.768423992287712 1251 
1122 1133 135 14.790672875273705 1187 
1123 1133 137 13.862943467393617 1234 
1124 1133 136 44.178541359329216 1155 
1125 1134 148 11.441682441949151 1236 
1126 1136 135 49.23021664370168 1284 
1127 1137 147 31.749357708544473 1291 
1128 1140 139 47.749367024876626 1203 
1129 1140 135 30.18413015364759 1143 
1130 1140 139 15.780433815330333 1182 
1131 1141 135 17.923235537000025 1274 
1132 1143 140 46.309752670756595 1122 
1133 1143 140 29.08362354038192 1172 
1134 1144 134 15.343528603553466 1283 
1135 1144 135 17.501402885711418 1247 
1136 1145 142 17.62153301063833 1223 
1137 1146 152 20.569829601249772 1185 
1138 1146 143 23.16311930554983 1255 
1139 1146 133 33.5849448932437 1205 
1140 1147 152 40.6835515893299 1258 
1141 1147 145 36.12004562283383 1137 
1142 1149 148 41.66934129841799 1215 
1143 1152 144 24.971123058868365 1291 
1144 1153 149 30.19554023036156 1165 
1145 1153 140 42.63924796891097 1178 
1146 1154 135 14.159648533595677 1256 
1147 1154 133 25.92024473241336 1116 
1148 1154 138 35.63734845845161 1161 
1149 1155 138 32.505780862244926 1290 
1150 1156 143 38.642087182603234 1266 
1151 1156 140 10.583536148072108 1198 
1152 1158 145 43.53775900872821 1151 
1153 1159 137 14.709309364898413 1191 
1154 1161 140 11.329078561118497 1145 
1155 1162 138 29.7429897536356 1277 
1156 1162 148 16.307462785112072 1130 
1157 1167 136 10.839645743878489 1222 
1158 1170 134 35.202005612284005 1149 
1159 1170 149 30.7999530049011 1307 
1160 1170 142 13.756737212341527 1266 
1161 1171 153 24.528562401069106 1222 
1162 1172 140 38.57195682780514 1274 
1163 1173 143 17.905050662574528 1260 
1164 1173 134 34.2871777198653 1163 
1165 1174 148 16.569013376797706 1270 
1166 1175 150 37.23186888165972 1158 
1167 1176 153 33.83265411144637 1125 
1168 1179 148 45.325580135509554 1223 
1169 1179 133 42.30524894555729 1139 
1170 1181 143 32.61100000090313 1240 
1171 1181 149 36.85634931612432 1271 
1172 1184 152 48.61807451833633 1242 
1173 1184 144 33.354331360655536 1307 
1174 1184 152 30.416659012107775 1247 
1175 1186 141 21.31607652828434 1172 
1176 1186 148 45.25883529821856 1226 
1177 1186 144 34.79856150839049 1298 
1178 1190 153 32.22143195843612 1259 
1179 1192 144 38.30868595879789 1261 
1180 1192 146 37.85303498004562 1129 
1181 1194 145 16.687081944063813 1170 
1182 1195 145 38.30481836468451 1122 
1183 1197 134 19.246288545463376 1280 
1184 1200 140 12.751500380320744 1175 
1185 1200 140 27.887115502916437 1217 
1186 1202 141 30.055109424512377 1130 
1187 1204 144 47.030427126397626 1299 
1188 1205 148 21.37763058955575 1310 
1189 1207 153 48.35360014954956 1114 
1190 1208 133 48.92686182870722 1308 
1191 1209 139 43.84521716788753 1243 
1192 1210 150 16.839895847195564 1163 
1193 1211 148 13.089696319374555 1285 
1194 1213 147 39.21115036235494 1165 
1195 1214 145 24.340906842874407 1200 
1196 1215 138 28.062847910769776 1253 
1197 1217 142 41.26970283763404 1159 
1198 1218 141 17.53014062708326 1309 
1199 1219 140 14.993929326360501 1114 
1200 1220 143 46.80196453793984 1208 
1201 1220 137 42.27482614882246 1209 
1202 1222 148 48.16808977842885 1302 
1203 1222 151 23.97153105226918 1171 
1204 1223 148 37.59213459233555 1114 
1205 1223 137 40.62917355502809 1231 
1206 1224 140 10.307927991783137 1123 
1207 1228 148 24.581829429000322 1256 
1208 1228 138 28.23357127836136 1259 
1209 1228 143 47.32304855013888 1139 
1210 1229 137 35.7661532819705 1225 
1211 1230 144 32.02622010219664 1189 
1212 1230 152 21.795133900036966 1141 
1213 1232 137 10.485143598825228 1270 
1214 1233 135 41.695021880492234 1122 
1215 1234 134 18.20825739150756 1224 
1216 1234 146 37.4035203247476 1194 
1217 1235 146 22.353253257649286 1130 
1218 1235 139 38.47215478920191 1116 
1219 1235 136 29.29707557300801 1311 
1220 1236 149 10.321343046626815 1252 
1221 1237 137 18.162315217949832 1214 
1222 1238 150 24.87829067234557 1191 
1223 1239 138 49.880300529125925 1258 
1224 1240 153 31.29419481198672 1258 
1225 1242 148 24.425058121958422 1185 
1226 1242 141 28.912757498982025 1248 
1227 1242 146 47.88553957571966 1152 
1228 1243 149 15.465874625068633 1114 
1229 1243 139 40.399413044044906 1127 
1230 1244 152 26.243737160971992 1257 
1231 1244 136 40.694618694007474 1263 
1232 1246 139 23.917748410891218 1287 
1233 1247 152 48.64247864752988 1132 
1234 1247 146 39.11034254819329 1192 
1235 1248 133 41.28367109208665 1271 
1236 1248 151 37.51038759647179 1241 
1237 1249 137 46.57464342537538 1253 
1238 1250 151 18.338849938332345 1231 
1239 1251 141 15.488142563137565 1313 
1240 1252 147 30.735280354414712 1270 
1241 1254 147 43.16862219534389 1235 
1242 1256 145 26.483917394616125 1245 
1243 1257 152 26.47533319798507 1292 
1244 1257 135 28.835610000260708 1182 
1245 1257 150 17.91074037950661 1151 
1246 1260 138 26.157950275021655 1184 
1247 1261 147 10.546604731449833 1254 
1248 1262 134 47.49475349698405 1303 
1249 1262 149 45.45619248132527 1304 
1250 1265 149 19.709102969984862 1303 
1251 1265 139 17.112058670406075 1236 
1252 1267 136 22.145081987615995 1120 
1253 1267 137 49.81887286667698 1155 
1254 1271 134 13.658724652512607 1280 
1255 1271 148 46.322878477045116 1306 
1256 1272 139 18.425463057870232 1279 
1257 1273 147 14.637180519482733 1188 
1258 1273 152 31.525510261520967 1228 
1259 1275 134 43.27730141614975 1297 
1260 1278 135 30.83365099611492 1264 
1261 1279 136 38.821968457825804 1270 
1262 1279 146 34.69372403169551 1255 
1263 1280 153 28.817001123292965 1257 
1264 1281 147 33.49818262325012 1130 
1265 1282 133 39.04623426645992 1188 
1266 1282 141 34.27880596022888 1300 
1267 1283 149 27.418072601244216 1184 
1268 1283 144 39.74805648389325 1159 
1269 1284 146 12.51550588810574 1196 
1270 1285 144 34.01371895619413 1225 
1271 1287 153 47.75377979066349 1184 
1272 1287 134 26.570477412342754 1123 
1273 1288 143 29.101198183303755 1283 
1274 1289 151 41.44154271632182 1293 
1275 1294 142 30.45281490968863 1249 
1276 1297 143 44.086622012537596 1198 
1277 1299 140 38.69450518231686 1125 
1278 1300 140 31.64859200035142 1126 
1279 1302 139 26.70411222298989 1233 
1280 1302 145 17.25328813247755 1129 
1281 1303 133 17.470616025825016 1117 
1282 1303 136 38.62936615147086 1131 
1283 1303 149 16.51570917331908 1308 
1284 1304 141 33.96793017229546 1300 
1285 1307 135 39.94709328753541 1248 
1286 1308 141 43.87636968114468 1258 
1287 1309 134 39.00362868987487 1298 
1288 1310 149 10.791732159077888 1220 
1289 1311 149 26.55479447507696 1160 
1290 1313 143 32.815746089551624 1220 
1291 1315 137 27.285056088337335 1263 
1292 1316 143 20.427746374791816 1287 
1293 1317 142 24.641606112797927 1292 
1294 1318 145 21.262864355480296 1224 
1295 1318 145 45.90034261945624 1198 
1296 1320 139 12.966685973947257 1246 
1297 1321 143 47.26822661721776 1167 
1298 1321 134 28.063910044098847 1202 
1299 1322 151 42.784627807687414 1302 
1300 1324 141 39.67524288488115 1269 
1301 1324 149 24.574251519225797 1118 
1302 1325 144 44.359865980520304 1261 
1303 1325 145 10.844153880438224 1132 
1304 1325 138 12.58305098173305 1235 
1305 1325 153 46.75422499610554 1137 
1306 1326 147 47.127276178397786 1164 
1307 1329 135 34.37805289328024 1268 
1308 1329 137 42.51737990754537 1171 
1309 1330 152 20.71857027611097 1220 
1310 1333 147 28.206614524842312 1265 
1311 1333 145 30.416524743860936 1298 
1312 1333 137 44.27739546885905 1138 
1313 1334 136 30.402008507909134 1125 
1314 1334 137 46.028583793734526 1259 
1315 1334 142 12.682094161579505 1184 
1316 1336 149 26.263468479855835 1251 
1317 1336 142 22.752182766118597 1282 
1318 1339 142 46.19024531800151 1142 
1319 1339 143 49.52635184366092 1306 
1320 1341 134 10.795012731270287 1267 
1321 1342 133 42.812516656269025 1285 
1322 1343 136 13.974262294501116 1300 
1323 1343 144 15.605169146717145 1249 
1324 1345 151 12.62530844508337 1160 
1325 1346 142 41.24966601164273 1232 
1326 1348 146 37.298520430400785 1175 
1327 1348 149 24.494607962538694 1311 
1328 1349 145 24.61686868390645 1272 
1329 1354 144 37.37016859139332 1232 
1330 1355 133 39.53630671236638 1127 
1331 1355 139 20.967318882376105 1187 
1332 1355 133 32.95506844397326 1156 
1333 1357 141 21.189675752935322 1192 
1334 1361 141 47.18804684895482 1287 
1335 1361 145 43.25540508475025 1197 
1336 1362 137 42.672866448134705 1114 
1337 1364 149 30.686066522145556 1174 
1338 1365 134 17.842183990267387 1177 
1339 1369 153 13.763933381612063 1210 
1340 1369 136 19.029449591574732 1146 
1341 1370 140 18.389852082651213 1138 
1342 1371 133 49.241022143720826 1264 
1343 1371 143 47.258880513113155 1127 
1344 1372 140 16.844095654438096 1139 
1345 1373 145 24.893098587475492 1282 
1346 1376 145 13.285329369558681 1123 
1347 1379 142 33.96290131952435 1206 
1348 1379 134 34.943236252548786 1308 
1349 1379 144 35.216082834819545 1114 
1350 1379 150 10.557823263127561 1141 
1351 1380 139 17.31522376518583 1280 
1352 1381 144 39.07783002026535 1176 
1353 1382 137 41.72685030119263 1158 
1354 1385 148 17.76839327250937 1138 
1355 1390 147 21.183769421405813 1165 
1356 1390 133 48.08389560131809 1255 
1357 1391 142 32.68007899375196 1241 
1358 1392 140 30.01183267903915 1200 
1359 1393 143 23.07623127305999 1266 
1360 1394 133 47.89668633953553 1228 
1361 1395 139 45.94050800682042 1132 
1362 1395 152 45.970807012604176 1256 
1363 1396 137 48.09447555146272 1235 
1364 1396 146 37.10250465952376 1147 
1365 1396 148 35.30715156024145 1217 
1366 1396 153 36.76182646526439 1273 
1367 1397 149 14.015175539505695 1266 
1368 1397 140 36.084596908279565 1184 
1369 1400 136 11.571132724945215 1230 
1370 1400 149 42.32799409494378 1127 
1371 1402 133 22.85700896681454 1300 
1372 1402 133 10.922315412946375 1266 
1373 1403 149 34.843554537170526 1137 
1374 1403 137 12.338797321558811 1143 
1375 1404 133 28.43353468893524 1241 
1376 1406 152 18.58048508123162 1227 
1377 1406 144 27.26197181334011 1197 
1378 1407 144 32.987132283142394 1311 
1379 1408 148 46.431965619302666 1134 
1380 1408 139 47.66520017134708 1195 
1381 1408 135 46.08495757981569 1139 
1382 1409 133 14.991143501136563 1287 
1383 1409 133 46.50821543489801 1217 
1384 1410 147 49.84659278903625 1268 
1385 1414 145 22.33630503663352 1295 
1386 1415 152 21.425837727582394 1289 
1387 1416 152 16.261499878696174 1193 
1388 1417 152 48.91260660724987 1264 
1389 1418 135 28.524164692475352 1276 
1390 1421 147 29.114487559368097 1141 
1391 1425 138 25.034163198059105 1305 
1392 1426 137 28.232095107471487 1241 
1393 1428 136 43.57092697905454 1175 
1394 1428 142 43.91704728996073 1191 
1395 1429 152 19.408119909862318 1124 
1396 1429 141 18.509320875352945 1285 
1397 1429 139 25.131029567070897 1214 
1398 1430 139 40.95899827822416 1250 
1399 1432 138 30.08645049679818 1215 
1400 1436 150 33.80113650283218 1179 
1401 1436 149 27.47063200922124 1225 
1402 1437 135 17.843613917004166 1289 
1403 1440 153 41.48191822646276 1141 
1404 1440 140 48.67236049721416 1299 
1405 1442 144 13.096914878241495 1173 
1406 1443 134 24.059368750598363 1269 
1407 1443 149 38.3562272795607 1242 
1408 1445 137 14.851236151726042 1241 
1409 1445 136 17.00884476823562 1214 
1410 1445 133 21.630727278492508 1120 
1411 1445 152 28.57715675568988 1241 
1412 1447 138 33.08417695594439 1219 
1413 1447 135 32.544405966338694 1313 
1414 1448 147 24.291677473769752 1215 
1415 1448 144 37.556365430275534 1199 
1416 1451 140 25.6093493182375 1278 
1417 1452 144 49.925334067436836 1243 
1418 1453 150 20.870770547777873 1125 
1419 1454 145 13.365601235502872 1217 
1420 1455 145 31.877011365036875 1147 
1421 1456 145 41.700744979747455 1152 
1422 1456 146 15.81786589632081 1251 
1423 1458 146 20.863930905320487 1146 
1424 1459 137 29.564977204593163 1276 
1425 1460 137 47.24087664523601 1169 
1426 1460 152 16.1397127757142 1136 
1427 1461 134 13.892651745521697 1130 
1428 1463 137 48.365576284989096 1216 
1429 1464 150 25.33313472908506 1295 
1430 1464 142 28.43529751488161 1178 
1431 1464 136 37.57116315717529 1126 
1432 1465 146 24.223096861742775 1189 
1433 1467 143 23.655580453649726 1246 
1434 1467 147 18.0656084811065 1234 
1435 1468 133 30.64365704053405 1285 
1436 1469 142 30.589417905499126 1255 
1437 1470 147 12.403818541529601 1294 
1438 1471 143 18.32958315877834 1124 
1439 1471 142 39.327141871842706 1258 
1440 1472 148 32.230478703638425 1204 
1441 1472 141 36.68581120968831 1238 
1442 1472 153 11.469661191107994 1160 
1443 1473 140 28.563320512185427 1120 
1444 1473 142 35.559287737723054 1136 
1445 1474 149 21.726017473749003 1130 
1446 1474 147 11.985020116358509 1178 
1447 1474 151 35.36542049436159 1286 
1448 1475 145 36.83393530392868 1150 
1449 1477 149 27.68400772580545 1199 
1450 1478 149 44.441437051480484 1175 
1451 1480 144 20.70351838990248 1262 
1452 1482 149 11.210122277970846 1149 
1453 1484 153 47.61527091355151 1124 
1454 1484 151 47.35006839616682 1168 
1455 1484 141 42.94511379026516 1127 
1456 1485 137 18.69762312090241 1178 
1457 1485 143 21.54751657421061 1182 
1458 1485 142 41.73331317809139 1259 
1459 1486 133 43.81077381619997 1126 
1460 1488 135 49.988770414696376 1216 
1461 1488 149 17.343947437812353 1123 
1462 1489 139 24.458292312374347 1231 
1463 1492 139 45.681106878206236 1176 
1464 1493 136 25.01763992220535 1243 
1465 1493 142 41.47761715595503 1184 
1466 1494 143 40.93952387217083 1277 
1467 1494 134 42.79917377328566 1262 
1468 1495 141 25.231615476955497 1300 
1469 1497 151 16.07319513611519 1313 
1470 1500 142 16.844053134357537 1255 
1471 1500 133 19.942320193709033 1255 
1472 1501 149 42.58239139513745 1159 
1473 1501 151 35.36479192177614 1264 
1474 1502 153 39.368448615843576 1182 
1475 1502 151 29.32231966417383 1212 
1476 1502 144 31.455466635311822 1236 
1477 1503 150 41.586156792175046 1118 
1478 1504 135 45.315882172918066 1257 
1479 1505 142 33.340533308905265 1123 
1480 1506 146 20.32989744548633 1142 
1481 1507 135 14.02874104299376 1208 
1482 1508 152 22.168194289749653 1262 
1483 1508 133 27.67686448040932 1146 
1484 1509 148 12.143676997637769 1294 
1485 1509 149 21.64222614358026 1130 
1486 1509 145 46.124062412044935 1253 
1487 1510 140 48.62442877908894 1114 
1488 1511 152 16.844036685827053 1230 
1489 1511 151 23.264860084508676 1164 
1490 1513 147 18.52848215069394 1307 
1491 1513 151 18.84194966104967 1156 
1492 1514 140 46.250545904821074 1158 
1493 1517 145 21.27616716324041 1261 
1494 1517 138 12.782291245898474 1281 
1495 1518 151 37.193086722099665 1295 
1496 1518 152 20.77407624478481 1201 
1497 1521 140 49.55761283686542 1283 
1498 1521 134 31.56033600353052 1299 
1499 1521 149 15.751987402439491 1160 
1500 1524 140 25.113612776131017 1251 
1501 1526 150 22.522902743610178 1187 
1502 1526 139 30.406954379566823 1281 
1503 1527 149 45.07411373174535 1156 
1504 1529 135 18.15148544535717 1230 
1505 1531 143 14.81791116191487 1233 
1506 1531 133 48.37120666951328 1164 
1507 1531 139 37.127254793760656 1171 
1508 1533 139 22.04467577242786 1266 
1509 1534 148 34.14616506462594 1204 
1510 1534 149 20.599062470230734 1298 
1511 1535 139 19.331959256239912 1121 
1512 1535 149 39.908722968400426 1186 
1513 1536 143 13.804122365798953 1206 
1514 1537 135 39.509261976999184 1231 
1515 1539 150 27.498566507822044 1306 
1516 1539 152 26.921151129335385 1184 
1517 1544 152 37.03364913848715 1285 
1518 1545 148 44.568709654760966 1187 
1519 1548 145 25.355951243578033 1194 
1520 1549 141 31.051761357740546 1279 
1521 1550 139 13.615269160460496 1216 
1522 1550 143 39.12117820326865 1185 
1523 1551 148 15.808035405757114 1270 
1524 1553 145 10.731612301167033 1136 
1525 1554 142 16.147248228085793 1173 
1526 1556 150 23.638158528311763 1264 
1527 1557 150 49.67554149012866 1119 
1528 1558 140 12.119808643139486 1287 
1529 1560 141 26.283657216458437 1116 
1530 1564 142 33.21651603636134 1181 
1531 1565 152 16.736566535490894 1175 
1532 1565 136 29.3912370963722 1247 
1533 1569 136 19.486016363259292 1178 
1534 1569 140 47.333453168489555 1182 
1535 1570 148 45.421028118863525 1222 
1536 1570 150 19.127171832297357 1151 
1537 1573 153 37.42233775991391 1267 
1538 1573 142 31.700496085962115 1273 
1539 1574 139 19.05770056005103 1122 
1540 1576 149 44.435207716154245 1276 
1541 1577 144 33.058003539641064 1149 
1542 1578 152 28.477848620760543 1290 
1543 1585 134 48.68025333443232 1157 
1544 1586 145 23.30011138872746 1284 
1545 1586 142 14.063595594947165 1117 
1546 1587 143 21.19580749892657 1239 
1547 1587 139 26.861852090059223 1289 
1548 1588 148 35.765965094997654 1238 
1549 1589 151 14.229473957558426 1286 
1550 1595 134 27.08311164669576 1203 
1551 1595 148 39.745101100642614 1121 
1552 1595 134 42.65914942770951 1156 
1553 1597 134 21.677934224362524 1178 
1554 1598 148 25.302163060376458 1144 
1555 1600 136 27.132570109281325 1201 
1556 1602 141 31.451916924800013 1166 
1557 1602 150 37.01795449367417 1294 
1558 1602 152 19.711823718884357 1215 
1559 1602 143 16.479410024789196 1187 
1560 1603 139 31.62647278268323 1240 
1561 1603 133 28.03095851322705 1262 
1562 1605 153 38.965868609766915 1147 
1563 1605 142 33.74660259009619 1268 
1564 1607 148 42.06423791494641 1167 
1565 1607 139 49.58788182385801 1210 
1566 1608 142 49.81225855736935 1256 
1567 1609 142 27.945278302064157 1139 
1568 1611 138 34.084350352988004 1258 
1569 1612 143 27.27057359255641 1269 
1570 1612 152 45.02802406958572 1139 
1571 1613 151 45.77124318670673 1309 
1572 1615 145 10.5596947577299 1207 
1573 1616 153 49.29908265828403 1230 
1574 1618 149 10.808340289669026 1144 
1575 1624 147 35.853004378594875 1178 
1576 1624 146 38.36925024032864 1298 
1577 1626 145 46.812049623132836 1276 
1578 1626 142 23.69803621064041 1294 
1579 1627 146 11.06253661631603 1281 
1580 1630 140 21.526753762006923 1237 
1581 1631 146 23.908745474842288 1231 
1582 1631 140 26.48601399522402 1216 
1583 1632 135 31.179921766598184 1115 
1584 1632 151 32.785978318686226 1228 
1585 1636 139 28.984306977642635 1210 
1586 1638 151 17.109324052093733 1219 
1587 1639 141 17.87519453682188 1119 
1588 1639 143 18.42195971879763 1276 
1589 1640 137 35.932222573723564 1185 
1590 1641 152 11.914344352761441 1223 
1591 1641 147 36.819316664437615 1213 
1592 1641 134 20.80953465693174 1314 
1593 1644 149 19.869191880761825 1258 
1594 1647 139 45.61521274840927 1260 
1595 1651 147 14.635588483968899 1159 
1596 1651 143 42.443519486625064 1235 
1597 1652 143 20.063361936737138 1295 
1598 1653 138 45.96939755001206 1226 
1599 1654 139 48.05992613503278 1305 
1600 1655 133 17.862544386997236 1312 
1601 1655 152 46.99275475129586 1275 
1602 1658 146 37.13480955859126 1223 
1603 1659 139 26.866071347259293 1265 
1604 1659 143 10.142655670797446 1131 
1605 1659 148 39.41360493622852 1250 
1606 1660 134 49.70473923752685 1145 
1607 1661 152 13.974026284824763 1169 
1608 1662 150 23.27557513775386 1139 
1609 1662 151 27.00694126350903 1289 
1610 1664 136 32.63055938794929 1210 
1611 1665 142 16.089016183260757 1132 
1612 1670 144 27.28574483220335 1250 
1613 1670 141 36.67924762535782 1247 
1614 1670 135 21.10074655292726 1168 
1615 1670 137 40.07539528108404 1273 
1616 1671 152 26.91360264781887 1219 
1617 1672 137 31.34468049607884 1218 
1618 1674 140 44.815793358626436 1260 
1619 1674 144 12.52345141873398 1194 
1620 1674 151 27.818195350771386 1213 
1621 1675 152 13.708595599183301 1311 
1622 1675 145 48.26195299574641 1162 
1623 1676 138 40.13997762686906 1168 
1624 1676 152 13.321805380384063 1299 
1625 1676 145 44.920743220851556 1236 
1626 1677 151 33.56231840951685 1148 
1627 1678 141 35.106727213824456 1215 
1628 1678 140 30.489523396946318 1297 
1629 1680 139 37.43182512191723 1215 
1630 1681 146 13.783829591612363 1165 
1631 1682 140 35.19093171654865 1246 
1632 1683 143 35.40347494637141 1262 
1633 1686 140 22.166112830509178 1261 
1634 1687 147 14.633009761981143 1136 
1635 1687 147 46.38513796845827 1215 
1636 1687 138 35.64555085701255 1140 
1637 1688 153 21.958475715040304 1314 
1638 1688 142 13.04968286715396 1114 
1639 1688 142 35.57887788066502 1207 
1640 1690 151 30.711400190155796 1126 
1641 1691 153 28.572897893767294 1200 
1642 1692 133 27.752032992295664 1297 
1643 1693 146 16.745277194331592 1188 
1644 1694 139 19.196265813565642 1201 
1645 1694 150 38.71316282124913 1271 
1646 1694 142 14.211953619949362 1136 
1647 1696 145 27.334507749595595 1277 
1648 1698 138 32.93658008808267 1215 
1649 1699 138 15.288676993651844 1167 
1650 1699 146 19.747993567996254 1222 
1651 1700 136 26.09866314179878 1128 
1652 1703 144 28.760997267466966 1251 
1653 1703 149 41.23173284571517 1288 
1654 1704 141 46.73049633046221 1217 
1655 1704 144 39.83792198220763 1175 
1656 1704 137 39.2551617248938 1257 
1657 1704 147 25.98384508570441 1255 
1658 1708 146 18.11704789640901 1236 
1659 1708 146 37.95419276419214 1135 
1660 1708 147 17.24903735838245 1214 
1661 1709 148 39.022338146808565 1170 
1662 1710 153 24.12683120927232 1265 
1663 1711 144 32.75252739071088 1187 
1664 1711 150 17.80273774687364 1167 
1665 1712 142 17.158170254823016 1187 
1666 1712 142 37.28285649796259 1226 
1667 1713 152 44.35504814056033 1231 
1668 1713 145 49.4847368385032 1131 
1669 1713 133 15.8409253947837 1237 
1670 1714 133 27.752713748435514 1115 
1671 1715 150 45.87770299382875 1286 
1672 1715 143 36.05195511771646 1295 
1673 1715 133 13.409019912719575 1127 
1674 1716 151 44.757319553772106 1175 
1675 1719 140 46.25613910854984 1308 
1676 1720 152 15.244938928674955 1172 
1677 1720 141 20.348218484428656 1224 
1678 1720 134 30.78426694489011 1120 
1679 1720 147 22.25982539739679 1229 
1680 1721 147 18.291235689942702 1308 
1681 1721 133 42.26949891841073 1144 
1682 1724 140 49.026952896057956 1267 
1683 1725 138 38.24230606303401 1301 
1684 1725 148 37.91555017414247 1159 
1685 1725 135 19.369176646730782 1145 
1686 1726 152 34.52882467487507 1265 
1687 1727 142 37.935845322672066 1231 
1688 1727 149 30.131451893224053 1185 
1689 1727 146 28.673405080146352 1126 
1690 1728 151 10.438514776265787 1281 
1691 1730 150 28.547975073077247 1301 
1692 1730 141 19.461342377470604 1188 
1693 1730 141 49.297377288817536 1274 
1694 1732 146 25.829230338125768 1182 
1695 1732 138 15.047255766778843 1149 
1696 1733 149 47.07549726250517 1286 
1697 1733 147 46.96442851689093 1307 
1698 1734 135 45.93172490330705 1237 
1699 1734 134 44.35544166360472 1285 
1700 1735 148 18.141176780350413 1224 
1701 1735 137 13.45976661083748 1150 
1702 1736 133 47.89667130598067 1133 
1703 1737 142 35.46832798620959 1123 
1704 1738 135 27.585772291099424 1126 
1705 1738 135 14.508046990636192 1272 
1706 1739 146 19.723354872426945 1240 
1707 1740 147 35.642601242714136 1194 
1708 1741 136 35.064458948592815 1164 
1709 1741 153 17.806538995818535 1276 
1710 1742 148 16.552059475449266 1254 
1711 1743 149 35.363913802508165 1278 
1712 1744 149 27.973306176833926 1240 
1713 1745 133 46.80019115584203 1272 
1714 1749 135 42.88318078673559 1182 
1715 1749 142 27.556336286834835 1145 
1716 1749 134 32.168438041174376 1223 
1717 1749 136 29.89475332340261 1311 
1718 1749 142 47.903946470887966 1125 
1719 1750 135 31.09706768913194 1199 
1720 1751 140 14.207358262952745 1267 
1721 1751 148 39.46010102209766 1286 
1722 1751 139 48.71278333694279 1277 
1723 1754 133 42.05212497613971 1115 
1724 1755 144 43.40415142536444 1288 
1725 1755 137 37.60499933831459 1226 
1726 1755 149 18.59781339627436 1225 
1727 1757 134 41.71763490817028 1292 
1728 1758 133 31.001994897440003 1225 
1729 1758 134 35.84363211618276 1196 
1730 1759 151 41.60141586199109 1311 
1731 1760 139 19.624825834282767 1265 
1732 1761 147 45.937620333680115 1234 
1733 1762 147 49.63501434169544 1201 
1734 1763 138 17.924661802602596 1223 
1735 1764 147 26.33799284053069 1152 
1736 1764 146 37.23082630880483 1262 
1737 1765 148 47.34322203132672 1114 
1738 1765 151 47.59683398294432 1293 
1739 1770 148 33.22220202094501 1172 
1740 1770 143 12.404782870361135 1133 
1741 1772 144 13.054344364535023 1240 
1742 1772 134 11.058219315121827 1209 
1743 1772 140 49.791574939575696 1185 
1744 1773 150 44.14117502108183 1275 
1745 1773 149 15.18658074639875 1251 
1746 1775 153 26.5107570163402 1271 
1747 1775 134 21.184639797459223 1274 
1748 1776 138 36.37516127785672 1140 
1749 1777 148 16.04125503541932 1256 
1750 1777 150 34.86500805408298 1131 
1751 1778 148 24.590762663715637 1216 
1752 1778 135 17.023065305998898 1189 
1753 1778 141 32.62004916226741 1161 
1754 1779 151 11.834213141086924 1286 
1755 1785 136 34.32074043125221 1184 
1756 1786 146 44.82276799917184 1253 
1757 1787 145 25.664760083056958 1188 
1758 1787 142 46.6625260140806 1229 
1759 1787 136 27.969661778442592 1187 
1760 1787 153 15.463974677587032 1116 
1761 1789 147 27.064859539614602 1202 
1762 1792 147 46.555546906011436 1254 
1763 1792 140 20.114514026945184 1170 
1764 1794 135 11.462548189899504 1162 
1765 1794 137 22.654716021438542 1191 
1766 1794 136 31.567923259492012 1296 
1767 1794 148 19.982165700244103 1212 
1768 1794 146 17.816324247624333 1294 
1769 1795 141 18.35092722397798 1228 
1770 1796 136 44.61297969561262 1170 
1771 1798 151 22.757872313583427 1307 
1772 1799 137 49.963854007046365 1150 
1773 1799 146 18.75958450433497 1245 
1774 1800 144 24.80429527911529 1202 
1775 1802 148 11.622378098617986 1271 
1776 1802 145 10.869027595058146 1144 
1777 1803 138 44.807009512904244 1184 
1778 1804 153 34.87994049380045 1285 
1779 1804 136 14.122533887973322 1138 
1780 1805 133 33.05893487598384 1281 
1781 1807 136 47.14239919116302 1187 
1782 1808 152 29.126118440042845 1199 
1783 1808 152 31.166443624318223 1247 
1784 1808 144 14.924535798763042 1307 
1785 1810 135 39.92750805245127 1267 
1786 1811 148 39.16211965782402 1138 
1787 1814 149 39.75197302828141 1283 
1788 1815 135 25.73752747530401 1212 
1789 1815 147 30.60873798133416 1286 
1790 1818 143 17.80219506934907 1230 
1791 1818 136 32.32966101919411 1206 
1792 1819 146 17.053926634540375 1118 
1793 1819 139 41.843822307118536 1126 
1794 1820 141 44.915815631163646 1291 
1795 1821 136 43.9812178896742 1160 
1796 1822 143 41.60048100038185 1283 
1797 1822 144 30.236416224997296 1183 
1798 1825 152 15.036711729382212 1119 
1799 1826 147 15.240427631690494 1143 
1800 1826 138 42.31112223461954 1222 
1801 1827 149 16.715540232782917 1149 
1802 1827 146 31.813015484720157 1276 
1803 1829 143 14.405109186884811 1121 
1804 1832 149 23.417728999763618 1161 
1805 1834 134 12.18659348985887 1149 
1806 1835 146 49.04700481376113 1117 
1807 1835 144 39.31211435375408 1307 
1808 1836 145 40.619242210483804 1234 
1809 1836 135 36.484255591710266 1165 
1810 1837 134 12.911401291580201 1259 
1811 1837 141 37.749356556987365 1259 
1812 1839 137 12.4994154522075 1145 
1813 1841 149 37.31661213609741 1152 
1814 1842 149 38.838907366272586 1191 
1815 1842 146 16.87385506961185 1184 
1816 1842 138 40.17489258466443 1230 
1817 1842 142 22.538988395757194 1167 
1818 1843 150 10.575960520162369 1255 
1819 1844 141 38.630119410350616 1180 
1820 1845 144 28.06661031989887 1314 
1821 1845 138 28.512509876732672 1158 
1822 1846 148 30.32272736763689 1136 
1823 1848 146 22.348324942814934 1207 
1824 1848 134 35.063999447467275 1170 
1825 1848 136 19.712310235099363 1272 
1826 1850 133 48.65942694510164 1145 
1827 1850 149 19.307172204687227 1276 
1828 1851 147 20.33682463408602 1144 
1829 1852 142 29.461346236067314 1291 
1830 1852 136 44.29731576968868 1116 
1831 1853 147 47.27850142701867 1249 
1832 1854 135 14.18935057954117 1300 
1833 1854 148 28.94442608010141 1286 
1834 1855 143 33.486630317684686 1121 
1835 1857 141 38.72723442061453 1275 
1836 1859 152 21.564591198541684 1261 
1837 1862 141 17.03475112214032 1165 
1838 1863 150 14.489213931686802 1287 
1839 1864 153 42.24345496437653 1248 
1840 1865 136 42.86565738833953 1245 
1841 1866 147 41.57675733414595 1178 
1842 1867 141 12.324405810730212 1228 
1843 1868 144 35.0279842650822 1275 
1844 1869 148 32.83141431312934 1239 
1845 1871 152 19.289250806788534 1217 
1846 1872 144 33.967941704529466 1191 
1847 1872 143 28.25594329351505 1151 
1848 1872 146 32.27048347513474 1301 
1849 1873 151 11.563290978076024 1178 
1850 1875 147 24.32931651899765 1183 
1851 1875 142 42.710164234203816 1231 
1852 1876 149 34.431079882220544 1241 
1853 1876 134 20.83278497129053 1240 
1854 1879 143 16.636707960187238 1170 
1855 1879 147 14.674656713040966 1185 
1856 1879 134 15.598377879900148 1195 
1857 1880 149 12.943152760865942 1204 
1858 1880 146 17.094546520173317 1256 
1859 1880 148 20.02423129234684 1195 
1860 1881 134 16.923686168795253 1170 
1861 1881 145 14.91971982563645 1146 
1862 1882 138 41.99781106445967 1204 
1863 1883 144 32.65502236646972 1172 
1864 1883 153 41.44519888335963 1123 
1865 1884 137 14.060833545623224 1208 
1866 1885 151 21.41145996240943 1129 
1867 1886 153 43.00732506725841 1254 
1868 1886 139 41.65330084522269 1294 
1869 1889 137 27.213063558928408 1252 
1870 1889 144 30.08098723145554 1165 
1871 1891 135 32.15993468218885 1271 
1872 1892 150 48.70676428422568 1178 
1873 1892 142 12.475848300811103 1282 
1874 1893 149 18.009084213280666 1290 
1875 1894 134 12.459788722408657 1226 
1876 1894 150 39.0200910853899 1126 
1877 1895 147 27.47971838687741 1135 
1878 1895 149 23.223753427972444 1296 
1879 1896 153 20.38992531005327 1211 
1880 1896 134 22.38656614611547 1146 
1881 1896 148 36.43861012878571 1154 
1882 1897 136 49.467480133096956 1310 
1883 1897 141 28.946830898650514 1237 
1884 1897 145 30.08485131716188 1263 
1885 1898 141 47.29658190229798 1162 
1886 1899 144 49.26151437931622 1239 
1887 1899 145 11.88691164931846 1182 
1888 1899 144 15.477104269558136 1229 
1889 1900 140 19.023068366588248 1166 
1890 1903 146 23.305782073527233 1270 
1891 1905 137 36.858273461971386 1232 
1892 1906 146 16.56478718451651 1162 
1893 1906 137 13.868732456545004 1173 
1894 1907 140 41.28544482291567 1279 
1895 1908 139 39.753860613403205 1249 
1896 1910 146 24.12035502491304 1183 
1897 1910 139 42.54792183460028 1304 
1898 1910 150 29.33273979851673 1279 
1899 1912 147 15.81893417303014 1225 
1900 1913 139 48.234598483842824 1250 
1901 1913 133 36.438392421135426 1178 
1902 1913 145 32.84404728786296 1251 
1903 1914 150 42.62652949400924 1279 
1904 1916 137 40.29574249066758 1286 
1905 1918 142 20.28577723641626 1178 
1906 1921 148 16.72253758311474 1288 
1907 1925 136 35.89669827390051 1158 
1908 1925 142 33.800853644580826 1221 
1909 1925 136 12.89714194219924 1282 
1910 1926 150 43.07535451731671 1254 
1911 1927 151 20.58637188992437 1240 
1912 1928 149 33.57872606215247 1123 
1913 1928 133 15.224182521134653 1240 
1914 1928 145 30.212495607617186 1153 
1915 1929 134 42.74386792073634 1177 
1916 1929 137 19.037611844617143 1186 
1917 1930 146 26.7994100600068 1201 
1918 1931 139 35.586673743876084 1125 
1919 1932 139 16.517257285543717 1222 
1920 1932 148 19.50684040938657 1172 
1921 1934 144 15.668487023549416 1290 
1922 1934 151 45.869339741325696 1241 
1923 1934 142 19.218699213470455 1137 
1924 1934 148 43.73583292731776 1156 
1925 1936 140 13.139932479396968 1193 
1926 1936 151 38.60056892730269 1290 
1927 1936 134 13.409937869799208 1131 
1928 1938 135 43.13125536867194 1218 
1929 1939 153 10.81360269833369 1155 
1930 1939 142 33.8261797834241 1278 
1931 1940 137 15.325050841533727 1173 
1932 1940 143 11.582655627252883 1207 
1933 1941 150 42.75743286344289 1249 
1934 1942 146 24.84131746030271 1309 
1935 1943 142 24.401862927217998 1147 
1936 1944 153 32.61460645188489 1156 
1937 1944 138 21.00030014168408 1274 
1938 1945 136 31.628359246429596 1295 
1939 1945 138 47.7709303854113 1286 
1940 1946 145 40.64923630854891 1201 
1941 1946 142 23.691898749670216 1212 
1942 1947 141 15.357252216712102 1184 
1943 1947 148 30.886706653143744 1306 
1944 1952 143 36.79499833295003 1158 
1945 1953 148 34.02066497857872 1292 
1946 1953 143 13.063713207216274 1285 
1947 1953 136 41.733144790297345 1262 
1948 1954 143 20.77256184436748 1287 
1949 1955 148 16.486141645525176 1147 
1950 1956 148 21.02489039202704 1115 
1951 1958 141 23.379805861799454 1120 
1952 1959 148 11.019553129786686 1249 
1953 1960 140 26.925096749733484 1249 
1954 1960 153 19.139010282156278 1297 
1955 1961 144 10.36484905068959 1127 
1956 1961 137 29.60469277123159 1123 
1957 1967 142 20.176081085488697 1279 
1958 1968 140 43.32183290186546 1309 
1959 1969 151 17.43446360948176 1220 
1960 1972 148 13.521018259004682 1202 
1961 1973 135 10.606117020260806 1307 
1962 1973 134 18.566624259887345 1183 
1963 1974 144 38.75648355032151 1293 
1964 1975 150 44.320153480118655 1213 
1965 1976 153 27.342456011775823 1299 
1966 1976 148 40.35249001008391 1273 
1967 1977 152 31.763309944280984 1135 
1968 1977 145 10.008645377132325 1198 
1969 1979 135 13.871357859169425 1162 
1970 1979 134 12.163764464888974 1198 
1971 1980 144 30.50204680579749 1260 
1972 1981 151 10.879854426349244 1305 
1973 1982 139 17.78306349832274 1274 
1974 1984 138 25.73344848579421 1114 
1975 1984 142 33.62044948015786 1180 
1976 1984 149 43.17052511926532 1213 
1977 1985 136 28.547944732672512 1264 
1978 1986 144 22.716082456038237 1152 
1979 1987 136 31.51668106947114 1192 
1980 1987 148 36.674178695298096 1205 
1981 1988 139 11.21443009490739 1188 
1982 1988 142 32.85230157840568 1273 
1983 1989 153 36.18249583836871 1272 
1984 1989 147 37.11282868635692 1125 
1985 1990 135 24.343795250427345 1309 
1986 1993 143 15.160285867497612 1157 
1987 1994 138 31.37370090725131 1161 
1988 1994 135 31.688649945275777 1217 
1989 1994 143 28.35163415277142 1289 
1990 1995 138 14.938282715923975 1224 
1991 1996 152 28.122598511885215 1217 
1992 1996 147 42.13877564678069 1208 
1993 1996 137 26.394477796718615 1225 
1994 1997 141 37.40941341545529 1285 
1995 1997 133 15.223779741937197 1155 
1996 1998 140 31.423498706692325 1182 
1997 2000 146 46.4646137182004 1134 
1998 2000 149 36.79937553209679 1159 
1999 2000 150 42.97307142888484 1145 
2000 0 136 42.89231135888779 1257 
