1 2 16904 32.732464081824766 177643 
2 3 16084 62.68689244898135 200537 
3 5 17367 58.86698994053099 174982 
4 6 17249 82.181008587146 155446 
5 8 16628 12.994632282288284 134107 
6 9 16482 51.278854861352556 150795 
7 10 16577 20.71411911663316 181987 
8 11 16092 17.786331641567976 126878 
9 12 17192 6.888156430235629 136966 
10 12 17078 80.36490972145879 182133 
11 13 16115 76.05546509222954 184609 
12 14 16699 12.540023282266011 208368 
13 15 16627 75.47106620453373 137453 
14 17 15770 73.87605675888504 137937 
15 19 16428 1.6133150850644178 143965 
16 20 16066 61.19243414312988 192486 
17 21 17520 31.829351840256948 193994 
18 21 17042 15.983105574171637 144815 
19 22 15946 45.9684441605769 116942 
20 24 15734 22.261950536808254 173306 
21 26 15618 35.14370280360628 198919 
22 28 16036 21.326892896364864 131625 
23 28 15788 56.10511470063648 168069 
24 30 16106 48.21339637747514 132016 
25 30 16213 23.618947083982466 170336 
26 32 17135 2.0118320170643695 143162 
27 35 17126 51.92070904555274 165292 
28 37 15563 5.4812641508270605 210009 
29 37 16524 31.99010675220637 126417 
30 39 16810 45.60086952076123 129563 
31 39 16626 53.25684573986368 162146 
32 42 16305 44.33646492968425 115954 
33 43 17288 57.989067879930786 115335 
34 43 17154 37.140656893920315 133720 
35 48 16445 78.24089235166998 204654 
36 51 16285 24.785951687960086 117360 
37 52 16213 65.93733846612388 157848 
38 52 16402 61.26653040266855 174944 
39 53 16667 21.75738599624106 161402 
40 55 15876 69.74153212914456 138090 
41 55 16326 42.80496710678849 126696 
42 56 16694 12.62500161909577 148342 
43 58 17342 80.49790102432435 178239 
44 59 15808 53.08321410187793 121745 
45 59 16386 85.85527874470185 130928 
46 61 16557 86.3814030052633 124687 
47 62 16787 28.474655602489378 148469 
48 63 15739 79.30860269292836 126578 
49 63 15893 82.93069245693424 139702 
50 64 16250 38.38916280683056 184856 
51 65 17229 52.509212208296866 206854 
52 67 16133 38.898659969140795 155325 
53 68 15600 83.21052633952787 155567 
54 68 17472 24.66560668401224 154025 
55 72 17411 50.97830396959363 200983 
56 73 15631 79.13136072579428 201274 
57 77 17053 33.56671426010357 164671 
58 78 16726 79.77302483333845 206118 
59 78 17287 67.30859704932273 164601 
60 78 17288 45.89046452922217 147106 
61 79 16506 19.284462124035915 122141 
62 80 17481 56.63879284068996 168050 
63 80 16548 34.581057707883524 186627 
64 82 15557 18.931286877754495 175582 
65 84 15947 59.72180867692791 191450 
66 84 16012 73.65036181251972 118176 
67 85 15793 47.38124383413984 177913 
68 86 16069 29.130870842021473 158755 
69 86 17249 30.819934053689366 173990 
70 87 16799 89.37753311758391 149469 
71 88 16969 83.56239825421339 172348 
72 89 16093 85.3896494904658 122776 
73 89 16609 8.157290163579233 129131 
74 89 17300 53.701618797078076 116155 
75 89 16171 3.7078843508689605 181501 
76 89 16242 77.30264610216555 203556 
77 90 17048 82.77532660580422 127219 
78 91 16962 84.25864499213937 153494 
79 92 17473 43.98800129583704 144459 
80 92 16905 9.817244070798619 177571 
81 92 16130 22.199161929591728 159814 
82 93 15956 80.95874568110175 126000 
83 93 17319 15.868001670946184 149902 
84 95 17172 43.06900764047921 116323 
85 97 16612 70.58272066301419 113316 
86 97 16080 24.083134785742487 152849 
87 99 17467 12.641563378603436 207444 
88 99 16730 41.146210026845566 123433 
89 103 16744 31.019500843674567 176964 
90 104 15973 86.41450465465134 120770 
91 106 15674 31.664085918391024 181296 
92 106 16902 31.817303399593104 186071 
93 107 17070 76.16927204388625 139646 
94 107 17291 33.96820720443648 137799 
95 108 16535 8.399486588162334 146738 
96 108 17226 32.86640280159301 155111 
97 109 17380 69.86402732583218 178668 
98 110 16642 27.973419259678735 208880 
99 111 16400 70.59436744437629 138210 
100 112 15965 54.7634635526495 118023 
101 112 15706 31.112334806019973 144529 
102 113 15980 33.404222183355365 139793 
103 114 15982 29.26735027834955 199197 
104 117 17168 75.31735659457306 130824 
105 117 16507 47.54469356269905 132081 
106 118 16764 16.114253464442363 148920 
107 118 17025 60.13101360018107 199467 
108 121 15565 11.433658094766272 154227 
109 123 16891 85.24096961150777 152360 
110 123 15896 85.91962961779225 120652 
111 123 17253 22.663139117181643 211929 
112 124 16017 12.24514778858672 120547 
113 124 17030 38.236352472046164 194200 
114 125 16147 6.952430059470975 197886 
115 126 16523 44.6144402085784 209232 
116 126 15840 81.46669273257127 212238 
117 128 16957 1.1304719682584299 187821 
118 130 17383 38.86806369473863 140752 
119 130 16461 16.371979299778218 127488 
120 131 17120 27.588571941882556 138429 
121 132 16405 33.097426179034414 161338 
122 132 17404 30.269413832198723 136518 
123 135 16462 51.23349723691772 209701 
124 136 16893 6.471087620645631 128566 
125 137 16302 87.93624842186148 189632 
126 138 16741 70.32373631717343 158535 
127 140 15946 35.79901668290941 117391 
128 141 16768 10.633111966927377 170679 
129 144 15877 60.47890776608101 160382 
130 145 16025 7.723105692625504 121877 
131 145 17507 36.412983841121275 187104 
132 146 16227 19.19313056675909 114803 
133 146 15527 28.189777626356836 130857 
134 147 17307 80.97635918128103 138843 
135 150 16420 47.08216357712128 144686 
136 151 16041 52.86876383844641 171924 
137 153 16467 54.438834367096646 165996 
138 153 15951 76.14433446652768 202197 
139 153 16433 7.983361912178757 121604 
140 154 16046 66.6901646572164 122797 
141 155 15621 6.880138722728886 193593 
142 155 15647 66.66615894774648 151496 
143 155 16181 85.99005766961672 181014 
144 156 17493 75.22485735491814 199698 
145 157 16255 63.54171675201518 155818 
146 157 17020 42.814381905738536 201489 
147 158 16404 26.006240070527134 185342 
148 160 15585 20.98515367253068 122070 
149 161 15684 64.36940751571714 114472 
150 162 15573 40.76034894392912 158527 
151 162 15782 24.96679968357831 123058 
152 163 16372 26.894032216092167 187178 
153 164 16093 75.56213630216924 120546 
154 164 16159 73.31285692459525 155604 
155 165 17180 18.39184364231792 207330 
156 165 17377 17.514702083556777 208028 
157 167 15766 45.1443333352537 184962 
158 167 17242 44.32719624993932 184012 
159 167 17400 80.977643061566 189136 
160 168 16218 35.34022150939861 137035 
161 169 17020 47.58716138824889 143217 
162 170 16367 36.66192050779725 124239 
163 171 17502 31.5404374428377 115430 
164 173 16214 56.58141122799797 118029 
165 173 16783 74.85155640022249 145688 
166 173 16938 30.874817937535067 161046 
167 174 16344 59.95355325499189 113982 
168 176 15909 1.308011192606863 193322 
169 176 15884 53.661221448679385 159432 
170 178 17022 11.59481243122981 139072 
171 178 15527 37.94653971969098 163974 
172 178 16096 88.24349009660456 116387 
173 179 16424 16.953015369111398 140189 
174 180 17491 24.372716363570095 127668 
175 186 17347 73.59154185011415 170761 
176 188 16946 38.373820428683814 155994 
177 188 15585 12.339870300652079 170321 
178 189 16645 74.17959164825824 131721 
179 190 16066 5.607542868955777 188734 
180 190 15942 38.720567085360685 141534 
181 190 16064 9.412259483255017 117896 
182 191 16708 79.28674888517864 116318 
183 193 16953 60.75107462741488 166781 
184 195 16932 48.601989120910844 130303 
185 196 17109 74.42266889262406 190679 
186 198 17035 69.04960296997946 197471 
187 199 16509 72.76478632017013 208231 
188 199 17156 79.35235167532667 114906 
189 202 15598 40.20659895094344 137919 
190 208 17460 5.523031450476013 152225 
191 208 16231 3.533041325370444 184949 
192 208 16963 8.533643939255654 204681 
193 209 17400 35.50042151379336 177315 
194 210 17402 37.60102568093109 130149 
195 212 16764 67.09728676229518 127883 
196 212 16283 56.4036465832467 164410 
197 212 16157 44.79805268545312 135269 
198 213 17286 11.260922601936658 210304 
199 214 17105 11.012997643920757 143293 
200 214 16810 57.53799780621555 160880 
201 215 17406 72.04732720016855 137018 
202 217 15568 7.885184650745814 153154 
203 217 16222 78.43523279029998 136096 
204 218 15786 13.045044290415614 151727 
205 218 16356 64.35658397493471 119020 
206 218 16069 87.77683309949799 137984 
207 219 15531 53.25612511689021 119882 
208 221 17318 27.836715324561514 173912 
209 221 16202 35.25860589001742 198692 
210 221 17466 56.141698018653244 194065 
211 222 15901 28.378519093371732 206195 
212 223 15603 23.1469221482991 126375 
213 223 15945 81.60248131146001 124399 
214 225 16370 78.27502624351274 154351 
215 225 16525 35.833345089372365 136291 
216 225 17396 34.41188703527734 120601 
217 226 15820 82.84941240584273 210206 
218 227 17211 58.725119946872574 156545 
219 228 15732 60.09595319505722 119688 
220 228 16098 10.879553251911306 134081 
221 231 16333 72.95046734360255 166700 
222 233 16450 66.222791345634 122575 
223 234 17059 82.72976962306471 205290 
224 235 16542 17.693543950061954 129612 
225 236 16371 63.63548566239113 185142 
226 237 15709 39.780209611283794 194530 
227 239 16899 88.56108792248477 211716 
228 240 16731 60.20878596772355 140921 
229 242 16632 41.56925602669577 160200 
230 242 16215 7.514945260706993 178146 
231 245 17225 35.30952327404837 178985 
232 245 15793 59.38846930527288 113487 
233 246 16125 60.83897464961047 145698 
234 248 16907 23.946653182646962 180311 
235 250 15982 74.3958437653379 125106 
236 251 16021 73.67744951353544 178468 
237 252 17383 18.1767919049547 119081 
238 252 15893 56.67387012791407 193808 
239 262 16973 26.39534991511696 161790 
240 262 17178 73.20910250057182 182412 
241 266 15566 58.75990599404513 132853 
242 268 16144 88.26388574264234 175013 
243 269 17485 16.60704764962266 197272 
244 269 16172 74.301410986781 179546 
245 274 15784 18.147883677985103 168563 
246 274 15854 38.17349117149163 200880 
247 274 16320 60.62407842114022 175736 
248 275 16837 65.17282401687886 164144 
249 275 15803 70.11368540550899 191190 
250 277 17478 15.672379189496652 119208 
251 278 15726 79.97624486206705 177746 
252 278 16285 70.70385740662441 207419 
253 278 17464 16.144032832148525 131813 
254 280 15845 3.388045753203803 119522 
255 280 16733 49.26164073477897 194549 
256 280 15852 58.1456633072792 146288 
257 281 15960 65.40298317048264 202062 
258 283 17243 41.26037522744702 199735 
259 283 17205 30.183429715074467 209074 
260 284 17221 71.1636328879423 213032 
261 284 16589 6.158682025222954 170478 
262 285 16962 17.676384348501315 167107 
263 285 16177 72.35248544662879 130898 
264 287 17258 72.83789604988058 181094 
265 289 15593 78.95869871369234 140589 
266 290 16445 3.861839034892772 210964 
267 292 16767 17.59248633303508 212345 
268 292 17075 33.43136519252721 186414 
269 292 15941 15.621087405699056 183023 
270 292 16554 77.09198623375447 173974 
271 293 15656 12.070472540409266 178629 
272 296 17096 74.28808657831176 162909 
273 297 16420 11.669407843533222 194178 
274 298 16723 21.818790530717916 125902 
275 299 16935 60.50242829303236 118054 
276 299 15773 25.31047243101532 165891 
277 301 17228 13.821817063120617 166797 
278 302 15789 79.07895451590302 169960 
279 302 16763 36.51591986493219 197760 
280 307 15884 3.93017204323595 169619 
281 309 16672 59.33269118511675 185954 
282 309 16879 65.41771919975612 113598 
283 310 16874 44.25412136049009 144316 
284 310 15957 35.01088206802028 116256 
285 311 16540 43.74548288277203 202478 
286 311 16877 45.03323367705101 188179 
287 311 16271 37.348836713390774 133908 
288 313 16140 11.435931485623266 151396 
289 316 16600 67.97198246620931 197573 
290 317 16085 60.82644765497198 154890 
291 317 15748 7.368816662436098 198270 
292 319 16845 7.4427518273204925 115414 
293 319 16914 73.60641068036469 208838 
294 319 17127 9.029409815679664 155944 
295 321 16475 36.21794574268563 140903 
296 321 15658 46.41795840482113 130580 
297 323 16332 64.93972517396668 202426 
298 324 16067 64.58105256026954 142506 
299 324 16682 74.56303115142353 128555 
300 324 15711 50.31139996675043 207885 
301 325 15877 60.481988298113365 126181 
302 326 15670 88.4111599757954 173208 
303 326 17401 15.446942329319388 137148 
304 326 16944 14.517691119932431 175328 
305 326 16706 21.80857507819752 186412 
306 326 16959 23.89360527010051 180763 
307 328 16647 49.83001128647355 212048 
308 328 16140 5.980829851821241 148050 
309 331 17334 59.80489388181603 191477 
310 331 16541 73.28195359640655 154220 
311 331 16247 28.481906993146247 167852 
312 331 17406 78.69912031327459 189655 
313 331 16849 84.35822716323204 177386 
314 331 16079 73.87283720076715 125449 
315 332 16337 87.1273256545715 178321 
316 333 16869 24.00635566569466 153841 
317 334 16492 1.8941109274576116 136664 
318 335 16691 15.723902158170759 117091 
319 336 16773 73.6954648898415 161565 
320 336 16264 27.688489345112362 150776 
321 337 15906 56.35730059140217 169219 
322 337 17328 89.6286418648373 145199 
323 338 16518 18.34714113421007 133389 
324 340 17241 64.19265400514399 179779 
325 341 17209 32.324775207633735 140052 
326 343 16173 36.38059269887296 173836 
327 343 15618 67.66240892499121 125461 
328 344 17072 39.12974513372708 134905 
329 344 16187 68.21388722891994 184936 
330 345 16984 33.62157981556701 120874 
331 346 16520 71.12680569164354 148287 
332 346 16192 85.28486452669955 177263 
333 348 16560 46.84986939431046 145408 
334 350 15893 22.90039170722358 130897 
335 350 16631 66.75933713846463 186780 
336 351 16738 12.234996944341916 165924 
337 353 17488 44.152426679679344 177895 
338 354 17475 3.688984797004 139644 
339 354 16236 49.79405724853004 172961 
340 356 17492 82.5122926974823 116446 
341 356 15813 29.73016685124354 158086 
342 357 17014 65.13245422019178 187756 
343 358 15887 23.275232153683877 168193 
344 360 17456 9.402188995870908 211502 
345 360 15575 36.700008344233325 179891 
346 361 16254 13.783443331062827 140712 
347 362 16977 76.47607076235472 163567 
348 363 16209 81.7256202098841 195568 
349 363 16615 23.72978312115246 169929 
350 364 16783 66.33463312653643 182301 
351 365 15831 56.78831502887189 160043 
352 366 16185 60.84250071959854 115831 
353 367 16921 35.5462361103033 199524 
354 369 15643 25.092392093734972 194540 
355 369 15619 26.52537142515482 137429 
356 370 15588 81.19254171405092 132950 
357 370 17093 65.67072007707166 147599 
358 371 17305 83.12533971004429 119624 
359 371 16012 6.526534005540283 152544 
360 372 16714 25.30763106537864 141875 
361 373 15775 24.06127198141006 189335 
362 373 16803 48.69882249864651 142449 
363 374 15909 52.72771107606194 208416 
364 374 16426 7.967267286617169 201706 
365 376 16025 88.78622938519354 173400 
366 376 15735 27.38386834920912 118227 
367 378 15673 88.4979571519324 166603 
368 381 16046 8.517102787350538 139136 
369 382 16414 79.7547528038648 157199 
370 385 17410 87.38368667215768 148423 
371 386 17517 81.98672458931493 156994 
372 386 16006 43.19305363538884 152806 
373 387 15911 4.303021350462556 119522 
374 387 15740 36.3527593252859 201525 
375 387 16974 61.75886533905834 172956 
376 388 16889 44.17158650988472 199917 
377 388 17258 33.33607780362772 134412 
378 389 16409 73.45051486287767 148669 
379 389 16336 22.27683070870673 140039 
380 391 17023 37.002891372160754 158954 
381 392 17175 38.35881323774854 205441 
382 393 15720 6.42370099263222 184871 
383 393 17386 49.00489501203867 165894 
384 395 15838 21.296118668262338 169888 
385 398 15780 46.47199634660535 145507 
386 398 16199 74.9561676701885 199925 
387 398 16148 85.86367604436656 192312 
388 400 15811 83.27098116788 132597 
389 400 15618 57.14169684038081 142280 
390 400 15704 33.2930004975911 144786 
391 402 16997 28.042579928966628 196105 
392 404 16305 28.536376500841513 198665 
393 407 17047 64.68287620666293 174071 
394 409 15776 69.44181168784377 177826 
395 409 15798 4.531031475218159 134097 
396 410 16089 7.634384238648697 173171 
397 411 16267 4.960810118486924 121796 
398 413 17163 30.73573514755306 172515 
399 413 15923 43.61069659668314 172431 
400 415 16621 40.12948022441464 128315 
401 415 17168 10.594278250484543 189487 
402 417 17467 9.216564942802002 158957 
403 421 16793 19.053088281384596 164440 
404 421 17246 36.740602189604864 193529 
405 423 17108 2.2297643013680273 143611 
406 423 16858 70.40026006640146 122208 
407 425 17255 83.73699903617947 194433 
408 425 17428 8.009451448086333 202798 
409 426 16633 87.18223895885018 184861 
410 427 17345 62.20648182216742 179349 
411 432 16819 17.30522529027614 202643 
412 433 17253 83.77200766541063 150572 
413 436 17246 25.53599867649463 156767 
414 437 17105 9.627146307833563 198990 
415 441 17341 87.77636969675501 172889 
416 441 15893 27.1595568780019 206074 
417 442 16766 74.36297096039989 201065 
418 442 16327 40.09703398905786 125985 
419 442 17178 58.097322564818654 208141 
420 443 16570 37.98308037481236 208768 
421 444 16609 3.3193543430496217 179684 
422 444 16101 32.1116526422458 169074 
423 445 17412 24.979770011349984 165441 
424 447 16127 12.712476095550299 134869 
425 448 15876 71.234872554058 209174 
426 448 16617 31.4255858658127 193862 
427 448 17202 61.53689665493968 162589 
428 450 15641 81.48991606528706 136551 
429 452 15617 31.661021167118143 134691 
430 453 17082 83.46132097024287 120085 
431 453 16508 52.098929267190755 162851 
432 454 15849 80.03119809438512 167214 
433 455 16741 38.77032230269326 118755 
434 455 17142 55.5424197790013 134224 
435 458 16341 59.82130909489351 135671 
436 460 15797 41.132146686539926 148446 
437 461 16437 58.57861826498233 130663 
438 463 15683 80.28260716669075 168099 
439 463 16182 85.32367022795833 125209 
440 464 16305 77.77228573567173 182666 
441 465 16704 30.592399682877307 144405 
442 465 16611 43.30427367059931 201117 
443 465 15729 73.90973758235484 121449 
444 467 15839 55.34496571326873 180902 
445 467 16930 37.436735922039375 163283 
446 468 16268 88.24277542466037 137731 
447 470 17502 86.0400165590274 141365 
448 471 16543 6.945013465144532 177236 
449 471 17510 36.367652472108574 163138 
450 471 16242 60.64502399365011 189798 
451 471 16414 13.07419733577823 199687 
452 472 17365 40.194496657357206 145797 
453 474 16747 71.3775503850418 190819 
454 474 16321 68.26202987093788 201160 
455 474 15882 84.63961219338601 176184 
456 475 16578 48.48890573027503 127284 
457 477 15727 3.456917644952728 211141 
458 480 17191 21.219310544597697 167553 
459 480 17398 18.261374188246684 140771 
460 481 16772 39.31638062882594 147619 
461 481 15642 18.855108750099276 138613 
462 484 15707 83.20814065325474 133362 
463 486 15960 82.45053439532809 196123 
464 486 16257 78.20498117422609 162381 
465 487 15842 72.76367086693251 174173 
466 487 16101 42.39745878712419 144153 
467 489 15814 83.00715868074211 205962 
468 489 17079 60.302035858264354 162105 
469 490 15663 68.4759916231758 157426 
470 491 17285 5.278771640863064 147212 
471 492 16631 89.19846965931963 157527 
472 493 16763 17.315866258793125 114334 
473 495 16845 23.885049606236493 143713 
474 496 16715 89.05085810890166 164573 
475 498 15578 82.19782024862047 193702 
476 498 16737 55.193629689509585 188746 
477 499 16945 63.83764190632925 183740 
478 499 16506 73.6850392880393 130037 
479 500 17332 19.414570380351083 129705 
480 500 16116 32.243236314371266 187142 
481 502 17221 63.07784100130123 189851 
482 502 16176 18.029716303211675 120532 
483 503 16393 65.56531709675463 137828 
484 504 16099 50.233746409202965 145938 
485 504 16917 75.24026707569408 180113 
486 505 17485 27.924683013277207 151073 
487 507 17511 12.917528514065884 181918 
488 507 15988 80.71081446731583 185731 
489 513 16922 55.65081032255793 177266 
490 514 16247 79.5144243446671 194418 
491 514 16562 66.06679488412337 158052 
492 515 17165 25.07686240727518 178418 
493 515 16576 2.164384979287792 200328 
494 516 16098 88.55082115272201 146459 
495 518 16816 37.61668517822608 194763 
496 518 16283 47.1985186664867 146387 
497 518 17050 48.710544955500936 129510 
498 519 15760 23.23888531440008 135221 
499 520 16061 72.08050624002892 166468 
500 520 16037 71.60586090612965 127605 
501 521 16451 51.25421921014015 127821 
502 523 16628 6.776195541121812 120969 
503 528 16077 61.4569670972173 195494 
504 530 16086 34.967660045959335 156416 
505 531 15591 81.04692101629301 149532 
506 531 16283 85.67389713479118 176379 
507 532 16220 79.34684211569271 153944 
508 534 15865 17.967167451042314 181364 
509 536 16489 87.96454036457997 164329 
510 537 15860 40.86426008755243 187537 
511 537 17088 78.66306062773351 157058 
512 538 15593 60.18111512489193 146786 
513 539 15645 73.1836153639707 153240 
514 542 16806 54.389907289232404 117397 
515 542 17488 20.17135245460812 140366 
516 542 16028 79.84158096111615 119495 
517 542 16432 32.56145112797515 208926 
518 543 16470 51.488787277953634 179674 
519 544 15832 14.733511449874644 134490 
520 545 15843 69.19146938368726 205064 
521 546 15948 32.82990899141037 201669 
522 546 16392 32.96378761039276 154684 
523 549 16408 40.96226038516318 151707 
524 549 16229 12.010543862532002 173013 
525 550 16205 83.70861879022681 203696 
526 550 16533 7.003454462269446 174851 
527 551 16447 55.25201127208618 145736 
528 551 15941 86.7371984208894 139597 
529 551 15760 31.071226136494722 155867 
530 552 15809 63.39312466610865 164789 
531 555 16671 86.6772424926634 140177 
532 555 17100 67.52300127454565 207692 
533 556 16353 67.51614440802464 115876 
534 558 17317 22.724728896407136 190400 
535 559 16325 40.703652855606975 117993 
536 559 15567 61.63452507139072 185262 
537 560 16881 57.74106025155021 211014 
538 560 16424 12.050538540922346 171780 
539 562 16118 49.15334758101925 167875 
540 565 17262 3.618728535953763 134725 
541 570 17295 65.52633611662861 148495 
542 571 16098 87.83574042376544 188086 
543 571 17341 16.666906675466393 212025 
544 575 16219 2.9491784610072287 205208 
545 576 17242 86.09089315026475 118627 
546 576 17245 64.50811714973915 207356 
547 578 16022 89.79134381213137 181350 
548 579 16567 7.520356715491586 128668 
549 581 16766 84.20640451139474 128386 
550 581 15872 40.04500485184651 192575 
551 582 16499 52.39853784642122 200828 
552 584 16567 63.32451941972026 137332 
553 587 16050 77.13528508105463 206952 
554 588 17411 86.38165872638922 178732 
555 589 16795 53.69385690154082 133586 
556 590 16805 46.41670518368207 199243 
557 592 16802 89.79297010433068 120299 
558 592 17227 5.726089033019433 121650 
559 593 16215 33.97725308688405 153224 
560 596 16756 38.983843355647664 137540 
561 596 17033 50.93865677272301 121851 
562 597 15998 13.204857725261075 167800 
563 597 16032 45.67031534574663 150214 
564 597 16795 74.51064519298434 169460 
565 598 15856 69.1760771064634 183446 
566 598 16970 77.46727146790505 128015 
567 598 17184 15.864848482734935 126181 
568 599 17329 22.45334746809474 141640 
569 601 15575 29.86451925871209 142551 
570 601 17118 10.241004429859341 187394 
571 602 17046 42.73427891645454 163249 
572 604 16828 33.33036012275765 165002 
573 605 17261 70.39904666738104 185259 
574 607 16588 85.3385287852421 199735 
575 610 16825 4.735815438451262 132136 
576 610 16923 18.528258214697242 132777 
577 610 15735 11.544116279253632 180042 
578 611 15914 55.43908692766295 144319 
579 612 17430 20.078388215411135 193097 
580 612 17406 55.690012885506945 197922 
581 615 17477 13.805934567135363 177988 
582 615 17353 34.470830802518456 161262 
583 616 16678 4.802306075022474 166715 
584 617 15879 43.53207779695376 131667 
585 617 17072 48.48820647077675 212006 
586 618 15930 47.7539825423769 197802 
587 619 16023 75.65231833300474 143013 
588 620 15756 58.04871792053464 158082 
589 625 17390 55.867636287889965 177293 
590 625 16623 89.9214739137126 127387 
591 625 16108 69.22356682232841 182523 
592 625 16821 8.801206703361965 140794 
593 626 17472 21.996767631024596 211634 
594 626 16057 61.32862959962762 152007 
595 626 16378 54.00971748837513 163252 
596 627 17132 78.39458921185158 205667 
597 627 16608 69.58700465749837 191443 
598 628 17196 75.51836011219469 131171 
599 628 17382 76.27319025844385 129066 
600 629 17341 33.944097926553255 172357 
601 633 16841 75.54004964923519 185521 
602 634 17262 67.56857766428493 203890 
603 634 16616 74.22756190861584 149743 
604 634 16885 89.5632996583868 134511 
605 635 17261 10.591050389813622 208790 
606 635 16416 10.464028374470631 124318 
607 635 17467 38.18183334135231 167918 
608 636 15806 86.60231102532941 161403 
609 637 16024 77.79606346792437 140046 
610 640 15711 13.474030455605824 151429 
611 641 15782 50.04274109315419 118299 
612 644 17140 39.246066033076275 117987 
613 645 16136 84.24027224389428 136749 
614 647 17090 38.426951603897386 157304 
615 648 16414 77.05920056755043 180473 
616 648 16606 27.622222589220957 135877 
617 649 17193 28.02487831167375 136565 
618 649 16358 21.30608200944426 185426 
619 650 16412 25.898344554357447 165169 
620 653 16665 21.469455827728538 188744 
621 654 16985 15.44616395860289 199998 
622 656 16515 36.952178922763096 118451 
623 656 15621 34.3681173065807 157057 
624 657 15811 24.588267775431436 144093 
625 658 17014 89.26287836923655 126084 
626 658 16014 80.349541258525 140457 
627 659 17172 64.9872129695639 173258 
628 661 17111 13.845947801032592 157247 
629 664 17238 71.64266106338843 166431 
630 665 16849 29.973939333614986 171120 
631 666 16824 12.19563466611651 210349 
632 667 17018 8.591447145316746 203776 
633 671 15838 82.93179060690854 201955 
634 672 15865 74.38518270432833 183526 
635 672 15787 10.313109803686126 115329 
636 673 15581 83.75003765178725 196496 
637 674 16715 79.2064719152586 186901 
638 674 16687 68.62779028984205 209733 
639 676 16008 16.157162697101967 178858 
640 680 16883 48.39556238402788 188679 
641 682 16819 36.57022408786693 150459 
642 689 16241 75.64050596308978 203814 
643 695 16958 55.93507261159581 141704 
644 696 17306 26.53980387297561 131845 
645 697 16019 53.57737373157972 171306 
646 701 15881 72.11797617725398 201571 
647 701 17064 71.06688953835487 166699 
648 702 16152 83.63531895266215 194201 
649 703 16473 12.812899134715991 200738 
650 704 17133 12.04159022159543 118494 
651 704 15656 81.80379260870808 201400 
652 705 15629 31.600922577336732 126465 
653 706 15918 1.9397006240765087 178552 
654 706 16554 62.56248050551126 147004 
655 707 15639 36.63965670742138 199701 
656 709 15606 11.276702215516165 207699 
657 709 15858 8.570945763337608 190846 
658 711 17202 4.813441242658662 118264 
659 712 16442 79.02662253234996 211791 
660 712 17039 62.20912371688809 158303 
661 716 16578 53.865661859793256 203147 
662 717 15614 70.40608186862453 170612 
663 723 17443 28.953837071245225 191954 
664 724 16883 58.098358843002366 121588 
665 725 16038 22.617882632234778 120392 
666 726 17444 6.35280285198983 174400 
667 727 16939 55.714207329490286 119212 
668 728 17133 81.61096062898841 167986 
669 728 17140 42.35776255983012 195854 
670 728 16172 66.61189794353568 123909 
671 729 17008 57.963716194829814 211090 
672 731 16904 23.07935241233494 205244 
673 732 16623 32.74727481966049 210573 
674 734 16084 43.59169431051475 170561 
675 735 17051 80.6884829783661 175988 
676 737 17438 29.72853742229899 197549 
677 738 16911 50.08599924691707 145908 
678 740 16984 88.17990861134207 211358 
679 743 16853 43.65629182901446 210835 
680 744 15821 18.58770705907681 148543 
681 744 17467 42.7170800103669 114095 
682 747 16906 67.34399486130904 184332 
683 748 15823 9.581747429172582 178141 
684 750 15758 80.06498491734959 168025 
685 750 16023 37.05988852068627 208676 
686 750 15835 54.68878462148845 204683 
687 750 16610 51.056616109955996 121955 
688 751 15932 63.06680600372775 123524 
689 754 16864 58.065549056226885 148587 
690 757 15742 22.12741163578115 211601 
691 757 16059 62.589897109826076 196525 
692 758 15977 1.1783952233339807 211363 
693 758 17097 51.62239732474363 130564 
694 759 17376 50.363350849367656 210119 
695 759 15875 28.917527724670975 174218 
696 760 17406 5.600782467213035 203983 
697 764 15669 60.291917990913504 129311 
698 764 16266 64.08894005193827 143709 
699 764 17523 21.261736257483435 129871 
700 765 16752 87.7247959086683 127129 
701 765 17274 58.199640017733856 203614 
702 767 17179 51.53698483662568 182665 
703 769 17292 15.576238410525704 211068 
704 770 16417 29.58223593926583 163617 
705 770 15545 81.89220602452464 210040 
706 771 16596 5.098801161983722 119808 
707 771 16331 61.30831655298509 194912 
708 771 15849 31.99389377506542 115552 
709 772 17308 61.05025351430063 166371 
710 774 17394 16.464732918547192 115314 
711 776 16452 75.81710735832318 152100 
712 776 16807 82.91360204665924 121250 
713 776 17008 75.34731076506073 162000 
714 776 17494 80.01521719476493 145626 
715 776 17298 51.394942506413955 202991 
716 777 16373 80.82284335380038 134996 
717 778 17505 48.36200805456236 189331 
718 779 17056 2.013075321710407 126675 
719 779 16482 87.39157849860439 186207 
720 779 17472 22.002550797465382 202555 
721 779 17300 69.80761363923918 203637 
722 779 16978 47.104717391890176 144656 
723 780 15587 58.05645567270531 116267 
724 784 16707 56.54138999095039 117980 
725 785 17017 37.63617493306783 152503 
726 785 16827 22.294078830900922 164284 
727 789 16246 52.47590427710963 176695 
728 789 16512 28.988700367333777 188782 
729 791 15876 61.52163847017275 158727 
730 792 16595 35.022706702360615 153254 
731 793 16798 69.15154466037308 189076 
732 793 15863 10.905933875068854 193732 
733 793 16707 56.394021463375005 204176 
734 794 15814 31.760838586823144 211728 
735 794 17192 28.185099581718262 144179 
736 794 17023 52.619742929142014 193056 
737 796 17256 65.41864779067619 114623 
738 796 16835 51.813844442241844 165478 
739 797 16431 56.42213257751904 117084 
740 798 15604 19.01831091557788 156990 
741 798 17000 25.222109474854147 139292 
742 798 15587 63.148885767071775 137103 
743 800 15742 49.875126440203985 165848 
744 804 17463 35.29142691997584 119256 
745 804 16886 41.6065508198881 188255 
746 806 16517 13.968699135368484 125372 
747 807 16952 50.11951969717713 210762 
748 808 16308 43.80737802080252 197258 
749 808 17434 51.89789476176439 135101 
750 809 16416 30.03008374543545 162757 
751 811 15565 20.712265631856177 139008 
752 812 16288 32.58989085037942 123649 
753 813 17074 45.28299616269228 130272 
754 813 16965 41.3228396867595 120427 
755 813 16960 52.887500010495806 181509 
756 814 16808 53.942221517544176 150708 
757 816 15714 53.03367523088598 188104 
758 817 17202 75.96795909409472 161591 
759 819 17514 83.590233847344 170354 
760 822 15626 87.75258423156495 134426 
761 823 17422 7.537701224340013 176908 
762 823 16338 78.12013348561068 122904 
763 824 16765 77.25546962917939 166985 
764 824 16208 35.80447469273355 117833 
765 824 17177 73.95783891092059 119359 
766 824 16014 53.20405891296149 186727 
767 828 16953 26.566693624136278 189454 
768 829 16102 8.871705042430214 165155 
769 830 15917 5.813406054415274 149406 
770 831 16477 10.77680206335384 122248 
771 833 15875 33.36996277036349 151382 
772 833 16324 48.74582636314065 139677 
773 833 15686 30.21284143748463 199883 
774 833 15843 72.38215233891738 139030 
775 835 17289 49.024361496040285 197805 
776 838 16273 2.1817559827112603 174928 
777 838 16058 34.871137866431745 195609 
778 839 15802 42.70593764837173 189828 
779 839 16137 36.543106114023885 159476 
780 842 15817 39.164243322375945 212041 
781 844 17240 9.811545665840457 177984 
782 844 16377 14.483753500748273 146577 
783 845 17491 27.417642113180005 123202 
784 845 16582 67.76471893892085 151353 
785 850 17129 4.2278571974474595 165718 
786 851 16237 62.50182769620807 155659 
787 852 16261 53.28620785591004 192837 
788 852 16546 42.12587132000816 158313 
789 853 16863 32.23109070103271 141299 
790 854 16625 32.518367114580585 179660 
791 857 16973 13.95817114904646 146094 
792 857 16274 53.876618538346186 130265 
793 858 17435 73.20811921595484 170150 
794 859 16337 47.67676443054018 147432 
795 859 17419 73.72372066215526 165982 
796 860 17330 37.044042669464766 138883 
797 861 15685 69.86061006437261 198395 
798 861 15709 43.379257085272286 204887 
799 863 17073 61.95386292893114 155711 
800 863 17351 2.7059304902447097 208235 
801 864 16674 61.52147736206076 175036 
802 864 16608 60.3294089031309 191287 
803 868 15840 25.565608576242962 184593 
804 870 15651 88.23383875878577 122443 
805 870 17523 43.39727601276438 129713 
806 870 15929 41.84072151918825 159459 
807 871 15768 44.68471030656843 146956 
808 871 17315 77.43571415775808 129183 
809 876 17112 34.42927942991582 118941 
810 877 15713 28.04700912144957 122460 
811 878 17169 22.28398176039831 183003 
812 878 15583 45.5628164763524 201594 
813 880 16184 8.12800157250979 196286 
814 880 17118 23.297147203337364 129301 
815 880 16845 27.3105334060869 123949 
816 886 17069 28.387688816553524 193507 
817 887 17098 26.87429763883523 191748 
818 889 17269 8.843008555561905 160349 
819 890 16683 32.663914475141645 120340 
820 890 17525 75.966226487571 148367 
821 891 17208 53.68664969126957 174223 
822 894 17003 64.40891358844429 200799 
823 895 16044 5.566655616406442 188439 
824 896 15798 61.41265667107119 178150 
825 896 15537 31.111419666407265 166017 
826 896 16851 74.52779605354327 180564 
827 898 16569 89.0864872227054 151452 
828 899 17224 81.22635352143229 113541 
829 899 17317 57.85149117250526 197401 
830 900 16449 33.54713277748795 160887 
831 901 16634 5.526846188650981 209249 
832 902 15641 87.87659852239942 114093 
833 906 16614 41.87216218222736 117074 
834 906 16685 70.10821109082315 163998 
835 907 16835 48.56530134885462 175930 
836 908 17149 33.498564589566385 192582 
837 909 15890 36.322523595480675 182467 
838 911 16836 85.77846305637551 199068 
839 911 17312 48.549075049375375 139108 
840 912 15863 85.72432432367727 133360 
841 914 16308 64.69096229243405 156266 
842 914 17478 74.63285541962301 184336 
843 915 16215 88.22969153363489 122025 
844 919 15969 65.49038928425293 114974 
845 920 16355 9.706404282761651 185273 
846 921 15725 53.20945753423357 151208 
847 923 15748 37.3601462689871 188477 
848 924 15741 6.5824748058803415 193143 
849 924 16558 84.86726772468859 188744 
850 925 16178 65.83312773085841 146195 
851 925 16019 37.43980580097744 124212 
852 925 16408 60.46101870917741 182202 
853 926 17302 64.82889574280885 181544 
854 926 16571 41.963843711860434 207348 
855 926 17515 82.72053011921933 195712 
856 927 17351 42.37991585221016 144848 
857 927 17300 47.75937470899864 134265 
858 928 17471 86.54386348555265 135020 
859 928 16339 12.179621435563512 175662 
860 929 17165 11.089747852205704 165284 
861 929 15990 72.91988025557093 124999 
862 930 16697 60.966060602514894 151632 
863 931 17129 9.003474534860105 190568 
864 932 15883 53.71819702041004 145644 
865 933 17245 22.89670039526026 121852 
866 935 16340 50.58140567412336 131032 
867 936 15596 82.47539908134858 126048 
868 937 17499 60.084436225283675 135272 
869 937 16081 12.331905991919017 128748 
870 938 15919 14.729240865452692 152007 
871 938 15711 55.43876986381134 114442 
872 939 16572 35.23139800587282 186806 
873 939 16837 17.54819309350534 154738 
874 940 17444 15.055782809200483 138305 
875 942 16908 22.557061079837865 147741 
876 943 16369 82.9343113523562 194598 
877 945 16054 23.50192522620576 185334 
878 946 15999 21.56739059105971 144222 
879 946 17048 76.24128764800307 199053 
880 949 15570 76.04632216061947 154646 
881 949 15761 81.3518556087213 202592 
882 950 15869 41.61081044672744 211475 
883 952 16858 87.26329806793099 134528 
884 952 15587 17.26956531862683 194121 
885 953 16597 52.59918887903604 117091 
886 954 17383 40.79013155228702 150716 
887 954 16201 43.55648869967122 147878 
888 955 15955 79.32385887831411 211990 
889 956 15748 27.693409737233665 197949 
890 957 16725 22.312603656594703 172302 
891 958 16897 41.62673065642769 119453 
892 958 17033 53.17744193495928 171668 
893 958 16889 15.200704765637113 139111 
894 959 16603 66.76002620230388 193894 
895 960 16013 12.948778430538162 125352 
896 961 16538 78.66546892353185 140385 
897 961 15685 27.48288897020295 133862 
898 962 15623 31.86093580768542 147207 
899 963 16000 2.095372143535438 196034 
900 963 16776 19.667015072212134 143540 
901 964 15743 68.4083504024943 188453 
902 965 15684 43.20246571303263 211365 
903 965 16685 26.688140403678872 113265 
904 966 17107 85.3646995923902 199459 
905 966 17276 20.178841454238963 175609 
906 967 17202 71.36376116796774 144373 
907 968 16926 30.69038307297898 168035 
908 970 17010 53.95481698420218 141141 
909 970 16091 80.49382114847779 203220 
910 970 16824 73.15879110741712 179242 
911 972 16219 24.47834970782961 119077 
912 972 16490 50.74776955986043 199622 
913 972 16595 83.01836940709056 198063 
914 973 15979 83.94561863781017 148371 
915 973 15851 48.716946473818474 188963 
916 973 15724 56.26862958916452 208699 
917 974 16421 52.105439166566015 189685 
918 975 16746 9.68687728608002 188631 
919 976 17102 5.402396912507334 195124 
920 977 16015 1.1403695905481435 142111 
921 977 15889 73.32231259945965 161264 
922 977 15538 67.78009291069404 122961 
923 983 15770 43.48241737840032 185572 
924 983 17315 88.23725046432075 167012 
925 984 17181 42.45047413038566 171111 
926 984 16342 22.51980179722765 187707 
927 987 17518 1.114689024239154 198127 
928 987 17378 55.08312735811533 125225 
929 987 16775 20.69561871726214 200965 
930 987 16697 33.61683155767119 147718 
931 987 17386 86.12920701960243 189403 
932 988 16173 52.9073500032417 153419 
933 990 16304 36.29446311340236 201441 
934 991 16348 45.87586525464707 187260 
935 993 17426 11.48531659682613 137319 
936 994 16901 71.2891386971314 133601 
937 995 17003 40.70843176368225 161775 
938 998 16347 45.868281685011056 163753 
939 998 15948 5.495301983970851 212773 
940 999 16054 46.87622986027627 184531 
941 999 16819 24.809508308482677 128117 
942 1000 15784 13.906799698119677 206255 
943 1000 16685 33.661349824912065 157527 
944 1000 17464 72.08117204542964 143697 
945 1001 16379 27.81271944307687 172953 
946 1002 17475 4.59504219039375 143634 
947 1003 17454 8.595554893924131 195363 
948 1004 16752 61.869192081437156 134801 
949 1006 15920 58.59365005143602 192439 
950 1007 16478 41.875058208089584 122099 
951 1008 15810 29.215862549028326 164339 
952 1008 17198 27.181484802220215 212570 
953 1008 16997 46.727937252875286 182796 
954 1010 16958 71.0284569727354 160576 
955 1010 16518 75.49506258333119 211590 
956 1011 16213 39.467236750496085 115099 
957 1012 15556 12.902265815196133 134905 
958 1012 17449 14.396438707945126 159999 
959 1013 17264 72.59833051555853 125502 
960 1014 15958 23.286591252869545 135531 
961 1015 17423 81.61220803266129 201774 
962 1015 15575 35.53793910661612 197866 
963 1016 16188 70.57737682543535 125257 
964 1018 17463 37.31832527625769 154469 
965 1018 17043 7.313861149705374 144346 
966 1018 15652 87.84228154269644 191336 
967 1019 17095 65.15499160278661 179742 
968 1019 17453 2.1255045893905367 179103 
969 1020 16910 14.429241292393545 172250 
970 1020 16713 22.468994143875967 164249 
971 1021 16126 28.987660526273377 189624 
972 1023 17037 11.461027193801854 121416 
973 1023 16169 88.61066965297708 203366 
974 1023 17515 29.388249432552044 177497 
975 1024 15998 31.916990277786113 154855 
976 1025 16973 53.13960641567748 115039 
977 1025 17125 4.3051346350267545 155860 
978 1026 16501 50.34882675094333 186983 
979 1028 16069 88.1055643361988 147619 
980 1032 17447 55.044973066847824 164633 
981 1032 15768 19.705150077144985 184781 
982 1034 16619 45.33042727004374 156852 
983 1036 16475 22.691591212774778 196699 
984 1037 16291 2.7279575384118195 209521 
985 1037 17337 6.425134124549574 188788 
986 1038 15958 33.101456939910356 194751 
987 1039 17236 9.933500358608677 128838 
988 1040 16155 12.218358475992424 180175 
989 1041 16332 48.74495102649274 169141 
990 1041 15757 48.72575361374069 145018 
991 1042 17188 5.886042695819838 208112 
992 1042 16746 63.72651627506436 201921 
993 1043 16986 71.89616848513101 130005 
994 1044 17435 78.90088713017633 192534 
995 1046 16850 32.30266938944795 177159 
996 1048 16286 19.627525694397804 166192 
997 1050 16077 66.63325370993711 199238 
998 1051 17459 16.734225035912914 125207 
999 1051 15770 30.291836851738374 126998 
1000 1053 17068 1.2458336833235362 179833 
1001 1053 15631 77.12303896703307 165504 
1002 1055 17361 30.600736467430412 212360 
1003 1055 16088 63.50496202604789 190476 
1004 1057 15627 43.91018654024189 134074 
1005 1058 16290 30.81591146081736 119540 
1006 1061 16828 18.739255016326208 169844 
1007 1061 16808 64.06284639759161 126234 
1008 1063 17490 18.399695287776733 135852 
1009 1064 16271 32.6925152423148 162949 
1010 1065 15950 14.446279419962071 134754 
1011 1069 15905 38.69929155816885 124861 
1012 1073 15644 7.3449733359756335 193233 
1013 1073 16820 32.98640375410156 178118 
1014 1075 16689 43.048098857693276 117933 
1015 1077 15590 45.29753669231024 186094 
1016 1078 17482 3.6075926940169314 187003 
1017 1078 16180 21.38941792027536 117361 
1018 1079 15861 10.765441303978614 149563 
1019 1079 17102 19.20467820686027 185309 
1020 1079 15971 83.65992969303332 194464 
1021 1081 17048 63.03344181312932 113664 
1022 1081 16838 51.04694967889332 197432 
1023 1084 16028 44.67368012451801 212934 
1024 1084 16739 12.434199485182482 197569 
1025 1085 17340 36.167578516984065 120636 
1026 1086 17228 61.71394215312302 183920 
1027 1088 17464 74.76809528782788 147620 
1028 1088 15968 49.45537989731622 162648 
1029 1088 17100 46.66091098990211 202493 
1030 1088 17138 1.0037571019514067 204847 
1031 1089 16979 44.768443646908146 154308 
1032 1090 15535 65.30340551457184 203482 
1033 1094 17376 32.423125866442234 166917 
1034 1096 17309 28.736566511034958 166554 
1035 1098 15707 78.92873263744667 127265 
1036 1098 16210 58.94323964863665 172443 
1037 1099 15734 38.54519994043434 117873 
1038 1099 17268 75.08069942884345 204391 
1039 1100 17126 46.13232570538123 143117 
1040 1100 15771 37.13092037210658 134183 
1041 1101 15555 11.2978475849679 156867 
1042 1103 17492 41.20331745464621 196814 
1043 1104 16716 81.6514274955139 159789 
1044 1105 17506 21.214310538739465 193600 
1045 1105 16754 30.095769391219285 203229 
1046 1106 16659 1.95441271072623 153503 
1047 1106 17332 80.76833430925628 181905 
1048 1107 16940 78.65997102879012 190126 
1049 1108 16523 10.085941522518377 160884 
1050 1108 17253 9.760014480833956 166221 
1051 1109 15617 51.41268695682007 208056 
1052 1109 16337 83.99804287016312 140323 
1053 1110 17191 56.207281342942615 140028 
1054 1111 16124 63.84301163914171 186468 
1055 1111 17219 30.652967229802616 161291 
1056 1111 16259 2.070752204277646 211910 
1057 1114 15912 82.40471712157758 135896 
1058 1114 16107 73.32064704679486 212666 
1059 1114 16464 40.0994292396582 203865 
1060 1115 16165 25.455317169616375 162768 
1061 1116 16371 89.01374965143656 145774 
1062 1117 17240 29.69841205367774 179913 
1063 1117 16574 78.48971169928724 145466 
1064 1117 17501 11.251541729163124 119482 
1065 1119 15865 27.76847022588757 158883 
1066 1119 16604 53.62185980087003 184362 
1067 1120 17012 45.73865354565293 137970 
1068 1123 16999 25.942753750165775 168108 
1069 1124 16531 68.16488422685666 155891 
1070 1129 16932 28.263240372668353 150339 
1071 1129 16209 67.17523638538124 190225 
1072 1129 16603 40.30766767776537 140891 
1073 1130 16738 77.14489333553531 132195 
1074 1131 17355 12.25959300220866 164801 
1075 1131 16188 3.7485519687666438 209808 
1076 1132 16895 26.30380144950432 162616 
1077 1135 16235 85.35491737928047 185311 
1078 1137 16177 32.872467472419544 138066 
1079 1138 16988 82.99343060057136 210232 
1080 1139 17340 46.26296318672412 197817 
1081 1139 16017 2.5911654932353922 182855 
1082 1141 16331 19.00600489150834 134022 
1083 1143 15766 79.32346423707465 120533 
1084 1144 16275 1.0318466204287116 188003 
1085 1145 16209 36.52649725979334 183223 
1086 1145 17064 61.29002461949785 183909 
1087 1148 16694 18.092361611701087 127066 
1088 1150 16815 19.531212949764587 138873 
1089 1150 16749 12.956262390043136 125642 
1090 1152 15814 54.05846413510357 183723 
1091 1152 16998 44.09536510442221 195739 
1092 1153 17447 52.89890614336267 154273 
1093 1154 16558 27.542500739053086 157227 
1094 1155 16621 43.1471292331197 197865 
1095 1155 15531 6.464220190907568 179372 
1096 1155 16473 45.23882814340328 147296 
1097 1155 17076 79.02691963111177 202485 
1098 1156 16363 20.699425242682903 187034 
1099 1158 16523 74.49070223554222 160169 
1100 1158 16798 33.77638188411006 128082 
1101 1158 15760 48.01089473637128 126596 
1102 1158 16120 73.07512857814217 135158 
1103 1159 16444 55.69950338389205 201897 
1104 1159 16953 6.9872004629535 195198 
1105 1161 16293 52.166086066946846 159753 
1106 1162 16828 75.42452250111093 205983 
1107 1162 16138 37.07549912609133 192918 
1108 1162 16859 22.946209107593337 128870 
1109 1163 16429 84.86737105352333 188089 
1110 1164 15568 57.34348343148968 180174 
1111 1164 16176 46.709617482858505 129749 
1112 1164 17293 26.80116430773685 190632 
1113 1165 17497 74.89641624087761 207447 
1114 1166 17367 13.01021167546637 114215 
1115 1166 16846 72.02711575086697 153108 
1116 1168 16153 47.900288527380376 122817 
1117 1168 15638 66.39788487929746 145012 
1118 1170 16466 8.102108035782896 174650 
1119 1171 17162 57.29241528679578 200706 
1120 1171 16172 35.94787417211235 195729 
1121 1172 16118 88.07269790506399 130121 
1122 1172 16799 3.423764344900416 187612 
1123 1172 16025 1.1538927355447042 165895 
1124 1173 16899 1.8577272007276513 116829 
1125 1173 17478 25.53341528421242 150617 
1126 1174 15703 38.81761712378387 166758 
1127 1175 15574 73.35202537798597 208747 
1128 1176 15769 22.626286941329802 196857 
1129 1177 16455 63.69399822225035 149169 
1130 1179 17335 51.32093563230612 188529 
1131 1179 16182 10.040205001997466 182828 
1132 1179 16642 22.661696931834378 138121 
1133 1180 17516 3.9634069946501027 132542 
1134 1180 17526 12.976917499719391 157896 
1135 1181 16435 13.84578882522263 137561 
1136 1184 17484 6.673456386885165 190817 
1137 1186 16077 60.55532179132028 177620 
1138 1186 16992 20.270905086247996 176156 
1139 1188 16566 66.50473520248224 171674 
1140 1188 16864 24.806556457819642 119992 
1141 1192 15921 63.28607110755463 179176 
1142 1192 16282 87.76033637349867 193357 
1143 1193 16281 23.302774641874805 150765 
1144 1194 16141 62.26821375734034 213039 
1145 1195 16699 33.6374770323108 176221 
1146 1197 16250 66.03544807360011 137447 
1147 1198 16356 30.804449495154845 197026 
1148 1199 15585 40.870972460930716 206304 
1149 1199 17380 82.45137670563291 204979 
1150 1201 17331 27.58701714781985 132150 
1151 1201 17480 77.69778275794079 131187 
1152 1201 16642 10.081318515606563 128016 
1153 1202 17031 32.80145478855921 196175 
1154 1202 16362 62.34267990104092 123501 
1155 1204 17123 69.1776704984056 113159 
1156 1205 16969 3.9777652974337605 118940 
1157 1205 17240 52.28430469706093 154087 
1158 1207 16503 51.718357879400635 185083 
1159 1207 15785 77.61475023870025 135417 
1160 1207 15948 16.65903091883682 140197 
1161 1207 17364 51.23213815572669 155552 
1162 1209 16537 1.5569891533917444 188833 
1163 1213 17522 73.02400076212344 208380 
1164 1215 16887 49.70430328313626 143677 
1165 1215 15586 78.97312622579945 211142 
1166 1217 16286 7.428674403924895 139512 
1167 1218 16885 20.545789175796028 124888 
1168 1218 15929 66.71218773610502 208723 
1169 1219 16937 34.616640567716715 192404 
1170 1220 15798 20.99450446865262 136652 
1171 1221 15641 61.491328124764266 178512 
1172 1221 17192 44.3275576113067 199629 
1173 1221 17285 39.11456674872313 119868 
1174 1221 15621 68.44663004835489 156342 
1175 1222 17433 80.87957058417119 178357 
1176 1225 17388 15.4152963858913 154773 
1177 1226 16109 29.87865587972009 148669 
1178 1226 16746 47.26087145036756 140860 
1179 1229 16311 52.264470070728294 131388 
1180 1230 16588 6.766741862813053 138153 
1181 1231 17193 88.31671557164633 198301 
1182 1232 17178 31.890606780475032 152532 
1183 1232 15597 62.68167337802529 202811 
1184 1233 15704 36.090018400004624 122546 
1185 1235 16077 35.606211867760436 127810 
1186 1237 15890 21.277710186021167 168686 
1187 1237 16465 9.09616293590408 182349 
1188 1238 16623 46.32599581038798 191543 
1189 1239 16249 48.71594081637892 206248 
1190 1239 16496 60.87632696542 193217 
1191 1240 17280 74.06896009561706 183719 
1192 1242 16393 16.177615666087945 152369 
1193 1242 17173 58.99132344689405 131652 
1194 1243 16662 31.302829577112384 134649 
1195 1246 16793 39.25901826302336 121100 
1196 1246 15869 72.27074107813301 153545 
1197 1248 16456 42.705082101132284 191369 
1198 1248 15784 22.40290357923441 170373 
1199 1249 17466 88.54246259945666 181419 
1200 1250 17013 66.56317603287798 193797 
1201 1251 16004 79.99844636460523 203864 
1202 1252 17358 41.91186380889618 157484 
1203 1252 16179 11.611775071545237 210486 
1204 1253 17393 88.12011209003794 116087 
1205 1253 16154 79.73312458175289 198990 
1206 1255 16871 48.43149938913011 201184 
1207 1258 17365 15.821034668293416 123602 
1208 1258 17462 84.17936718551805 208908 
1209 1259 16381 51.69079541908809 155065 
1210 1259 15557 33.255735652583226 143103 
1211 1262 17396 53.447478399311805 154667 
1212 1262 16968 69.69450233207164 212659 
1213 1263 16967 48.949791760776954 129956 
1214 1263 16318 58.32289675760338 184418 
1215 1264 17380 61.15178678328935 191023 
1216 1264 17381 74.44198696114988 125622 
1217 1264 16308 41.66595956042773 148270 
1218 1265 17199 53.67308752490772 162770 
1219 1265 17415 73.33248310345554 119594 
1220 1265 16261 25.985957846670413 140752 
1221 1269 17144 68.5354112504113 192290 
1222 1269 17241 63.822526248911515 159164 
1223 1270 16074 67.75605390171305 141673 
1224 1270 16714 10.34542739078852 177357 
1225 1271 16261 73.79962341246457 172550 
1226 1275 16956 68.65487105185537 145049 
1227 1276 16894 87.28855364116005 165421 
1228 1277 16877 25.061468619314624 116668 
1229 1278 16849 69.94195145323543 165846 
1230 1279 17218 88.06713598870631 180900 
1231 1281 17333 34.06143334549632 130836 
1232 1282 15778 40.598987304965746 125294 
1233 1282 15719 62.97905946948368 129932 
1234 1282 16540 68.38717607088499 121507 
1235 1282 16228 23.116696743646212 157644 
1236 1283 16001 8.109321534387522 130458 
1237 1285 16926 85.0372033095853 208142 
1238 1285 16337 60.63475071677705 192900 
1239 1286 15723 43.59851524890886 209262 
1240 1288 17422 26.489104864405054 181449 
1241 1289 15588 36.83275913318042 142545 
1242 1290 15857 82.86342679152554 123466 
1243 1290 15742 23.584975501918642 114705 
1244 1291 16009 9.41963716228111 200194 
1245 1291 17362 67.16371475138432 206065 
1246 1292 17341 55.7919263342312 128636 
1247 1294 15650 24.81588544953683 118378 
1248 1295 16186 56.87305417382471 184410 
1249 1296 16529 41.9964380532847 120781 
1250 1296 16525 26.270809035264698 153322 
1251 1297 16971 39.21613438323594 162559 
1252 1297 16244 14.752496414354706 151555 
1253 1298 16203 49.27305189109998 156896 
1254 1298 15613 35.410715368711685 149841 
1255 1299 16347 86.61077121915294 159927 
1256 1299 16090 51.070278946060924 186964 
1257 1300 17072 40.98761292321902 121593 
1258 1302 15967 38.921407109645614 120082 
1259 1302 17432 80.05745601281335 164960 
1260 1302 17379 59.53315041609239 178132 
1261 1302 15712 52.47081380793769 152055 
1262 1303 16250 77.35776151146597 153654 
1263 1308 16009 3.6736426208563513 139203 
1264 1308 16429 36.441959367990364 142540 
1265 1309 17479 36.35086296100955 191383 
1266 1309 17180 9.524390414267248 171880 
1267 1311 17294 22.560698299739066 207055 
1268 1311 15983 89.15207070673884 191485 
1269 1312 17319 6.200577888490726 149431 
1270 1312 17022 19.93378422249007 203158 
1271 1312 17256 42.252745117809816 164405 
1272 1313 17474 60.928450001325636 132322 
1273 1314 16851 24.249009644653327 192061 
1274 1314 16792 59.07309021331231 204847 
1275 1315 16699 53.93925472234775 142563 
1276 1317 16125 51.347997556716386 170299 
1277 1319 15672 44.27938520494482 146984 
1278 1321 15927 18.565979173539166 135682 
1279 1321 15649 11.865022355108602 178864 
1280 1321 15613 64.14939524260046 133453 
1281 1322 16726 2.530809033440216 199762 
1282 1322 16584 6.303520979748627 167413 
1283 1322 16431 19.000610578563023 171294 
1284 1323 15938 89.567348752801 196176 
1285 1325 16177 69.54075823782877 182983 
1286 1326 16852 31.174666212389916 126694 
1287 1326 16139 25.83786342691233 180778 
1288 1327 16200 36.9506658113777 154813 
1289 1327 17068 31.32099710346555 210186 
1290 1329 16368 17.57417218771873 134194 
1291 1329 16508 85.59590334580584 170544 
1292 1330 16988 68.09263054859807 199923 
1293 1332 15890 73.572422590059 211967 
1294 1333 16409 1.3189086263785565 118414 
1295 1333 17066 53.831405397345456 162673 
1296 1334 17136 53.925696148035115 159990 
1297 1338 17013 72.70063117808624 117742 
1298 1338 17296 62.15937739774428 191793 
1299 1340 17394 84.36188719258404 158352 
1300 1340 16452 75.04921268733999 134830 
1301 1340 15719 23.267893549885112 195326 
1302 1342 16241 1.4938426566200969 192792 
1303 1342 15797 49.09018760678809 202866 
1304 1343 15556 82.83957058922228 198509 
1305 1343 16922 72.11836022720082 207211 
1306 1344 16825 78.96524300619005 172582 
1307 1345 16752 20.153945103378618 205493 
1308 1346 16679 19.44698963719772 137394 
1309 1346 16859 16.960479865200135 180998 
1310 1347 16252 6.442295365933263 118348 
1311 1347 16786 64.94409117485537 134260 
1312 1349 17338 33.53136995401539 196374 
1313 1349 15747 81.46380927122564 125598 
1314 1351 16290 64.86033718788666 199598 
1315 1352 16764 85.84530740387369 127611 
1316 1352 15578 43.718210753802445 130129 
1317 1354 16431 3.102705712618109 125895 
1318 1354 16661 73.12505540450283 179198 
1319 1358 16060 78.2105923864951 170956 
1320 1358 16239 17.709922055794664 135277 
1321 1361 17328 78.04088169745489 176034 
1322 1363 15710 25.808184805811642 155017 
1323 1363 17437 49.21759838311343 115822 
1324 1363 16597 47.02317062733773 193222 
1325 1365 16264 63.43720618913034 207303 
1326 1365 16129 26.093568597306806 178991 
1327 1366 17374 66.08492569582559 126555 
1328 1366 15741 35.99754905079037 199183 
1329 1371 17284 88.75138597971679 181676 
1330 1374 16598 73.36407975117824 195668 
1331 1374 15805 68.31287128773238 115835 
1332 1375 16091 35.255159097892275 173288 
1333 1376 15541 78.7815920712307 182380 
1334 1376 16077 83.04388767505908 200873 
1335 1377 17318 61.354124794797954 154943 
1336 1377 17481 48.210734906095944 166311 
1337 1379 15666 79.72024640572224 195524 
1338 1382 17385 44.60738389151119 190286 
1339 1382 16625 12.650161942411492 163924 
1340 1383 17061 2.271234703951671 210948 
1341 1385 16493 3.3251445637322776 186282 
1342 1386 16537 49.02410079459729 158514 
1343 1386 17436 89.03445816530748 144460 
1344 1386 16764 73.68188064805811 195856 
1345 1386 17201 16.621502159735996 212188 
1346 1387 16769 17.82216763718035 205889 
1347 1389 15801 38.02354584874334 167831 
1348 1389 17054 46.787626668858564 183727 
1349 1390 17331 44.51958207141788 127478 
1350 1390 16941 64.9858992266066 159078 
1351 1390 16199 7.941145265722398 164691 
1352 1391 16773 82.04235660082342 177501 
1353 1392 16788 60.10878668134052 154702 
1354 1393 17048 89.4863805854228 208554 
1355 1393 16947 38.77721416243267 140200 
1356 1394 17093 31.243760192429257 197476 
1357 1395 17156 87.24828845315311 196655 
1358 1397 17109 67.63602119135977 200644 
1359 1399 15774 66.68039463165456 144751 
1360 1400 17374 54.12238964126451 122221 
1361 1402 16089 9.355901463829497 146137 
1362 1403 16609 33.42662633037696 192886 
1363 1404 17513 77.49083464180335 157442 
1364 1404 16747 42.82448647161425 209014 
1365 1406 17176 11.608777465098415 212227 
1366 1407 16509 39.26238690468947 127316 
1367 1412 15733 48.82891888426686 165720 
1368 1413 16410 82.17003741290655 206853 
1369 1415 17464 42.94427599645782 152024 
1370 1415 17174 36.75949950857568 210065 
1371 1418 17063 30.998499203233116 131338 
1372 1418 17363 63.35395546273734 187826 
1373 1418 16637 29.496038845977726 151507 
1374 1419 15539 21.223565165172527 200930 
1375 1419 16004 84.43352945257037 157122 
1376 1421 17521 24.668325401030696 183525 
1377 1421 16768 80.3213680870835 179504 
1378 1422 16508 11.225798843895314 161781 
1379 1422 17141 69.53322747136811 118665 
1380 1422 15801 73.96166509405616 130701 
1381 1425 16216 64.68266163165703 211084 
1382 1426 17524 85.72428312750169 126366 
1383 1426 16207 4.877797993646304 151151 
1384 1426 17406 21.785574615871163 138402 
1385 1429 17102 23.370088099677787 129982 
1386 1430 15961 25.029465195743295 126520 
1387 1430 15822 43.38979478227469 151236 
1388 1431 16080 20.60284062376705 212382 
1389 1432 15894 38.71502427270982 118213 
1390 1432 15741 47.683967728148474 211257 
1391 1433 16380 32.0232897743287 153388 
1392 1433 16189 22.109970329832827 140041 
1393 1434 16162 36.15882926891498 150453 
1394 1436 16120 43.89472712120054 170237 
1395 1437 17211 44.62184730093328 209526 
1396 1438 17525 83.80654859801125 150131 
1397 1438 15815 32.84224098360592 131625 
1398 1439 16326 54.84162308221325 195124 
1399 1440 17377 67.17615849525689 113432 
1400 1442 16426 18.565177344089044 125874 
1401 1444 17298 26.691462262820952 129551 
1402 1445 15948 64.8490994219735 154277 
1403 1446 17152 38.00722306218037 148459 
1404 1447 16542 53.9894646091207 151513 
1405 1448 15669 9.557651462904817 149599 
1406 1452 16996 12.336698506929213 190653 
1407 1453 16895 9.161071481427008 200791 
1408 1453 15775 88.74465049184948 113495 
1409 1454 15802 55.90639639268308 171617 
1410 1455 15800 74.5497395782079 185401 
1411 1456 15597 68.41272890357781 188207 
1412 1457 17183 42.877864056717556 210411 
1413 1457 15698 89.43947577098699 168755 
1414 1458 15562 79.34328075639556 196990 
1415 1459 15834 87.02906703988138 142992 
1416 1460 15923 9.67816256559611 198593 
1417 1461 17106 8.45995730713951 206971 
1418 1462 17339 38.31064133588938 124290 
1419 1463 17342 73.0690891642373 121862 
1420 1463 16536 11.233312781633277 194607 
1421 1465 17130 72.39722908863938 181278 
1422 1466 17446 49.36285059629244 160095 
1423 1466 15727 87.18216604547149 194008 
1424 1467 15737 28.77040624362294 192746 
1425 1469 15729 71.01678904959361 169433 
1426 1470 16976 32.233508896559485 185524 
1427 1470 15773 63.96707153070065 158908 
1428 1471 17023 11.026436398293702 150724 
1429 1472 15546 45.77938156167546 147612 
1430 1473 17336 44.377008979667785 140071 
1431 1474 15769 89.98115347667589 155165 
1432 1475 16635 44.76739641479175 157486 
1433 1476 15829 80.67964053023547 140547 
1434 1477 16737 75.99466847643957 142889 
1435 1478 16155 60.184096977385636 115858 
1436 1479 15770 2.0616498495603937 151232 
1437 1480 16517 20.215329589101515 190874 
1438 1481 15792 2.945500597452372 166331 
1439 1481 16518 59.44999775318844 130935 
1440 1481 16813 50.212316999693286 198026 
1441 1481 16077 13.02353104292877 143404 
1442 1482 16396 41.73818946938454 180010 
1443 1483 15921 63.35426234993605 154989 
1444 1484 16484 37.16668234826275 175768 
1445 1485 15906 41.75594495331924 143890 
1446 1485 16596 68.71417528179752 147181 
1447 1486 16682 81.97555606031933 162239 
1448 1491 17398 25.544670446240794 167172 
1449 1491 15851 1.6355187036612966 171043 
1450 1492 17039 82.41819516601493 117092 
1451 1492 17081 13.409910815657767 176865 
1452 1493 17369 19.22132120861259 196032 
1453 1494 15552 3.8380556580922316 140949 
1454 1495 16955 18.416387976875882 117872 
1455 1495 16904 62.32288541656578 148123 
1456 1496 17152 42.74359046450945 122454 
1457 1497 15654 74.30019729266277 149758 
1458 1497 16034 51.90977064452252 120773 
1459 1498 16268 56.833807663047196 160582 
1460 1500 15550 6.163099422208283 177349 
1461 1501 17408 48.82284057092585 166888 
1462 1503 16366 68.32903573690763 139050 
1463 1503 15759 56.63200631880873 153432 
1464 1505 16004 38.54381013239681 164879 
1465 1506 15876 70.40950841247421 207929 
1466 1507 16858 8.578470453187307 192569 
1467 1507 17414 75.78764885283259 184725 
1468 1508 16558 10.061394202850929 142408 
1469 1510 17376 83.14146866423653 153906 
1470 1511 15835 5.4152374896996545 170835 
1471 1511 15830 26.722648405440335 185691 
1472 1512 16185 62.407139727915215 159759 
1473 1515 15914 50.77417520837781 144003 
1474 1516 15548 79.80875066527287 132467 
1475 1516 16270 14.93102689255904 181552 
1476 1520 16555 32.97883813886794 141750 
1477 1521 16480 4.215734381523637 172782 
1478 1522 16398 20.40783967737129 194151 
1479 1522 15619 15.51699641100528 148364 
1480 1524 15602 7.961697519158505 139421 
1481 1525 16715 62.415732872772466 174932 
1482 1528 16264 14.960274302056089 185193 
1483 1528 17225 65.91402026470051 152477 
1484 1529 17105 87.60022925901833 169109 
1485 1531 15678 34.49805595016703 115222 
1486 1531 16713 74.28749305628949 170537 
1487 1532 16839 75.3387975556295 165607 
1488 1535 17315 16.603649432775896 193725 
1489 1535 17288 51.40634908292977 158887 
1490 1535 15716 72.31782534992075 188040 
1491 1535 15870 64.5419374989035 168004 
1492 1535 16254 16.840156004643035 134200 
1493 1537 15541 6.608838997736831 119263 
1494 1538 16584 60.02727938677059 177279 
1495 1538 15887 6.216491137689863 140444 
1496 1538 17443 81.48697630662365 186857 
1497 1539 16453 50.94829996391367 116983 
1498 1539 17373 34.31448273518096 187491 
1499 1539 16662 32.439672329600086 136911 
1500 1541 15637 53.09329472525759 120111 
1501 1541 17344 46.412142483149665 133777 
1502 1541 16234 40.80937605283699 135392 
1503 1542 15797 17.469934749137657 145500 
1504 1542 16174 47.37501977475035 178214 
1505 1543 16465 26.354401188601546 126070 
1506 1545 16499 51.83969431132427 180305 
1507 1545 17008 68.91660296893203 180150 
1508 1545 17154 33.11297427156647 174661 
1509 1546 16717 22.072820080396625 156616 
1510 1550 15672 6.175866374135441 130093 
1511 1552 16338 45.97423332213295 189636 
1512 1554 17483 49.254289463922355 138772 
1513 1556 17288 64.99692472435362 150286 
1514 1557 15614 72.6945421123141 165984 
1515 1558 16097 59.57140870739606 178101 
1516 1561 16010 55.03184690629859 137696 
1517 1561 16990 57.573557665570064 121565 
1518 1561 17521 71.25066230478846 176393 
1519 1564 16151 66.70209205003653 195472 
1520 1565 15554 74.49119971795598 209900 
1521 1565 15851 35.848603639807024 122315 
1522 1565 16744 23.429429391490068 126071 
1523 1565 16453 86.67851712590866 158192 
1524 1566 17113 46.34328886580324 175738 
1525 1567 16418 85.89614580608185 113659 
1526 1567 15655 69.33518757775059 195287 
1527 1569 17462 77.5718831141074 147720 
1528 1571 16160 63.263636700655034 167728 
1529 1571 15796 17.39407230142831 132096 
1530 1573 17477 58.803393201222676 176219 
1531 1574 16527 67.24920340084998 210304 
1532 1574 16599 82.0273957250629 198571 
1533 1574 16013 15.967211742646345 197323 
1534 1574 17346 18.510241113282518 127660 
1535 1575 16377 45.12604401050876 136072 
1536 1576 15679 28.967543566263526 143649 
1537 1579 15878 40.22136757255533 179586 
1538 1579 15925 62.64130839070204 139884 
1539 1581 16839 62.70433166480762 127123 
1540 1581 16185 50.65178985151798 128136 
1541 1583 15840 58.25010426994654 176622 
1542 1584 16053 17.385386756306556 170113 
1543 1584 17194 66.42959348621456 115727 
1544 1584 16148 21.80678072275867 119693 
1545 1585 17488 35.543450515465715 116360 
1546 1586 16048 40.87678112500058 145331 
1547 1587 15579 24.49735508270175 116986 
1548 1587 17097 72.32338464878957 188299 
1549 1587 15773 79.92066022817754 146002 
1550 1587 15824 87.05851621604819 148138 
1551 1588 16745 37.61422834214202 145570 
1552 1589 16126 76.01924859504898 150168 
1553 1589 15540 70.65714310860663 185370 
1554 1590 15760 23.242679225062176 144755 
1555 1590 15602 16.030350802388277 126525 
1556 1591 16306 35.49679856050979 163554 
1557 1592 16308 50.62465998458622 158520 
1558 1593 16450 86.30511339736597 155058 
1559 1593 16817 82.92052228759367 137789 
1560 1593 15721 35.459465749327286 113292 
1561 1594 17412 35.02745119091703 152393 
1562 1594 16949 29.312329038395802 181356 
1563 1594 16961 46.335301859296244 142171 
1564 1596 17174 51.89601534755707 177609 
1565 1597 15640 50.818615872336764 207177 
1566 1597 16342 48.21584095379944 176028 
1567 1597 16652 16.8487830391487 204244 
1568 1597 16514 84.94636829114985 115620 
1569 1597 17246 24.824304319698207 113799 
1570 1599 15789 41.87001762854141 186809 
1571 1600 17126 19.778425870391214 187925 
1572 1601 16092 4.407188815817696 126783 
1573 1602 17466 85.20352466006422 182313 
1574 1603 16492 52.50352255882132 135968 
1575 1603 15775 22.103171681703774 153977 
1576 1603 16306 27.88409202978759 188152 
1577 1603 16659 25.607370648940098 159461 
1578 1604 17040 34.180580101261384 114642 
1579 1605 17483 53.25972399413164 208106 
1580 1605 16635 2.7277015939988427 201306 
1581 1606 16566 29.318362934096797 193739 
1582 1606 15981 7.338330014625821 118156 
1583 1608 15886 71.97921245133884 128333 
1584 1612 17058 56.86532916519416 206295 
1585 1612 17448 48.75525381722678 130059 
1586 1612 16846 39.84978428982133 206445 
1587 1613 15594 85.5797774313167 187767 
1588 1616 17172 66.63013314530546 131481 
1589 1618 15952 79.08241958011146 157519 
1590 1619 16534 19.480933581787 189622 
1591 1620 16058 85.91845129154538 135022 
1592 1626 17371 64.2197676810956 113648 
1593 1628 17197 3.380377557810368 157424 
1594 1628 16553 83.70902270595991 194934 
1595 1628 17478 63.103669705959014 204622 
1596 1628 16246 4.084758633197555 166305 
1597 1630 17182 68.03132791757436 144105 
1598 1630 16064 30.964048003816647 137725 
1599 1631 16919 50.8380438144005 124875 
1600 1632 15920 8.616028963502604 195438 
1601 1635 16085 72.39156829697994 184902 
1602 1635 15913 3.952472903889838 174140 
1603 1637 17023 87.11679897537563 134858 
1604 1637 15585 47.593859949276165 203183 
1605 1638 16485 12.391277245125181 194661 
1606 1638 17382 30.188833029708515 169469 
1607 1639 16353 82.30044631090001 177226 
1608 1639 16519 86.80726044085392 179581 
1609 1640 16657 62.32105107890292 157958 
1610 1641 15886 7.510019105483745 196569 
1611 1643 17060 83.08472488393848 164402 
1612 1645 17117 80.16221262821477 158745 
1613 1647 16218 21.735578088459388 150517 
1614 1647 17429 44.245651263554194 207784 
1615 1647 15962 3.939563156867097 117729 
1616 1648 15587 11.314859244464232 167208 
1617 1649 17116 88.08946361336152 140160 
1618 1650 16878 71.9288907331065 153126 
1619 1651 16607 41.8058058768224 153319 
1620 1652 15585 28.263058084182983 142947 
1621 1654 16287 74.46258780320865 184427 
1622 1654 16710 82.86078099934244 159914 
1623 1655 15555 49.25466147898731 181600 
1624 1656 16057 47.21320542763155 123861 
1625 1656 16394 15.044366817328354 135257 
1626 1659 16801 89.62341144764194 124309 
1627 1659 16592 19.33408149776902 122445 
1628 1661 16745 37.78457820315815 115392 
1629 1661 17469 19.541192406516156 167219 
1630 1662 16483 68.12574138527694 178747 
1631 1662 16755 40.15324499550689 178598 
1632 1664 15975 3.5607737810060973 117999 
1633 1664 17447 4.962535931648226 171257 
1634 1664 15887 35.92540775632625 180859 
1635 1666 17427 9.324492241449082 175973 
1636 1666 16880 43.359214651826804 186861 
1637 1669 16780 55.431846399763714 192740 
1638 1670 15557 5.394646433545488 157146 
1639 1671 15613 82.03389682932809 121980 
1640 1671 16247 13.824216946471905 197006 
1641 1672 15783 6.633098132577011 133869 
1642 1672 16326 53.9228712857534 158903 
1643 1673 17325 65.30096910863975 209705 
1644 1674 17353 30.752356053137312 136710 
1645 1675 15593 27.348197840740422 209971 
1646 1675 16100 68.8107406725155 167405 
1647 1675 16248 22.281343660258802 186951 
1648 1676 16662 2.5544035683115904 118021 
1649 1680 16651 34.68397526133638 183908 
1650 1681 16376 65.79879747690447 201161 
1651 1681 17133 70.48600477850854 199813 
1652 1681 17316 74.54893066886184 130422 
1653 1681 17044 11.891796346963845 130814 
1654 1682 17235 85.40059945158592 193249 
1655 1682 16900 3.8981624623017166 198056 
1656 1682 16212 87.5271619108198 128173 
1657 1682 15703 40.76893719483525 160992 
1658 1683 16058 29.251517620575967 135330 
1659 1684 17016 9.783947776000383 148007 
1660 1685 16747 8.482133284720073 141702 
1661 1686 16889 77.6861526751843 151947 
1662 1687 15659 6.841639712096971 115266 
1663 1687 16798 23.71715653478126 166875 
1664 1688 16620 14.298506353209778 144125 
1665 1688 16579 29.26608152359141 182598 
1666 1689 16530 79.87095759892333 146394 
1667 1689 15841 58.028915173927295 173093 
1668 1690 15731 58.868158904020234 184486 
1669 1692 16784 42.527299125058555 198418 
1670 1695 15690 79.34778517245083 210599 
1671 1696 16727 29.805235426637637 146515 
1672 1696 16811 82.63884648352155 124927 
1673 1697 15945 86.7354771772227 199510 
1674 1697 16271 5.747435047955898 125969 
1675 1698 16464 17.75694175531877 170542 
1676 1698 16182 6.802126301356019 116720 
1677 1698 16651 78.73822667700598 180070 
1678 1700 16161 18.9626864207171 138101 
1679 1702 15589 88.84141618639717 138731 
1680 1703 16624 65.59895038841525 114542 
1681 1706 16465 1.8804111626177116 129909 
1682 1707 17394 64.77617630351841 162506 
1683 1708 15954 22.556545890059503 133777 
1684 1710 17137 49.78008931873464 144517 
1685 1710 17341 65.19529184647247 133657 
1686 1712 15959 81.79584856662369 116079 
1687 1712 15589 33.30718007834029 125157 
1688 1716 16525 74.29257547821636 206442 
1689 1717 16993 37.15315948988805 162884 
1690 1717 16396 82.1044341811039 159725 
1691 1719 16302 71.86039506888123 189471 
1692 1721 16427 20.99300128919179 144632 
1693 1721 17016 29.99823989120714 159489 
1694 1721 16273 53.79302456263736 121240 
1695 1722 17117 45.5994754554089 114852 
1696 1722 17062 32.52588725285216 159911 
1697 1722 17187 37.88752072116158 165420 
1698 1723 17514 13.162996416079302 146222 
1699 1724 15620 33.63649221577441 141547 
1700 1727 15885 50.409579334683514 133969 
1701 1729 16093 18.082716551881106 161871 
1702 1729 17452 10.407309911209637 170826 
1703 1730 16022 66.19526769585447 179179 
1704 1732 16600 50.29553563398449 183424 
1705 1732 16367 81.11430454246916 167425 
1706 1733 16737 47.26604455523957 148406 
1707 1733 16111 26.43972364619099 123954 
1708 1734 15539 54.64666998357125 206300 
1709 1735 16499 77.15978693142125 189129 
1710 1736 16619 7.777366761524299 138511 
1711 1738 17052 78.61341048134615 166364 
1712 1739 17319 44.40108849244248 174206 
1713 1739 16809 78.65049349788691 203877 
1714 1742 17280 74.34895327782803 203726 
1715 1743 17171 28.852192736832233 169988 
1716 1747 15946 46.86438019500905 175826 
1717 1749 15900 33.945663211305316 184635 
1718 1750 17527 66.41470934643353 188270 
1719 1752 16496 11.690800787745497 204490 
1720 1753 17354 9.480747617117125 130945 
1721 1754 15646 84.20351259194446 197324 
1722 1755 16196 16.43400089352252 168161 
1723 1755 16390 67.280141350843 150747 
1724 1756 17121 70.90334819607993 197901 
1725 1756 16189 64.901496777256 143862 
1726 1757 16749 84.88260375314542 133116 
1727 1757 17134 42.09603181788634 119315 
1728 1757 16675 34.615488739070386 158921 
1729 1759 16877 37.002736695692995 195240 
1730 1760 17144 25.666172358661804 149469 
1731 1760 16306 47.584996982023846 129628 
1732 1761 17005 36.60633271563079 152668 
1733 1762 15614 57.252246573705406 208437 
1734 1762 16299 50.14168443285076 121703 
1735 1764 17113 38.44366571696088 200003 
1736 1765 16973 37.65348069795356 116871 
1737 1765 15591 77.95690774161201 130191 
1738 1766 17486 84.537178432662 165620 
1739 1768 16577 27.81409311216525 118352 
1740 1768 16249 35.333533370627194 178792 
1741 1769 15885 46.43056189030526 212391 
1742 1769 17053 9.342166834495007 122807 
1743 1771 16625 57.70255494532002 140046 
1744 1771 15574 67.32707139965581 176481 
1745 1772 16775 54.190736466822656 137869 
1746 1773 15683 24.838793993374583 151671 
1747 1774 17231 58.92015663122417 195775 
1748 1776 16489 62.51277839244056 151324 
1749 1777 15757 51.779436309201735 152503 
1750 1777 16443 72.74898751984973 191940 
1751 1777 16930 21.599324771810423 199666 
1752 1778 17048 26.59852125385936 122317 
1753 1778 17164 59.701685173965416 114815 
1754 1779 16607 12.352324982931709 165175 
1755 1779 16981 58.4832824885629 161829 
1756 1780 15834 55.327936417038764 166227 
1757 1781 15842 34.683961132068106 118481 
1758 1782 16679 64.70119749263702 160057 
1759 1784 16368 86.8739797037812 158110 
1760 1784 17106 35.09044045868919 129741 
1761 1784 17430 76.34982363942478 148760 
1762 1786 16438 55.78476774564955 164209 
1763 1786 15765 12.706864518315113 182936 
1764 1786 15888 88.32209255789662 166481 
1765 1787 17180 33.30842679541397 135225 
1766 1787 16999 46.93073436231493 205249 
1767 1789 16915 3.245699462072273 199278 
1768 1790 15630 18.048096009867603 207423 
1769 1790 16535 68.16489760301207 132684 
1770 1791 17517 53.4649987039478 136313 
1771 1793 15822 22.954682841347317 196029 
1772 1793 16361 7.970712114376714 186935 
1773 1794 16384 67.21731596654142 113151 
1774 1795 16810 60.947545904810084 196512 
1775 1795 17425 37.9910564588908 164388 
1776 1798 17465 16.923313906122132 197360 
1777 1800 16761 82.39561475113297 185593 
1778 1800 16338 69.03004902699477 157784 
1779 1801 16258 4.961441471709831 188846 
1780 1801 17432 3.8073196023113436 124838 
1781 1801 15552 51.08323176737893 168718 
1782 1801 16034 47.84221542234905 194110 
1783 1801 16835 14.128572620129821 176608 
1784 1802 16637 66.12455582453406 140848 
1785 1802 16407 29.57712010133199 208210 
1786 1803 17409 32.11067349155076 168299 
1787 1803 16489 17.104780589541264 131295 
1788 1803 16287 87.83608114449943 198114 
1789 1805 15857 87.52486958101807 155567 
1790 1807 17196 63.836252326161045 186247 
1791 1807 15540 4.3358851229428135 139496 
1792 1807 16787 36.8554805581463 159376 
1793 1808 16672 33.15285717218445 182978 
1794 1808 16080 30.995716443664456 146216 
1795 1809 16409 80.19163317985982 139068 
1796 1809 17286 81.0416362576846 161343 
1797 1811 16913 21.04603263457309 123153 
1798 1812 16282 45.676586188739435 130088 
1799 1812 15907 26.85882622940476 192157 
1800 1813 16776 61.81247160335443 205650 
1801 1814 15667 11.75389653098971 185363 
1802 1814 17242 29.15830439255811 173869 
1803 1815 16149 29.524782628909037 114650 
1804 1816 15948 14.091449473558848 120123 
1805 1816 15711 8.145967120795905 122188 
1806 1816 15897 18.65517076330179 179280 
1807 1818 16715 50.24603841806993 127141 
1808 1819 15952 76.74126192078798 200712 
1809 1819 15643 22.351109178743954 156019 
1810 1819 16294 16.59243390518985 165505 
1811 1819 15982 48.444221156750245 166453 
1812 1820 17088 46.164463326630745 212789 
1813 1821 15667 75.24570479544644 123115 
1814 1824 16819 24.60378315017996 209587 
1815 1826 17080 1.39139614353786 160848 
1816 1827 16018 50.25812976881163 193769 
1817 1828 16246 77.92688509249355 126720 
1818 1829 16732 53.81107829673694 145129 
1819 1829 15881 67.87845793568131 157194 
1820 1829 17315 57.89575927695578 124559 
1821 1830 15601 39.21232289050639 128116 
1822 1831 16902 22.224713774408443 117958 
1823 1832 15643 19.846586719062998 157248 
1824 1833 17448 81.38647882413063 124150 
1825 1834 16079 36.702282759283065 210608 
1826 1836 17026 40.18534793359296 125712 
1827 1836 15528 60.03250145361826 181468 
1828 1838 17332 64.23249530049932 168738 
1829 1841 16124 25.170902753681453 123740 
1830 1842 17116 81.59941398298164 179136 
1831 1843 16091 7.140906767173021 212435 
1832 1847 16159 26.756367152727083 210359 
1833 1848 15795 30.135967116142275 181211 
1834 1848 15909 44.09535268734597 191878 
1835 1849 16278 70.797931361743 141762 
1836 1850 17056 27.03594194447525 165641 
1837 1850 17490 23.240929558236356 191639 
1838 1851 16967 15.266246258974002 202958 
1839 1851 17057 63.196681216448766 133455 
1840 1851 15746 41.3560284590656 130316 
1841 1853 16515 37.275120463833595 144703 
1842 1854 16056 63.07789792897268 199060 
1843 1854 16272 75.7874454274638 122925 
1844 1855 15974 11.495364492753565 191100 
1845 1856 15564 24.753792488692348 208846 
1846 1857 16965 66.09206685115127 196758 
1847 1859 16296 52.47678542903217 186678 
1848 1862 15888 51.491838561524865 127185 
1849 1863 16408 75.18347743011472 207003 
1850 1864 16485 88.82100612053505 124424 
1851 1864 16076 41.6800296438864 133540 
1852 1864 16292 83.95030721974685 117542 
1853 1865 15769 80.3900311026019 117123 
1854 1865 16200 58.19116052820847 134038 
1855 1866 16635 40.481657144769564 208547 
1856 1866 17372 16.085166743945756 135623 
1857 1867 17051 48.38108349571739 149506 
1858 1868 16744 31.74638138328912 127739 
1859 1868 16475 26.514790747531006 190208 
1860 1868 17451 21.962882506084743 162497 
1861 1868 16634 23.866399789581976 206005 
1862 1871 16328 20.425584865731174 163657 
1863 1872 16285 80.07274036205989 151793 
1864 1873 16111 39.91474694898507 142281 
1865 1877 17152 57.8469568124143 115895 
1866 1877 16406 1.784478331534144 117523 
1867 1879 17039 72.9097214991757 120940 
1868 1881 15778 65.22627332583721 165808 
1869 1883 16870 80.74665843241574 211761 
1870 1883 15888 57.260916245260844 152749 
1871 1884 17161 7.889012394806766 169173 
1872 1884 16425 88.79988672012296 190015 
1873 1885 17434 77.4702632862808 153482 
1874 1886 17480 45.60409036434714 183149 
1875 1890 17180 74.92402788099872 203907 
1876 1891 17077 86.83982138574689 137764 
1877 1892 16063 20.562473419977298 169049 
1878 1892 16540 64.12578678785424 166601 
1879 1893 16842 69.1243255197564 185024 
1880 1894 16594 24.885817467503234 192570 
1881 1896 17320 83.54767733953814 114273 
1882 1897 16502 88.68875628633477 126124 
1883 1898 15981 46.40086688801713 169475 
1884 1900 16022 87.00720172973305 178066 
1885 1900 16887 20.251746133600655 149269 
1886 1900 17289 70.20736307181572 166812 
1887 1902 15779 54.579039552074484 209584 
1888 1902 17380 28.370068913480235 184049 
1889 1902 16519 46.215639107871105 144620 
1890 1903 15640 41.66702404662404 119860 
1891 1903 17496 50.89644037951183 198185 
1892 1904 17254 56.32057929592874 186078 
1893 1904 16783 50.02968953746156 199772 
1894 1905 16322 7.223628217985037 156305 
1895 1905 15611 20.99458096961102 211445 
1896 1906 17113 46.002464446477745 145891 
1897 1907 16587 4.803242026114882 151053 
1898 1907 17330 25.78278200559389 114800 
1899 1907 16468 57.5006267506398 149288 
1900 1908 16576 68.86602554479825 122483 
1901 1911 16736 64.32082542981163 161740 
1902 1911 16249 13.148278380842292 140587 
1903 1912 16022 57.344930650818384 170735 
1904 1913 16872 24.613196454726317 155248 
1905 1913 16286 64.576410431132 201710 
1906 1914 17337 68.98890056972931 201281 
1907 1914 16029 25.07117947027906 165923 
1908 1916 17276 88.24220387056947 158072 
1909 1916 16531 30.48242558794031 147651 
1910 1918 16165 30.927416611661766 121494 
1911 1919 16536 20.6504137791709 186403 
1912 1920 17501 43.99829983516377 173854 
1913 1922 16341 88.5922850075797 116204 
1914 1923 17279 58.25809632252374 170821 
1915 1925 15730 61.302739766047026 191757 
1916 1926 16749 72.53179815893314 187268 
1917 1926 16908 63.053186962910026 136408 
1918 1927 17289 7.25107123101897 167030 
1919 1928 16537 61.01113274051508 211434 
1920 1931 15647 61.490663707436504 166008 
1921 1933 15591 83.06756820866876 136734 
1922 1934 17164 53.833568689266876 175184 
1923 1936 16509 15.781506299365038 212855 
1924 1937 15841 49.35190696220155 141717 
1925 1937 16068 60.363090220295874 161040 
1926 1938 17352 61.33876316741493 181073 
1927 1938 16871 29.225136340249733 195029 
1928 1939 16006 29.512846740598 113217 
1929 1939 16379 12.091058121928178 179013 
1930 1939 16115 35.171522613561216 113877 
1931 1940 16055 64.51002733458961 123626 
1932 1940 16363 11.772862573787558 161923 
1933 1940 15594 13.914392188589654 210349 
1934 1941 16337 48.2239827568019 166363 
1935 1942 15651 42.350367674403415 209587 
1936 1945 17447 68.02913774730422 121324 
1937 1946 16200 68.70399145321811 120224 
1938 1947 17085 46.553851192703995 144886 
1939 1948 17431 57.21433962496596 156578 
1940 1950 15753 40.31594240417387 121547 
1941 1952 17280 16.966911377369303 152697 
1942 1952 16390 59.4486269038959 128957 
1943 1953 17377 72.63354637643272 156722 
1944 1954 15766 10.703447914590846 188831 
1945 1954 16633 73.13216623206125 116681 
1946 1955 16432 74.84434471536784 179172 
1947 1956 16777 87.2195764804336 115013 
1948 1957 15683 18.896669797114267 199221 
1949 1957 15612 13.459468921153729 136015 
1950 1958 16300 49.89615467499895 189935 
1951 1959 17475 52.97000281419067 158431 
1952 1960 15946 67.11654298053227 186502 
1953 1960 17225 57.53303670063807 204521 
1954 1960 16332 38.31352732600179 118811 
1955 1961 16302 26.511275818836673 132795 
1956 1962 17409 58.521371655559676 142321 
1957 1962 16156 12.78295050844596 164232 
1958 1962 16087 55.07589432456804 210213 
1959 1962 16215 83.78259458107568 175318 
1960 1964 16731 42.405483616735005 169277 
1961 1964 17143 75.4934189362707 168157 
1962 1965 15729 75.29171511623768 145352 
1963 1966 16017 2.901597953611224 161497 
1964 1968 15782 89.78771508017942 206649 
1965 1968 16359 58.70796986676461 146519 
1966 1973 16449 25.637054763145677 184389 
1967 1975 16428 33.19716630778166 184716 
1968 1976 16438 38.23659753824524 158808 
1969 1976 17297 16.527453991163192 201247 
1970 1976 15957 84.73436596993832 147902 
1971 1978 17238 69.65970812886351 153282 
1972 1979 16155 31.222332766302873 207810 
1973 1982 16591 19.354465243960206 125509 
1974 1982 16503 36.541124371151874 167026 
1975 1982 17029 63.498724041015606 137063 
1976 1985 16216 30.569279629207468 127554 
1977 1985 16513 40.343995450071574 144018 
1978 1986 15690 31.037969413537887 114460 
1979 1986 15674 63.48352349531242 128674 
1980 1987 15678 42.496206418059785 148958 
1981 1990 16830 14.467040161196024 149211 
1982 1990 16984 57.531763555681756 141738 
1983 1991 16025 28.766908916492127 182377 
1984 1991 17216 40.78638949904486 167354 
1985 1993 16410 85.573635796935 125477 
1986 1993 16514 34.9850898591507 171794 
1987 1993 15633 72.39601009184648 212162 
1988 1994 17268 79.18761333846568 208119 
1989 1994 16171 27.72811147432481 143333 
1990 1995 15599 77.56077389406266 196432 
1991 1995 17499 33.4702617531658 180372 
1992 1995 16471 65.33191119941854 179595 
1993 1997 17091 14.26581545697758 193522 
1994 1998 16985 61.23680420269049 210462 
1995 1998 17515 61.21922649355676 177578 
1996 1998 15685 67.6490476614322 133876 
1997 1999 16414 18.865063588031866 191565 
1998 1999 16652 54.533649440837316 141193 
1999 2000 16754 66.75759115884155 155149 
2000 0 16565 35.66072544745988 145558 
