1 3 15563 80.51225721977963 469056 
2 3 14928 65.59328695045131 416665 
3 6 15562 71.37800894598273 469690 
4 7 14342 62.003345144725614 444327 
5 11 14677 26.81048701152059 430197 
6 14 14913 28.100066017055315 380510 
7 14 15170 78.77349484388526 402599 
8 15 14465 50.60525677079925 421512 
9 18 14583 2.466435585973519 388036 
10 18 14565 15.26955510520929 395886 
11 20 14893 16.510960207192827 428672 
12 20 14888 56.227293549062686 394358 
13 20 15627 71.30714767715071 407960 
14 21 14298 13.688602752517747 410708 
15 21 15729 77.28147551482785 392892 
16 23 15444 45.289442668932374 452544 
17 24 14326 40.723251376106774 428555 
18 26 15735 16.105305894258365 410657 
19 27 15116 16.548047306951034 453555 
20 28 14146 76.3646295352465 390491 
21 28 14958 24.16999196305846 378995 
22 28 14068 29.42784325074176 406837 
23 30 15217 70.34218862615964 382740 
24 33 15861 28.686521978888347 376008 
25 33 14803 44.67456050841544 387516 
26 35 14872 15.860428300843836 397847 
27 36 14267 18.922247803707414 394713 
28 38 15328 26.684417751058938 407284 
29 38 14255 80.16539056321503 388141 
30 38 14447 50.84589528553731 394496 
31 41 14111 69.80364650294624 456570 
32 42 15658 53.11631683564198 383901 
33 44 15398 88.57471835295625 445457 
34 46 15320 67.44297326795204 373960 
35 47 15471 54.97875326864566 395075 
36 47 14114 61.39035056949884 390124 
37 48 15198 81.50740688259262 396529 
38 48 15883 69.27024830589305 461848 
39 50 15725 20.05520844350515 434801 
40 50 14520 61.542339132594996 455770 
41 51 14535 26.6387438041396 453803 
42 51 15050 59.47661123442551 410460 
43 52 15156 25.40932166051667 465516 
44 53 14857 83.7518778352804 444874 
45 56 15837 34.288960089730836 393293 
46 57 14359 17.060601801977686 396982 
47 58 15002 7.747945969072529 393318 
48 60 14534 13.391613554533981 397602 
49 60 14884 5.259433327323899 464541 
50 61 15474 70.98611738280084 435330 
51 62 15663 70.26553659089278 453397 
52 64 14165 76.64278910296045 424658 
53 65 14565 58.499477967054965 412604 
54 65 15400 3.5986831003015323 454919 
55 65 14009 44.19924950758688 381551 
56 66 15434 3.29432631250927 422242 
57 69 15199 43.35851805021484 381215 
58 71 15162 43.933720081979295 400441 
59 71 14770 25.471293857915764 413856 
60 72 14457 11.62439512819328 378611 
61 73 14968 88.73843734577778 455294 
62 74 15503 10.190520963441344 445475 
63 76 15390 42.920226495718005 376954 
64 82 15929 34.83718577928168 375266 
65 83 15919 67.23363815121493 453625 
66 84 14724 4.541501696161288 371114 
67 84 15038 78.88416082286273 378422 
68 85 15913 80.29923274929081 387322 
69 85 14911 56.19848173185845 391274 
70 85 14962 30.306964832673046 427681 
71 87 15456 44.95756328519716 430270 
72 93 14935 74.67102455783876 406201 
73 93 14594 83.48215658667019 401751 
74 93 14472 2.710295752812652 467014 
75 93 14652 77.75518736593527 372464 
76 95 15143 58.172336019878706 447954 
77 96 14737 69.92680930610565 465442 
78 96 14617 67.67513131077675 431455 
79 97 14960 61.35372912065455 411920 
80 97 15716 7.412228995038079 404337 
81 98 14537 43.16612403487717 376152 
82 99 14648 9.49132520140559 405304 
83 99 15382 1.11616352904464 422523 
84 99 14952 80.22280355121345 422091 
85 99 15065 20.528600708901834 436212 
86 99 14601 54.337068053355786 432687 
87 101 14208 28.705718795398646 403056 
88 103 14644 30.746274605311044 431044 
89 104 14550 15.365218095280468 463323 
90 109 15100 7.027627556419628 387668 
91 111 15172 65.74869300533467 388865 
92 111 14552 28.661525828098863 393524 
93 113 14232 67.16383376933369 383218 
94 113 15090 46.24232571610371 394718 
95 116 15040 10.755195755001242 382702 
96 118 15841 11.488722415034937 396122 
97 118 15283 62.69409802330405 374836 
98 119 15024 63.651418464306865 379573 
99 120 15909 52.34687256727242 423301 
100 124 14054 58.68867108462103 391937 
101 125 14497 87.38735141141338 401820 
102 127 14097 46.168005985567554 408720 
103 127 14100 16.730094327121932 432806 
104 127 14434 25.422892618812334 397763 
105 127 14344 59.162675250537795 415386 
106 129 14663 1.2414663687598058 427854 
107 129 15870 72.82803217144772 416445 
108 131 15625 76.23274232333938 463054 
109 132 15972 48.59074581326385 419856 
110 132 14722 40.722336952903525 443650 
111 133 14050 12.977743173675595 409961 
112 135 14952 88.26669906378534 421537 
113 136 15861 3.4447892700937515 431405 
114 136 15137 54.587947963355944 395775 
115 136 14896 62.79325184155493 465267 
116 137 14757 53.760132628695345 394904 
117 137 15577 78.17582881252744 466076 
118 138 15955 47.437313250582186 415489 
119 138 14014 7.20253469675297 418896 
120 140 15925 89.43409138723084 449609 
121 140 15111 57.71636851373148 435119 
122 143 15939 37.08578597205444 424824 
123 145 14515 36.31974011994551 388146 
124 147 14997 70.05596235730812 411720 
125 148 15419 69.54649800107222 391873 
126 148 15183 46.834075302039516 444381 
127 149 15496 66.09242814432493 414270 
128 149 14791 35.64038040813643 448267 
129 150 15384 35.44413764867471 419001 
130 151 14404 53.146504700355955 457294 
131 157 14516 50.818644652559804 449278 
132 158 14033 28.326367529584058 373271 
133 159 15383 27.43947380182277 439051 
134 160 15925 31.2954690742669 391033 
135 160 14336 45.30909612703396 424178 
136 163 14337 17.798224455652008 382283 
137 163 15864 87.75580888503872 451965 
138 165 14427 86.33931635785177 390166 
139 166 15408 53.60342466707707 433839 
140 167 15777 21.18152739236028 424269 
141 168 14817 53.783411342312846 440562 
142 174 15069 3.3537791481121992 380388 
143 175 14468 5.016279904139353 417498 
144 178 15450 83.86379024516357 381721 
145 178 15108 40.40455286860221 438122 
146 179 15825 63.12802030840083 403191 
147 180 14010 61.364345727095404 452587 
148 180 15294 79.5728887747796 454829 
149 181 15758 43.89612147253527 458357 
150 184 15449 47.41381268872528 407842 
151 187 14779 26.452968898849146 432150 
152 187 14535 81.42548123717617 387838 
153 188 15755 76.33238630767596 431149 
154 189 14766 16.16303297226716 411283 
155 189 15678 33.25649511010896 429953 
156 192 14087 1.360927536438533 439159 
157 192 15502 68.02915537901193 417374 
158 195 15612 11.32934676947393 453308 
159 195 14203 54.04961205141316 444601 
160 195 14560 66.4944469619334 460297 
161 197 15077 9.463655896581914 399341 
162 199 15701 9.584369854035064 463032 
163 202 15430 6.204530066372862 434059 
164 202 14120 45.39900445576488 392043 
165 203 15772 2.4542284961108884 440203 
166 204 14324 77.99994109579923 391361 
167 206 14822 51.09673406226956 387630 
168 206 15920 17.480292949636176 422211 
169 208 14685 16.296336321568685 404891 
170 208 15830 10.837762224595828 430906 
171 209 14413 58.29123473743804 402087 
172 210 15777 50.095347704989585 445825 
173 211 14484 37.329678682155 417993 
174 212 14528 22.16005884436721 432300 
175 216 14471 52.410441673019804 416063 
176 218 15365 36.53026428830615 372144 
177 220 15942 23.192221900577927 450660 
178 221 14396 61.52367843137763 434960 
179 226 14766 56.36445514176062 378779 
180 228 15596 19.899072978469878 421377 
181 229 14553 61.610248215218135 421862 
182 229 14301 27.551717720047687 437938 
183 230 15335 54.95725983015452 419657 
184 232 14350 48.95076494948721 436232 
185 232 15129 34.677727228847054 422821 
186 234 15724 61.53257678752734 372158 
187 234 14966 9.16648925481563 386293 
188 235 15148 18.40297220219012 378353 
189 239 15351 76.352168231365 439218 
190 239 15364 67.95364234812186 379359 
191 240 15525 21.87498260175882 380524 
192 241 15123 38.005765420849535 465116 
193 241 15579 12.797984869083994 462484 
194 241 15235 14.257576879368012 466657 
195 242 15837 84.38369708133821 380658 
196 243 14768 2.2112957049299875 371903 
197 243 14814 75.8369654022578 383857 
198 246 14602 33.287722625465065 386779 
199 249 15524 77.83865340561425 399017 
200 249 14965 10.706316963732988 414189 
201 249 14180 35.44391922233653 465479 
202 251 14755 56.68090447305624 372224 
203 251 14209 46.07440303959545 430869 
204 252 15113 46.97735934524188 452011 
205 252 15086 60.29122986008376 377946 
206 255 14692 80.90509160713451 407399 
207 256 15641 33.984934490734474 373437 
208 256 15493 80.76033316072267 446396 
209 256 15957 87.47726269408797 448893 
210 256 15108 37.733611237780536 469846 
211 257 14371 74.43666771673486 372648 
212 258 15800 68.88332376917282 381364 
213 258 15921 58.863940710877095 411287 
214 258 15710 30.347692673047945 408724 
215 260 14053 76.79943944872748 430033 
216 261 15638 44.77594007154788 380215 
217 261 15920 87.09695157220774 376374 
218 262 15594 59.222747459319876 410354 
219 263 15257 31.01736078164283 465450 
220 264 15723 13.193246716556734 373145 
221 264 15818 64.67860277636603 431087 
222 264 14243 61.246190929829346 436682 
223 264 15222 43.53090981069247 467676 
224 267 14353 20.818446154133717 428001 
225 267 15439 56.99397110991625 440544 
226 269 14984 50.452742124926 374098 
227 271 14777 79.88832084257704 408040 
228 274 15994 1.0057341713067665 393105 
229 274 14183 24.951985034830507 413180 
230 275 14063 76.55764645091608 416024 
231 275 14216 45.68311896401425 408196 
232 277 15899 65.55067238937414 445523 
233 278 15968 52.63963255026304 462827 
234 279 15858 55.02646940583033 398076 
235 279 15357 51.529638694457205 448018 
236 279 14807 73.03578758052485 427392 
237 279 15083 73.61531351888712 434142 
238 279 15831 18.753293200429606 450683 
239 280 15684 89.53565046014903 452619 
240 282 14520 17.732410811659445 400805 
241 285 14262 22.31265123531029 449928 
242 285 14487 88.0032859800338 436611 
243 286 15044 20.573785427833926 404449 
244 289 15999 35.610177984349974 419931 
245 289 15337 5.159902675587025 419863 
246 290 14571 5.3478453707990665 370859 
247 290 15085 12.489010435146515 395555 
248 291 14397 86.47125768697667 406914 
249 291 14350 88.5126736446835 386480 
250 292 15530 79.6715051111733 438784 
251 293 14222 57.56678465506491 392530 
252 293 14671 32.84007102976774 387421 
253 293 15092 40.493224616212196 371072 
254 294 14272 68.04548508810421 443840 
255 295 15143 26.729619089993577 415411 
256 296 14723 32.571172464483666 388071 
257 296 14568 52.65708831016282 447209 
258 297 14796 13.305269058529246 440707 
259 297 14755 84.75428270603769 435502 
260 298 15470 16.685402224502994 414898 
261 299 14586 59.97071472311067 435917 
262 300 14707 23.13282695968125 445692 
263 300 15772 11.45142797358966 457983 
264 302 14045 50.36333653149195 407047 
265 302 14930 45.928148873162876 456796 
266 302 15538 21.78030872694102 405386 
267 303 15183 73.5579502784122 421597 
268 304 14429 22.655028061020758 400513 
269 305 15222 7.494201315892784 440693 
270 307 14759 74.46665601181576 464698 
271 308 15634 10.237217639827568 407948 
272 308 14114 74.51134567592437 382800 
273 313 15883 77.70039221547378 380621 
274 314 14582 14.413424160981966 391138 
275 316 15486 58.31253092682144 375165 
276 316 14565 49.69058466908536 408252 
277 316 14432 55.53733274445237 459855 
278 318 14594 49.74160339393237 378676 
279 320 14242 24.166283031699557 389760 
280 320 14039 40.88174748666567 384394 
281 320 15317 60.39950428744664 467481 
282 321 14616 19.457977085646476 414046 
283 322 15416 68.67179502082008 412469 
284 322 15021 10.436752145503451 416540 
285 323 15103 89.32349496469911 418643 
286 325 14294 44.855433002208386 382980 
287 326 15113 74.99701017226496 457121 
288 327 14135 56.59397390762659 426655 
289 328 14684 51.91065878050505 459883 
290 331 15493 5.178722265793554 378204 
291 332 14716 69.1731621995071 413460 
292 334 14204 33.97745394013129 422148 
293 335 14458 68.69879223766159 432925 
294 335 14195 63.751402743479716 425982 
295 336 14622 86.24853158788034 403801 
296 338 15194 37.88425958660118 410221 
297 339 15975 59.2510704689627 370507 
298 339 14105 36.5745021052124 450513 
299 341 14671 10.304322798993699 453965 
300 343 14973 71.40132202743293 452105 
301 344 14646 74.38402308634413 451235 
302 345 14577 48.1731256483299 379051 
303 345 15966 33.7900315481045 468457 
304 345 14640 8.52337104390515 451191 
305 345 15456 3.15967780760594 417861 
306 346 15830 24.269408690221674 426238 
307 347 14671 76.00253576464355 416018 
308 349 14760 35.88707505079814 467078 
309 350 15828 89.47558972663485 434196 
310 350 14901 18.52198224720357 373549 
311 351 14653 36.76098540480545 372093 
312 351 15768 39.7953329571291 377960 
313 352 14952 26.172265479980048 396901 
314 352 15089 60.9779318847942 426915 
315 352 15578 16.232269802174134 373402 
316 353 14340 59.38944050405128 434550 
317 353 15923 62.312825470895746 429813 
318 354 14099 20.35434358767119 420622 
319 354 15243 80.80513340012928 432748 
320 356 15197 33.32803517489417 403038 
321 357 15338 6.229112656183281 449887 
322 357 14260 43.610632730473995 375941 
323 360 14457 46.16665948971868 421185 
324 360 14849 60.49685822372272 382606 
325 361 15103 34.73441733889115 423994 
326 364 15513 11.995289499433433 372941 
327 368 14339 22.63259625037326 429037 
328 369 15969 63.59688002182106 422687 
329 369 14556 8.010370932719656 391438 
330 370 14612 44.06306566149776 413947 
331 372 14574 68.0316537841011 370443 
332 375 15387 51.748567725785634 436590 
333 376 15089 54.01323795418698 432600 
334 376 15499 50.80554082840679 461486 
335 379 15449 26.321903253306786 447603 
336 380 15529 53.73397347271219 403667 
337 380 15263 48.14093421418365 440547 
338 384 14169 61.72951232441541 371787 
339 384 14401 64.98764370452767 416400 
340 385 15078 32.17508629490493 444333 
341 386 15559 87.41524259710744 391227 
342 386 15835 68.38085878226144 372679 
343 387 14013 64.66194214187357 378711 
344 392 14760 22.062067000046298 378902 
345 393 14510 46.971208086199965 454190 
346 394 14342 24.359793630160418 417387 
347 396 14747 20.91529461968027 382597 
348 397 15006 59.73457502250412 413366 
349 398 14086 87.59759041524896 378617 
350 401 14231 23.4266884467772 388939 
351 403 15536 11.719748039424191 398812 
352 403 15350 2.2261911664209335 371737 
353 404 14890 25.700059326066103 380111 
354 405 15951 59.40464853842073 374738 
355 405 14898 30.23257250096651 437915 
356 407 14611 38.04739754159752 378394 
357 408 14046 35.57353672046203 455770 
358 410 14638 79.5415136822322 380593 
359 411 15985 32.3352472187317 390457 
360 413 15535 38.25182429888364 404619 
361 413 14805 80.81482709844165 422964 
362 415 14864 14.46209927402138 469926 
363 415 15155 77.17575106679023 380499 
364 416 14004 13.693685396147949 406046 
365 416 15519 25.068710430306112 464488 
366 417 14502 59.72500295745513 422209 
367 418 14246 88.64780824284689 426561 
368 422 14058 22.337755953100814 427444 
369 423 15820 53.32583527289126 467281 
370 423 14237 73.08812593142117 396705 
371 429 15678 83.88958476171665 421693 
372 430 15574 20.907183053951954 373182 
373 433 14318 9.517980673578377 464327 
374 433 15654 43.35410575556642 456705 
375 435 15967 51.63727035550511 436969 
376 436 14300 84.99043773444576 422238 
377 436 14547 53.290503115172186 389923 
378 438 14527 52.696677626119154 425828 
379 439 14303 83.02650337671216 463268 
380 439 15497 36.982640644547715 462904 
381 439 15465 77.39131570208984 408220 
382 440 14815 46.55745489286141 439928 
383 440 14862 28.927755653992257 444481 
384 441 15528 19.842661061239554 400448 
385 442 14401 5.40487106114735 388681 
386 443 14578 52.9186209868863 399313 
387 445 15075 61.65781861447111 395338 
388 446 15754 69.49646602284844 456147 
389 446 15375 19.67537146898704 424742 
390 448 15291 73.04445090518132 424450 
391 449 14673 59.590985150467226 390533 
392 450 15919 21.75299555760038 449689 
393 451 14251 42.521203522516075 441932 
394 451 15497 66.76922290012142 462330 
395 451 14252 20.545910170815894 415313 
396 452 14564 54.871263398590415 398571 
397 453 14059 86.5106118512624 449779 
398 453 15944 69.02933622201223 393773 
399 454 14648 86.94597205291132 382867 
400 454 15992 73.60791538137978 408643 
401 455 15753 52.83928726173981 412530 
402 455 15906 20.634150695623266 403937 
403 457 15110 43.718583957069086 375357 
404 458 15050 78.76495203738716 431734 
405 461 15910 14.263901473691039 414725 
406 462 15220 69.09926666439266 443397 
407 463 15059 30.452888229561648 461513 
408 464 14105 54.16046084998411 422882 
409 466 14768 25.792146457113667 449224 
410 468 14343 64.89272095207187 400743 
411 468 15100 67.73840052806263 445957 
412 469 14681 45.06192687617208 401593 
413 471 15301 37.57229818933797 469776 
414 471 15281 41.76248065161283 422557 
415 472 14029 84.5750860684053 430238 
416 474 14994 28.22795166536576 461781 
417 474 15537 85.82656858780018 415587 
418 477 15586 31.941356375350416 421434 
419 478 15321 19.106494864107553 413141 
420 479 15445 45.735069375019705 374948 
421 480 15591 23.005236468368544 375072 
422 480 14196 87.9220173042359 456479 
423 482 15337 33.77684757050799 375197 
424 483 14678 7.217927877870958 400052 
425 483 14814 56.0195994107609 436035 
426 483 14243 49.20295326198656 411773 
427 484 15800 70.45378485765518 405857 
428 484 15445 35.439043726829205 425747 
429 485 15868 67.75681589607208 406255 
430 486 14831 43.5449765708964 430639 
431 486 14918 71.52829121142537 443376 
432 487 14656 45.47742990406698 401712 
433 487 14447 30.738474165793765 469449 
434 491 15136 1.816943641791218 457355 
435 492 14962 70.18069892192074 416092 
436 493 15268 52.46746534598743 448599 
437 494 15139 51.32074013945789 401058 
438 497 14806 64.79180954552642 408381 
439 498 14537 55.227564671056996 462478 
440 498 15673 27.82430563876493 403764 
441 499 14332 48.008364524890574 409484 
442 499 15568 32.94919348910381 434051 
443 500 14146 73.02117005893233 428859 
444 505 15160 49.67824761678543 466282 
445 506 15061 60.483636016826914 395260 
446 506 14511 26.214822194275968 370629 
447 509 15741 82.90765876472251 462103 
448 509 14157 10.26291196144103 401622 
449 510 15800 69.67390172957906 411168 
450 510 15760 65.18680388427441 455910 
451 511 14335 44.976579144946065 375779 
452 512 15348 75.58725190345865 392693 
453 513 14282 25.87679874766677 452534 
454 513 15856 18.816900471163333 426034 
455 514 14428 36.64963523305329 431562 
456 515 14360 62.488091404859915 442445 
457 516 15443 30.38364865117735 461566 
458 517 14067 86.92765234487163 466264 
459 517 15105 22.40926584309899 396218 
460 517 15295 77.60328311783273 386615 
461 518 14304 81.33704684931344 446318 
462 519 14327 60.910758084273375 459232 
463 520 14963 64.7406771066716 371888 
464 521 14182 56.246229411608184 407141 
465 521 15895 73.6919210124045 414019 
466 523 15654 4.886681881095543 421138 
467 523 14524 13.58918898003682 461627 
468 524 15011 54.98586907667347 462296 
469 526 14728 57.325426666736405 465299 
470 526 15169 77.0043441868641 387351 
471 527 14368 2.664546972556013 455950 
472 530 15385 16.891374630107723 387504 
473 530 15513 49.72420524289426 395823 
474 531 14926 17.935147521478672 449935 
475 531 15292 24.759885701970315 443133 
476 532 15958 72.74108491884853 428528 
477 533 15850 26.61042481179699 396776 
478 534 14946 28.31816309014294 387611 
479 535 14370 62.73277776953256 400924 
480 535 15662 7.136610422566566 447574 
481 535 15588 76.49980894733116 462211 
482 536 15816 58.590326075777305 431446 
483 536 15085 51.329900526821255 457933 
484 538 14822 10.466709468785085 439067 
485 540 15306 15.002157916358634 412426 
486 541 14360 56.2046295767534 387756 
487 542 14783 39.462836838771096 466961 
488 543 15159 64.96770091542815 420546 
489 543 15582 52.097816792352866 421327 
490 546 15886 69.80367489506666 379352 
491 547 15801 66.22025716186381 419173 
492 551 15323 76.15867921238731 404388 
493 551 15068 29.403678882084733 455725 
494 551 14928 66.13688539970367 433104 
495 552 15647 43.02595746190419 430298 
496 552 14569 37.861890217963925 411930 
497 552 15390 41.05756374388056 383026 
498 554 15408 23.09098953180185 377699 
499 555 15435 84.97964183417467 388038 
500 556 14499 53.473743008922206 422943 
501 556 15265 52.020929427019574 392494 
502 556 14768 1.3498003045983125 464084 
503 557 14427 87.23323195411437 371107 
504 559 15453 16.44468308148827 437894 
505 559 15245 24.003076735742475 387440 
506 560 14328 24.896418144646713 431181 
507 560 14222 10.109438294700327 424027 
508 561 14985 20.12365499610287 450582 
509 562 15892 12.663050625795801 393848 
510 563 15033 68.8562498749568 391638 
511 564 14966 77.4131009335344 447051 
512 565 15937 71.22632170829566 412836 
513 565 14611 16.943412431430087 417594 
514 566 14424 24.3989969243317 389116 
515 569 14630 25.160951046976216 400127 
516 570 14044 25.821808095669116 373329 
517 570 14286 52.54697349368617 432487 
518 571 14297 70.65845248383536 408393 
519 571 14337 85.74459928641122 448488 
520 572 14495 8.408675431980804 425378 
521 574 14198 40.57544509492146 455490 
522 574 14138 87.12812962007143 460158 
523 575 15831 37.67625169306759 428512 
524 576 14959 75.35866002603242 393834 
525 576 14241 40.357302215107126 407401 
526 576 15892 64.14582409282336 442148 
527 578 14933 42.06444814860187 422204 
528 578 15175 23.874914539801637 469553 
529 578 14132 43.98998333358813 461006 
530 580 15692 71.87379900833744 381031 
531 584 15973 17.682652298237347 394357 
532 585 14947 13.426207432970813 449840 
533 586 15944 65.61659672010693 395694 
534 588 14879 4.091707946240843 390873 
535 588 14069 20.01812586503356 445986 
536 589 14557 66.15541955006323 424498 
537 589 14956 85.69181680388263 386326 
538 591 14576 72.17649784048467 387574 
539 591 14678 23.703092343130766 406594 
540 591 14768 34.25354661993412 383429 
541 592 15828 23.413337474021084 409952 
542 592 14550 27.556560519268313 385503 
543 594 15663 51.49494291407297 440617 
544 595 15374 82.95034987616029 447118 
545 596 15958 28.389708697213322 416497 
546 600 15340 77.02579475043592 405984 
547 600 14748 71.25891365072485 448956 
548 600 14565 16.38835675802391 425102 
549 600 15909 15.35938106416624 463192 
550 601 14918 29.476795266832077 451046 
551 602 14368 13.583157589071682 383383 
552 602 15505 85.7223783475904 415489 
553 602 15601 75.87474076253403 394330 
554 605 15704 68.6721988529044 381371 
555 607 15615 65.28234466239068 393891 
556 608 14942 7.192474574199567 459799 
557 609 15512 58.71560598401108 462391 
558 609 14988 34.057714370722536 459599 
559 610 15762 24.637300604075612 417523 
560 611 14945 19.44951844313997 415170 
561 612 14432 73.93123881125123 402404 
562 612 14212 34.94547779594214 370896 
563 613 15610 17.094844159275826 439982 
564 614 14228 13.856358531324503 419230 
565 615 15156 81.42087191700831 387266 
566 615 15976 18.347101981177588 431422 
567 616 15517 31.999450433074106 429842 
568 616 15061 60.19375098123773 410680 
569 617 15558 63.590865972758905 447166 
570 618 15962 79.85738491179099 458921 
571 618 14706 36.638081649974374 434478 
572 619 15024 44.757355185683984 418869 
573 619 14712 35.91343931882173 401504 
574 620 15281 71.51894365663135 415788 
575 622 15664 42.14845763893368 429646 
576 622 15935 87.72198696847475 376134 
577 622 14268 77.34177995447976 409883 
578 624 15158 73.05164532272437 388773 
579 624 14602 39.3028255224203 450883 
580 624 15307 14.444102294064482 436505 
581 624 14705 83.57759325357905 417821 
582 625 15422 58.131175961217146 374637 
583 625 15314 3.1541957695303022 464586 
584 626 14184 80.94118300138994 424768 
585 626 15761 62.47170473851913 411353 
586 627 14053 18.27728846577175 468281 
587 627 14527 89.07965463667314 379523 
588 629 15271 17.582213892755885 376998 
589 629 14409 77.67185038593034 469217 
590 629 15511 26.59043070313437 390349 
591 631 14977 61.09839254610057 415165 
592 634 15396 19.836827732585817 371823 
593 637 15471 73.04626050994385 468655 
594 637 14087 64.11498271886893 385464 
595 639 14721 19.8537246530283 441065 
596 639 15320 6.942450841424605 370704 
597 643 15013 16.695174681944245 414612 
598 643 15584 46.743083701962384 427065 
599 643 14705 88.2167358366107 409811 
600 645 15931 86.65835530831998 435042 
601 646 14475 59.66807157137643 399588 
602 647 14876 65.10675621734701 455597 
603 647 14779 10.249602380853869 469722 
604 647 14253 34.78026368059563 402988 
605 649 15390 55.120611163205425 461420 
606 649 14606 28.691058504587645 382313 
607 651 15496 84.50196825101462 460581 
608 651 15595 77.4811929746594 469330 
609 651 14546 88.04392043097515 467563 
610 651 14313 9.142455633476652 434007 
611 651 15348 9.89828721489503 466269 
612 651 15370 58.59008465976894 382569 
613 653 14343 2.6001001447354612 394148 
614 654 15374 9.540461268713663 425077 
615 655 14127 49.69925656474339 386049 
616 655 14917 70.99759220527514 448595 
617 656 15768 9.658547446090651 432456 
618 657 14829 25.172948194810612 421891 
619 657 14018 42.34690397549499 386307 
620 657 14723 26.13061060502398 457089 
621 657 14258 22.81461287052574 371546 
622 658 15571 86.7109441974625 442177 
623 661 15407 81.96852869595232 446442 
624 662 15601 36.9799568903824 385937 
625 662 15389 31.211868764477916 415626 
626 663 14383 81.48297550535341 449395 
627 664 15926 77.67431308376844 448871 
628 665 14888 73.25827178230291 421314 
629 666 14935 89.402520318204 442813 
630 666 14206 75.50291716994639 413903 
631 667 14085 52.29881027807806 420468 
632 667 15034 50.06611003110754 389235 
633 667 15134 70.88777552570274 446982 
634 668 14882 84.8144367034927 466085 
635 670 15721 67.14750013598717 386034 
636 671 14719 77.84711152100364 393147 
637 672 14250 80.05176855677753 393325 
638 672 14021 25.71829468767657 423450 
639 673 14124 87.53998909984043 418403 
640 674 14914 51.91214796501187 381359 
641 674 15831 33.612079016933485 417560 
642 675 14036 84.12268270948285 381795 
643 675 15547 87.51834492872756 445507 
644 676 14631 50.76159124812099 442879 
645 678 15749 7.409409260211033 375738 
646 678 15225 74.31822297657519 377951 
647 679 15662 72.06326803868069 431450 
648 679 14635 62.31356629797223 373331 
649 680 15690 65.20139664586601 457948 
650 680 14963 16.425286275492816 469913 
651 681 14016 38.058401247086 433041 
652 682 15925 34.496309950589115 381701 
653 682 15279 85.95951693723568 418835 
654 683 14750 4.2826738994466735 415440 
655 684 14197 89.92102805846389 402907 
656 688 14665 75.94683201667785 427837 
657 689 15580 50.499315505782015 395597 
658 690 14259 13.393547226220006 413207 
659 694 15845 33.482230489776676 423650 
660 695 14554 34.19618439339473 371286 
661 698 14768 54.50747142228029 451254 
662 699 14729 4.193617648724343 449983 
663 700 14795 53.514105847521726 400373 
664 701 15038 10.54937302959121 453061 
665 701 14872 81.17781889555346 445642 
666 702 15062 88.12666960906984 395495 
667 703 14746 60.861035023116855 402871 
668 703 14807 44.10264931316981 437152 
669 703 14017 39.63414677305374 383495 
670 703 15687 81.40732259685007 389755 
671 704 14794 64.87843496925397 462811 
672 705 14817 60.06556918659419 411242 
673 706 14992 61.171232821381686 421356 
674 707 14912 25.395335233869748 420663 
675 707 15563 19.662966117524174 448823 
676 707 14243 48.838486215804295 391173 
677 708 14663 21.02728204979793 434086 
678 709 15951 44.61535257542918 443523 
679 709 14195 23.02990340383246 420222 
680 710 14495 23.62735212158483 453355 
681 711 15382 2.068580364316235 396781 
682 711 15309 44.12363377014772 405967 
683 712 15937 16.72819679761669 421980 
684 712 14632 24.93274697393134 414658 
685 712 15421 60.71087547358928 372714 
686 713 14308 30.04144813498215 380611 
687 715 14267 65.69999693995315 447707 
688 716 14762 89.61457856037086 370666 
689 718 15578 71.24649565880662 464395 
690 718 15875 22.246517190461624 420584 
691 719 14733 56.35881578067752 390122 
692 720 15316 86.30828557029106 454996 
693 720 14206 67.09500766190295 370852 
694 721 15182 34.58614045154994 442828 
695 721 14394 1.7791246498648903 455265 
696 721 14049 64.86113858099166 418094 
697 721 14972 71.61830861499348 452018 
698 722 15529 83.95987367074127 424785 
699 723 14434 80.02209747528181 431118 
700 726 14208 1.3054291596406415 408053 
701 729 14703 89.64940451975906 401666 
702 729 14544 11.117129324590467 453507 
703 730 15372 21.112233468789906 449916 
704 730 14169 81.78849377401058 435984 
705 731 15255 25.898186462084702 381658 
706 732 15355 60.112773875586875 370955 
707 732 15570 13.741323221419522 412268 
708 734 14286 38.8503636603672 462735 
709 735 14020 60.544076259349666 443196 
710 736 15142 89.9174489077053 443532 
711 737 14895 23.076719948135626 416295 
712 737 15301 52.573267829170256 433391 
713 738 15565 62.49960927628771 392505 
714 741 14399 20.151037339584306 435610 
715 743 14286 35.928252924448906 428238 
716 745 14673 66.45570269935533 441357 
717 747 15119 64.84978117860086 384344 
718 750 14520 18.190839767215817 400207 
719 751 14333 77.16794359330424 433360 
720 751 15192 84.42976289058616 435437 
721 754 14199 43.30630110086323 398989 
722 754 15588 18.283664127856046 435344 
723 755 15073 31.13395143491015 458811 
724 756 15499 6.734727080498419 460982 
725 756 14401 6.98981794114446 442215 
726 758 14907 16.563189061637473 424838 
727 758 15126 75.1158495858855 393197 
728 759 15938 62.74068295431956 429165 
729 760 14681 12.749243642308432 452657 
730 760 15294 63.99545167192511 393751 
731 761 14737 66.33188339389898 401798 
732 763 15646 53.607582814601244 416640 
733 764 15278 70.38796378391308 395846 
734 766 14219 64.49856394530472 390503 
735 768 15507 5.882200564709918 466001 
736 770 15106 40.57120755277488 401897 
737 770 15413 51.037872384274074 376471 
738 770 14853 64.38777313849727 457662 
739 771 15611 60.36803942095561 466551 
740 773 14058 45.522526836251295 461292 
741 773 15011 89.95870806072567 433753 
742 775 14852 43.77944554031101 465249 
743 775 14121 74.09086872028867 423774 
744 775 15085 55.09591002648942 403671 
745 776 15129 68.5720920957833 419912 
746 776 14488 64.9249157348775 438888 
747 777 15469 73.19245790056347 372694 
748 778 14530 80.49740888263514 432994 
749 779 14149 55.13698450460139 415383 
750 780 15752 82.05331086228213 413931 
751 780 14928 64.25081078756313 443627 
752 780 14420 43.821888375391694 381483 
753 780 14835 23.13843823552196 403978 
754 781 14851 13.653517374645634 383699 
755 781 15607 40.62903646341219 373227 
756 781 15288 78.44092384386339 469206 
757 781 15473 83.31897612019476 442103 
758 782 15592 75.58675462377819 434724 
759 782 14477 45.27853533667749 435298 
760 783 14436 10.721531800575944 407514 
761 783 15195 16.617419392107266 463286 
762 783 14418 61.921110212112445 458096 
763 784 14330 22.288553385707793 451152 
764 784 15457 27.129075080701035 371012 
765 787 15555 10.5267352116113 466204 
766 788 14768 55.4375120619283 391665 
767 789 15107 4.037138965042839 438934 
768 790 14545 76.43087185640348 445070 
769 791 14193 14.765036702818358 383696 
770 794 15110 40.568158135801816 384475 
771 797 15534 56.60322818716375 446372 
772 797 15560 14.101694575517705 384040 
773 801 14580 88.62125644258768 468760 
774 801 14761 83.89670783215215 408821 
775 802 14223 70.49006455988443 420394 
776 803 15199 89.42269026223033 437591 
777 803 14372 21.64520122757853 455753 
778 805 14524 82.01631567948445 418778 
779 806 14388 81.1432871882513 465677 
780 807 15236 45.812625628485975 466940 
781 808 14691 57.30924235397652 438969 
782 808 15981 35.805823498699766 446900 
783 809 15796 9.83178079058774 423963 
784 809 15090 5.402619422928732 448477 
785 809 14182 47.14911379871655 431171 
786 809 14276 67.50559900335398 416203 
787 809 15966 21.442903243883265 467007 
788 810 14891 55.22156767783326 382703 
789 811 15622 73.9526662702392 427725 
790 813 15031 2.5233002283526482 453400 
791 813 14603 55.3522243404539 436754 
792 814 15539 30.375936208035483 430344 
793 815 15593 24.36730385312036 453997 
794 816 15019 9.855421482626708 426465 
795 816 15890 28.82937970570744 416831 
796 816 14238 2.702755607087005 430928 
797 818 14591 44.670646627698325 417503 
798 818 14110 45.172511407701016 461526 
799 818 14940 28.88035142672813 417163 
800 818 15056 44.84507434929388 384049 
801 819 15406 75.25503397700369 441877 
802 819 15258 70.08436773799153 449944 
803 820 14366 4.38702293382693 461478 
804 822 14319 39.08085465032392 420319 
805 822 15373 43.707572673466956 421647 
806 822 14837 56.3171531148488 468899 
807 824 15254 87.59425323189875 394193 
808 825 15459 32.00674972419148 399316 
809 826 15348 13.27128190584646 422210 
810 828 15146 31.241704576236543 469964 
811 829 14922 73.1234703497928 427698 
812 829 14721 18.708093681236708 390114 
813 830 15258 3.0055842255028598 418713 
814 830 15221 84.46072809765224 394981 
815 831 15623 47.214429279421836 387166 
816 834 15221 31.508095399891456 455346 
817 834 15621 27.915107226768885 391638 
818 834 14576 44.34776698033712 453537 
819 835 14149 72.51175830423958 451751 
820 836 14932 29.213780775563674 456152 
821 838 14950 7.241237093682497 437215 
822 839 14206 71.12977115175188 450939 
823 840 15137 68.15126075327906 431846 
824 841 14010 54.80746237327058 396878 
825 842 15238 88.36963885636042 460147 
826 842 15866 51.43653755728382 392211 
827 843 14778 30.65281158811632 436732 
828 846 14839 3.973987010222613 426889 
829 848 15374 87.8104847027039 388283 
830 851 15271 81.88927587007308 427191 
831 851 14753 74.2689773036852 432864 
832 851 15821 73.92053562481857 451675 
833 852 14759 73.14916785910597 419047 
834 854 15205 17.358841513792207 371913 
835 854 14347 11.565709601052443 413070 
836 855 14647 8.297904837217615 426350 
837 857 14143 11.37386324080557 454644 
838 858 15557 42.07580450644188 405175 
839 859 14346 57.36982816923008 405964 
840 859 14865 22.552160632649475 442947 
841 861 14135 18.20458256006553 454044 
842 866 14769 57.396157162144746 427234 
843 866 14006 78.425807261658 457375 
844 868 14496 2.379735315955319 462295 
845 871 15217 82.77784523972305 402977 
846 871 15818 2.657322224753738 469760 
847 872 14956 30.51956758974802 376013 
848 872 15094 22.88241763233658 392934 
849 872 14244 68.17509109115032 383602 
850 873 15401 58.94712608198229 380916 
851 874 14219 49.07220405750793 435629 
852 874 14420 29.684153168090354 454388 
853 876 14770 69.61351134832407 397628 
854 878 15367 57.22782567324974 468635 
855 879 14810 10.292350598403278 389759 
856 879 14085 82.19269834779811 397199 
857 880 14748 47.52594599656538 405529 
858 880 15771 57.69203505909866 467987 
859 880 14673 36.46904791575344 398404 
860 882 14238 28.75573629891305 387165 
861 883 15101 66.75576443836451 429068 
862 883 14051 44.177801496297995 457797 
863 883 14161 13.7758312446807 415532 
864 884 14398 2.8704264535323296 405065 
865 885 15460 27.549833867747736 453348 
866 887 15254 75.57158238248107 384424 
867 888 15261 85.7202743879945 443047 
868 888 15604 46.39614482572952 466747 
869 888 15664 41.58457536366417 465538 
870 888 14839 10.630635108151369 372665 
871 889 15836 89.19883867682476 394072 
872 890 15293 17.62683138016452 431749 
873 897 14411 62.35893408245331 421230 
874 898 15044 77.1045899538115 447718 
875 898 14355 55.10478763757668 448782 
876 898 15980 4.420878225028757 382465 
877 898 14942 28.57608706092826 387397 
878 899 15985 28.621553857919952 435183 
879 899 14793 58.046753829927056 409314 
880 899 15853 56.62818207169743 394491 
881 902 15203 43.45867595901751 398797 
882 902 14888 77.57568197625078 467967 
883 903 15672 62.771531582821055 425611 
884 904 14028 35.132246344219894 400517 
885 905 15147 47.56937662500211 428086 
886 906 14971 3.168850539102404 443315 
887 907 14841 30.471871246882518 391847 
888 908 14177 6.780654469950964 413775 
889 909 15148 84.39250042313502 387316 
890 911 14748 23.898668258223577 443547 
891 912 14636 37.02190075456617 379897 
892 912 14845 42.16628202456142 451189 
893 912 14406 14.837402923510655 392840 
894 913 14441 17.884211615532845 410479 
895 916 15691 67.90265911926299 435036 
896 917 14314 29.093198874731858 466059 
897 917 15741 22.385082136846552 446921 
898 919 14436 8.423331814878345 395269 
899 920 14415 43.70552644576533 415159 
900 920 15260 33.37554959063046 391517 
901 921 14419 80.05350776723023 439137 
902 921 14588 80.52298562015396 407320 
903 924 14186 60.288355586249565 453712 
904 925 15225 20.927566098469292 456755 
905 925 15147 81.61711105434846 376111 
906 926 14649 13.471213402565592 397806 
907 927 15912 83.05294470480897 415238 
908 927 15762 14.224755140981063 377047 
909 927 15610 42.39388574422328 428916 
910 928 15308 79.99864278810782 452506 
911 929 15380 26.889443859426724 440934 
912 929 14908 24.546494844395987 438830 
913 930 15166 80.96491462398943 460624 
914 930 14114 51.49602087392058 398593 
915 930 14662 55.738319940531206 370167 
916 931 15479 17.60757767385795 419998 
917 932 15967 7.460293711116098 387941 
918 932 14369 29.884660495717508 422092 
919 934 15097 40.20859647707323 459095 
920 935 14055 13.811947948025129 403580 
921 935 15071 85.88417459840204 405981 
922 936 15348 2.03800721445397 425470 
923 937 15533 24.907184916021517 443898 
924 938 15525 86.51067541185819 438383 
925 940 14716 9.17853669968072 452272 
926 943 14310 89.79739327365942 453937 
927 943 15458 61.32638823656735 439703 
928 945 15594 73.379042775774 392177 
929 946 14665 72.66610695169229 371599 
930 946 14914 39.35480363348782 393149 
931 946 14340 26.156129758502843 454771 
932 947 15206 58.63619050273686 412093 
933 947 14998 41.824359928450995 412222 
934 948 15920 72.09791756575841 378699 
935 951 14354 54.80372437197732 432588 
936 951 15822 79.93520222933357 413447 
937 953 15931 78.10625550742482 452320 
938 955 14266 13.986758483570664 448859 
939 955 15263 68.94383528742355 460332 
940 956 15920 23.665262540512607 391697 
941 956 14607 52.06089962707585 451157 
942 958 14581 46.78261594019616 446320 
943 959 14365 2.331154985988429 417071 
944 962 15196 2.3964610420788404 392967 
945 963 14804 58.93324653462614 457705 
946 966 15951 55.6325685998535 449844 
947 967 14328 33.01005059599912 385883 
948 968 15207 51.35644558680239 406456 
949 970 15439 12.291234954780414 462567 
950 970 14686 41.42713674371667 407582 
951 971 15291 1.2659844956643371 414724 
952 973 14547 65.39653284920024 458294 
953 974 15380 53.381484150212735 413765 
954 974 15160 46.40769442391099 395711 
955 975 14932 22.419726355609747 433906 
956 975 14121 54.591813432596126 464895 
957 975 14234 8.318092801457125 423276 
958 975 14592 53.430863151473815 405429 
959 977 14055 53.24763629059555 401705 
960 977 15415 86.85449480243153 446320 
961 977 15377 73.69080705871998 437622 
962 978 14787 73.2167387891502 412164 
963 978 15210 21.050238052446634 418082 
964 978 15977 73.89767410090899 464904 
965 980 15964 29.753243020512624 463684 
966 982 14667 19.96062445702203 453344 
967 982 15043 44.814975939399616 385389 
968 984 15343 41.29094491086105 443778 
969 985 14712 25.685398269992998 427678 
970 985 14766 80.33905213466713 463344 
971 986 14211 68.77732142982683 376441 
972 986 14550 15.724052179460417 398675 
973 989 15053 18.749621937141125 397073 
974 989 15380 7.074240041772134 442470 
975 990 15275 59.03822605425051 372273 
976 992 15225 84.32932164266533 404419 
977 994 15215 67.91154194581738 394874 
978 995 14442 23.807506767816175 450961 
979 996 14748 63.02875760645599 455731 
980 997 14052 74.73186879039054 464949 
981 998 15653 69.33105050287476 460791 
982 999 15738 16.23614403369936 397729 
983 999 14744 2.153594731357842 378738 
984 1001 15058 30.80898086195693 449923 
985 1002 14927 48.88916711660787 412969 
986 1003 15464 86.55067811221798 405939 
987 1003 14233 32.02175833142684 412750 
988 1005 14916 49.428209933325114 373120 
989 1006 15935 44.891050514642565 411068 
990 1008 15419 5.712156893101712 417959 
991 1009 14877 29.100963470602444 404857 
992 1010 14363 64.1619910255367 437939 
993 1010 15481 45.3851181983755 410488 
994 1012 15465 1.753687801850384 451265 
995 1013 14286 68.49218738978962 413621 
996 1013 14285 87.624182518291 399370 
997 1014 15986 8.664552678172713 467577 
998 1015 15647 69.02717190191701 397865 
999 1017 14992 3.6247642809941634 422565 
1000 1018 15735 32.35439055533277 429724 
1001 1019 14035 78.04119370080453 458668 
1002 1020 14638 88.72302276531384 412922 
1003 1021 14154 30.52203082708049 403239 
1004 1022 15080 5.272815507318595 372105 
1005 1024 15887 34.06609080229237 459541 
1006 1024 14552 42.90752918472008 395650 
1007 1024 14784 43.72229076131115 437525 
1008 1026 15589 76.57602384191962 465597 
1009 1026 15249 44.657769915273626 446528 
1010 1027 14113 14.158209307743137 390662 
1011 1030 15420 27.131877165099493 458098 
1012 1031 14346 1.7341462217770927 461736 
1013 1031 14933 69.66493209041406 439865 
1014 1031 14153 14.432423066365931 395676 
1015 1033 14647 83.50129113260444 425253 
1016 1033 14582 66.83892765404991 445378 
1017 1038 15701 34.11679667400437 467819 
1018 1038 15019 75.20660558975338 370878 
1019 1041 14053 89.37267242471704 405565 
1020 1042 14264 31.063240054649672 447861 
1021 1043 14763 64.57635541127559 464189 
1022 1043 14129 78.60778940221371 390439 
1023 1044 14570 77.32993559053114 432692 
1024 1045 15819 52.30228837376697 469857 
1025 1046 14065 43.08465503969896 457181 
1026 1047 14004 67.83675135493591 450026 
1027 1048 15694 39.57910994730218 373414 
1028 1051 14015 78.1286973072432 384720 
1029 1052 14561 26.953991841963926 376208 
1030 1053 15163 68.71343875884061 426986 
1031 1054 15557 27.923816662192493 420486 
1032 1054 14710 25.54980243894776 402869 
1033 1055 14057 15.437269142106407 382309 
1034 1055 15295 8.10200564955477 454149 
1035 1056 15083 40.34855094902716 435185 
1036 1057 14270 2.228788863378659 461880 
1037 1058 14842 19.84845199547414 395540 
1038 1060 14284 79.21305145147231 407159 
1039 1060 14233 44.99883713815438 412189 
1040 1061 15981 15.740687931969456 432608 
1041 1065 14627 72.92193717611941 411719 
1042 1065 14720 4.075906546710259 468305 
1043 1066 14751 3.4420261977485196 391530 
1044 1066 15810 14.732602267269524 420348 
1045 1068 14650 30.965296580142113 438692 
1046 1068 14272 37.571712299592036 451323 
1047 1070 15792 41.29510287179768 379302 
1048 1070 14330 9.2459914332138 464268 
1049 1070 15303 34.19094581968747 452407 
1050 1070 14507 7.782265643906551 437292 
1051 1071 15233 30.995362286397313 457968 
1052 1072 14397 23.28508035392682 409868 
1053 1072 15038 68.97475438466923 388816 
1054 1073 14779 63.78671992502173 420183 
1055 1074 15558 59.442725586900714 465078 
1056 1075 15538 24.17704523552757 410666 
1057 1076 15915 86.62885537310069 430633 
1058 1077 14720 53.677844869479685 396176 
1059 1078 14323 51.707453127376134 462267 
1060 1079 15948 59.502428473907365 413860 
1061 1080 15311 57.737209716464534 375835 
1062 1082 14609 3.640306221451107 455248 
1063 1082 14146 27.104318789015814 456764 
1064 1083 14376 2.8913701809828463 443038 
1065 1084 14548 86.14760348729152 400907 
1066 1084 15308 34.67667215990412 436890 
1067 1085 15263 84.18002960141533 407295 
1068 1086 16003 22.061109943927498 444211 
1069 1086 14090 7.319468620585659 375555 
1070 1087 14033 78.43081867094382 445587 
1071 1087 15781 89.0325753113561 371802 
1072 1087 14173 75.97490617733864 396859 
1073 1089 15308 26.45751363754166 404644 
1074 1089 14995 18.279532405502895 392001 
1075 1089 14590 45.08016478463198 396531 
1076 1090 14638 42.27804446652214 412726 
1077 1090 15129 7.95216155985129 411158 
1078 1090 14526 44.117349376973294 426254 
1079 1092 14408 77.5001781261915 372795 
1080 1092 15838 76.51402924981122 391395 
1081 1094 14429 28.262958863680435 420259 
1082 1095 14286 6.339214768731635 385958 
1083 1095 14411 88.26731064960661 467496 
1084 1099 14727 63.94585536391351 437157 
1085 1099 15446 85.44985655436957 466575 
1086 1100 14685 76.06595156235748 371386 
1087 1102 14552 60.30505045138374 382590 
1088 1103 15352 11.469305314396628 391554 
1089 1105 15710 38.23039062030579 408813 
1090 1105 14131 9.077971061244961 435660 
1091 1106 14607 25.894526594028722 447476 
1092 1107 14055 41.09308465186574 421612 
1093 1111 14855 40.90152298925997 382271 
1094 1113 15854 61.539557249230135 408717 
1095 1114 14475 84.43547702442258 378172 
1096 1114 15198 77.64411622393881 406220 
1097 1114 14286 81.64721376595793 424459 
1098 1115 15985 37.47598926345391 407580 
1099 1116 15922 11.591878013942935 451704 
1100 1116 15342 39.04668125989917 441482 
1101 1116 14641 69.35142769068372 375072 
1102 1117 14153 15.248800947748878 396868 
1103 1117 14467 75.19273612334477 452951 
1104 1118 14236 63.9456118035901 415200 
1105 1119 15963 13.159067121629635 393273 
1106 1119 15223 55.47641993292715 383343 
1107 1121 14015 36.90902911404354 394191 
1108 1121 14784 60.845653726480265 395542 
1109 1122 15333 74.96701706823195 445022 
1110 1124 14490 59.568315391690824 370052 
1111 1124 15408 28.27020156084919 370343 
1112 1125 15713 49.28373151267778 408928 
1113 1128 14842 73.95984417166922 467807 
1114 1130 14110 81.83723031514602 447856 
1115 1132 14311 52.036223281482926 391880 
1116 1134 15455 20.9367677214011 440762 
1117 1134 15420 20.959255083114925 467786 
1118 1134 15432 83.12125821807052 440967 
1119 1137 15046 5.168895438669347 387138 
1120 1139 14134 76.25465736272572 388192 
1121 1140 14189 26.36356729905625 458637 
1122 1140 15667 44.725494033962214 441097 
1123 1141 15160 80.4520746828132 402139 
1124 1141 15311 8.868777048187969 466352 
1125 1144 15547 25.330059557443857 414907 
1126 1144 15845 51.57582302270131 416059 
1127 1145 14196 70.7107979615516 389460 
1128 1146 15760 63.95384761164418 446801 
1129 1146 15909 19.551347176552255 393012 
1130 1147 15600 47.1201070501667 451709 
1131 1149 15865 67.21248474081912 441878 
1132 1151 14011 64.3710287295882 435374 
1133 1151 14094 7.970159729680779 386826 
1134 1153 14028 67.00702498618674 437404 
1135 1153 15403 47.82458385477707 387895 
1136 1154 14788 7.964412491009697 379041 
1137 1156 15372 17.622020110208734 424814 
1138 1158 14822 79.54122914244465 412410 
1139 1160 14331 11.25024903716514 427537 
1140 1161 14846 41.5702900128706 395853 
1141 1161 15969 57.49246737957329 429190 
1142 1162 14372 26.27617827958473 446428 
1143 1165 14164 1.9186651552769551 432164 
1144 1165 15943 49.91602106982925 434960 
1145 1165 15763 13.683679411450159 422550 
1146 1168 15726 32.63871730908873 441699 
1147 1168 14237 32.10228002498516 382222 
1148 1169 14347 60.37212451893866 429780 
1149 1169 14734 87.2593425616588 436372 
1150 1169 16003 31.61071572462437 403123 
1151 1171 15816 48.63480393160758 387377 
1152 1174 14470 58.311336319821656 451059 
1153 1175 14106 66.876250017965 445268 
1154 1175 14106 7.566154486846698 455442 
1155 1175 14416 11.36673329515667 381288 
1156 1176 14007 23.31972269006831 412278 
1157 1176 15550 54.18700231736387 433928 
1158 1178 15890 40.6744945022905 408877 
1159 1182 15212 24.332062270272072 430386 
1160 1183 15177 41.02385229537424 413471 
1161 1184 14295 75.67744158217411 420524 
1162 1185 15105 45.30473520717183 440374 
1163 1185 15674 68.2675817877022 416480 
1164 1186 14657 5.874783991981272 445342 
1165 1187 14485 50.129196506892285 411611 
1166 1188 14867 72.07822073385896 376725 
1167 1188 14729 56.09589079272867 392329 
1168 1190 15060 52.9570350214876 467407 
1169 1190 15605 80.39618203539581 441715 
1170 1191 14375 89.9355918711996 465807 
1171 1194 14050 3.604439483494705 398536 
1172 1194 15236 49.50924121640857 432866 
1173 1194 15466 6.323208029407484 384696 
1174 1198 15981 86.28663127693774 429258 
1175 1199 15585 8.361204775286684 397860 
1176 1200 15045 45.087700695583976 387900 
1177 1200 15040 11.70851537822558 435095 
1178 1201 15839 64.84821268040702 379380 
1179 1202 14393 60.161717841083735 437051 
1180 1202 15040 20.211707052786526 428143 
1181 1203 14104 46.155281908272435 444773 
1182 1205 14051 23.96400868773005 458181 
1183 1206 14508 76.51062995432824 415678 
1184 1209 15650 58.60150873261661 463097 
1185 1209 14846 78.092025711689 407536 
1186 1210 14734 15.774036405493023 391756 
1187 1211 14939 9.047402442564595 403226 
1188 1211 15626 65.59375822152175 385516 
1189 1212 14176 18.937339347005825 380348 
1190 1213 14566 4.40297418572291 432593 
1191 1214 15490 38.11637818965943 403237 
1192 1215 15084 85.23323312118909 451371 
1193 1215 15026 58.8594858284287 424642 
1194 1216 15151 21.43827217329274 380147 
1195 1216 14343 87.04927068728303 452428 
1196 1217 15249 76.70639922698116 417057 
1197 1218 15218 80.29645006453444 403392 
1198 1219 14712 29.964303225119334 449644 
1199 1221 15855 30.632766637957985 387280 
1200 1223 14838 1.1601736306146393 428014 
1201 1223 15763 49.52693675215867 423663 
1202 1225 14385 73.04870161404503 465661 
1203 1225 15440 43.491316963857194 462872 
1204 1225 15615 5.226044779363495 420601 
1205 1226 14047 65.81376237222737 432792 
1206 1226 14419 63.15290777635369 412295 
1207 1226 15077 17.678575963490434 459838 
1208 1226 14281 14.26986976118963 437214 
1209 1227 14211 19.213284058804692 468260 
1210 1227 14946 3.6653763510019184 375397 
1211 1228 15339 41.17538399140026 399545 
1212 1229 15228 33.63296585963407 404856 
1213 1229 15682 13.978601701547868 388693 
1214 1232 15068 34.81059860037079 403224 
1215 1232 15015 73.66739398053171 424986 
1216 1235 14415 3.6128743801405094 419472 
1217 1235 15393 83.37980514279936 371584 
1218 1236 14647 53.762424828756494 385571 
1219 1238 15900 8.158058605209781 460077 
1220 1238 15528 88.41060752496666 381601 
1221 1239 15343 14.577714542425404 453502 
1222 1241 14552 69.25707762649319 441751 
1223 1244 15907 71.27680014133864 428088 
1224 1244 15817 82.47134578737115 376719 
1225 1247 14460 30.608685437338128 461894 
1226 1247 15689 75.65306919607042 399367 
1227 1248 15249 1.440501732190977 424624 
1228 1248 14663 77.70640912258776 413775 
1229 1249 15639 86.66439626305777 394737 
1230 1250 15669 12.563756075186983 419204 
1231 1252 15000 1.7535835025038697 442427 
1232 1253 15833 23.060678053370363 439063 
1233 1254 14186 8.41666633862635 459975 
1234 1254 14980 49.55689596312562 445254 
1235 1255 14719 49.48848501485485 395005 
1236 1257 15239 21.359354384968608 396153 
1237 1257 15612 1.0676869279494434 419498 
1238 1258 15611 33.84535438650151 395282 
1239 1259 14583 38.7362101423209 450056 
1240 1260 15570 10.67999511205929 427471 
1241 1262 14365 78.8447449570031 437723 
1242 1264 15766 61.99043682109057 387346 
1243 1264 15247 28.15270340386126 418219 
1244 1265 14814 83.83569638179195 387739 
1245 1265 15787 2.482052818030673 445229 
1246 1267 14267 62.89815307808261 464467 
1247 1268 14296 38.35405348811764 426939 
1248 1268 15061 40.536802553250865 424170 
1249 1269 15897 70.79227150582699 451322 
1250 1269 15255 19.0486074334354 459415 
1251 1273 15201 63.45286828831267 401184 
1252 1273 14765 37.68508878802375 406166 
1253 1275 15502 74.76116010575252 379678 
1254 1278 15052 50.430733429414914 433607 
1255 1279 15747 19.253405582213567 423030 
1256 1279 14957 19.467971978272427 393670 
1257 1280 14293 72.72941471056069 428750 
1258 1283 15287 63.15639680240263 431032 
1259 1284 15926 22.869492145149753 439199 
1260 1284 15276 54.62191366023862 382975 
1261 1285 14921 51.70106611903286 420957 
1262 1286 14469 67.05891443273583 459345 
1263 1286 14067 21.63376835974045 457904 
1264 1287 14481 81.23993779009216 466643 
1265 1289 14823 10.866801080329843 449658 
1266 1289 14447 19.148094452553362 370133 
1267 1290 14209 65.51471253429523 431356 
1268 1292 14882 88.38136163199096 433975 
1269 1293 15303 26.13503508361321 372014 
1270 1293 14537 4.955221449955744 390003 
1271 1293 15452 83.97722370554068 376549 
1272 1295 14450 66.69591188141332 380107 
1273 1295 14983 86.81866409818751 375339 
1274 1296 15171 26.901035295087784 377176 
1275 1297 15440 85.24653244029085 444289 
1276 1297 14442 12.912179148407672 466463 
1277 1298 14066 14.449639718822796 418584 
1278 1298 14047 22.19074499741892 428088 
1279 1299 15585 15.379799233454467 469517 
1280 1301 15418 1.017050235223457 372650 
1281 1301 15522 87.13972295273076 383554 
1282 1301 14772 5.644370939586405 424864 
1283 1307 15579 5.563972113231241 374500 
1284 1309 15532 7.525046953533039 425285 
1285 1309 14877 35.84703092306192 418584 
1286 1309 15014 79.93134232726307 416803 
1287 1310 15433 59.36436480322952 450324 
1288 1310 15264 27.9315085828229 438858 
1289 1311 14142 1.4788999390147666 464643 
1290 1311 14511 30.31526719969385 458125 
1291 1312 14681 15.411004912931375 399337 
1292 1313 14311 23.269774525737173 432351 
1293 1313 15687 27.86222554232825 381019 
1294 1316 14457 84.44541260372546 409450 
1295 1316 15174 54.73957175863133 392607 
1296 1321 15280 23.63301990179474 403710 
1297 1322 14510 71.13948090822865 394734 
1298 1322 14815 12.738479137033346 394692 
1299 1322 14320 78.82879388618392 439322 
1300 1322 14559 21.49259905035234 419719 
1301 1323 15883 72.99762786570297 396358 
1302 1324 15994 53.92855192164495 420768 
1303 1324 14797 22.225284442529865 375223 
1304 1325 14048 9.906098876331233 393344 
1305 1325 14468 11.867646598580647 434169 
1306 1325 15282 51.37771150677524 447572 
1307 1326 14289 64.70377862013666 434881 
1308 1326 14640 66.53543149827378 450540 
1309 1331 14074 49.65549055188165 439903 
1310 1331 14214 73.4017077239951 417507 
1311 1332 15802 87.77223008249877 463520 
1312 1333 15245 40.30901026024555 389238 
1313 1334 14958 69.2589468010784 386682 
1314 1336 14817 34.748837100269235 433249 
1315 1336 15445 3.6174043679114694 419062 
1316 1338 14365 7.196054784262698 458038 
1317 1338 15299 14.324825361126805 396101 
1318 1339 14717 81.70457716735369 400745 
1319 1340 14772 54.05826518207432 370488 
1320 1341 15561 24.653911959471188 383082 
1321 1342 15638 24.540084204390247 453033 
1322 1343 15178 73.59142769034021 399110 
1323 1343 15949 16.40457282973937 440986 
1324 1344 14072 43.6119261480992 388748 
1325 1345 15623 75.5453844816671 434603 
1326 1346 15393 46.14413059680233 466388 
1327 1347 15656 68.76978004303672 450733 
1328 1347 15524 14.044488362038061 451464 
1329 1348 15344 88.8552314222036 418150 
1330 1353 15645 80.5167166595328 372808 
1331 1357 15201 46.40717052608195 418468 
1332 1357 14513 77.20402556186923 453373 
1333 1357 15493 83.14047215104696 443488 
1334 1358 14752 62.95595184323306 440456 
1335 1358 14981 78.14193175259953 456174 
1336 1359 15836 22.72242988117789 446559 
1337 1359 14723 83.27721541406004 448097 
1338 1360 14492 58.14504036792024 408650 
1339 1361 15572 84.22763889118455 459868 
1340 1361 15526 45.09388591388277 429727 
1341 1362 15394 80.96410367587751 448192 
1342 1363 15978 19.42133235734613 425154 
1343 1364 14008 85.20659806766042 386121 
1344 1364 14681 7.8665153190490305 432883 
1345 1365 15649 38.13228052390854 389527 
1346 1368 15159 21.180603392278858 463838 
1347 1368 14735 89.61913202280347 384423 
1348 1368 15984 2.009761069767352 399784 
1349 1368 14017 20.764880824075085 420215 
1350 1369 15766 11.900937565888004 401084 
1351 1370 14371 79.66523757275418 407302 
1352 1371 14460 87.88188880097366 425227 
1353 1374 14599 66.18918969227816 438811 
1354 1374 15325 5.938619985885431 463011 
1355 1375 15066 42.97838770033128 448414 
1356 1375 14706 40.637024591332114 467571 
1357 1376 15290 4.584632725296359 371308 
1358 1376 14675 83.07404543029014 461710 
1359 1376 15053 76.22555313147376 456868 
1360 1376 15663 31.550526096791547 384545 
1361 1377 14168 81.09060481054502 407477 
1362 1378 15212 12.52162881685448 418952 
1363 1378 15728 46.38228251921202 379688 
1364 1379 14567 79.88661379023814 396298 
1365 1379 15661 43.54378390408511 378233 
1366 1380 15894 45.39218502873176 464273 
1367 1381 15735 66.40718336014616 395450 
1368 1382 15381 83.73027477743099 392375 
1369 1382 14975 57.096759566428425 466602 
1370 1383 15095 22.389466026618273 457724 
1371 1383 15702 28.600341333403474 377054 
1372 1383 14565 47.51341496426187 460431 
1373 1383 14813 34.61638146358466 443809 
1374 1384 15406 22.505746855869486 391159 
1375 1385 15232 22.661053687897446 423099 
1376 1388 14493 88.29240151502317 469203 
1377 1388 14116 56.61654648766821 454542 
1378 1389 15018 12.07443198093465 455852 
1379 1391 14855 78.42472488078215 371142 
1380 1391 15170 34.46328118446348 379614 
1381 1394 15002 19.962044008272507 415613 
1382 1395 14626 52.684476190288045 400610 
1383 1397 14436 36.86796643694145 441040 
1384 1397 15619 37.15541111479653 380658 
1385 1398 15520 63.08607398674495 429377 
1386 1399 14691 23.818722215450133 379789 
1387 1399 14685 63.963311174021484 392332 
1388 1400 15506 60.09429434986698 427246 
1389 1402 14479 76.23382183773305 447125 
1390 1402 15067 78.39207516743443 431778 
1391 1403 14386 8.561430797951282 443521 
1392 1403 15255 48.25347450210897 401280 
1393 1403 15776 34.451832784248104 372793 
1394 1404 14076 48.14849135480734 383756 
1395 1406 14568 53.1374590505241 381510 
1396 1408 15185 47.34207134227637 379659 
1397 1409 15526 86.31013974387696 431556 
1398 1411 15856 84.59822807588833 404410 
1399 1411 14223 15.772806968705737 397424 
1400 1412 14800 34.39712900177895 452582 
1401 1415 14526 86.55857427297548 405435 
1402 1417 15410 23.62270268070685 461612 
1403 1419 14003 38.20907853071475 387097 
1404 1419 14898 2.952551520656392 463469 
1405 1419 14073 21.792337024855687 451538 
1406 1421 15040 89.71349975764676 458544 
1407 1422 14052 15.821062933006166 423226 
1408 1424 15264 78.82198503087086 453326 
1409 1426 15565 12.218053960599486 394394 
1410 1429 15985 62.27675065535254 427371 
1411 1430 15223 4.395440641527149 438430 
1412 1433 14638 44.39207141069992 381446 
1413 1433 14702 56.37490449694565 424377 
1414 1436 14346 26.407491156535755 469218 
1415 1439 14152 26.327192282060373 389250 
1416 1439 14941 73.03919737367075 456471 
1417 1442 14447 81.12450433959441 375864 
1418 1442 14017 3.375286244709073 454816 
1419 1443 14471 2.449360157308758 453725 
1420 1445 14678 53.161172650634015 380113 
1421 1448 15025 61.54178097804776 443008 
1422 1448 14269 44.50260058344749 405993 
1423 1450 14683 26.967458254344184 412387 
1424 1450 15281 31.31549324472422 402610 
1425 1452 14171 25.97673910594299 401649 
1426 1453 15317 72.8801902500517 388766 
1427 1454 14183 45.94289128885041 379004 
1428 1455 15744 76.54788696878447 393527 
1429 1455 14273 2.8817927320666166 407799 
1430 1457 14387 82.6199729721372 383114 
1431 1458 14538 6.242500524671082 455521 
1432 1459 14869 12.190826815962753 466242 
1433 1460 14902 79.2965675371172 441088 
1434 1462 14378 42.16082267060911 376552 
1435 1463 15347 77.59252215937634 385677 
1436 1463 15138 44.879158459937884 375730 
1437 1464 15670 64.9865122795191 428334 
1438 1464 15823 54.22896740811038 387729 
1439 1465 14516 5.773522298057428 394904 
1440 1467 14954 19.63179719032877 408551 
1441 1467 14533 59.26928798353821 372635 
1442 1469 14839 37.6017207649462 434487 
1443 1473 14600 27.343111195956528 408096 
1444 1474 14566 32.20811480349664 386665 
1445 1475 15084 60.158715121346965 460828 
1446 1475 15938 68.24899388543784 426919 
1447 1477 15566 64.57725890524935 441443 
1448 1479 15839 75.89300248983601 464706 
1449 1479 14035 46.31334086950078 411652 
1450 1480 15408 80.04113877744915 457129 
1451 1480 14435 11.576796394642944 371340 
1452 1481 15542 75.77109552006105 427892 
1453 1482 15260 22.81967707974164 382382 
1454 1482 15068 36.243357128503646 460621 
1455 1484 15978 63.229533724818744 437690 
1456 1485 14210 76.66616572217364 465346 
1457 1486 14253 76.8872269726212 414459 
1458 1488 14670 47.63032564337885 422291 
1459 1492 15240 86.95783037749138 431805 
1460 1494 15417 53.46630789044046 413912 
1461 1494 15701 78.35482864201684 465572 
1462 1495 14319 27.949669661639117 382242 
1463 1495 14662 48.97771309818642 468227 
1464 1496 14160 75.78290686687826 407919 
1465 1496 14505 77.69888800962796 370096 
1466 1496 15398 53.52561183056826 393966 
1467 1497 15315 23.31183523991177 436132 
1468 1497 15435 12.792096977157751 442252 
1469 1499 15080 25.927003512131904 426181 
1470 1500 14356 22.767783906228424 449501 
1471 1502 15634 3.974583491096821 400731 
1472 1503 14637 55.482926458176436 432851 
1473 1504 14829 8.872260470944454 387213 
1474 1504 14336 31.86660393660298 372010 
1475 1505 15846 45.68033272468818 442387 
1476 1506 14335 71.78317939403514 446092 
1477 1507 15255 49.13940033246834 437484 
1478 1508 15058 38.865988649999636 373957 
1479 1509 15259 31.85948008268322 418348 
1480 1511 15826 53.70836283102257 442577 
1481 1514 14652 89.07500712437223 431365 
1482 1514 15524 80.19185962818199 423803 
1483 1514 14933 61.54451193926566 436229 
1484 1516 14062 68.17868340192626 410568 
1485 1516 15231 47.586457624168425 441000 
1486 1520 14334 40.92153371270609 466283 
1487 1520 14480 19.31011468033527 412015 
1488 1521 14853 11.374311833645487 377295 
1489 1521 15019 9.261905518015263 398896 
1490 1522 14719 52.36203764050587 385725 
1491 1523 15454 62.88248405253174 461092 
1492 1524 15853 5.957533943990436 410221 
1493 1525 14789 67.72322487467044 440992 
1494 1526 14551 18.714708836048075 393886 
1495 1526 15977 9.477949932422291 400401 
1496 1527 14437 21.947318374427333 380440 
1497 1529 15040 73.44376816424197 444236 
1498 1532 14992 1.6253407896388858 424765 
1499 1533 14816 78.18649174412845 422145 
1500 1535 15563 55.263635049168904 449157 
1501 1535 15815 79.45408399808868 382161 
1502 1536 15390 78.50813035339789 400946 
1503 1536 14362 29.550519651034385 411396 
1504 1537 15971 30.394235556723128 455264 
1505 1537 15054 11.226449144725997 427287 
1506 1539 14581 27.398020426247378 385073 
1507 1541 14591 10.774988998478545 435761 
1508 1541 14146 27.725677967255606 468937 
1509 1545 15101 41.874456279726964 438249 
1510 1545 14352 59.148043152663135 433377 
1511 1546 14344 29.955309836502597 384854 
1512 1546 15025 12.397947548852118 440094 
1513 1547 14137 85.06993577329652 425330 
1514 1547 14719 22.31234987683095 396070 
1515 1549 15347 23.953584568093188 380097 
1516 1549 15555 75.33262887177045 450474 
1517 1549 15687 71.06334872982966 451815 
1518 1549 14191 4.236535483835947 376657 
1519 1550 14429 48.3347631998602 438284 
1520 1551 14214 32.27206664217647 373059 
1521 1551 14005 17.039518678802974 378799 
1522 1551 14719 26.923988698162553 421781 
1523 1552 14285 54.68044543196059 378955 
1524 1554 15564 45.918684640866495 417479 
1525 1554 14456 81.68637818460518 438933 
1526 1555 14531 5.257176697952004 407737 
1527 1555 15667 61.69033395245371 424905 
1528 1555 14721 69.78581270704933 462110 
1529 1556 15490 37.75318913992726 407850 
1530 1557 14674 14.145715284614825 468613 
1531 1558 14691 72.51527973581678 440518 
1532 1559 14369 51.78151326598443 464819 
1533 1561 14034 42.59889471924664 432964 
1534 1561 14102 30.246282387791176 455433 
1535 1566 14882 54.2965707196156 463109 
1536 1567 14471 53.53314363534136 388640 
1537 1568 14137 30.599880261461628 469829 
1538 1568 14108 42.75387816494083 426204 
1539 1569 14692 36.952719031764616 441281 
1540 1569 14718 1.5347159972367934 386097 
1541 1570 15774 82.08414825822379 448847 
1542 1571 14749 74.08187998675184 430448 
1543 1572 15995 54.507767094747415 384779 
1544 1572 15997 36.438179928558114 467420 
1545 1573 14213 47.385668004807165 438098 
1546 1575 15147 26.52302067200919 425623 
1547 1575 15709 32.432757976683604 468503 
1548 1575 15639 16.868754401906017 397155 
1549 1576 15280 1.8713573170186182 384116 
1550 1576 14341 66.2751159581283 389106 
1551 1582 15937 16.867694546704872 415550 
1552 1582 15457 14.419624376080735 438359 
1553 1582 15968 46.48155832583178 437913 
1554 1583 14100 37.38231921202954 421395 
1555 1586 15607 28.443244583277142 460798 
1556 1586 15839 30.471186213176253 422943 
1557 1587 15274 12.043851358703256 459585 
1558 1587 15585 25.874610618254827 382715 
1559 1588 15204 5.976378795206498 393316 
1560 1588 15928 35.276135996957464 430370 
1561 1590 15591 68.56679067828158 381390 
1562 1590 15931 32.57736359366474 413135 
1563 1590 14545 80.92763364248712 392480 
1564 1591 14769 31.128391599021207 463173 
1565 1591 15678 69.54002232435879 390641 
1566 1594 15532 57.8915115142371 441783 
1567 1594 15003 70.48579598364489 444960 
1568 1595 14752 57.69140968766515 400142 
1569 1595 15364 1.5232184005350693 442883 
1570 1595 15585 14.950295102913 465101 
1571 1595 15876 21.097713300668723 463469 
1572 1597 14464 89.27584491845819 436456 
1573 1599 15955 62.57607734462543 467897 
1574 1599 15425 45.67615158156982 404702 
1575 1600 14352 87.37533570977568 399430 
1576 1601 14167 39.12834824536695 418125 
1577 1601 14365 87.15617111279876 446253 
1578 1601 14560 80.06221411709194 392723 
1579 1605 14727 38.4613105318047 415562 
1580 1605 14252 79.97846405071327 440863 
1581 1608 14459 39.73288634619294 374289 
1582 1608 15907 67.43681241510173 456922 
1583 1608 15180 42.87646561171833 439253 
1584 1609 15415 38.544471690042435 377287 
1585 1609 14360 89.30019976021555 387997 
1586 1611 15105 20.556338632838962 448542 
1587 1611 15354 64.07565572357083 374304 
1588 1612 15047 27.77030730746889 380958 
1589 1612 14144 69.97588920143137 402180 
1590 1613 15276 55.81620310414093 410938 
1591 1613 15383 89.38234683984487 458732 
1592 1613 14831 85.50854627139215 374370 
1593 1614 15395 20.64628465350092 394690 
1594 1615 15918 23.886714949751763 422712 
1595 1615 14345 61.50192701747047 391398 
1596 1615 14857 83.30855392800291 438859 
1597 1616 14646 82.94199780706913 375145 
1598 1618 15258 20.441410054185695 402653 
1599 1619 15818 27.0054124130364 384013 
1600 1620 14175 44.19488364276252 392477 
1601 1621 15807 31.365233787769583 432127 
1602 1621 15113 70.06004339588702 405741 
1603 1622 14298 10.08253380199274 411947 
1604 1623 15137 37.027366929305686 416420 
1605 1623 14104 79.33404089566133 425158 
1606 1625 14267 89.95466695606179 444586 
1607 1626 14235 17.808531205054333 457886 
1608 1627 15993 40.67780625229417 420651 
1609 1629 14057 16.321892229712947 386216 
1610 1631 15930 24.217396425356775 469632 
1611 1632 15739 51.219074633420334 460403 
1612 1634 14050 61.36605962259903 439988 
1613 1636 14316 12.140921308595 412853 
1614 1636 14156 70.37162500340462 458551 
1615 1638 14076 48.95089509965889 388750 
1616 1639 14692 63.21303484420035 428881 
1617 1639 14198 29.02784078854812 404571 
1618 1640 15856 6.940997667126492 434796 
1619 1641 14950 24.929166536634046 443720 
1620 1644 15918 19.977277018813353 377684 
1621 1644 14593 57.938973258891814 468258 
1622 1644 15657 78.64939471805218 453246 
1623 1646 16001 61.31961951821307 443379 
1624 1649 14360 61.62821413821686 380176 
1625 1651 15566 15.256281300718989 434948 
1626 1651 14135 65.88096779898794 385014 
1627 1652 15187 57.966553767364076 444838 
1628 1652 15934 70.00871325858722 375881 
1629 1657 14268 47.05450324025115 404670 
1630 1657 14528 76.46873458694782 392067 
1631 1657 14533 42.35777177392433 400113 
1632 1660 15601 71.66365826535342 376412 
1633 1661 15428 56.375165996311864 460912 
1634 1662 15269 79.0865716770305 409663 
1635 1662 15013 73.95541447783556 458066 
1636 1663 14660 4.507757879998939 401910 
1637 1666 14344 66.67184138534007 457874 
1638 1667 14637 5.325810335018681 380231 
1639 1667 14934 2.6927290395297176 397932 
1640 1669 14835 2.057183878064735 445989 
1641 1670 15171 83.81322789409171 404966 
1642 1670 15267 30.286300023127666 400742 
1643 1671 14663 68.36074868097977 462766 
1644 1672 14119 54.93882902113688 402339 
1645 1672 15750 84.72046158255465 373625 
1646 1673 15631 80.58967264260082 469860 
1647 1673 14348 46.22612311831961 380280 
1648 1673 14838 45.906186794635936 451109 
1649 1674 15767 65.07046527634974 439932 
1650 1674 14371 27.79659624790317 415372 
1651 1675 15340 82.63772923669926 410973 
1652 1676 15049 75.50277922736059 438038 
1653 1677 14727 10.513332339127391 459913 
1654 1678 15688 45.0162609450583 452863 
1655 1679 15635 46.739834791728754 427629 
1656 1684 15322 82.40610622855458 421054 
1657 1684 15803 8.312599141623448 387428 
1658 1684 15245 34.27052267345824 372040 
1659 1684 15337 36.333464189571686 467545 
1660 1685 14365 6.722245781418918 417301 
1661 1685 14379 49.05829465311248 381876 
1662 1686 14050 50.88486017285352 436025 
1663 1688 15420 5.498111906435747 380199 
1664 1689 15720 9.948945161335153 379170 
1665 1689 15686 34.052009492588326 450950 
1666 1690 15052 55.94799773714741 420454 
1667 1692 15157 34.76469370113654 430899 
1668 1692 15552 87.87338673954811 440269 
1669 1692 14853 50.23646421534498 425339 
1670 1693 14627 54.11717349404205 387027 
1671 1693 14674 82.1890838636665 431179 
1672 1694 15507 44.82573797421146 417167 
1673 1695 14286 14.032736405685581 425538 
1674 1697 15865 54.32857073279907 439062 
1675 1698 14806 9.702955501431749 443022 
1676 1699 15250 80.38421049873696 433657 
1677 1699 15864 63.46276892089626 422756 
1678 1700 15045 70.04077533058465 411034 
1679 1703 14452 36.91421234752751 386780 
1680 1703 14273 35.91107041405149 403389 
1681 1704 15045 77.34450526210279 446144 
1682 1704 15153 8.545247252574725 454343 
1683 1704 14750 41.47112691794544 398195 
1684 1707 15663 32.447682017026274 463980 
1685 1709 14537 12.921438704968878 464189 
1686 1709 15596 4.871223733515183 419043 
1687 1709 14130 15.296349067212427 380183 
1688 1710 15825 15.40125777857914 416308 
1689 1710 14072 36.73201253499014 451858 
1690 1710 15927 60.80846483006535 404930 
1691 1711 15978 34.824679922945926 436677 
1692 1712 15325 75.51127660846464 412389 
1693 1715 14295 17.324028016137934 381693 
1694 1718 14100 7.222086006889937 453609 
1695 1718 15746 32.67261374267248 379871 
1696 1719 14546 74.20576446768658 434244 
1697 1719 14171 18.364847937352902 379923 
1698 1720 15445 76.09044981243638 454416 
1699 1721 14013 39.39227266765317 438433 
1700 1721 15261 34.89972626744316 416518 
1701 1721 15088 45.414946197954194 442489 
1702 1722 14420 49.13740278220963 460195 
1703 1722 15446 84.45191052913555 450061 
1704 1724 15218 27.52096846505218 424023 
1705 1724 15123 87.03100040006676 456912 
1706 1724 15462 87.28141167478752 462932 
1707 1725 14399 84.83454099733996 412037 
1708 1725 15208 32.667484009260285 402646 
1709 1727 15612 69.9264148176664 383531 
1710 1728 15636 11.566107852497707 370612 
1711 1729 14498 83.66305063464543 433047 
1712 1734 15849 64.03677550414508 439866 
1713 1734 14045 28.305020524635598 463594 
1714 1734 14800 48.223186809554704 435178 
1715 1736 15983 16.728051707811353 451120 
1716 1736 15757 20.225259666087187 378707 
1717 1736 14601 29.44133929426376 412170 
1718 1737 15299 38.22243952631762 413388 
1719 1738 15787 76.95271558380662 404687 
1720 1738 14741 85.86847763331309 390847 
1721 1740 14820 36.769199785567814 405657 
1722 1741 14685 75.40295783830129 378851 
1723 1741 15685 19.069371628861035 453611 
1724 1742 15424 8.897011265418634 415972 
1725 1742 14097 65.79572903711816 442048 
1726 1742 14149 72.20775391482941 406326 
1727 1743 15795 63.19993389869318 435399 
1728 1743 14800 54.7391666588885 454101 
1729 1744 14502 70.71969883529397 395880 
1730 1744 15298 27.615821793770724 376673 
1731 1745 15859 48.57799987688676 441512 
1732 1745 14252 27.536622800413458 422473 
1733 1746 14219 12.167405442662936 461377 
1734 1747 15373 83.42903957068127 445563 
1735 1747 15125 66.34352391443254 406643 
1736 1748 14128 10.371054652638232 423236 
1737 1748 14923 28.854485612588324 406690 
1738 1748 14308 58.02849799947616 441364 
1739 1750 14802 24.55698973673448 371520 
1740 1753 14145 46.913081073400775 370777 
1741 1753 14261 88.69152622544719 390753 
1742 1754 14975 49.34193661481426 425038 
1743 1755 15624 34.812418948441504 440366 
1744 1755 15736 39.68043825006278 388900 
1745 1757 15008 88.7103052449935 462581 
1746 1758 14916 30.126081411778284 458876 
1747 1761 15818 56.09043273188637 442314 
1748 1761 15980 21.875020002367226 461770 
1749 1761 14166 83.37776620455422 404198 
1750 1762 15896 14.4414510796812 467488 
1751 1762 14773 67.890376155393 399517 
1752 1763 15295 78.46701377091391 460767 
1753 1764 15889 74.75662705257952 421880 
1754 1765 15764 4.143294614745829 428046 
1755 1766 15677 80.23635301277785 458534 
1756 1766 14123 69.43802304004753 425450 
1757 1768 14801 29.776232143304153 453640 
1758 1769 15860 5.953728524418458 430904 
1759 1770 15999 64.49425220076603 430118 
1760 1770 15045 57.81028489550922 370736 
1761 1771 15698 76.35260080120825 451247 
1762 1772 14064 55.273122169826955 424713 
1763 1772 14765 59.81593616374218 463919 
1764 1777 14025 89.83527206980335 465722 
1765 1777 15763 53.79685493882685 384006 
1766 1781 15599 42.72547115080048 451990 
1767 1781 15161 22.241469765647203 468777 
1768 1782 15879 26.069660600794844 373097 
1769 1782 15689 11.096746252294825 448196 
1770 1783 14809 34.67758553177343 382992 
1771 1784 15011 8.580272254116725 396805 
1772 1784 14586 11.763641616319623 424997 
1773 1785 15784 79.52341280960955 445284 
1774 1785 15594 57.90125819974938 374106 
1775 1786 15999 23.101990069377816 418436 
1776 1786 15644 24.36554345985626 465552 
1777 1787 14337 58.757138508071606 457095 
1778 1788 14390 86.22245524942356 434372 
1779 1788 14307 39.265127562285905 389795 
1780 1788 14879 5.828752645451329 409179 
1781 1790 15656 22.370205345278183 437853 
1782 1790 14390 22.33236605283846 438489 
1783 1790 15798 61.9224617431293 427297 
1784 1791 15323 30.47046676959885 467823 
1785 1791 14258 85.06021621299607 421744 
1786 1793 15340 79.32274952295496 466974 
1787 1794 15321 57.88984106048153 442596 
1788 1797 14703 3.294216385863181 422109 
1789 1797 15493 53.556676865786315 449160 
1790 1798 15196 65.85361345029588 400587 
1791 1799 14868 79.45126800865364 439132 
1792 1802 15419 32.42605165949971 439600 
1793 1803 15319 85.57032188008726 378448 
1794 1805 14575 9.330251162228663 439744 
1795 1806 14055 11.497016068994258 374030 
1796 1807 14926 79.7244336596384 411494 
1797 1808 15706 77.89889211329272 390323 
1798 1809 15507 89.85664841262697 414211 
1799 1810 15053 50.78992032330076 462506 
1800 1810 14597 40.97933717719323 414281 
1801 1811 15480 1.5653623853500518 389266 
1802 1814 15817 67.25028310783509 423284 
1803 1815 15520 76.35687547611309 453004 
1804 1815 14952 28.028268590951573 394203 
1805 1818 15313 85.85278370406907 462168 
1806 1818 14005 47.71972432315797 394758 
1807 1819 15363 83.08208793457295 386873 
1808 1822 14585 38.177199504578084 402815 
1809 1824 15066 50.111241935152115 395341 
1810 1825 15824 56.312092121348485 440180 
1811 1826 15733 2.0434950874410363 404999 
1812 1826 15483 44.42860706545917 412950 
1813 1827 14577 89.54673732303809 395595 
1814 1827 14410 39.13721780231349 449530 
1815 1828 15973 50.65425222608963 448902 
1816 1828 15726 68.96975164738167 381267 
1817 1829 14856 78.04147645031131 431420 
1818 1831 14096 26.605811501035678 394015 
1819 1831 14289 84.29892583054033 461649 
1820 1832 14017 81.32464652408599 371164 
1821 1836 14156 87.53639554598206 436840 
1822 1837 14397 57.57327905683203 421481 
1823 1837 15664 4.670435376176782 374588 
1824 1838 15464 49.860793310665734 382982 
1825 1838 15705 17.00097745155862 383779 
1826 1840 14909 38.490441738655576 420283 
1827 1841 14838 48.71249657689542 432147 
1828 1841 15883 83.97577060010497 433858 
1829 1841 15488 43.34859595822419 402629 
1830 1841 15544 87.42157799923362 403706 
1831 1843 14781 24.70726388285481 386443 
1832 1843 14426 74.1845056534554 435213 
1833 1843 15382 16.244611845342174 419465 
1834 1844 14380 66.98954948391555 439523 
1835 1844 15925 25.461759428268945 400871 
1836 1845 15145 89.0600644310558 444417 
1837 1847 14030 38.38115485893876 381292 
1838 1848 14006 83.23047277653711 441034 
1839 1849 15761 49.159133771773114 377496 
1840 1850 15177 9.544887669928489 458199 
1841 1851 14186 78.13519665698115 401580 
1842 1852 15232 57.79807871454541 453868 
1843 1853 14399 60.85432765814381 384818 
1844 1854 14828 18.18547695610076 376722 
1845 1857 15098 89.02045533627704 464880 
1846 1859 15342 66.39558482459948 378860 
1847 1859 15907 24.592443449806723 379445 
1848 1861 14412 70.91721567135303 446830 
1849 1864 14833 80.36385077008872 416907 
1850 1864 15538 16.49536681864834 423585 
1851 1865 14378 19.977219636906366 426963 
1852 1865 14321 59.931661093014064 414740 
1853 1866 15447 4.247712440253265 387034 
1854 1866 15494 11.368407670810019 403996 
1855 1866 15891 45.00701061484117 381134 
1856 1867 15346 27.56719302000612 449401 
1857 1868 14343 89.70490738105563 466254 
1858 1870 15984 87.491693049998 469510 
1859 1870 14521 77.98933554010232 395747 
1860 1870 15768 25.957632154027184 469570 
1861 1871 15980 28.4933366197426 459982 
1862 1871 16002 12.423246902787628 377156 
1863 1871 14929 48.578863733777276 392281 
1864 1871 14655 41.9794100281137 391890 
1865 1872 15645 61.58640884515765 416953 
1866 1873 14885 46.045747371455604 450537 
1867 1873 14799 8.306704481268332 401937 
1868 1874 15993 64.90462353166993 436237 
1869 1874 15350 70.91897155277394 436216 
1870 1875 15592 69.86383285912855 379854 
1871 1877 14840 64.743620752782 417613 
1872 1877 15448 56.73560507873225 384181 
1873 1881 14246 31.17044353689135 410557 
1874 1881 14939 28.91126123967813 457123 
1875 1882 14370 69.5944728971768 440669 
1876 1884 15387 86.17740436362935 435155 
1877 1887 14088 2.520412830294681 419033 
1878 1887 14067 31.92929923177617 406338 
1879 1887 15865 24.963802394829308 408707 
1880 1887 15088 79.72582221177052 464920 
1881 1888 14359 79.09842174950809 438424 
1882 1888 14636 83.15982693387062 447689 
1883 1888 15729 6.816850163924535 463835 
1884 1889 15479 45.28464506792228 387861 
1885 1889 14575 81.2489127410082 431049 
1886 1891 14689 41.52734714770357 434459 
1887 1893 14006 36.33405502973509 425626 
1888 1893 15915 79.37137183705822 409640 
1889 1893 14749 75.8422104696048 371045 
1890 1893 15248 78.850409025273 425657 
1891 1895 14003 82.52209530621559 468677 
1892 1895 14690 81.08266283732559 389678 
1893 1900 14346 21.49909008710991 434047 
1894 1901 14549 53.533450215073344 424597 
1895 1901 14877 66.05645381462763 409906 
1896 1901 14434 69.70285504118358 390796 
1897 1901 15316 80.65110204906642 421748 
1898 1904 15655 49.77190405636532 461466 
1899 1905 14749 56.546241262626616 378837 
1900 1906 15200 2.226390491643902 451561 
1901 1906 14295 13.29483853920855 396875 
1902 1906 15754 14.422609003340382 375241 
1903 1906 15347 34.17343863091812 387593 
1904 1908 14465 45.52984289588839 442031 
1905 1909 14222 37.78248781877632 441402 
1906 1911 15023 16.037038630166663 458897 
1907 1912 14010 16.366441668231435 418921 
1908 1914 15274 79.9677968411182 447996 
1909 1915 14940 61.82007932781841 427488 
1910 1915 15620 1.6282856325192447 402710 
1911 1917 15604 22.75255504856974 410670 
1912 1919 15833 12.04340267308489 384765 
1913 1921 14853 15.287717355663414 453020 
1914 1924 14784 50.17410655745919 453448 
1915 1924 14331 38.203708225651766 457136 
1916 1926 14588 5.10842091044001 467974 
1917 1929 15941 31.490511526354084 398182 
1918 1929 14835 87.63953261640879 418089 
1919 1930 14356 29.549099361405435 419197 
1920 1930 15974 16.7758074267352 438182 
1921 1931 15525 33.131935293749905 427429 
1922 1931 14084 55.5673694669647 469244 
1923 1931 14503 80.75694907307373 442054 
1924 1932 15233 28.78579859101163 469134 
1925 1934 15211 71.61547153598207 458559 
1926 1934 15311 30.002320477272114 419675 
1927 1936 15346 68.43677183883844 415783 
1928 1937 14102 65.56655507411958 381950 
1929 1939 15243 8.069721508357675 390274 
1930 1939 14491 18.302949094178167 419834 
1931 1939 14024 21.10637924492364 457645 
1932 1940 14656 89.25659138636398 453315 
1933 1940 14596 86.58072680701235 447573 
1934 1940 14985 88.30673215311715 450518 
1935 1942 14365 52.02018883539686 400686 
1936 1942 14294 84.9969540248103 411588 
1937 1942 14413 30.50831442242603 387948 
1938 1943 14668 67.25690403510052 428142 
1939 1944 14536 63.89199081097665 406542 
1940 1945 15891 35.55234010857163 440762 
1941 1945 15332 35.43544930588324 398793 
1942 1945 15899 72.47870451728873 461331 
1943 1946 14482 34.95939634309431 462079 
1944 1951 15891 79.79363510792115 405238 
1945 1951 14960 22.457455589971136 383873 
1946 1951 14144 3.499306754962042 413883 
1947 1951 14003 2.359435452400348 370092 
1948 1952 15603 84.48417319124762 394031 
1949 1952 15459 81.59713900080624 439151 
1950 1953 14389 9.077060918039319 397950 
1951 1955 14918 10.882037315443583 374560 
1952 1955 15367 70.7012913009592 456362 
1953 1956 14117 30.12152913781 379491 
1954 1961 14506 84.97899353278615 452089 
1955 1962 15455 40.22884644837309 442539 
1956 1962 14588 87.71216482885644 410577 
1957 1963 15558 47.49497470534433 451589 
1958 1964 14439 39.93926179035712 401208 
1959 1964 15001 83.6945626730077 422426 
1960 1966 14073 10.853607059640561 404692 
1961 1967 14048 4.79399938215976 467721 
1962 1969 15821 45.150772003232234 413580 
1963 1970 14963 8.421902017446254 456597 
1964 1972 15467 73.27368719243147 415617 
1965 1972 15180 2.6547126467966673 410001 
1966 1973 15987 71.57164063130794 447345 
1967 1974 15717 48.4129528376525 393660 
1968 1976 14488 44.32204799000762 396502 
1969 1978 15956 38.998906499016464 459713 
1970 1978 14379 65.28114927254501 372858 
1971 1978 15538 8.608610236951549 400179 
1972 1979 14955 86.48790016636625 401501 
1973 1979 14372 42.06238413543032 411948 
1974 1981 14820 38.070804904528735 387844 
1975 1981 14134 83.37234070998485 437703 
1976 1982 14201 58.10954327993347 460403 
1977 1982 15919 33.3921781891444 376161 
1978 1983 14744 83.65848911279748 423685 
1979 1983 14224 16.9630946630598 397624 
1980 1984 14670 58.78857968591467 374839 
1981 1984 15056 48.07685890741144 410894 
1982 1985 14908 13.896137009993696 468820 
1983 1986 14478 78.51886348042156 404340 
1984 1986 15035 33.93587453525537 409784 
1985 1987 15506 45.82448221470567 466528 
1986 1989 14481 9.024210200096876 465162 
1987 1989 14655 41.07104245669485 415846 
1988 1989 15246 64.30374748187873 405614 
1989 1991 14927 79.02011484317255 429329 
1990 1993 14699 22.909600385856475 376864 
1991 1994 15759 42.90994471445222 403194 
1992 1994 14215 10.796249970578447 467532 
1993 1996 14448 40.12204418646894 460266 
1994 1999 15979 85.62636993654658 406255 
1995 1999 15315 31.07056920940789 462398 
1996 1999 14511 43.33521841645477 420065 
1997 1999 14835 82.96820942832065 371395 
1998 1999 14004 87.53563333633788 463941 
1999 2000 14022 75.53304128109244 435716 
2000 0 15015 64.66343639605994 394727 
