1 13 28 0.3946752516268337 3826 
2 13 21 0.7284536632860467 3854 
3 16 13 0.32905302114660384 3779 
4 16 14 0.45641393383321555 3729 
5 18 21 0.615112584211576 3849 
6 18 33 0.4126903571862367 3811 
7 23 30 0.4240514328400174 3868 
8 23 25 0.36642599825009403 3741 
9 23 21 0.38459757698907326 3854 
10 25 18 0.031937322430319 3848 
11 25 33 0.8828252990427217 3710 
12 25 18 0.2882942588224539 3868 
13 29 13 0.5912440445205409 3709 
14 29 29 0.6566693974201497 3714 
15 31 19 0.7466984248438513 3754 
16 31 22 0.7204878157964718 3764 
17 37 28 0.5869291538631031 3876 
18 37 14 0.1348558623484061 3843 
19 39 14 0.4003331835666892 3837 
20 39 25 0.225831273630864 3851 
21 39 14 0.38157926207123155 3848 
22 39 33 0.5424173896965733 3701 
23 41 27 0.596410283044701 3862 
24 41 23 0.72111679019807 3852 
25 41 33 0.3260569448481339 3868 
26 41 18 0.8145680109052691 3800 
27 46 27 0.514031754059371 3895 
28 46 32 0.8386371519319431 3848 
29 47 32 0.410135271351104 3842 
30 47 32 0.7584368792801921 3822 
31 47 22 0.14605810085379797 3866 
32 49 24 0.013548889968069626 3856 
33 49 26 0.6013892596425978 3809 
34 49 21 0.4225816172424559 3830 
35 50 22 0.32778931694308594 3811 
36 50 20 0.526502209956274 3784 
37 50 26 0.5764177084840268 3707 
38 50 15 0.7986685531685196 3775 
39 52 13 0.16081669614545177 3785 
40 52 19 0.7811606194836708 3806 
41 55 15 0.5646140439051202 3875 
42 55 14 0.19987208234127807 3849 
43 55 28 0.8384701913388896 3839 
44 55 32 0.2311021421780478 3709 
45 59 15 0.19662387788284758 3702 
46 59 15 0.4033678613485392 3713 
47 62 14 0.8664662320756076 3810 
48 62 15 0.8677634628003904 3850 
49 62 23 0.32008057590690847 3825 
50 65 13 0.204909507458362 3773 
51 65 31 0.02007070515536489 3732 
52 68 29 0.7871433076625818 3743 
53 68 31 0.06334093530704674 3799 
54 68 32 0.3903333330799541 3762 
55 70 33 0.2839903938148684 3750 
56 70 31 0.051777689384340624 3729 
57 70 16 0.6064249941249678 3725 
58 70 19 0.5850684534412303 3828 
59 71 19 0.33802189930722154 3728 
60 71 20 0.7493053802514038 3846 
61 71 15 0.7965513334534275 3716 
62 74 31 0.23475308738486386 3880 
63 74 22 0.36208363909845054 3824 
64 74 23 0.4492298516177485 3849 
65 75 32 0.5570829589994406 3794 
66 75 24 0.20419756735410602 3851 
67 75 25 0.5522869912036831 3818 
68 78 18 0.7330749182260239 3707 
69 78 25 0.20801291766848026 3865 
70 84 23 0.32624214751735814 3728 
71 84 13 0.6962851797467898 3766 
72 88 21 0.040918933128240645 3732 
73 88 20 0.6735485096590249 3821 
74 90 28 0.7893925508840449 3755 
75 90 19 0.19736829951414583 3833 
76 90 23 0.014660130848033762 3745 
77 95 18 0.3071264265115996 3732 
78 95 19 0.6590128773894681 3803 
79 95 16 0.042437854962338435 3853 
80 95 32 0.745622104920916 3698 
81 97 14 0.8204498053104552 3754 
82 97 24 0.1823718211033968 3796 
83 97 17 0.3450415343160138 3796 
84 99 15 0.3189445128346279 3695 
85 99 31 0.4831775865173945 3813 
86 100 24 0.42372211936907916 3737 
87 100 32 0.116651022443266 3757 
88 100 33 0.8581276158323964 3817 
89 100 21 0.5086857152731565 3717 
90 102 28 0.31904378724114796 3707 
91 102 13 0.8923531672754834 3857 
92 102 26 0.5602782463216402 3749 
93 104 18 0.4551050994921307 3757 
94 104 25 0.7921463150153296 3769 
95 106 23 0.5696242228949766 3805 
96 106 13 0.3803131644370625 3754 
97 106 20 0.827915907759867 3745 
98 106 32 0.46898613736065736 3707 
99 120 30 0.07469022316821691 3758 
100 120 24 0.7034212705519953 3794 
101 120 17 0.7250794441125228 3828 
102 121 24 0.7973289130850111 3813 
103 121 32 0.7069329720025731 3768 
104 121 30 0.6680339839992415 3837 
105 122 14 0.2671884723711617 3721 
106 122 30 0.4290824468363723 3839 
107 132 17 0.8610836481673195 3880 
108 132 25 0.6891597033875256 3860 
109 136 19 0.6611258866529897 3877 
110 136 19 0.3742866853940742 3894 
111 136 27 0.5639397009116294 3869 
112 136 27 0.22389071237750696 3876 
113 137 32 0.791363225493016 3849 
114 137 16 0.4635569886274126 3801 
115 137 32 0.7383897551717625 3800 
116 137 31 0.45726473658364836 3797 
117 138 32 0.08980873057446033 3878 
118 138 32 0.655630264878615 3796 
119 138 17 0.5751464109218429 3831 
120 139 25 0.014501608805434777 3757 
121 139 19 0.8620054311933762 3742 
122 143 13 0.22282376514968036 3875 
123 143 21 0.32792342805110436 3842 
124 143 14 0.6771349306950554 3868 
125 144 16 0.16736468815717548 3890 
126 144 22 0.7215850700816704 3797 
127 146 23 0.06900825712101864 3744 
128 146 27 0.6904385884610623 3872 
129 150 30 0.8179479343293835 3768 
130 150 16 0.8031564399159055 3734 
131 150 32 0.025473668036745032 3828 
132 153 21 0.4182849835897225 3696 
133 153 33 0.5853304737358105 3843 
134 153 18 0.5313835502865573 3836 
135 153 25 0.8836412025041337 3778 
136 156 31 0.7962153214312714 3754 
137 156 17 0.08547552429565305 3839 
138 159 20 0.879559956528745 3726 
139 159 23 0.8465765104333443 3852 
140 159 24 0.428567834217856 3835 
141 159 21 0.5479035135153256 3862 
142 160 19 0.6678230449067131 3817 
143 160 16 0.4076324176290996 3709 
144 160 28 0.5128199032856977 3884 
145 160 19 0.560415325332495 3829 
146 161 15 0.13960268978683615 3864 
147 161 28 0.5354802174548535 3780 
148 161 18 0.26557953873123935 3889 
149 162 16 0.4666820810409619 3725 
150 162 21 0.03653642378819714 3696 
151 162 32 0.46429997326469247 3849 
152 162 14 0.44035384050378934 3725 
153 164 29 0.611883507764915 3702 
154 164 17 0.7210803751418247 3704 
155 164 20 0.18600942916991448 3844 
156 167 22 0.3944439407524569 3743 
157 167 16 0.280430942829639 3836 
158 167 21 0.8114320272507434 3762 
159 168 31 0.11887729063665729 3767 
160 168 29 0.4643993878093712 3756 
161 168 26 0.37409271506617736 3880 
162 171 20 0.7406105172430187 3715 
163 171 32 0.850809445934995 3714 
164 172 26 0.8008753587468329 3786 
165 172 29 0.1383249000311265 3739 
166 172 33 0.8527017957702265 3789 
167 177 13 0.3787500817551274 3704 
168 177 18 0.3077758086011694 3791 
169 177 17 0.7938446706355353 3725 
170 177 14 0.7486740587278 3768 
171 178 17 0.40237287473652733 3784 
172 178 16 0.2876365776994918 3745 
173 178 15 0.2556693401196797 3876 
174 178 30 0.3160071770871862 3847 
175 179 19 0.023809490276656665 3761 
176 179 27 0.6630249503882859 3846 
177 182 13 0.06742659614699047 3821 
178 182 30 0.29616120329727225 3830 
179 182 33 0.2684287635924904 3736 
180 195 13 0.15306254354313245 3733 
181 195 32 0.11765255114456351 3780 
182 197 23 0.08425508015795742 3814 
183 197 24 0.6819204913403611 3808 
184 197 24 0.468311966736475 3762 
185 197 13 0.23842541092070482 3695 
186 198 27 0.8675438610918534 3876 
187 198 22 0.6110933514839907 3807 
188 198 31 0.2979900073937297 3703 
189 202 16 0.07228526233753688 3697 
190 202 30 0.05557086298993266 3719 
191 210 15 0.4645628196326951 3758 
192 210 22 0.5849526984691126 3829 
193 210 31 0.849612072388676 3871 
194 210 28 0.4353207615166433 3736 
195 212 19 0.6726479210281983 3893 
196 212 24 0.6275688865730497 3843 
197 215 23 0.2532925443365031 3895 
198 215 20 0.48516052265269016 3762 
199 215 22 0.5676685460552435 3802 
200 217 29 0.4492466481095846 3811 
201 217 28 0.24560057480134181 3746 
202 217 18 0.6737792327055925 3823 
203 217 15 0.5161160367778351 3709 
204 219 17 0.17668256524914422 3732 
205 219 28 0.5302788807343456 3758 
206 219 29 0.5401120998236115 3763 
207 219 21 0.3467148698314197 3862 
208 222 28 0.7899743293012607 3865 
209 222 23 0.8230779126482854 3700 
210 226 22 0.5150074488899878 3892 
211 226 28 0.8949003653583951 3858 
212 227 17 0.7620348533382617 3838 
213 227 19 0.2540104701387805 3847 
214 227 22 0.13590416122502577 3890 
215 234 15 0.5715273489343516 3695 
216 234 21 0.6529773397110826 3720 
217 234 24 0.607881700819881 3770 
218 234 13 0.7035102332160525 3845 
219 235 23 0.4034914604059743 3711 
220 235 30 0.7161420734917928 3835 
221 235 32 0.7873643634658857 3728 
222 235 23 0.8497071376848259 3717 
223 238 26 0.8345157502018336 3736 
224 238 24 0.8875930389553537 3819 
225 238 21 0.7597593505597721 3895 
226 241 30 0.8853923833113921 3770 
227 241 18 0.3692386468352539 3746 
228 241 32 0.7784703809697081 3699 
229 242 23 0.19770853736680286 3703 
230 242 14 0.3817049888943351 3836 
231 242 17 0.22245053438035642 3847 
232 245 29 0.7059356275849431 3886 
233 245 25 0.6394253102785766 3837 
234 254 17 0.8351733577391248 3760 
235 254 27 0.20704529500060354 3727 
236 254 24 0.20303370137833732 3764 
237 254 13 0.830598317930688 3702 
238 256 21 0.7280308137606957 3862 
239 256 14 0.562901839346825 3830 
240 256 14 0.8503859279546133 3808 
241 257 30 0.37547987613439654 3804 
242 257 14 0.3609439574451239 3727 
243 257 20 0.3438295293366214 3711 
244 257 28 0.30083682530042105 3860 
245 258 24 0.11516464119141216 3888 
246 258 19 0.6184386486472945 3745 
247 258 28 0.6846260211918351 3815 
248 263 21 0.23084396541675978 3711 
249 263 18 0.5689033397291624 3716 
250 267 21 0.3935223327504913 3847 
251 267 25 0.4275888735701424 3844 
252 267 17 0.6649826761699231 3770 
253 267 33 0.09163065497842648 3792 
254 274 31 0.4583145391169155 3833 
255 274 18 0.35731410680620346 3819 
256 274 27 0.871363308999973 3824 
257 275 18 0.8098677613305403 3885 
258 275 21 0.4688297981841039 3781 
259 277 20 0.19721703870004179 3874 
260 277 14 0.5185212774530027 3854 
261 278 15 0.013651573055900782 3885 
262 278 26 0.43777148781023967 3808 
263 291 22 0.5505712388530434 3893 
264 291 15 0.44131704760765095 3822 
265 294 26 0.06666919987107801 3815 
266 294 15 0.49139548619604434 3790 
267 295 13 0.13576704249708452 3783 
268 295 24 0.3528710012429915 3709 
269 295 28 0.1262365453837189 3727 
270 297 22 0.19763995720523977 3812 
271 297 17 0.8670182958197163 3756 
272 297 31 0.6885059547829309 3800 
273 297 32 0.16593767452331237 3697 
274 301 23 0.1812020135598223 3824 
275 301 19 0.6289519939077979 3809 
276 301 18 0.6185604862287767 3831 
277 301 20 0.3955196834803366 3709 
278 302 14 0.5988640244690281 3843 
279 302 32 0.42256986802872626 3719 
280 302 20 0.8406339105321794 3756 
281 309 25 0.33409725621734454 3851 
282 309 29 0.31876315649078724 3777 
283 316 23 0.6678658893630968 3864 
284 316 14 0.07483218358169363 3827 
285 316 32 0.6481464020372426 3717 
286 316 29 0.09131410167177272 3782 
287 317 25 0.03787293215464072 3867 
288 317 13 0.8340866389969095 3762 
289 319 16 0.2233524760561542 3762 
290 319 33 0.3947807154343795 3766 
291 319 24 0.46367832270080744 3875 
292 319 13 0.35928979435962305 3753 
293 324 28 0.5279378253785258 3823 
294 324 22 0.2785973861774844 3770 
295 329 25 0.6429113113500419 3828 
296 329 30 0.7732034518770653 3847 
297 331 28 0.526260413573893 3887 
298 331 25 0.09233141485801567 3870 
299 331 14 0.34239557836697615 3846 
300 331 23 0.26640173311252147 3882 
301 333 20 0.4448826911318017 3893 
302 333 22 0.7017388477568766 3794 
303 333 27 0.8940704172578563 3775 
304 334 30 0.8483293313821445 3845 
305 334 30 0.44340759803362123 3782 
306 334 31 0.5855051073735349 3742 
307 334 17 0.021010225737825808 3793 
308 335 15 0.11869787971718139 3736 
309 335 17 0.6045683674332123 3756 
310 340 15 0.462935083450067 3711 
311 340 18 0.5184097125737998 3880 
312 340 13 0.13565422244679434 3721 
313 343 15 0.29306096232186846 3797 
314 343 32 0.13407453233212852 3733 
315 349 18 0.0656441190515631 3859 
316 349 27 0.3365036946654009 3890 
317 351 15 0.40116226187542925 3893 
318 351 25 0.7820314929100692 3724 
319 351 32 0.5933265049055068 3739 
320 351 24 0.897170201072816 3695 
321 352 16 0.837093964301018 3804 
322 352 26 0.12234434799632646 3719 
323 352 27 0.0740819208597026 3797 
324 355 28 0.18663497504315 3875 
325 355 19 0.28947955843899514 3848 
326 359 23 0.39504246652319286 3783 
327 359 32 0.2706523697895093 3895 
328 359 13 0.5081754661431167 3794 
329 360 27 0.3753876095524512 3788 
330 360 19 0.6198723718806557 3700 
331 363 14 0.6022631971046921 3845 
332 363 22 0.8561924991737978 3853 
333 367 21 0.03150350745471043 3768 
334 367 19 0.08328428105073152 3811 
335 368 27 0.8034424049236024 3830 
336 368 13 0.013466590582712292 3890 
337 372 27 0.8259892923702387 3858 
338 372 30 0.842911063725654 3797 
339 372 21 0.8704295995971483 3894 
340 379 19 0.1537658092410381 3793 
341 379 21 0.30659472746480443 3865 
342 379 22 0.38485832801158104 3699 
343 381 28 0.20725651475250803 3729 
344 381 18 0.7811103130149635 3790 
345 381 28 0.05016389791250504 3792 
346 385 33 0.10345360093277356 3724 
347 385 25 0.3020088985006825 3768 
348 387 14 0.1976170573477635 3757 
349 387 13 0.7780691042072645 3802 
350 387 27 0.03411260475058778 3850 
351 388 29 0.47583688963504045 3807 
352 388 21 0.803725048775028 3791 
353 388 21 0.2134234790001937 3725 
354 388 21 0.7043110923536653 3745 
355 389 29 0.18090278894300899 3803 
356 389 17 0.10134608015868037 3835 
357 389 13 0.09051700012521723 3810 
358 389 23 0.8371822055198551 3751 
359 394 13 0.7994270869279515 3866 
360 394 29 0.22921747939376086 3728 
361 394 20 0.8410319483202305 3888 
362 394 13 0.4007384185332934 3870 
363 395 24 0.5044143607488776 3815 
364 395 27 0.17544869242268732 3699 
365 395 19 0.17423642074704593 3848 
366 395 16 0.6225656661450132 3771 
367 401 22 0.6912368386439005 3728 
368 401 15 0.28093463569788435 3807 
369 401 21 0.2072437565555921 3894 
370 401 14 0.7075198615726356 3825 
371 402 28 0.021741919263724138 3836 
372 402 18 0.4480493034525377 3797 
373 402 25 0.6578631917871243 3715 
374 402 29 0.1460309091674625 3806 
375 403 14 0.7987054080814183 3870 
376 403 27 0.2643333286447044 3714 
377 403 18 0.7959829744834818 3709 
378 413 13 0.35287760198080526 3850 
379 413 25 0.051965247744279124 3800 
380 413 26 0.567363523696187 3791 
381 423 13 0.6606286950732312 3807 
382 423 13 0.46621206440552665 3752 
383 424 19 0.05461890623871529 3867 
384 424 15 0.5677948555964945 3814 
385 424 25 0.893963306920954 3797 
386 424 23 0.218910071074299 3759 
387 430 13 0.5928167920767211 3698 
388 430 16 0.25755094042929916 3716 
389 430 18 0.6122706578102655 3745 
390 430 21 0.8935484391815495 3761 
391 432 14 0.7901010841687436 3888 
392 432 14 0.05026777953716242 3751 
393 432 15 0.865953922666511 3799 
394 437 23 0.37247955621612383 3767 
395 437 22 0.24774625390787475 3870 
396 437 19 0.2803527707536462 3697 
397 437 32 0.48765617977864256 3778 
398 438 32 0.2599699445873985 3885 
399 438 19 0.673077847711522 3832 
400 438 21 0.25849205639070766 3717 
401 439 33 0.7696706566260543 3769 
402 439 15 0.0780250583347751 3889 
403 439 16 0.27457455278405946 3697 
404 439 15 0.28302846001605864 3706 
405 443 16 0.670927335556585 3699 
406 443 14 0.32706585553718787 3695 
407 443 29 0.381522755543097 3733 
408 446 21 0.24147234569957007 3866 
409 446 14 0.21040608280862758 3721 
410 452 20 0.3983611883142907 3826 
411 452 33 0.8462591128416596 3788 
412 452 33 0.16608483171905036 3859 
413 456 33 0.1165454105240074 3756 
414 456 16 0.27716389147227694 3826 
415 456 13 0.08686341655640842 3723 
416 456 21 0.1183314712284819 3757 
417 457 32 0.6068590490839203 3802 
418 457 27 0.21265830781746867 3731 
419 457 32 0.6888399233964592 3852 
420 457 20 0.8183256364670288 3837 
421 458 25 0.7377377861713605 3826 
422 458 17 0.18725266141622793 3815 
423 460 29 0.03138653982756615 3801 
424 460 32 0.250447530339282 3827 
425 460 33 0.7388676611070869 3817 
426 460 28 0.3286204656930639 3718 
427 461 24 0.7359761934539762 3884 
428 461 20 0.5320383636546462 3735 
429 461 28 0.610361063016868 3849 
430 467 33 0.5583673570918922 3750 
431 467 31 0.2786961448432807 3726 
432 467 32 0.4762208709179006 3714 
433 469 20 0.5810272206578527 3799 
434 469 32 0.14158504218644355 3854 
435 469 21 0.7500333761398077 3892 
436 469 25 0.1302114497297434 3862 
437 477 18 0.8904521590733866 3832 
438 477 28 0.841078807193904 3721 
439 478 28 0.8633669561669196 3705 
440 478 24 0.8089080937270355 3802 
441 478 32 0.32162873469194814 3887 
442 478 33 0.624109377435806 3866 
443 479 27 0.2249459776177167 3822 
444 479 33 0.22864175459660654 3879 
445 479 24 0.7920521135835105 3768 
446 480 26 0.6610371637890327 3797 
447 480 14 0.6351239962119378 3876 
448 481 29 0.2725774251794862 3886 
449 481 27 0.6058341070644357 3835 
450 481 22 0.6094789863723956 3738 
451 481 29 0.7971999372499664 3849 
452 482 16 0.16057221256672144 3768 
453 482 33 0.0603029618176632 3721 
454 482 28 0.502534552430388 3801 
455 482 30 0.40072619110445795 3743 
456 483 14 0.41024548615805684 3774 
457 483 28 0.7436374193969314 3718 
458 483 28 0.01704178208657047 3715 
459 483 33 0.16538603762947116 3737 
460 484 18 0.05197534345580841 3699 
461 484 13 0.024317634013602665 3704 
462 485 21 0.8923032311517634 3843 
463 485 21 0.859297010190556 3802 
464 486 19 0.848030799166557 3839 
465 486 23 0.8992394498320901 3807 
466 486 33 0.367942957844945 3717 
467 488 23 0.3264247418186906 3856 
468 488 15 0.21552934617296407 3772 
469 488 19 0.06006588851058583 3857 
470 488 29 0.39506028652701436 3845 
471 489 30 0.7106836150925708 3778 
472 489 31 0.562270073040829 3817 
473 489 17 0.6343081228900798 3878 
474 489 31 0.35798038386809933 3697 
475 494 18 0.4423566994287594 3821 
476 494 14 0.4442157441071536 3879 
477 500 18 0.5533831023639396 3718 
478 500 30 0.5740989493202941 3844 
479 500 26 0.3552949479962589 3723 
480 500 27 0.625024785897807 3758 
481 501 15 0.31139570597404237 3701 
482 501 15 0.28520109466071003 3852 
483 504 29 0.13159784389094586 3823 
484 504 33 0.30278024305749557 3885 
485 504 23 0.056330866926997396 3825 
486 505 30 0.5590952508049227 3762 
487 505 14 0.6347530881771923 3785 
488 512 28 0.6077334189969108 3886 
489 512 33 0.0908707678512405 3705 
490 512 31 0.7778450744541944 3802 
491 512 23 0.31566717419738805 3894 
492 517 22 0.6544375908244278 3817 
493 517 13 0.08384849734031578 3779 
494 517 16 0.13019136453501307 3760 
495 520 26 0.5408629585375571 3822 
496 520 25 0.14888143473433302 3855 
497 520 21 0.34361582113200445 3866 
498 521 31 0.530515317055104 3769 
499 521 17 0.5573578911801016 3738 
500 523 19 0.3622167892301274 3742 
501 523 21 0.5931813799671426 3713 
502 523 16 0.48211970101111734 3767 
503 523 14 0.47756592124562475 3833 
504 529 29 0.7515952298244964 3831 
505 529 29 0.47674584442187773 3792 
506 529 29 0.3804837439138595 3792 
507 533 15 0.5749728429555105 3778 
508 533 27 0.6479908572284946 3784 
509 534 15 0.6799806054524963 3726 
510 534 23 0.7331227417937961 3791 
511 534 15 0.1894572243279599 3742 
512 536 23 0.4448112963744593 3821 
513 536 23 0.2743883625841318 3891 
514 536 22 0.2881022354203193 3891 
515 540 18 0.4429063814791366 3704 
516 540 29 0.09785725625737413 3812 
517 540 17 0.6804426543783699 3798 
518 540 21 0.23232254660215654 3746 
519 542 30 0.24652227733141033 3697 
520 542 31 0.16849585973959716 3736 
521 546 24 0.7185996097744933 3767 
522 546 21 0.8088667379723347 3867 
523 556 26 0.868042949317277 3770 
524 556 32 0.7499123463787426 3754 
525 556 27 0.22010295056279536 3880 
526 557 26 0.49695158231190584 3736 
527 557 13 0.25965340748544397 3817 
528 557 29 0.8075135158567909 3774 
529 563 23 0.5859720633449815 3707 
530 563 33 0.8442405082062429 3719 
531 563 19 0.26382028099232396 3840 
532 563 30 0.19771479101588277 3707 
533 564 31 0.13834231258150578 3756 
534 564 14 0.21544904998292094 3866 
535 564 23 0.3869945881331199 3708 
536 565 27 0.489123145068196 3720 
537 565 28 0.1335851244089543 3709 
538 565 23 0.41822000763682654 3744 
539 567 23 0.6531985798219062 3739 
540 567 30 0.09559832649527866 3702 
541 567 20 0.835882616592091 3709 
542 568 18 0.16036337189659985 3833 
543 568 28 0.41277254158312576 3757 
544 568 19 0.7727212823475175 3848 
545 569 20 0.21681145035090985 3748 
546 569 28 0.4900588713543209 3846 
547 569 31 0.45689590320409273 3708 
548 572 33 0.20424290096982828 3794 
549 572 30 0.5695242937606041 3749 
550 572 21 0.0219852227734937 3714 
551 572 21 0.6896954773624818 3729 
552 573 31 0.6217421108708697 3747 
553 573 22 0.8926972055877164 3806 
554 573 21 0.8699318146273581 3707 
555 573 16 0.4730673235272454 3822 
556 575 14 0.030589227340220466 3814 
557 575 20 0.3018223711544611 3799 
558 575 13 0.4467713413057965 3867 
559 576 27 0.07116512796770268 3773 
560 576 33 0.8233294946327512 3744 
561 576 32 0.1917304189004502 3833 
562 576 31 0.35159657800762933 3725 
563 579 23 0.6746699432292216 3738 
564 579 22 0.6200584177864303 3785 
565 580 30 0.3814258926050103 3715 
566 580 31 0.36275362757774127 3893 
567 583 24 0.09692402204470227 3729 
568 583 13 0.6010604224273232 3862 
569 583 13 0.8441186792043702 3823 
570 583 20 0.6166605631289572 3707 
571 584 18 0.24445304449816813 3757 
572 584 26 0.5495616252262211 3785 
573 584 33 0.10427498495591855 3869 
574 584 19 0.2937353358804322 3870 
575 587 17 0.8941818144950521 3758 
576 587 31 0.5559927035137773 3870 
577 587 18 0.06913588410621896 3890 
578 587 29 0.25885270756915285 3730 
579 592 27 0.8902231015756009 3742 
580 592 31 0.2829508519245158 3810 
581 592 26 0.583604379128463 3827 
582 592 16 0.5772356750521965 3711 
583 594 27 0.5089003097711811 3720 
584 594 17 0.6518773984370516 3788 
585 594 20 0.2828300281391494 3834 
586 594 19 0.8647346646984151 3769 
587 598 23 0.49085116677294693 3780 
588 598 33 0.7162620582401864 3842 
589 598 24 0.3433987707916867 3838 
590 599 13 0.6300068026321806 3825 
591 599 21 0.22794398110128195 3799 
592 602 31 0.630351374467301 3811 
593 602 13 0.7587100364296796 3866 
594 603 16 0.39381988373902205 3870 
595 603 14 0.7373296328816205 3777 
596 603 22 0.7982203404239686 3833 
597 603 15 0.8960478204877079 3777 
598 611 16 0.43938361329778297 3764 
599 611 26 0.7066448497269313 3776 
600 616 20 0.25865292785057026 3859 
601 616 27 0.054552407908357026 3754 
602 617 17 0.7374846737752041 3720 
603 617 15 0.023925373285535394 3892 
604 617 29 0.3404922669913905 3792 
605 617 17 0.38834961414760444 3738 
606 619 26 0.18884477400727734 3745 
607 619 33 0.642059340160531 3778 
608 621 27 0.031843013978406554 3866 
609 621 19 0.8836829080106282 3816 
610 621 14 0.2578688727845981 3842 
611 628 24 0.7359084163392977 3866 
612 628 25 0.04045543975750942 3849 
613 628 28 0.8784099288852415 3800 
614 628 15 0.3168496562594024 3700 
615 629 33 0.5493156784779039 3878 
616 629 24 0.2986175416010276 3856 
617 632 19 0.6755374578052628 3808 
618 632 32 0.6005505916392975 3884 
619 632 22 0.5390580893137853 3844 
620 636 15 0.8487399028056686 3802 
621 636 16 0.40048951682718426 3857 
622 636 19 0.7349212480267575 3767 
623 636 29 0.464565127949262 3895 
624 642 29 0.12520908128815433 3765 
625 642 19 0.06677015849517082 3835 
626 642 13 0.07988729656987631 3852 
627 642 19 0.10035046173496197 3827 
628 645 28 0.7087091059718003 3875 
629 645 31 0.28005922760337576 3867 
630 645 28 0.41461630800565574 3840 
631 645 27 0.27999786588687103 3853 
632 647 26 0.8262963296510883 3752 
633 647 16 0.2636316703440188 3865 
634 647 27 0.13923901152877935 3748 
635 648 32 0.6335457273030748 3847 
636 648 29 0.27791505375232467 3875 
637 648 22 0.42297380115451366 3766 
638 648 32 0.24363636091259366 3806 
639 649 31 0.12549794823436586 3804 
640 649 31 0.5083984289092928 3708 
641 656 19 0.7622512066314092 3712 
642 656 20 0.36566542786256045 3838 
643 656 27 0.14368181062411986 3873 
644 656 21 0.47163164794365625 3846 
645 661 33 0.3695553376479633 3775 
646 661 32 0.24594813355975778 3792 
647 668 31 0.4848555314947847 3801 
648 668 28 0.05818926054416825 3822 
649 668 24 0.6972722136711167 3740 
650 668 32 0.7668810146681209 3758 
651 671 20 0.5180802885508045 3784 
652 671 17 0.029832440636948447 3847 
653 671 32 0.47132865283104 3708 
654 678 25 0.6931200906826477 3723 
655 678 22 0.5788880406347601 3808 
656 688 27 0.3931971916718215 3720 
657 688 33 0.6611441296010135 3848 
658 688 20 0.6716263468403166 3844 
659 693 28 0.45453349667914994 3849 
660 693 29 0.7214382533089773 3809 
661 696 14 0.15850806732108613 3831 
662 696 27 0.14434832112162213 3742 
663 696 31 0.380919514999999 3771 
664 696 25 0.606816837440147 3768 
665 698 16 0.6677888201616732 3714 
666 698 25 0.10590327195591767 3830 
667 698 24 0.4974598287700133 3812 
668 699 26 0.19202817177659823 3809 
669 699 15 0.07170576977588922 3831 
670 701 26 0.6823934695988808 3808 
671 701 14 0.6971812159050957 3816 
672 702 19 0.5519418522427476 3760 
673 702 28 0.7156072842641049 3748 
674 702 19 0.46182931795957716 3777 
675 703 19 0.5227959135177821 3835 
676 703 13 0.5667841698921232 3750 
677 703 25 0.5951565669078751 3735 
678 707 29 0.27405884063860414 3730 
679 707 13 0.7360070497608839 3807 
680 707 25 0.29845817180469925 3776 
681 707 29 0.13652737832682058 3825 
682 710 33 0.27846320876113706 3871 
683 710 31 0.6559217927907994 3799 
684 710 26 0.5736232374211503 3758 
685 710 32 0.420822148034006 3844 
686 711 31 0.7012461094436118 3772 
687 711 16 0.865918096464343 3814 
688 722 30 0.3980010995470698 3880 
689 722 30 0.23546317074673004 3872 
690 722 29 0.22262164252353908 3819 
691 722 28 0.1460021521112837 3738 
692 725 30 0.4516773504128881 3793 
693 725 19 0.609926173846195 3698 
694 725 29 0.6155701725062023 3748 
695 725 26 0.5478629638637023 3753 
696 726 21 0.7213411168315561 3736 
697 726 31 0.6241904268146315 3864 
698 726 23 0.08060418831739373 3745 
699 727 23 0.3889636981038205 3819 
700 727 24 0.7686546775870675 3713 
701 728 27 0.15545274028179984 3700 
702 728 25 0.40162868761993353 3820 
703 728 22 0.5749042910039949 3758 
704 729 15 0.46019054742165655 3866 
705 729 20 0.3741841284527654 3888 
706 730 31 0.7434557797344005 3784 
707 730 17 0.3388859671387329 3831 
708 733 26 0.8523981703711596 3769 
709 733 27 0.7387542322172727 3877 
710 739 19 0.4247943293561433 3846 
711 739 26 0.12787069358354933 3792 
712 742 13 0.5731579180889214 3711 
713 742 25 0.08574142173188139 3729 
714 742 15 0.600508211557033 3724 
715 742 22 0.0726572805509743 3762 
716 743 30 0.5596414862049448 3842 
717 743 29 0.7108490866148384 3852 
718 748 18 0.12904986311845998 3868 
719 748 21 0.21637792987719645 3773 
720 748 29 0.8496213472419697 3715 
721 748 17 0.670415363332684 3841 
722 750 24 0.04179283814350217 3783 
723 750 17 0.1917235695487496 3713 
724 750 29 0.8392343294807115 3832 
725 750 19 0.48366662361582324 3782 
726 754 19 0.7289300232691408 3723 
727 754 24 0.807385570266981 3743 
728 754 33 0.33138248969612416 3780 
729 754 17 0.7106212798521028 3750 
730 758 16 0.5299014219277993 3853 
731 758 19 0.24962223860041408 3765 
732 762 18 0.18690425134190394 3726 
733 762 17 0.32693080463992064 3769 
734 762 23 0.41091271116967554 3834 
735 762 24 0.2518385999236541 3749 
736 763 30 0.12745017453407725 3759 
737 763 33 0.5899055034098143 3718 
738 766 15 0.4885926159539746 3883 
739 766 24 0.6927821657806247 3877 
740 766 19 0.8794704980365577 3877 
741 767 14 0.658806398584689 3824 
742 767 26 0.2616069923445869 3776 
743 767 19 0.0989924989187677 3798 
744 768 26 0.0169216485282952 3840 
745 768 28 0.08376776894342972 3877 
746 768 32 0.26130904349763145 3750 
747 768 21 0.05744965978296502 3770 
748 770 16 0.07815863953068372 3699 
749 770 16 0.5551008466027311 3843 
750 771 22 0.8665246510827628 3777 
751 771 19 0.5705881891013728 3837 
752 771 17 0.7352900551878996 3708 
753 771 22 0.36727766181088073 3813 
754 773 22 0.3543952689952507 3822 
755 773 13 0.698618036675753 3863 
756 773 30 0.8858288218071068 3785 
757 773 13 0.7924622666345154 3801 
758 775 31 0.23586375893574388 3728 
759 775 24 0.2469368017848052 3713 
760 775 20 0.35505645378791495 3878 
761 775 15 0.5182362990687296 3726 
762 776 33 0.022097576536177145 3808 
763 776 22 0.5597481736076286 3704 
764 779 27 0.376767462762823 3762 
765 779 26 0.8829249331440575 3734 
766 783 25 0.4522907151460095 3834 
767 783 33 0.5649969559232131 3851 
768 786 23 0.3662953097714469 3711 
769 786 19 0.46078191794810325 3855 
770 786 33 0.5657639331727049 3751 
771 789 29 0.7085902533100324 3851 
772 789 21 0.8394095859562235 3828 
773 790 21 0.03710118434507461 3845 
774 790 17 0.2674724697067893 3798 
775 791 21 0.08364457782120768 3763 
776 791 27 0.7637829953634574 3822 
777 791 17 0.457535565223831 3819 
778 791 15 0.808053638447605 3885 
779 794 31 0.6469846680963917 3798 
780 794 16 0.7344880118450025 3810 
781 794 24 0.6179838313886865 3770 
782 794 24 0.43935705551156506 3842 
783 797 33 0.24504593193399438 3769 
784 797 17 0.37298023479211295 3780 
785 797 24 0.2605133313909247 3770 
786 808 32 0.06006158630236727 3822 
787 808 27 0.8008249074664016 3852 
788 808 25 0.4558627995687399 3808 
789 817 23 0.537387000470417 3808 
790 817 14 0.1661045827062347 3781 
791 817 23 0.8995137226258437 3725 
792 817 24 0.8582338882983026 3831 
793 818 14 0.7093465932427021 3850 
794 818 31 0.30989313947911473 3885 
795 823 33 0.8267787249518095 3828 
796 823 31 0.2617704005257401 3888 
797 825 16 0.5708213832084779 3853 
798 825 30 0.16991027230557504 3814 
799 825 28 0.3498355095979509 3853 
800 825 23 0.5819439997073531 3880 
801 826 24 0.08094849882672632 3728 
802 826 13 0.6231680290347182 3772 
803 826 15 0.04930142110364847 3759 
804 828 14 0.889049877940129 3758 
805 828 31 0.6313214130612522 3804 
806 828 27 0.08207036973761964 3864 
807 828 32 0.383525002505979 3730 
808 832 19 0.5291347061076338 3825 
809 832 30 0.595268476880507 3855 
810 838 29 0.4482874681777519 3878 
811 838 23 0.5392657561747144 3814 
812 838 18 0.6724897479596988 3826 
813 838 31 0.5210723942195641 3809 
814 841 24 0.37411001675119737 3728 
815 841 22 0.701079183869137 3772 
816 841 19 0.36378988520696703 3792 
817 843 16 0.7459439874748268 3819 
818 843 27 0.8853306258716754 3695 
819 848 30 0.4721309108520924 3893 
820 848 24 0.05551096764475339 3751 
821 848 28 0.7028993256218413 3818 
822 851 25 0.5979373012961309 3732 
823 851 16 0.5372530525158897 3794 
824 851 21 0.875329619141702 3839 
825 854 33 0.5736660810279607 3873 
826 854 20 0.5979892170073938 3701 
827 854 30 0.7480686565967809 3796 
828 855 25 0.3526538882007445 3725 
829 855 30 0.4514211931492833 3756 
830 855 28 0.1959608788887936 3704 
831 855 28 0.09190107026650786 3802 
832 857 23 0.8350510160923983 3738 
833 857 30 0.13572182127995436 3820 
834 858 20 0.3681648875589785 3796 
835 858 31 0.6735967890368042 3803 
836 858 27 0.47081052198646983 3755 
837 861 13 0.388593957848015 3850 
838 861 24 0.41146130516620977 3835 
839 861 19 0.2848824910543317 3893 
840 861 28 0.6133016872743015 3809 
841 865 27 0.0446413509261249 3880 
842 865 14 0.3993502752919547 3757 
843 866 13 0.21837962432293984 3700 
844 866 33 0.04858827430737382 3888 
845 866 14 0.8064749319919586 3886 
846 866 25 0.3745707565566686 3865 
847 871 22 0.5456507396179687 3863 
848 871 27 0.39602186555755875 3734 
849 871 14 0.5622926807554437 3829 
850 871 27 0.2705493927404222 3851 
851 875 23 0.6123385446850156 3801 
852 875 19 0.3501477656414091 3835 
853 875 18 0.012993907712975624 3841 
854 877 19 0.36693561337359565 3755 
855 877 13 0.8669958298324322 3830 
856 877 23 0.11368681511881192 3832 
857 883 18 0.5334333245803173 3720 
858 883 19 0.7911628533483455 3704 
859 883 14 0.2568233619633056 3827 
860 887 25 0.5314176595266327 3808 
861 887 30 0.7162632979166895 3827 
862 887 27 0.5010070619871448 3782 
863 887 19 0.5801894065095793 3826 
864 888 29 0.37400872730014295 3762 
865 888 20 0.2839673170656906 3699 
866 890 25 0.5990904876237717 3884 
867 890 26 0.31983694140427665 3817 
868 891 21 0.21113242858343753 3865 
869 891 21 0.7457053668265399 3720 
870 891 17 0.8342028188795069 3747 
871 892 31 0.12779536710633663 3841 
872 892 31 0.06485691924546076 3881 
873 895 13 0.031885745038580056 3851 
874 895 14 0.35397824150166324 3723 
875 895 33 0.5977991437960722 3718 
876 895 13 0.2920784505662713 3888 
877 897 14 0.24198441575323604 3850 
878 897 21 0.6581152796436897 3867 
879 897 24 0.7298941933731357 3859 
880 897 26 0.32818350607301205 3779 
881 900 23 0.5006925037561173 3717 
882 900 16 0.022241993635614694 3841 
883 902 29 0.5153308544859964 3813 
884 902 24 0.2591789431057289 3718 
885 902 18 0.42036376204499676 3724 
886 902 30 0.5018604748290303 3865 
887 903 16 0.7791234997558635 3702 
888 903 16 0.6980342993514412 3720 
889 903 33 0.436248905531065 3876 
890 904 27 0.12659505093226184 3804 
891 904 32 0.4943932810854597 3829 
892 911 30 0.5831222410529072 3731 
893 911 18 0.4150078469047345 3729 
894 911 25 0.5135405980353909 3848 
895 914 30 0.5160075503851663 3794 
896 914 33 0.4959330442452593 3745 
897 917 15 0.7512574003601797 3750 
898 917 15 0.3547018447096753 3743 
899 917 17 0.681973552649129 3730 
900 918 19 0.24061883609227278 3882 
901 918 33 0.38333520801380877 3733 
902 922 19 0.77180310811564 3889 
903 922 21 0.7374744967788448 3818 
904 923 19 0.8298980510204554 3758 
905 923 23 0.8013199249124537 3773 
906 924 23 0.3046469490058114 3786 
907 924 13 0.06992854412886797 3816 
908 924 24 0.8611242990650366 3792 
909 924 22 0.8732482629890425 3775 
910 927 13 0.10157789770305256 3859 
911 927 25 0.386007827222881 3780 
912 927 32 0.4227023746327486 3816 
913 927 19 0.0910702666609487 3815 
914 934 26 0.6987682866823715 3769 
915 934 24 0.8418182555853264 3702 
916 936 21 0.82102877156929 3766 
917 936 26 0.4946366569096522 3862 
918 941 15 0.41525528008353935 3770 
919 941 29 0.4005816259211654 3706 
920 941 31 0.5627883875819052 3866 
921 941 28 0.8502850196020544 3812 
922 947 26 0.29921778606460137 3848 
923 947 27 0.5951965435790104 3882 
924 947 29 0.5971156012468274 3813 
925 952 27 0.40638417841584534 3887 
926 952 32 0.1805587841522358 3703 
927 957 14 0.5204017250367772 3811 
928 957 23 0.49709429658943116 3714 
929 957 25 0.8647980414890072 3794 
930 958 29 0.39876274079726287 3824 
931 958 18 0.6981867183480279 3809 
932 958 33 0.761214238059496 3780 
933 958 31 0.3914379004362549 3834 
934 959 18 0.09741955249834762 3703 
935 959 26 0.632476261833586 3826 
936 961 20 0.8848635478156218 3830 
937 961 32 0.22982677038678273 3763 
938 961 14 0.8551755824199532 3763 
939 961 27 0.6085211307301707 3809 
940 972 19 0.7020321091590724 3712 
941 972 26 0.8995013992542026 3751 
942 972 26 0.7616817402963316 3849 
943 975 14 0.5927739684671999 3820 
944 975 28 0.29002788435870785 3857 
945 975 20 0.5828920589513551 3874 
946 975 15 0.5123067558420249 3750 
947 983 26 0.702093518746925 3816 
948 983 29 0.2623928129002668 3892 
949 983 33 0.8028980814094389 3811 
950 983 30 0.015430696664926745 3718 
951 986 33 0.5404248699763798 3784 
952 986 27 0.6965965273663693 3838 
953 986 21 0.03837872868346296 3707 
954 986 26 0.36726057030162246 3717 
955 987 19 0.5460524655002402 3748 
956 987 27 0.3528018858649635 3710 
957 994 30 0.18978575199377387 3854 
958 994 31 0.853428556169292 3845 
959 995 24 0.11351283586691352 3884 
960 995 19 0.15515961039317652 3733 
961 996 20 0.8884306595980437 3697 
962 996 18 0.7295228496405861 3808 
963 996 33 0.5796446936500822 3867 
964 997 14 0.8448113804805298 3780 
965 997 33 0.7001970559332004 3773 
966 997 20 0.8270654754970111 3713 
967 1004 19 0.35204602660312906 3772 
968 1004 32 0.8807943757455163 3869 
969 1004 30 0.8328425944518182 3840 
970 1004 26 0.6142533613653754 3751 
971 1008 15 0.8183962952390865 3863 
972 1008 15 0.11998953078944054 3795 
973 1008 13 0.42634704483684527 3859 
974 1008 20 0.6637696563930846 3869 
975 1016 17 0.6721170824831554 3711 
976 1016 25 0.8463220411195403 3850 
977 1016 30 0.6732654845742201 3860 
978 1016 23 0.47369014527924824 3827 
979 1017 33 0.4546871048424182 3800 
980 1017 14 0.32140775461561455 3779 
981 1022 27 0.07821217594088173 3779 
982 1022 25 0.5981701510896715 3862 
983 1029 28 0.35593568557612076 3720 
984 1029 17 0.36498326896949645 3810 
985 1029 22 0.3479833289173113 3713 
986 1031 27 0.2075508351785918 3762 
987 1031 30 0.7502507733350776 3702 
988 1031 27 0.14455415037517166 3856 
989 1031 32 0.5759803016733361 3708 
990 1035 29 0.6593858037273569 3880 
991 1035 26 0.8455984724568906 3764 
992 1035 31 0.38215921903519706 3748 
993 1035 27 0.7109836097669858 3703 
994 1038 23 0.051668146256978686 3813 
995 1038 16 0.21977503368907686 3752 
996 1039 25 0.6586670205015743 3772 
997 1039 33 0.6991977491006796 3782 
998 1039 28 0.4675770404991918 3795 
999 1040 18 0.4815275690515309 3756 
1000 1040 19 0.608407712761129 3848 
1001 1044 28 0.38908989163384705 3885 
1002 1044 16 0.748643241210353 3793 
1003 1044 24 0.19651196220370093 3726 
1004 1047 33 0.4619132649882068 3835 
1005 1047 13 0.27864280235589367 3771 
1006 1047 29 0.5822253274536413 3803 
1007 1047 18 0.6824837593500539 3892 
1008 1048 32 0.3529150777535637 3838 
1009 1048 19 0.7335572934512488 3808 
1010 1048 24 0.4450047671883835 3858 
1011 1048 16 0.5140662261708381 3882 
1012 1052 22 0.48193874438392925 3725 
1013 1052 28 0.32217710354193024 3820 
1014 1052 22 0.4942122438507873 3695 
1015 1052 26 0.22805771958660673 3803 
1016 1054 26 0.5103745185522217 3708 
1017 1054 18 0.8063944217494479 3727 
1018 1055 26 0.5364435710599769 3740 
1019 1055 31 0.2180026902476764 3715 
1020 1055 14 0.22307303754953697 3880 
1021 1056 20 0.10773565482526958 3696 
1022 1056 29 0.16117831647764447 3811 
1023 1056 30 0.3847459394240554 3838 
1024 1056 15 0.19285116117537207 3758 
1025 1060 27 0.48130566640946604 3706 
1026 1060 32 0.8549810254257735 3855 
1027 1060 28 0.33893732911347074 3720 
1028 1060 25 0.3227417621990458 3863 
1029 1063 19 0.13612831601566336 3874 
1030 1063 17 0.8170472636701502 3715 
1031 1067 27 0.7248480377984369 3837 
1032 1067 33 0.028205787570502093 3768 
1033 1067 21 0.5337523838284984 3727 
1034 1067 32 0.5297941875366127 3794 
1035 1069 23 0.10874104178561103 3702 
1036 1069 31 0.7360724821598996 3696 
1037 1069 14 0.6478079033049872 3729 
1038 1074 23 0.20114167027807703 3702 
1039 1074 17 0.45478836538612977 3703 
1040 1074 24 0.8315479972588823 3845 
1041 1074 22 0.8684199397306787 3699 
1042 1075 20 0.19458388092181134 3782 
1043 1075 15 0.8911056249354935 3788 
1044 1082 27 0.6907874817593509 3748 
1045 1082 22 0.8787330170605839 3855 
1046 1082 25 0.4249649135003071 3891 
1047 1084 32 0.07294658075562621 3795 
1048 1084 17 0.789364279091251 3724 
1049 1088 13 0.5532504254042184 3888 
1050 1088 21 0.3396287878180168 3724 
1051 1092 27 0.6429800664522769 3725 
1052 1092 20 0.47876978840115736 3886 
1053 1092 21 0.4117126338592986 3866 
1054 1094 21 0.22809750928706515 3793 
1055 1094 27 0.2987005015064632 3788 
1056 1097 18 0.20824595426903117 3877 
1057 1097 28 0.5795106076842985 3763 
1058 1097 18 0.3950732068131069 3746 
1059 1098 33 0.19268725605294001 3773 
1060 1098 28 0.8223903309600127 3773 
1061 1098 32 0.11465128769382435 3730 
1062 1098 19 0.04318843587418468 3723 
1063 1108 14 0.7136430600754244 3772 
1064 1108 28 0.5472080165219785 3785 
1065 1108 16 0.1891132640117511 3732 
1066 1108 29 0.4052119159145008 3813 
1067 1110 18 0.7126707259991354 3870 
1068 1110 15 0.4324195543388105 3850 
1069 1114 19 0.850467642698657 3845 
1070 1114 13 0.8611637860793546 3818 
1071 1114 13 0.16322696923622904 3839 
1072 1116 18 0.4943689409494903 3846 
1073 1116 33 0.08374073276682738 3794 
1074 1123 28 0.3244926287111617 3747 
1075 1123 24 0.3347925078365886 3788 
1076 1123 33 0.3666488032193276 3779 
1077 1123 14 0.5083257870168125 3815 
1078 1124 32 0.7151189829185283 3886 
1079 1124 18 0.6923218618881658 3797 
1080 1124 14 0.06746581246037527 3732 
1081 1124 23 0.26037244367686646 3880 
1082 1126 31 0.8430525726742246 3778 
1083 1126 16 0.5131699104093738 3775 
1084 1127 29 0.8199443673128721 3735 
1085 1127 21 0.7738368879031827 3770 
1086 1128 29 0.6347749855819439 3827 
1087 1128 18 0.05874613659567948 3863 
1088 1128 29 0.8674544944774351 3819 
1089 1128 14 0.14489942693708865 3709 
1090 1131 14 0.7159785934647376 3885 
1091 1131 30 0.3059168305768349 3886 
1092 1137 23 0.3683865891957088 3732 
1093 1137 19 0.013181757891127964 3761 
1094 1138 22 0.6667738453455073 3792 
1095 1138 22 0.3873131857159268 3714 
1096 1138 27 0.8494612942803973 3872 
1097 1140 20 0.8016904519816493 3780 
1098 1140 23 0.027985067122907388 3760 
1099 1147 31 0.4899042229914938 3892 
1100 1147 18 0.34237864152840064 3811 
1101 1147 21 0.792205651666302 3793 
1102 1147 22 0.5894263252359165 3781 
1103 1152 30 0.6062813078012275 3699 
1104 1152 25 0.4535357384886299 3775 
1105 1152 28 0.6575116849719044 3778 
1106 1156 29 0.07152069549333341 3700 
1107 1156 25 0.015383794412004284 3859 
1108 1164 24 0.2240235103182469 3828 
1109 1164 31 0.051437030792962635 3814 
1110 1165 15 0.2962882427527236 3844 
1111 1165 28 0.7028391057699952 3723 
1112 1165 26 0.40209671421824267 3784 
1113 1167 24 0.19039894630557241 3807 
1114 1167 22 0.541931325059077 3884 
1115 1167 13 0.1378654843702507 3723 
1116 1168 29 0.14217537784611042 3823 
1117 1168 17 0.20516723249460125 3777 
1118 1168 25 0.7895924499052585 3753 
1119 1171 13 0.3235826731494517 3744 
1120 1171 23 0.8917295560617957 3844 
1121 1171 22 0.1350966793585365 3861 
1122 1171 23 0.8451230521667725 3766 
1123 1175 18 0.2898750761227916 3852 
1124 1175 29 0.8351719106645367 3800 
1125 1176 18 0.08257194411114745 3764 
1126 1176 19 0.8904541104919218 3767 
1127 1179 19 0.8385826970290484 3712 
1128 1179 28 0.5534043579027353 3784 
1129 1179 29 0.5219518693812532 3812 
1130 1179 32 0.5606752781470835 3754 
1131 1180 13 0.5958788051689264 3695 
1132 1180 30 0.0691102446592341 3872 
1133 1180 19 0.2238598599961031 3749 
1134 1182 13 0.3525422600547062 3717 
1135 1182 31 0.3775246100464052 3885 
1136 1184 16 0.089133248397254 3871 
1137 1184 14 0.7308013601210247 3807 
1138 1184 14 0.5404213657228661 3889 
1139 1184 17 0.7116702843839563 3766 
1140 1187 28 0.8051007762699702 3740 
1141 1187 31 0.015550917590156869 3708 
1142 1187 32 0.8178909431502055 3795 
1143 1187 19 0.4722816909928801 3730 
1144 1190 14 0.41336737208613733 3753 
1145 1190 32 0.2508639644051824 3817 
1146 1192 25 0.7851101717829939 3698 
1147 1192 29 0.43515177269780436 3820 
1148 1192 29 0.12536119389610803 3771 
1149 1195 13 0.7766770340266493 3745 
1150 1195 22 0.5085181319789138 3770 
1151 1195 15 0.6702154455034978 3741 
1152 1196 21 0.4834077806001197 3864 
1153 1196 20 0.7221186551392743 3711 
1154 1196 21 0.6973365105264693 3782 
1155 1199 21 0.7518178253361775 3846 
1156 1199 20 0.5399998646424645 3788 
1157 1199 22 0.48157053290828267 3732 
1158 1204 19 0.25671041235429565 3811 
1159 1204 26 0.4241116903928265 3873 
1160 1226 31 0.06144091305531709 3851 
1161 1226 13 0.3300107303174234 3726 
1162 1226 25 0.2307232107364498 3749 
1163 1226 20 0.5960791349865607 3745 
1164 1229 27 0.7688682253955447 3822 
1165 1229 27 0.07928845787053374 3826 
1166 1229 24 0.25863096000956687 3890 
1167 1231 25 0.3168337222004953 3759 
1168 1231 16 0.7029032808391816 3808 
1169 1231 27 0.8216974621321569 3811 
1170 1231 30 0.6325571990751827 3843 
1171 1234 23 0.552981417118683 3763 
1172 1234 25 0.8309433624968943 3755 
1173 1234 32 0.2305622055890361 3755 
1174 1234 19 0.7991299229420212 3787 
1175 1239 25 0.8871787823997979 3846 
1176 1239 19 0.09236591030785771 3842 
1177 1239 19 0.34380341753002924 3752 
1178 1239 23 0.12257403773569124 3862 
1179 1243 30 0.3439872952723468 3845 
1180 1243 31 0.7984467407729143 3878 
1181 1243 32 0.21846661069829632 3813 
1182 1243 30 0.13958744774257 3874 
1183 1244 21 0.19562301779151905 3770 
1184 1244 32 0.48581358499521166 3851 
1185 1244 27 0.8339555847330175 3814 
1186 1244 30 0.10945902388195784 3895 
1187 1245 26 0.8699199946641185 3816 
1188 1245 32 0.4962279053407425 3724 
1189 1251 19 0.01651319644624886 3797 
1190 1251 17 0.48553450646275365 3792 
1191 1251 28 0.7089879311456966 3834 
1192 1252 18 0.33592391148835476 3854 
1193 1252 21 0.5695760852299829 3821 
1194 1252 14 0.651104192374277 3796 
1195 1255 21 0.21036995873626985 3718 
1196 1255 22 0.19861641779596703 3740 
1197 1255 32 0.7767806069347334 3781 
1198 1255 32 0.4050638939810571 3698 
1199 1261 29 0.7738773913739426 3775 
1200 1261 16 0.15545697634644656 3879 
1201 1264 24 0.4503597833600244 3878 
1202 1264 18 0.490543481752975 3800 
1203 1264 13 0.5370865152360453 3869 
1204 1267 21 0.6204401559700996 3771 
1205 1267 18 0.7047289627041158 3848 
1206 1267 14 0.5171310640330495 3835 
1207 1270 16 0.896867611995366 3763 
1208 1270 25 0.3454497120439925 3790 
1209 1274 30 0.23238149281801004 3725 
1210 1274 26 0.2641498859139436 3796 
1211 1280 32 0.6237864024617175 3847 
1212 1280 29 0.6556182206392899 3696 
1213 1280 21 0.6057693423631205 3710 
1214 1280 33 0.6507386503619789 3774 
1215 1282 33 0.12153054647068554 3826 
1216 1282 28 0.21627981311007247 3847 
1217 1282 24 0.6929283067534785 3823 
1218 1284 25 0.48789779299524166 3850 
1219 1284 21 0.1628544117226061 3730 
1220 1284 22 0.38951569196773866 3875 
1221 1285 29 0.23237019965385508 3697 
1222 1285 25 0.2814989040821467 3750 
1223 1285 25 0.19100516618977795 3715 
1224 1286 32 0.7075658640093861 3857 
1225 1286 33 0.2638024646957585 3781 
1226 1286 26 0.8667248068473768 3772 
1227 1287 25 0.706129130913386 3727 
1228 1287 24 0.4003299948250544 3852 
1229 1288 29 0.35095956986290594 3716 
1230 1288 24 0.23825015763540439 3839 
1231 1289 20 0.7109231598946699 3892 
1232 1289 14 0.5211564586484978 3870 
1233 1289 22 0.6806026658614683 3729 
1234 1290 16 0.5318614569052479 3702 
1235 1290 17 0.5798005624514792 3856 
1236 1290 24 0.05563031099660823 3877 
1237 1291 32 0.7338875725562516 3872 
1238 1291 27 0.8007862343995121 3864 
1239 1292 20 0.0640988336281839 3783 
1240 1292 24 0.8987701848387092 3721 
1241 1293 18 0.021017113772070287 3715 
1242 1293 21 0.19468439774877613 3878 
1243 1294 30 0.4546897532310268 3755 
1244 1294 19 0.7828707275623379 3718 
1245 1294 14 0.8387421436116151 3738 
1246 1295 31 0.8213159113574088 3753 
1247 1295 18 0.2703018739225563 3889 
1248 1295 22 0.2780020115704397 3849 
1249 1304 18 0.6984284529145312 3712 
1250 1304 20 0.6564995457359131 3877 
1251 1304 24 0.20186026438023863 3752 
1252 1309 31 0.42967820851036576 3747 
1253 1309 26 0.08688920796065916 3849 
1254 1310 22 0.8372493776388898 3765 
1255 1310 28 0.6937820380983103 3716 
1256 1310 16 0.6735021078143688 3849 
1257 1310 14 0.4493813366262117 3742 
1258 1311 26 0.3020199568756161 3714 
1259 1311 24 0.6309390025351215 3739 
1260 1311 18 0.6594442696013058 3827 
1261 1312 14 0.2919057208892812 3742 
1262 1312 25 0.23958189733504223 3728 
1263 1312 29 0.04020396301482663 3782 
1264 1314 26 0.770811484340346 3723 
1265 1314 19 0.8113144519676032 3806 
1266 1314 24 0.7801080820500718 3796 
1267 1315 32 0.6666642587670599 3857 
1268 1315 14 0.8162696162587963 3703 
1269 1315 14 0.35997687187789246 3784 
1270 1317 33 0.6587938126423174 3837 
1271 1317 30 0.06380026355028197 3830 
1272 1318 15 0.30394996009671527 3812 
1273 1318 26 0.6505134866913996 3790 
1274 1319 29 0.638763728395443 3861 
1275 1319 20 0.5032205916252498 3795 
1276 1319 25 0.2539195263644325 3740 
1277 1320 31 0.3519401474503265 3856 
1278 1320 27 0.4362886121051632 3887 
1279 1320 29 0.03843194569273582 3715 
1280 1320 28 0.3299777393932496 3794 
1281 1327 31 0.45392676196121917 3727 
1282 1327 33 0.34911326591783215 3880 
1283 1327 25 0.19049063095834617 3867 
1284 1334 17 0.8061690934035338 3787 
1285 1334 21 0.34447841536255425 3859 
1286 1334 21 0.4275408033465566 3758 
1287 1334 17 0.3059807426910145 3745 
1288 1336 24 0.6472108747780021 3858 
1289 1336 18 0.8195832869073622 3720 
1290 1336 31 0.5568807863611768 3799 
1291 1336 17 0.5432411223356143 3823 
1292 1339 14 0.4270040611019874 3790 
1293 1339 31 0.10249788835669957 3759 
1294 1341 17 0.6524982696250837 3821 
1295 1341 33 0.1582575483930544 3851 
1296 1341 20 0.6938961494566386 3853 
1297 1341 30 0.6878601933407078 3834 
1298 1343 29 0.10391868396682362 3765 
1299 1343 14 0.18638660938881188 3732 
1300 1343 28 0.6195414737733121 3749 
1301 1345 27 0.01790575384185073 3834 
1302 1345 27 0.5531769545927505 3831 
1303 1351 33 0.873578634693422 3818 
1304 1351 30 0.38689882463439074 3725 
1305 1351 25 0.6938937627832243 3836 
1306 1351 15 0.29841696572125687 3801 
1307 1352 24 0.44803684406358396 3814 
1308 1352 25 0.23997205922129342 3872 
1309 1354 21 0.4914538962307533 3840 
1310 1354 19 0.519074444449577 3751 
1311 1354 16 0.42004235644355786 3862 
1312 1354 33 0.35930814147128554 3882 
1313 1362 20 0.4240971727717364 3745 
1314 1362 30 0.01404755481742678 3774 
1315 1362 32 0.07688133208493399 3742 
1316 1362 20 0.6870210029718677 3815 
1317 1366 29 0.8987520229400335 3768 
1318 1366 26 0.6318717607446324 3829 
1319 1375 31 0.2440672082386966 3799 
1320 1375 30 0.4737137311393306 3885 
1321 1375 14 0.41983551146626485 3707 
1322 1375 25 0.15772692349757383 3737 
1323 1379 22 0.18905865035459962 3712 
1324 1379 21 0.7643920953995518 3858 
1325 1379 19 0.6411941632503834 3753 
1326 1379 16 0.12329791897929988 3705 
1327 1380 20 0.8102706220693633 3822 
1328 1380 17 0.6234685147917859 3722 
1329 1383 24 0.6010403206978548 3803 
1330 1383 30 0.7483312612926994 3753 
1331 1384 30 0.7464002151333464 3894 
1332 1384 18 0.23862541222058747 3859 
1333 1384 31 0.026356801838560373 3803 
1334 1386 23 0.8310734856700785 3790 
1335 1386 18 0.04434794547003655 3831 
1336 1388 13 0.5565786589897398 3812 
1337 1388 23 0.769900574687331 3832 
1338 1388 20 0.584184949054001 3859 
1339 1395 22 0.2936930812518052 3848 
1340 1395 24 0.3611473013755129 3819 
1341 1395 14 0.24473015435996184 3856 
1342 1395 24 0.2119301389847372 3733 
1343 1398 32 0.5934862013333988 3785 
1344 1398 27 0.1396086901080399 3800 
1345 1399 20 0.6832515382506394 3863 
1346 1399 19 0.20294774832458687 3767 
1347 1399 28 0.08221063486676916 3816 
1348 1402 26 0.36720908024325033 3788 
1349 1402 16 0.0118399434038429 3780 
1350 1404 20 0.8445123302298462 3818 
1351 1404 19 0.8313303056179185 3871 
1352 1404 26 0.2196259715377575 3724 
1353 1404 28 0.6827420131339369 3752 
1354 1405 13 0.6764068881725166 3877 
1355 1405 24 0.33301717232898104 3831 
1356 1409 26 0.09650084855922321 3706 
1357 1409 32 0.15255737361939592 3854 
1358 1411 26 0.5995320491089863 3865 
1359 1411 29 0.34565071689700116 3783 
1360 1411 29 0.24103545681564686 3852 
1361 1411 29 0.7837521954048977 3741 
1362 1412 24 0.16198455687653318 3865 
1363 1412 14 0.05109963039910627 3833 
1364 1412 28 0.17030427180414776 3854 
1365 1412 24 0.49097989800637615 3726 
1366 1414 23 0.5426038903114172 3714 
1367 1414 27 0.5474062794197577 3793 
1368 1414 17 0.4325177065286632 3732 
1369 1414 19 0.3370313967019602 3848 
1370 1415 30 0.8235844817537578 3765 
1371 1415 19 0.22591199223771338 3868 
1372 1416 21 0.43223075833863367 3886 
1373 1416 19 0.5587620825432164 3780 
1374 1419 14 0.031131464802356637 3781 
1375 1419 17 0.11570188315437521 3870 
1376 1419 28 0.2554830246032578 3781 
1377 1419 23 0.05187161357164481 3783 
1378 1420 32 0.5563104986324974 3866 
1379 1420 17 0.22434083764542526 3794 
1380 1423 26 0.5363295287700948 3850 
1381 1423 33 0.35418151479507204 3776 
1382 1423 27 0.3208283860442387 3819 
1383 1423 26 0.892801520372049 3860 
1384 1426 33 0.323973334762641 3791 
1385 1426 33 0.8914365862423599 3894 
1386 1427 19 0.5161653211622799 3874 
1387 1427 23 0.2108144752996458 3770 
1388 1430 28 0.6478741405581172 3708 
1389 1430 14 0.41754774636558534 3701 
1390 1430 26 0.2636060960407716 3849 
1391 1433 31 0.8762691223158555 3862 
1392 1433 32 0.43441440945059207 3883 
1393 1433 28 0.71244249944437 3805 
1394 1433 26 0.26101774523016125 3772 
1395 1434 21 0.3693026936900162 3717 
1396 1434 22 0.15922578034670284 3713 
1397 1434 32 0.2951027036781746 3881 
1398 1435 16 0.727314534887113 3735 
1399 1435 18 0.8773934330132972 3869 
1400 1435 21 0.34089457641208676 3757 
1401 1435 28 0.22290282598886135 3772 
1402 1436 23 0.7785966787119772 3728 
1403 1436 18 0.6653196988353896 3736 
1404 1439 20 0.6492253564037348 3826 
1405 1439 16 0.054610449133625706 3875 
1406 1439 13 0.7122720434450361 3726 
1407 1439 29 0.32587290064313684 3775 
1408 1440 21 0.6080619667600151 3701 
1409 1440 23 0.284375974262934 3788 
1410 1440 25 0.18622521896557406 3753 
1411 1440 29 0.15315558533497253 3844 
1412 1442 22 0.706575092332322 3780 
1413 1442 18 0.3832740266441385 3818 
1414 1442 25 0.5809309287094698 3766 
1415 1445 30 0.7583247714549565 3853 
1416 1445 17 0.4801691594076477 3773 
1417 1445 19 0.613438098993841 3730 
1418 1445 27 0.0447938935372557 3766 
1419 1451 18 0.6815799755302058 3834 
1420 1451 15 0.042295719252803815 3745 
1421 1451 19 0.24508029410968057 3795 
1422 1451 18 0.38239884331562707 3789 
1423 1455 31 0.6165929132733006 3699 
1424 1455 27 0.35643907897745647 3832 
1425 1455 27 0.1746038125792499 3855 
1426 1458 14 0.7408988593244576 3890 
1427 1458 26 0.48239811942999594 3703 
1428 1458 27 0.3944439882352178 3791 
1429 1458 24 0.26669744650746097 3884 
1430 1469 20 0.6921938436807368 3774 
1431 1469 32 0.8591416696551886 3802 
1432 1469 25 0.7136529368647812 3846 
1433 1469 17 0.6249011906158674 3797 
1434 1470 33 0.016858933135196146 3763 
1435 1470 29 0.5744238063056033 3717 
1436 1470 33 0.13678925333508946 3793 
1437 1470 33 0.10235459500184782 3812 
1438 1471 21 0.5163323646090073 3832 
1439 1471 29 0.16596684368949524 3838 
1440 1471 18 0.12948214374758468 3793 
1441 1471 23 0.8505346029802048 3695 
1442 1473 29 0.5620082830204504 3716 
1443 1473 23 0.572472173810743 3711 
1444 1473 17 0.6235542727465204 3749 
1445 1477 17 0.7236917184031325 3702 
1446 1477 16 0.2823495530830045 3854 
1447 1477 17 0.5920071647393101 3826 
1448 1477 33 0.7802442837140604 3788 
1449 1479 30 0.19338589891651073 3714 
1450 1479 13 0.6250710315616287 3832 
1451 1480 14 0.010825079782557175 3728 
1452 1480 32 0.10003401922309381 3892 
1453 1480 31 0.41628505214579 3752 
1454 1480 16 0.5294314146601768 3773 
1455 1483 26 0.25043665465107834 3890 
1456 1483 33 0.8862998299476923 3894 
1457 1483 32 0.6460950157923426 3699 
1458 1484 30 0.40481703662232327 3789 
1459 1484 13 0.32667252722645795 3843 
1460 1484 31 0.5062444695525777 3825 
1461 1486 26 0.5528737159622267 3787 
1462 1486 13 0.6870855518543241 3847 
1463 1486 33 0.8542442735492515 3779 
1464 1487 20 0.42227858914156147 3860 
1465 1487 24 0.2565725904634667 3801 
1466 1487 16 0.4930336015665887 3759 
1467 1488 14 0.4219995983467321 3866 
1468 1488 29 0.05726921231379495 3859 
1469 1491 20 0.8867055875253561 3814 
1470 1491 15 0.6064138912486395 3758 
1471 1491 17 0.776134382729183 3701 
1472 1491 28 0.1913257038207085 3732 
1473 1492 25 0.6232580020959806 3883 
1474 1492 28 0.7662596777690776 3831 
1475 1492 24 0.3020575749848194 3715 
1476 1498 30 0.7339677764409374 3869 
1477 1498 25 0.22005795846302456 3877 
1478 1498 13 0.3954959873746329 3739 
1479 1498 22 0.5760487264464933 3825 
1480 1504 21 0.041436243078728646 3839 
1481 1504 19 0.5724538705864105 3895 
1482 1504 13 0.21189001479189673 3758 
1483 1508 30 0.17756881873441682 3761 
1484 1508 27 0.2506053802508711 3885 
1485 1508 17 0.40969855982447706 3776 
1486 1508 14 0.8153220090249915 3883 
1487 1509 21 0.8093690493524769 3810 
1488 1509 21 0.0674923360578395 3826 
1489 1509 20 0.02876163310451036 3804 
1490 1509 29 0.14780335814998838 3695 
1491 1511 30 0.5007292716345317 3880 
1492 1511 29 0.16646580959731683 3721 
1493 1511 14 0.16180929034021155 3772 
1494 1511 15 0.024227644010253305 3755 
1495 1515 24 0.032873918573466075 3893 
1496 1515 29 0.24427389893335752 3740 
1497 1515 31 0.8779946752439598 3767 
1498 1520 25 0.8814283288997605 3745 
1499 1520 24 0.23917091614195451 3706 
1500 1520 17 0.7600082190355557 3807 
1501 1531 23 0.05571994237440984 3794 
1502 1531 17 0.3916803652060498 3785 
1503 1531 13 0.4751682089327463 3799 
1504 1535 19 0.21738628514463415 3709 
1505 1535 23 0.2058083218120085 3817 
1506 1535 27 0.8025102796358041 3720 
1507 1535 20 0.3309684844605404 3799 
1508 1539 23 0.46601862623218343 3760 
1509 1539 16 0.8433834427694059 3735 
1510 1539 14 0.8966591317666487 3810 
1511 1542 21 0.17826330938811213 3833 
1512 1542 28 0.6643735458776877 3891 
1513 1542 23 0.6803616213288893 3812 
1514 1542 17 0.6541182359864808 3796 
1515 1545 25 0.5150615788028624 3768 
1516 1545 28 0.1697550055718189 3727 
1517 1545 27 0.8584092953356975 3747 
1518 1545 19 0.4095733015094855 3795 
1519 1548 31 0.7558128815854569 3697 
1520 1548 23 0.847406595345071 3749 
1521 1548 24 0.7039644504279842 3877 
1522 1548 16 0.15479654113021543 3722 
1523 1551 13 0.7215520083862249 3884 
1524 1551 29 0.11052997781034579 3771 
1525 1563 14 0.5326380194645038 3791 
1526 1563 21 0.3828964174606325 3814 
1527 1563 29 0.6178371425051994 3841 
1528 1563 29 0.3156683491821152 3838 
1529 1567 15 0.7632385142428186 3756 
1530 1567 30 0.8472701180036818 3851 
1531 1569 33 0.1665332910854444 3718 
1532 1569 21 0.7876497981138864 3868 
1533 1569 27 0.3006279907661794 3760 
1534 1569 14 0.5860826087581834 3848 
1535 1571 32 0.42222630197980143 3866 
1536 1571 15 0.5004379662258175 3696 
1537 1571 31 0.19726047829288937 3717 
1538 1572 19 0.6832488468571482 3894 
1539 1572 26 0.41985574820729127 3892 
1540 1572 15 0.013704271228539802 3853 
1541 1572 21 0.8969067350538873 3881 
1542 1576 21 0.6129521923927141 3871 
1543 1576 27 0.19540201872888024 3838 
1544 1576 17 0.3313439851883978 3788 
1545 1577 32 0.6368976536932404 3835 
1546 1577 29 0.34507634873750415 3739 
1547 1578 15 0.4649189509372622 3879 
1548 1578 28 0.14809875714685725 3881 
1549 1578 26 0.6681965314708961 3706 
1550 1578 25 0.5753938277912948 3695 
1551 1580 17 0.26398507098028384 3848 
1552 1580 28 0.6834000381131995 3824 
1553 1580 18 0.6253124170819557 3703 
1554 1580 23 0.5544535296273605 3850 
1555 1589 27 0.5947105476732695 3735 
1556 1589 28 0.3511536709526675 3780 
1557 1589 14 0.4827687869042846 3814 
1558 1594 14 0.32008941782904243 3828 
1559 1594 24 0.7699310654260336 3704 
1560 1594 27 0.7743159189346489 3835 
1561 1596 20 0.024135601089498054 3863 
1562 1596 20 0.4436101594509536 3772 
1563 1596 17 0.28437628602010917 3846 
1564 1596 21 0.7782493498258807 3881 
1565 1597 16 0.7600966007593285 3704 
1566 1597 27 0.4650281049967878 3881 
1567 1600 30 0.8333263777334681 3735 
1568 1600 29 0.6217321329510369 3769 
1569 1600 25 0.2841638142655818 3727 
1570 1600 27 0.8468597979193553 3721 
1571 1608 14 0.5416696735086918 3801 
1572 1608 25 0.17719947715594217 3755 
1573 1608 27 0.7913549770354618 3724 
1574 1611 20 0.20612787950298883 3886 
1575 1611 29 0.7857624937493943 3840 
1576 1613 16 0.664034978055519 3875 
1577 1613 27 0.8067111167663316 3755 
1578 1613 23 0.5652734985657479 3852 
1579 1613 31 0.8975462350806636 3865 
1580 1614 28 0.07065308618865301 3856 
1581 1614 21 0.4406987184527683 3854 
1582 1614 15 0.4145992767507368 3715 
1583 1614 16 0.3513636436792968 3810 
1584 1615 25 0.48302721486213235 3754 
1585 1615 26 0.7864038030211903 3771 
1586 1615 20 0.6737207980306854 3744 
1587 1615 16 0.08954714999140947 3819 
1588 1617 15 0.37929617531028065 3719 
1589 1617 26 0.7221964500550674 3873 
1590 1617 18 0.7715414563361361 3774 
1591 1617 30 0.6054190894397024 3749 
1592 1626 19 0.8364487628629016 3718 
1593 1626 23 0.47572564567670284 3790 
1594 1626 15 0.6880493706003409 3759 
1595 1626 19 0.2178635254044977 3747 
1596 1630 21 0.3879169917074264 3846 
1597 1630 27 0.5842181900036103 3723 
1598 1630 26 0.5969085459226346 3888 
1599 1630 31 0.30079240478620234 3787 
1600 1633 15 0.7763031661981465 3788 
1601 1633 13 0.8968147779569029 3889 
1602 1633 14 0.7811560075975801 3886 
1603 1635 14 0.7889613081152522 3834 
1604 1635 16 0.15842834920179777 3868 
1605 1635 28 0.6816605530846742 3723 
1606 1636 32 0.15242558258364852 3854 
1607 1636 33 0.3747713324856315 3796 
1608 1638 32 0.14202017208319168 3741 
1609 1638 18 0.5728927744233131 3824 
1610 1638 21 0.4074032591334874 3772 
1611 1648 15 0.8041225868923841 3879 
1612 1648 14 0.7152617299912863 3700 
1613 1650 27 0.8379562564971139 3831 
1614 1650 24 0.10609580846684513 3766 
1615 1650 25 0.18182419377579376 3850 
1616 1650 15 0.2058807931246326 3749 
1617 1654 23 0.4975018461473787 3705 
1618 1654 27 0.7755468306218178 3889 
1619 1654 28 0.8676511352960931 3882 
1620 1655 26 0.7564608895380551 3817 
1621 1655 26 0.04232185851910682 3703 
1622 1655 28 0.5191421324355479 3759 
1623 1657 13 0.01976133588269486 3869 
1624 1657 25 0.8588054761905322 3787 
1625 1658 29 0.16008709868878918 3780 
1626 1658 25 0.6816571748110141 3773 
1627 1663 13 0.6218763140526342 3716 
1628 1663 13 0.05533088313718205 3891 
1629 1663 32 0.14430233846383175 3713 
1630 1665 20 0.34058498880248483 3852 
1631 1665 16 0.7051056711015432 3719 
1632 1665 20 0.21830439582908895 3830 
1633 1666 21 0.7873346063130868 3703 
1634 1666 28 0.4342022019139101 3721 
1635 1667 23 0.32649254523226723 3727 
1636 1667 29 0.510174146392854 3894 
1637 1667 23 0.42942675099928357 3883 
1638 1669 24 0.26740224602685464 3838 
1639 1669 15 0.2262791826771127 3758 
1640 1669 26 0.8316798948519727 3817 
1641 1670 31 0.479154455226467 3797 
1642 1670 16 0.04609238428339425 3866 
1643 1670 21 0.7835291874541561 3748 
1644 1671 23 0.12945602948199458 3819 
1645 1671 14 0.6669880859832235 3721 
1646 1672 20 0.37900586724767804 3849 
1647 1672 29 0.43148911870985895 3792 
1648 1674 24 0.2844976819359124 3747 
1649 1674 30 0.26238799499838583 3730 
1650 1682 18 0.3339739737899475 3795 
1651 1682 22 0.8133481721207619 3762 
1652 1682 14 0.3104899280012714 3754 
1653 1682 32 0.8574879959334348 3708 
1654 1683 15 0.042811313336185625 3708 
1655 1683 31 0.5171320362704983 3863 
1656 1683 26 0.1271435054170761 3819 
1657 1683 19 0.31361159571725533 3860 
1658 1689 33 0.028540641400142133 3728 
1659 1689 27 0.2214127862225975 3787 
1660 1690 23 0.04330151069249875 3885 
1661 1690 15 0.6498079201116408 3875 
1662 1693 31 0.492501861067106 3720 
1663 1693 31 0.38585885082627486 3803 
1664 1693 31 0.7259021902693091 3769 
1665 1694 18 0.7022144887999713 3843 
1666 1694 32 0.29512806445622997 3727 
1667 1694 33 0.3213111241022078 3764 
1668 1694 13 0.6663153080938212 3852 
1669 1696 22 0.10148894713592138 3743 
1670 1696 28 0.44122999766010834 3883 
1671 1696 23 0.35992190105085575 3736 
1672 1696 13 0.031097783693558256 3861 
1673 1697 15 0.5858362071123682 3727 
1674 1697 14 0.22008326866688963 3789 
1675 1697 30 0.07350810499848008 3743 
1676 1697 13 0.7386659970099951 3798 
1677 1699 23 0.7465538083164541 3789 
1678 1699 24 0.3446527952985947 3879 
1679 1701 30 0.390607715178369 3865 
1680 1701 26 0.18972750562618562 3756 
1681 1701 16 0.7912868160451766 3827 
1682 1705 14 0.4605488790057799 3756 
1683 1705 14 0.5844978026642302 3855 
1684 1705 22 0.6323146512157717 3732 
1685 1705 16 0.3140172693386272 3724 
1686 1708 16 0.12252337937829612 3866 
1687 1708 15 0.8706993469339456 3836 
1688 1708 21 0.32920016979402683 3790 
1689 1714 15 0.1592661203038875 3806 
1690 1714 32 0.8935592208248969 3696 
1691 1714 19 0.29376491662600335 3733 
1692 1714 33 0.28812812989016023 3811 
1693 1717 20 0.6343777053372678 3806 
1694 1717 15 0.6117949793871563 3705 
1695 1717 30 0.3793072046006446 3781 
1696 1719 25 0.44188301821362297 3859 
1697 1719 33 0.7673647608495096 3845 
1698 1719 25 0.8847544002339341 3817 
1699 1719 24 0.0761527657522285 3726 
1700 1722 15 0.406484278649485 3876 
1701 1722 20 0.042203718623513194 3812 
1702 1722 28 0.5084554042270012 3887 
1703 1726 31 0.3734050133549228 3782 
1704 1726 30 0.8386587403698381 3781 
1705 1728 20 0.14337632940503983 3839 
1706 1728 21 0.2924978375534326 3834 
1707 1728 31 0.4185651051312781 3738 
1708 1728 27 0.7502651361566809 3767 
1709 1730 23 0.21866381634243562 3767 
1710 1730 20 0.7641821952464566 3750 
1711 1730 26 0.13431283851435155 3868 
1712 1732 25 0.5844594283890632 3851 
1713 1732 22 0.3815076575676959 3822 
1714 1733 19 0.03111249663901136 3712 
1715 1733 29 0.3727410290390852 3786 
1716 1733 19 0.8662746929075529 3866 
1717 1734 28 0.43977067601519665 3890 
1718 1734 13 0.13314455788343382 3709 
1719 1742 20 0.6785636376474053 3710 
1720 1742 27 0.5240643511296551 3781 
1721 1742 19 0.2136409503603683 3716 
1722 1742 24 0.670096174638695 3820 
1723 1755 20 0.17018000446189896 3753 
1724 1755 19 0.47720662453183166 3845 
1725 1755 30 0.05671643295965004 3757 
1726 1759 33 0.6142884633796035 3818 
1727 1759 32 0.05638521570098591 3710 
1728 1761 20 0.15157913333257914 3740 
1729 1761 22 0.16941509246915953 3846 
1730 1764 19 0.23662716329079958 3752 
1731 1764 30 0.8820190854797055 3733 
1732 1765 30 0.08016888097585122 3818 
1733 1765 13 0.6511895888456307 3756 
1734 1765 28 0.18562387467854005 3709 
1735 1765 27 0.8583702844044422 3749 
1736 1766 23 0.05479387731162606 3862 
1737 1766 27 0.4757964864678516 3828 
1738 1768 26 0.1862470939886402 3708 
1739 1768 24 0.6365508998869386 3781 
1740 1768 24 0.48763566692156 3742 
1741 1768 33 0.6486546521842577 3872 
1742 1771 23 0.3869174270712623 3781 
1743 1771 17 0.5919787553038696 3894 
1744 1771 31 0.29912303136086454 3743 
1745 1772 29 0.07756149644098226 3704 
1746 1772 29 0.4204989419916493 3709 
1747 1773 25 0.7849641331433836 3879 
1748 1773 30 0.8945737243627717 3835 
1749 1773 26 0.5892352893239952 3755 
1750 1773 28 0.32392805574606887 3724 
1751 1775 18 0.5813211208100355 3851 
1752 1775 20 0.07124799442828843 3740 
1753 1775 17 0.07485490329254361 3770 
1754 1775 27 0.1113462809390776 3820 
1755 1776 15 0.8394171178887644 3788 
1756 1776 14 0.023312485192875872 3826 
1757 1779 17 0.31955358991339045 3729 
1758 1779 33 0.36652042435063453 3707 
1759 1779 25 0.07715557808956422 3708 
1760 1779 15 0.08893798220615558 3755 
1761 1791 28 0.5676182584020547 3822 
1762 1791 22 0.5106645277139956 3872 
1763 1792 25 0.35845550176376406 3867 
1764 1792 19 0.33347301808638863 3760 
1765 1795 26 0.5434891257231332 3784 
1766 1795 20 0.7062915334626564 3750 
1767 1795 21 0.017299899024013646 3699 
1768 1798 20 0.0885616589842256 3866 
1769 1798 30 0.29502582376225217 3698 
1770 1798 24 0.16065516549351758 3724 
1771 1801 20 0.6916256512355142 3866 
1772 1801 20 0.42523832320374877 3695 
1773 1809 33 0.09455518833191291 3872 
1774 1809 29 0.8476157607562433 3706 
1775 1809 13 0.40364773714695656 3865 
1776 1811 29 0.48835269631981476 3776 
1777 1811 27 0.48737032172324873 3831 
1778 1811 16 0.4056269789801703 3714 
1779 1818 26 0.7814174554210125 3731 
1780 1818 20 0.2956675862262774 3790 
1781 1818 27 0.16051219962007734 3721 
1782 1818 33 0.5876080389786468 3742 
1783 1820 24 0.5435485558397033 3863 
1784 1820 30 0.43902822555327753 3821 
1785 1820 18 0.35718249652058237 3756 
1786 1821 29 0.6772025587474668 3816 
1787 1821 28 0.42226483664405295 3772 
1788 1821 32 0.712817071070711 3808 
1789 1824 24 0.039286158313929884 3716 
1790 1824 19 0.6009294292279216 3861 
1791 1827 22 0.7289246426223427 3817 
1792 1827 15 0.784825470037591 3827 
1793 1827 32 0.21223820507918517 3754 
1794 1827 16 0.3838977063787781 3848 
1795 1828 28 0.6743455224646292 3797 
1796 1828 29 0.488954074397106 3778 
1797 1828 15 0.1411008182003999 3703 
1798 1829 22 0.1520252521635641 3719 
1799 1829 33 0.7132821027454291 3714 
1800 1829 22 0.29101163956576714 3705 
1801 1831 28 0.2935069770118801 3808 
1802 1831 17 0.635276346288466 3724 
1803 1831 25 0.7472026511283489 3810 
1804 1831 17 0.10322250492685742 3818 
1805 1832 29 0.20362345678118438 3770 
1806 1832 25 0.8331117694442146 3725 
1807 1832 20 0.7328625439149893 3866 
1808 1834 31 0.6176774369853297 3733 
1809 1834 16 0.48637586467653415 3798 
1810 1834 26 0.40037384990456387 3820 
1811 1835 32 0.5447009661709291 3835 
1812 1835 28 0.21314301268928793 3719 
1813 1844 14 0.5156984902576085 3743 
1814 1844 25 0.18043995722932718 3803 
1815 1844 19 0.5839351560469447 3839 
1816 1844 22 0.24544386291579795 3808 
1817 1846 15 0.23176007890975517 3867 
1818 1846 29 0.2759387544029922 3859 
1819 1846 20 0.7313260599840545 3806 
1820 1847 31 0.01958613513134159 3812 
1821 1847 30 0.3162328866672601 3835 
1822 1847 20 0.5100132863943221 3864 
1823 1847 29 0.18040477642663016 3747 
1824 1848 16 0.17252440642457897 3723 
1825 1848 17 0.4556792819627788 3885 
1826 1848 25 0.7684257158970772 3739 
1827 1849 21 0.16462915442949375 3767 
1828 1849 31 0.7174424037162517 3846 
1829 1849 28 0.3131672207811325 3768 
1830 1849 25 0.12326325063924555 3774 
1831 1850 30 0.33453971251141795 3794 
1832 1850 16 0.28232764510259395 3723 
1833 1850 24 0.31462722245489555 3696 
1834 1851 13 0.7282853511210582 3737 
1835 1851 23 0.5964099660790362 3836 
1836 1851 13 0.5623309772059658 3865 
1837 1851 23 0.041978775558448395 3877 
1838 1853 15 0.49465538208749016 3715 
1839 1853 27 0.7274298606332833 3856 
1840 1853 28 0.5896299369425689 3712 
1841 1857 30 0.868840844026354 3831 
1842 1857 17 0.22779994728152694 3715 
1843 1857 14 0.6527422194560489 3831 
1844 1861 15 0.6188117612673283 3792 
1845 1861 31 0.43305051042667136 3879 
1846 1863 24 0.6767358706797124 3718 
1847 1863 26 0.465514882089786 3781 
1848 1863 29 0.7860427047176684 3875 
1849 1865 15 0.1316435268311843 3719 
1850 1865 14 0.11709143557513284 3805 
1851 1865 14 0.23630556543809694 3755 
1852 1865 27 0.7952746461385093 3706 
1853 1866 31 0.8714843521875809 3850 
1854 1866 22 0.5611032128674972 3734 
1855 1866 28 0.6549426545036752 3755 
1856 1866 24 0.8667502134893286 3821 
1857 1867 23 0.3429948951294372 3747 
1858 1867 22 0.44857566203008203 3791 
1859 1867 30 0.8011593284695451 3887 
1860 1867 27 0.5162950648316335 3847 
1861 1869 29 0.8384855710523321 3717 
1862 1869 19 0.3520801204690243 3715 
1863 1869 19 0.7830122109594619 3867 
1864 1869 30 0.6320015434010693 3882 
1865 1876 28 0.529483214620282 3749 
1866 1876 23 0.7095912731900067 3803 
1867 1876 13 0.43680979682443194 3836 
1868 1876 15 0.34956276421499466 3863 
1869 1877 21 0.49783547178268484 3769 
1870 1877 26 0.12276270468600399 3838 
1871 1880 13 0.25950244270692113 3787 
1872 1880 33 0.38249008272368834 3811 
1873 1885 19 0.12397948747015794 3724 
1874 1885 19 0.4846037402795939 3794 
1875 1885 32 0.8422986606111807 3886 
1876 1889 29 0.48067754901566506 3828 
1877 1889 33 0.5557706767675253 3803 
1878 1889 30 0.6014869276140513 3859 
1879 1889 24 0.5672453093549821 3809 
1880 1894 19 0.8609441067714527 3841 
1881 1894 21 0.49891183230345504 3880 
1882 1894 27 0.4542592901303192 3863 
1883 1899 30 0.8850234035327913 3864 
1884 1899 32 0.04715647845460343 3792 
1885 1899 29 0.30549735808099143 3721 
1886 1906 21 0.504145445880422 3764 
1887 1906 26 0.23282656107941246 3708 
1888 1906 18 0.07610215558871807 3705 
1889 1908 17 0.18326118855787996 3754 
1890 1908 16 0.02881111983585395 3731 
1891 1908 14 0.31554135754667545 3710 
1892 1908 33 0.7275115229951495 3735 
1893 1912 22 0.6062653499701568 3699 
1894 1912 30 0.2901265840101133 3842 
1895 1912 27 0.1596820975097212 3749 
1896 1912 16 0.4216818783863076 3841 
1897 1916 18 0.2833777911800461 3764 
1898 1916 19 0.8770574072638656 3859 
1899 1920 14 0.8486775987738194 3817 
1900 1920 18 0.24304682934290858 3755 
1901 1920 24 0.23735683434500152 3877 
1902 1922 18 0.830998116962605 3873 
1903 1922 19 0.11737031929886686 3699 
1904 1928 31 0.6769672299598888 3738 
1905 1928 23 0.41636130228099155 3862 
1906 1928 17 0.7567632121947128 3808 
1907 1928 22 0.2566677127365948 3783 
1908 1930 20 0.682805341155033 3797 
1909 1930 31 0.19260982981491567 3791 
1910 1930 27 0.701714721546465 3889 
1911 1930 14 0.5474998160217394 3710 
1912 1931 28 0.2875958432800748 3816 
1913 1931 15 0.06696123678806881 3868 
1914 1931 21 0.5460202413212858 3841 
1915 1931 28 0.08815071279621504 3769 
1916 1932 13 0.07964963271110703 3835 
1917 1932 29 0.6481877137319709 3890 
1918 1932 29 0.11694073854578252 3822 
1919 1932 20 0.29961573615657344 3813 
1920 1934 16 0.4523557171218739 3884 
1921 1934 33 0.6879152676420196 3809 
1922 1934 31 0.6275283921205593 3863 
1923 1936 22 0.5117581413641704 3826 
1924 1936 18 0.31382707130027765 3771 
1925 1936 25 0.7987101966141597 3726 
1926 1937 33 0.8732456492764248 3815 
1927 1937 33 0.6169236301984049 3810 
1928 1937 30 0.6561055699513082 3700 
1929 1937 29 0.7123832317305252 3775 
1930 1939 16 0.5000675240882553 3728 
1931 1939 16 0.022495698739210077 3856 
1932 1939 26 0.6897156383622707 3701 
1933 1939 30 0.7603604478088872 3700 
1934 1940 20 0.7578711427449454 3707 
1935 1940 33 0.11212610263756137 3709 
1936 1943 28 0.881349410016805 3820 
1937 1943 21 0.8211297014599894 3729 
1938 1943 15 0.2312828189364707 3710 
1939 1950 14 0.32212976144522415 3745 
1940 1950 32 0.8314703058628683 3722 
1941 1950 24 0.18605661001734278 3700 
1942 1950 32 0.8618850004446776 3721 
1943 1954 32 0.35826897026862675 3765 
1944 1954 29 0.6824355390502116 3809 
1945 1954 22 0.2906064626692584 3742 
1946 1954 33 0.2516814540381809 3811 
1947 1955 21 0.2996056553690615 3816 
1948 1955 25 0.7132992252334756 3860 
1949 1955 15 0.751779443881434 3888 
1950 1957 17 0.5263498540807899 3819 
1951 1957 25 0.6105155348469836 3779 
1952 1957 22 0.06565976792646772 3852 
1953 1957 16 0.2201410893136824 3816 
1954 1958 15 0.6361490410980796 3773 
1955 1958 17 0.5025996781809957 3883 
1956 1958 17 0.2791793152870527 3869 
1957 1961 22 0.8255606887294545 3887 
1958 1961 16 0.7637271183574127 3799 
1959 1961 25 0.8764568487991317 3799 
1960 1961 19 0.4116700661990309 3843 
1961 1964 13 0.250706036008923 3724 
1962 1964 28 0.599331527784184 3796 
1963 1964 18 0.35379531232059513 3836 
1964 1970 31 0.44947963096835564 3775 
1965 1970 30 0.22953343705961068 3882 
1966 1974 33 0.4456429721376766 3892 
1967 1974 13 0.5579950601741815 3886 
1968 1975 28 0.7228926848202896 3838 
1969 1975 23 0.7818419251885492 3855 
1970 1980 16 0.11567580696721358 3777 
1971 1980 23 0.572638904422883 3702 
1972 1980 26 0.34889067850016453 3847 
1973 1980 32 0.16893937006000298 3831 
1974 1981 21 0.8013528422511244 3743 
1975 1981 29 0.7281855487356346 3742 
1976 1981 27 0.14369288662928803 3812 
1977 1981 26 0.1648539704639198 3743 
1978 1983 14 0.16043625895895391 3730 
1979 1983 21 0.44745329823972463 3710 
1980 1988 31 0.7861557963925044 3755 
1981 1988 30 0.6954854422359512 3713 
1982 1988 13 0.2722241608542956 3871 
1983 1988 15 0.5519870507789313 3714 
1984 1989 32 0.4373125729563491 3853 
1985 1989 25 0.12700804641107205 3851 
1986 1992 29 0.16040855694297174 3798 
1987 1992 33 0.4990606719521714 3738 
1988 1996 30 0.6389437658400747 3824 
1989 1996 28 0.5065433839457326 3876 
1990 1996 24 0.5154647348524078 3783 
1991 1996 26 0.13174440052559644 3748 
1992 1998 23 0.3134582442972341 3804 
1993 1998 22 0.41745131860467455 3884 
1994 1998 26 0.26096504866690345 3832 
1995 1998 17 0.046853246435278564 3740 
1996 2000 28 0.11910683477046011 3775 
1997 2000 23 0.17793561398369576 3819 
1998 2000 28 0.1500873444813467 3719 
1999 2000 15 0.30171610730146303 3695 
2000 0 24 0.8918392696968335 3783 
