1 4 126 0.5688625034974001 3209 
2 4 126 0.04344021599939913 3133 
3 4 122 0.39204224912256597 3302 
4 9 125 0.6011126342243183 3217 
5 9 123 0.03511310761043324 3273 
6 10 119 0.6842903347789654 3128 
7 10 131 0.8810840973690459 3146 
8 10 123 0.854336404986594 3179 
9 25 117 0.8793838629845455 3120 
10 25 129 0.3425479557770935 3185 
11 25 122 0.12655650122388132 3140 
12 25 115 0.48997704255095254 3129 
13 27 119 0.04251851276076576 3229 
14 27 115 0.8192649452119386 3221 
15 27 113 0.08306539744687162 3148 
16 34 112 0.84271947627416 3284 
17 34 121 0.5408959199975955 3286 
18 34 123 0.1690586116638388 3267 
19 34 121 0.10241738610320845 3252 
20 39 121 0.09340114557573558 3207 
21 39 125 0.8861575703787253 3273 
22 39 116 0.7847890557798278 3164 
23 39 129 0.680045111633867 3265 
24 54 124 0.14367245848414584 3138 
25 54 131 0.4882064278999382 3194 
26 54 119 0.4216084567310367 3227 
27 54 128 0.02794695630009067 3290 
28 56 125 0.6445284711396418 3276 
29 56 128 0.4093437922787453 3282 
30 56 118 0.8782483710188544 3125 
31 56 126 0.806571894023113 3184 
32 57 113 0.6569090545915969 3212 
33 57 129 0.0663195357024972 3252 
34 57 126 0.1629573231519972 3171 
35 60 115 0.712327239162578 3177 
36 60 118 0.08575140141732633 3134 
37 61 123 0.6726758960060262 3139 
38 61 122 0.45964255391708136 3162 
39 63 122 0.18642645275528752 3150 
40 63 116 0.8847139594252565 3147 
41 63 130 0.043150519738678256 3275 
42 64 128 0.5958212580414839 3114 
43 64 117 0.0666881183515359 3222 
44 64 113 0.8157575801595851 3240 
45 64 124 0.7137385346445205 3240 
46 66 117 0.6530217172050153 3271 
47 66 111 0.4272922749383437 3232 
48 66 131 0.3031646492847344 3232 
49 66 130 0.6270116879903849 3158 
50 68 125 0.3117481844518239 3185 
51 68 115 0.4977218759212208 3283 
52 68 117 0.35425197506587897 3247 
53 68 131 0.19292916568022783 3258 
54 71 128 0.43162060298157134 3208 
55 71 131 0.8194604058405013 3163 
56 82 115 0.30638277637996364 3258 
57 82 114 0.6965176628437489 3184 
58 82 129 0.40350805331756384 3135 
59 88 112 0.21528798082193526 3260 
60 88 131 0.07572043135232688 3284 
61 93 124 0.818314609963872 3176 
62 93 131 0.28946746031763065 3131 
63 93 114 0.24923026908800494 3291 
64 94 116 0.34077025488514917 3285 
65 94 112 0.8740610057621355 3229 
66 94 123 0.24075777539276025 3145 
67 94 129 0.3245252906135815 3197 
68 95 127 0.7345284515934737 3244 
69 95 121 0.1980111188244439 3178 
70 95 119 0.3138163326360047 3243 
71 100 123 0.456980851789919 3215 
72 100 112 0.6216539477000159 3165 
73 103 112 0.8143732571284561 3115 
74 103 131 0.06893238220229174 3107 
75 103 131 0.13572013320090087 3253 
76 113 129 0.0756841714180485 3177 
77 113 124 0.5953493844719034 3261 
78 113 120 0.09126760785794373 3237 
79 114 116 0.45303291031343834 3283 
80 114 130 0.7282024243135657 3130 
81 114 129 0.4923075452606594 3116 
82 122 120 0.18368692619499383 3247 
83 122 119 0.03381717567325241 3165 
84 127 111 0.09730824291873319 3162 
85 127 125 0.3850363026583433 3163 
86 127 129 0.891035650063485 3245 
87 129 124 0.8994876827860289 3198 
88 129 118 0.25796144392026954 3289 
89 129 119 0.726243714100857 3270 
90 129 111 0.7438732757344052 3190 
91 135 119 0.5341651772806942 3195 
92 135 119 0.8909801566945074 3184 
93 137 114 0.30823225307404234 3107 
94 137 131 0.3629380361063981 3205 
95 137 119 0.18315739327322453 3274 
96 137 113 0.18238814845054072 3212 
97 138 114 0.6157655456408149 3118 
98 138 126 0.4440540966176709 3147 
99 138 125 0.597400692265279 3163 
100 140 111 0.3095023658135685 3108 
101 140 118 0.2350103435009962 3172 
102 140 128 0.17521284870547674 3282 
103 141 129 0.41282194668726885 3251 
104 141 127 0.05851729551412205 3205 
105 141 130 0.14534482686304373 3135 
106 141 111 0.3340915978194482 3227 
107 145 124 0.36977398151863505 3237 
108 145 125 0.4760044497616609 3193 
109 145 118 0.3894953572605601 3149 
110 146 112 0.8765926748042835 3207 
111 146 120 0.8681731017036164 3130 
112 146 120 0.31517349183245813 3117 
113 161 130 0.7633017408906868 3267 
114 161 128 0.7572398307120904 3144 
115 161 131 0.5368850442225549 3245 
116 161 119 0.05060973253876813 3163 
117 164 119 0.07500290531296123 3141 
118 164 115 0.10439080418715238 3188 
119 165 111 0.06316512238010892 3124 
120 165 115 0.13102115373656884 3130 
121 165 119 0.19619918157098662 3200 
122 166 122 0.23247271210483178 3162 
123 166 122 0.7505335376298916 3135 
124 166 117 0.8067156585080283 3242 
125 168 111 0.3472876117675814 3131 
126 168 128 0.810091976239049 3127 
127 169 115 0.8489305476740312 3144 
128 169 131 0.34111744781883413 3119 
129 169 129 0.5606272835887208 3185 
130 169 124 0.32218166726549824 3283 
131 170 119 0.6228685800076399 3210 
132 170 122 0.3720057354138487 3305 
133 170 125 0.627083212267348 3219 
134 170 119 0.24687893944301645 3296 
135 176 111 0.6097800479650731 3238 
136 176 125 0.11197852232522482 3206 
137 185 128 0.6473116202333554 3211 
138 185 117 0.7364989424909444 3184 
139 185 130 0.8497225211555571 3239 
140 189 111 0.8333797597671889 3156 
141 189 125 0.5323206611973467 3126 
142 189 121 0.7814546133393054 3140 
143 192 127 0.2084967635025367 3217 
144 192 130 0.846474019190963 3187 
145 193 121 0.34263503946809765 3215 
146 193 127 0.3388689628556738 3148 
147 193 130 0.5060498187332026 3119 
148 193 126 0.8630678950867031 3221 
149 195 117 0.8100504887929392 3108 
150 195 112 0.025457583719162055 3211 
151 196 111 0.41787651159141725 3164 
152 196 119 0.1877145476104854 3269 
153 196 123 0.7550535268325979 3199 
154 199 125 0.5313158962374682 3254 
155 199 124 0.35935623238493025 3239 
156 201 120 0.32254242304411035 3169 
157 201 113 0.557160328509517 3254 
158 201 130 0.48218409816773095 3274 
159 202 125 0.19357672134131026 3133 
160 202 119 0.04805100122528409 3268 
161 205 130 0.3980424393612006 3216 
162 205 129 0.742959301398062 3208 
163 205 117 0.091315078042542 3175 
164 205 124 0.09627160388239592 3136 
165 206 127 0.4241911860598083 3254 
166 206 123 0.30535946312789725 3119 
167 206 115 0.6474537358698744 3174 
168 206 115 0.4280835831284792 3233 
169 219 129 0.8348714230023785 3258 
170 219 127 0.8670993014742946 3147 
171 219 122 0.15404042807253934 3172 
172 220 131 0.2884124332692912 3293 
173 220 123 0.8276076825957251 3239 
174 220 111 0.8116985018693534 3187 
175 220 114 0.5092955660975027 3293 
176 221 123 0.5619403536415472 3234 
177 221 122 0.16237575098883253 3167 
178 225 113 0.27419038137652946 3202 
179 225 125 0.6829167045666945 3226 
180 225 113 0.0761482778626197 3257 
181 225 119 0.41052530349183164 3147 
182 231 130 0.0590077846395259 3246 
183 231 131 0.6581858971754533 3118 
184 231 129 0.6135325267381933 3137 
185 233 114 0.13038974336207393 3252 
186 233 122 0.5554050260665785 3122 
187 233 111 0.428251164070835 3172 
188 234 112 0.7405603556418858 3249 
189 234 125 0.5960329048399414 3179 
190 234 119 0.45145425824703456 3175 
191 234 111 0.6569912156220309 3120 
192 240 114 0.7032251995397611 3244 
193 240 131 0.6289334353088357 3187 
194 240 126 0.7945379308474476 3107 
195 242 123 0.362546942064719 3291 
196 242 126 0.8965663402343065 3287 
197 242 124 0.7828571487976089 3202 
198 242 130 0.4614932868170899 3162 
199 244 113 0.45736644196133314 3244 
200 244 120 0.24801048732675698 3297 
201 248 131 0.019947373939036367 3169 
202 248 122 0.20534029858460479 3130 
203 248 115 0.829211376320809 3295 
204 248 120 0.0526240305338571 3112 
205 253 123 0.5407268306182444 3294 
206 253 122 0.7060428454581792 3229 
207 253 117 0.5768932255481465 3266 
208 253 119 0.7416849325649072 3157 
209 254 111 0.07147838251751089 3262 
210 254 129 0.18092182411400556 3149 
211 254 130 0.23666043536766299 3121 
212 254 113 0.3840005046862171 3194 
213 258 129 0.23344476204038836 3262 
214 258 125 0.37931564549057906 3167 
215 258 129 0.6376036637814849 3223 
216 258 115 0.08390023814623666 3115 
217 263 112 0.5562173180884892 3169 
218 263 127 0.020254121596213995 3207 
219 263 123 0.5192697108486655 3122 
220 263 130 0.27184686053841 3152 
221 265 119 0.2139926019001563 3287 
222 265 113 0.7606923949043207 3221 
223 265 123 0.8105309283923395 3153 
224 265 130 0.10098268186812549 3272 
225 268 114 0.13799580617467955 3202 
226 268 128 0.8939044486717262 3133 
227 268 129 0.7547410778051407 3200 
228 268 126 0.4178108530458638 3303 
229 270 119 0.46789245672067437 3181 
230 270 123 0.5338485944158053 3179 
231 270 117 0.7890499365904865 3303 
232 270 129 0.393491360779155 3179 
233 272 131 0.22927055518363967 3114 
234 272 119 0.5580187322752417 3286 
235 272 125 0.720962562304319 3148 
236 272 114 0.12571519801489664 3120 
237 276 126 0.3345614830801715 3262 
238 276 111 0.667165723490504 3204 
239 276 115 0.6287733198464629 3160 
240 280 120 0.17461633679534785 3302 
241 280 118 0.7327719363799341 3274 
242 281 127 0.013740159678138382 3257 
243 281 116 0.2977134971297101 3181 
244 282 113 0.01806529403528348 3161 
245 282 125 0.3541907252233425 3219 
246 282 112 0.8637136823465765 3274 
247 282 116 0.7001437224216163 3137 
248 283 114 0.7802716657631201 3266 
249 283 117 0.24039475165949087 3185 
250 283 117 0.5324910188282915 3239 
251 287 129 0.23446351428117487 3267 
252 287 111 0.3416850452275083 3155 
253 290 125 0.5167667017368679 3196 
254 290 129 0.48025621031232496 3253 
255 290 129 0.3370588481259751 3303 
256 290 124 0.8748704080183884 3145 
257 294 116 0.4790030023406155 3162 
258 294 119 0.7805153204878629 3182 
259 294 123 0.23277261738367747 3255 
260 294 122 0.385215911363813 3185 
261 295 119 0.7154875020209788 3233 
262 295 131 0.19573183498556046 3123 
263 298 115 0.4218379940365037 3154 
264 298 112 0.021838801029692725 3236 
265 300 117 0.5552004472504322 3121 
266 300 126 0.45991958014194106 3290 
267 300 114 0.46721836197209926 3158 
268 301 129 0.3139843453753227 3205 
269 301 123 0.8385910729510351 3119 
270 304 118 0.361642309661511 3187 
271 304 122 0.6874258718788785 3238 
272 315 128 0.4040471358436505 3197 
273 315 127 0.20951225017003972 3110 
274 316 113 0.3518601742298872 3281 
275 316 125 0.6865939747403346 3285 
276 319 129 0.24099801457976794 3202 
277 319 128 0.8542064576233932 3189 
278 319 115 0.8526109424861615 3125 
279 319 128 0.3409998362356797 3247 
280 321 122 0.7724568085182205 3188 
281 321 129 0.07669789237435068 3261 
282 321 130 0.36866331365737287 3217 
283 327 116 0.6175805691481326 3227 
284 327 123 0.8459269641895641 3191 
285 327 116 0.1741379044554597 3304 
286 327 127 0.8692495167672217 3265 
287 330 126 0.45477016903196965 3138 
288 330 128 0.12369866583210859 3217 
289 330 113 0.02985352915982671 3240 
290 331 131 0.5930373805815999 3219 
291 331 123 0.27309070635601135 3293 
292 331 122 0.4633379608480669 3265 
293 331 122 0.8300897595926605 3167 
294 335 111 0.44081763696425247 3298 
295 335 124 0.417828124657501 3131 
296 335 131 0.25346862509106316 3218 
297 335 111 0.15154380349790822 3201 
298 342 116 0.484860553611556 3151 
299 342 126 0.7528841984540209 3237 
300 346 130 0.7054425586191267 3232 
301 346 126 0.2762726384486739 3163 
302 346 117 0.03630269599256144 3240 
303 347 119 0.3354621169914498 3248 
304 347 131 0.6443823777425006 3113 
305 353 130 0.3729806190220065 3243 
306 353 125 0.1164264933640898 3282 
307 353 125 0.32992289616044357 3123 
308 353 117 0.5437616164055649 3281 
309 361 114 0.5183202261021027 3228 
310 361 115 0.3784804707079237 3268 
311 363 111 0.3089513319028751 3259 
312 363 129 0.5772915924416723 3207 
313 364 115 0.6037065957550825 3246 
314 364 129 0.2820650733029237 3274 
315 365 125 0.4358800727365886 3160 
316 365 117 0.7441844590578942 3166 
317 365 129 0.8158708305055395 3142 
318 365 128 0.6438626656024833 3125 
319 366 114 0.7631382186923696 3255 
320 366 131 0.8941114428059205 3118 
321 371 111 0.60698375588289 3232 
322 371 129 0.8343650287879324 3200 
323 371 112 0.3581016690237768 3169 
324 371 124 0.45065872801481927 3206 
325 372 123 0.12273966122185055 3229 
326 372 128 0.46412806448250093 3188 
327 373 127 0.5816929649788617 3212 
328 373 125 0.6279378730357359 3230 
329 373 127 0.2107871800422164 3177 
330 373 113 0.20873171591444376 3174 
331 377 125 0.87367427222685 3152 
332 377 126 0.6494382976069941 3212 
333 377 112 0.594471516382954 3159 
334 377 115 0.6089066493965719 3185 
335 378 126 0.8403271043257075 3273 
336 378 130 0.020512816755669832 3144 
337 378 121 0.150435626835993 3201 
338 378 120 0.09335626727756234 3227 
339 381 127 0.8270059934971374 3110 
340 381 126 0.7141783219907244 3284 
341 381 122 0.5922961981868325 3215 
342 383 112 0.728146284315678 3224 
343 383 118 0.21185507770751483 3107 
344 383 111 0.8439301823872033 3107 
345 383 112 0.7037297874012326 3220 
346 387 121 0.450407629013818 3152 
347 387 122 0.7416321219258937 3128 
348 387 125 0.8685375281425118 3185 
349 392 130 0.6714157814324785 3123 
350 392 126 0.12945433037561924 3307 
351 392 123 0.313010345542207 3237 
352 394 118 0.13007095198065677 3251 
353 394 124 0.5057590792330662 3188 
354 394 131 0.7695317524707765 3287 
355 394 130 0.05267614924851888 3238 
356 396 124 0.7946401932815843 3185 
357 396 121 0.7912775855480514 3269 
358 396 124 0.5659707100230484 3258 
359 396 121 0.17409037893204246 3116 
360 399 129 0.3189742558692989 3210 
361 399 114 0.7437626068421113 3186 
362 401 114 0.5460576686953416 3302 
363 401 130 0.5371685831233444 3210 
364 401 123 0.10948160072591161 3243 
365 405 124 0.7772600145825508 3232 
366 405 111 0.586757560285968 3284 
367 405 114 0.22872706113881883 3253 
368 405 117 0.84107919070318 3274 
369 407 113 0.4997046592314482 3171 
370 407 121 0.35970894768876127 3191 
371 409 121 0.5953704042290456 3300 
372 409 120 0.620904977056868 3251 
373 411 129 0.2876448332792244 3182 
374 411 123 0.15716695768184796 3254 
375 411 122 0.02612656306980833 3217 
376 411 127 0.8092868048714652 3120 
377 416 114 0.5601936642427453 3201 
378 416 127 0.5734947731809891 3141 
379 416 118 0.4714754385501407 3143 
380 416 124 0.4916704467947913 3112 
381 418 113 0.47817989334828775 3193 
382 418 116 0.5322340669210226 3205 
383 419 111 0.5030462165128804 3281 
384 419 118 0.03608681823075548 3114 
385 419 112 0.34067906058324343 3263 
386 419 115 0.8328871450959421 3107 
387 420 121 0.11537010279391058 3239 
388 420 112 0.12840890601888238 3137 
389 420 113 0.857200994507246 3246 
390 422 126 0.25416058976672967 3254 
391 422 116 0.3543220209212071 3149 
392 423 112 0.0355597371906574 3231 
393 423 125 0.8824756588080825 3130 
394 425 129 0.8069730816703166 3119 
395 425 113 0.06525123435109281 3263 
396 427 121 0.6628737563503349 3298 
397 427 131 0.22930824042277864 3275 
398 432 120 0.3561645420583255 3278 
399 432 123 0.33044995770595814 3188 
400 432 113 0.59968920982109 3259 
401 432 122 0.7897707102271884 3147 
402 433 111 0.4003964312956264 3285 
403 433 125 0.7929795966438234 3269 
404 433 126 0.4242552827337674 3307 
405 435 126 0.6754276687950594 3251 
406 435 113 0.1724067256517581 3127 
407 435 118 0.34119435362653894 3162 
408 435 114 0.4664723286032834 3274 
409 437 129 0.16445357292149915 3216 
410 437 124 0.6030126348044852 3251 
411 438 118 0.5630256881611001 3295 
412 438 116 0.44375114967840107 3290 
413 438 131 0.8300789328740267 3139 
414 439 126 0.8451662660522561 3299 
415 439 130 0.6683397321915217 3128 
416 457 116 0.8104077945734832 3172 
417 457 130 0.1756238015870757 3183 
418 457 131 0.23321819142436345 3170 
419 460 113 0.6475940220149925 3201 
420 460 125 0.4293958767578177 3296 
421 460 125 0.4850130177200308 3194 
422 460 114 0.5975456743229636 3125 
423 462 125 0.8662731260402238 3118 
424 462 121 0.38704814525695935 3243 
425 462 129 0.2884935147582786 3117 
426 462 111 0.12203741878050389 3294 
427 464 114 0.7783393554890462 3139 
428 464 129 0.7436148047218135 3171 
429 467 114 0.06131997459327112 3194 
430 467 117 0.5185226560053607 3248 
431 467 117 0.8648676934086207 3185 
432 474 121 0.5136290059453154 3251 
433 474 130 0.32589662393374286 3252 
434 474 122 0.6337408021376418 3130 
435 480 121 0.8147330714738895 3146 
436 480 114 0.728678068830956 3145 
437 481 112 0.5274310159437188 3174 
438 481 126 0.1482328721020734 3229 
439 481 125 0.6161036838758212 3235 
440 481 117 0.7884216048776846 3293 
441 491 120 0.8917578114155503 3126 
442 491 126 0.7479967600918669 3163 
443 492 117 0.8165132895788084 3238 
444 492 115 0.5726798528810375 3170 
445 492 126 0.3970830910700352 3170 
446 492 114 0.4161188992336854 3116 
447 495 121 0.34952717657605814 3223 
448 495 114 0.4058442304353906 3305 
449 498 122 0.8130169415380846 3280 
450 498 117 0.06484441519392845 3238 
451 498 111 0.0739299419131518 3122 
452 502 130 0.4450693740593284 3164 
453 502 116 0.0426609707727967 3118 
454 502 113 0.06667709061438819 3220 
455 503 115 0.6752924441934017 3249 
456 503 130 0.031617203338325836 3301 
457 505 127 0.3246674457643843 3168 
458 505 119 0.13425759062370637 3198 
459 505 120 0.029942170008307303 3274 
460 506 122 0.2261296980481047 3155 
461 506 115 0.8153767222455736 3307 
462 513 119 0.24358876824261386 3198 
463 513 114 0.40956569160697903 3142 
464 517 116 0.3197767338018661 3304 
465 517 119 0.2968323329351089 3112 
466 517 124 0.34393066654288496 3148 
467 519 116 0.31458583651009775 3239 
468 519 125 0.3756473356210283 3123 
469 519 127 0.022170752014468505 3271 
470 520 124 0.6119210394283672 3177 
471 520 123 0.49911212600957466 3131 
472 520 131 0.7215648068577485 3175 
473 520 127 0.6113800571116919 3205 
474 521 112 0.676099604966373 3292 
475 521 130 0.8196140207370572 3116 
476 521 119 0.2735506157187176 3199 
477 521 120 0.2730898596838838 3267 
478 522 118 0.7750293970842573 3188 
479 522 113 0.08224446270526645 3212 
480 531 120 0.6572969334925935 3254 
481 531 113 0.7202171810497322 3259 
482 531 114 0.35895307834073487 3245 
483 532 119 0.2971180615217816 3235 
484 532 128 0.7210994962175975 3163 
485 532 127 0.035505682228550085 3228 
486 532 114 0.8872124077019405 3249 
487 533 112 0.6695601190681179 3192 
488 533 130 0.5799831874364674 3175 
489 533 119 0.20585956595360913 3142 
490 533 128 0.4530365574577585 3299 
491 534 131 0.22023051010949302 3111 
492 534 112 0.24856677942223157 3299 
493 534 118 0.03682341887665607 3143 
494 536 115 0.5236593681148919 3161 
495 536 119 0.8796542873956593 3138 
496 536 115 0.3165124048782362 3206 
497 536 120 0.8335264209552568 3245 
498 537 130 0.312982179903084 3247 
499 537 123 0.011234210912168205 3260 
500 537 116 0.4382406508209749 3180 
501 540 121 0.6161525199884184 3294 
502 540 129 0.4233550439405425 3278 
503 540 124 0.14947538346191297 3157 
504 540 121 0.18986974642738988 3191 
505 544 126 0.2788775440928101 3207 
506 544 117 0.5151509951363711 3121 
507 544 125 0.40100777925331144 3259 
508 545 116 0.8206139365006199 3149 
509 545 119 0.19013638644822067 3267 
510 545 111 0.8210449042505896 3220 
511 546 122 0.8850295663338498 3138 
512 546 120 0.4419788932427143 3303 
513 548 116 0.8060230731555512 3192 
514 548 119 0.7631521699772744 3215 
515 548 113 0.646598193508633 3232 
516 548 114 0.6517906495502228 3187 
517 549 129 0.29563036135380744 3109 
518 549 124 0.3763658590623461 3128 
519 555 120 0.11798634165040275 3274 
520 555 120 0.8979908867358585 3306 
521 556 120 0.6226852079538785 3139 
522 556 123 0.35181652852986883 3279 
523 556 131 0.6083884658894264 3181 
524 557 111 0.7531662207856548 3188 
525 557 121 0.2952091276601314 3262 
526 557 113 0.2939216674511886 3280 
527 559 122 0.7315147986441606 3256 
528 559 113 0.8573048189050992 3231 
529 561 118 0.8323408772880865 3251 
530 561 127 0.7289809545910606 3276 
531 564 129 0.4339429141079757 3186 
532 564 117 0.5870828902325841 3124 
533 564 116 0.8625183079524946 3236 
534 567 130 0.7672841256382303 3125 
535 567 124 0.4034303532800769 3250 
536 568 126 0.5813533018209566 3211 
537 568 130 0.3699850239432898 3108 
538 568 130 0.2759426867172128 3119 
539 568 130 0.8998394342945659 3289 
540 571 112 0.2252974291917615 3258 
541 571 128 0.3487242949929239 3280 
542 571 122 0.3563306225542649 3182 
543 571 113 0.7856996535424956 3235 
544 577 127 0.35695724655224553 3190 
545 577 118 0.35847661301251776 3301 
546 577 119 0.037571916808225705 3221 
547 577 123 0.05381133448828175 3192 
548 580 127 0.38344200503415704 3262 
549 580 123 0.8518112038770025 3109 
550 580 120 0.333295776855779 3307 
551 580 117 0.37845260605126385 3277 
552 582 129 0.723620883569241 3282 
553 582 130 0.6356986579439357 3129 
554 582 121 0.03647040237963764 3200 
555 586 128 0.3020105088812507 3167 
556 586 117 0.1333822598946445 3200 
557 586 121 0.773995776307668 3197 
558 587 127 0.7385220490028513 3198 
559 587 113 0.012661807170204872 3307 
560 587 116 0.5089684226035928 3272 
561 592 115 0.888760339878342 3170 
562 592 120 0.4226522473368895 3304 
563 592 131 0.5523882862831003 3130 
564 596 124 0.47336820738269775 3260 
565 596 124 0.43827817784086776 3130 
566 596 112 0.1979032218657543 3194 
567 597 119 0.5513297344720813 3251 
568 597 128 0.3230857776548316 3208 
569 597 117 0.38939284777649286 3107 
570 597 121 0.12964311377075133 3107 
571 600 125 0.7021051508750097 3125 
572 600 127 0.3501909526657214 3195 
573 600 126 0.5463689982111057 3172 
574 602 124 0.7076527201163489 3237 
575 602 129 0.7646803872154161 3275 
576 602 130 0.4029867120858204 3160 
577 609 127 0.5180461901109161 3224 
578 609 112 0.033750741880135306 3244 
579 609 123 0.043544831999306574 3242 
580 613 117 0.39655875473361063 3187 
581 613 116 0.5358379078941322 3232 
582 613 125 0.7008056478323342 3247 
583 613 120 0.11030406590886586 3185 
584 615 119 0.5810794077354435 3117 
585 615 119 0.607172870698126 3168 
586 628 125 0.0892775106809744 3279 
587 628 131 0.7638964535271098 3173 
588 628 118 0.6123446930807688 3168 
589 628 119 0.7483865803070195 3171 
590 631 128 0.5887020086599808 3125 
591 631 125 0.30007863417001623 3204 
592 633 114 0.5710712172084369 3183 
593 633 118 0.08857939311172705 3284 
594 633 122 0.487399554643567 3198 
595 633 122 0.48274473435426524 3211 
596 635 113 0.25610282990028116 3152 
597 635 124 0.05630875199427153 3174 
598 635 119 0.3684198161135662 3258 
599 635 118 0.819591834835171 3197 
600 636 111 0.4304989486277394 3107 
601 636 131 0.18371605438408398 3225 
602 636 114 0.531297238577782 3239 
603 636 117 0.10124465386840163 3222 
604 639 111 0.40252749778273916 3127 
605 639 125 0.6008770700043675 3145 
606 639 130 0.32594483793583245 3112 
607 641 114 0.09158203347682047 3251 
608 641 123 0.6230851061227762 3131 
609 645 130 0.0644660698001873 3298 
610 645 131 0.1325452177763635 3220 
611 645 124 0.5737539635850082 3276 
612 645 126 0.3702402798760378 3301 
613 646 129 0.8839770458474909 3246 
614 646 122 0.16002399461775962 3136 
615 646 127 0.10740839684040618 3262 
616 646 130 0.5343065301796066 3161 
617 647 122 0.3242520133886065 3125 
618 647 125 0.24687540792560486 3219 
619 647 126 0.24560259478751487 3254 
620 649 117 0.01487979947636918 3257 
621 649 127 0.12345523420089906 3126 
622 651 127 0.44373112923220925 3229 
623 651 115 0.4853513144812223 3299 
624 651 115 0.8304116507830278 3243 
625 651 122 0.4628468261952823 3305 
626 660 112 0.5078447328283201 3199 
627 660 126 0.46308908254396186 3182 
628 662 128 0.08967835288611878 3152 
629 662 114 0.7232840420725104 3151 
630 663 123 0.870849008531655 3253 
631 663 112 0.6553607029374965 3258 
632 663 127 0.1466733825679011 3131 
633 668 115 0.7078032290601829 3231 
634 668 126 0.5644316299819395 3267 
635 680 115 0.5033305758847888 3114 
636 680 131 0.6259539327412337 3199 
637 680 126 0.732673872544485 3172 
638 680 130 0.57930283974779 3156 
639 684 128 0.6896090313750023 3147 
640 684 112 0.5469369319143771 3258 
641 687 130 0.44789577714337714 3162 
642 687 111 0.519189837852186 3112 
643 690 126 0.4827560311959665 3227 
644 690 126 0.3950976330316439 3207 
645 694 113 0.23707541199900306 3121 
646 694 129 0.8818891483937479 3285 
647 694 123 0.26907886541414244 3254 
648 694 112 0.4025491460913075 3183 
649 699 129 0.7192449652098865 3192 
650 699 114 0.19177179085618196 3115 
651 699 129 0.16556420824792295 3301 
652 699 113 0.29874487434440233 3157 
653 707 112 0.6650113604724278 3138 
654 707 121 0.783419565502945 3191 
655 707 126 0.31834204721543385 3140 
656 708 115 0.7846844804064538 3277 
657 708 115 0.6506973866323499 3249 
658 709 126 0.5037108530120309 3130 
659 709 131 0.15737988354067114 3232 
660 710 128 0.10941102214753956 3219 
661 710 124 0.4785866329172823 3183 
662 711 114 0.8802885404207017 3298 
663 711 127 0.8119818660310814 3157 
664 711 128 0.0964858199925453 3131 
665 712 115 0.30762239058769164 3192 
666 712 116 0.6462013918437162 3148 
667 712 130 0.6776097850006648 3252 
668 714 117 0.8911381322573362 3170 
669 714 112 0.2534369459640976 3133 
670 714 128 0.5432221635472251 3214 
671 715 131 0.05200556281553006 3216 
672 715 130 0.820827088416587 3173 
673 719 114 0.8802179752658887 3259 
674 719 115 0.7328846936773868 3210 
675 719 119 0.16094310320697114 3111 
676 720 122 0.8428802298028485 3132 
677 720 117 0.8318854939993948 3215 
678 720 113 0.5779244820258583 3162 
679 720 118 0.8838992451538434 3287 
680 724 119 0.6684759666821134 3270 
681 724 131 0.3409780102321243 3223 
682 724 130 0.7244809530303312 3204 
683 724 127 0.42690490905465023 3161 
684 725 130 0.016552329992535083 3297 
685 725 129 0.026533614872062045 3288 
686 731 126 0.18251650010129314 3145 
687 731 114 0.5549865046529934 3200 
688 731 114 0.7537698516178086 3291 
689 731 125 0.07045151774567034 3139 
690 733 123 0.37506846362961094 3165 
691 733 117 0.11804557125503863 3131 
692 735 129 0.7327990986258305 3189 
693 735 125 0.6326538542888311 3239 
694 739 124 0.04943447318173059 3300 
695 739 119 0.6874678087485162 3220 
696 742 127 0.06558552153793518 3263 
697 742 112 0.4366284667874858 3198 
698 743 114 0.3649187294632522 3296 
699 743 116 0.435867283730607 3143 
700 743 118 0.6254082659887977 3188 
701 744 124 0.15673531515895678 3145 
702 744 116 0.6635182971186243 3151 
703 745 115 0.39432093271602775 3295 
704 745 111 0.5828815371893005 3153 
705 745 126 0.3258054576491886 3227 
706 745 120 0.7267159888517681 3256 
707 747 130 0.7824517191790384 3258 
708 747 114 0.30394714501512976 3205 
709 747 113 0.08396791795295705 3152 
710 747 118 0.45365054787230513 3231 
711 748 126 0.026775640367837153 3154 
712 748 112 0.32262640962255124 3301 
713 748 113 0.37719177025789274 3159 
714 752 116 0.4764936890881842 3143 
715 752 123 0.7302052687375835 3245 
716 752 118 0.3458944746027163 3253 
717 752 123 0.179037784998111 3117 
718 753 119 0.26102963602678225 3253 
719 753 120 0.3018025320805438 3203 
720 753 111 0.7230317332153907 3163 
721 754 117 0.6386196523641141 3231 
722 754 127 0.47479098380892404 3275 
723 754 115 0.40628161561441684 3256 
724 758 118 0.3004832950710819 3224 
725 758 113 0.25274367657815977 3268 
726 758 128 0.24298230981600843 3112 
727 759 131 0.5440376472247677 3157 
728 759 119 0.45009058244111716 3261 
729 759 126 0.12889882747151374 3154 
730 761 123 0.5978349283282665 3270 
731 761 129 0.13481466746021797 3168 
732 761 126 0.6062155323602344 3201 
733 762 130 0.07022284241104737 3271 
734 762 119 0.7304702866567769 3213 
735 762 113 0.6470858743637083 3132 
736 762 128 0.5741999793517981 3294 
737 766 116 0.34294784610171924 3113 
738 766 130 0.5614955106541614 3263 
739 769 120 0.8312866586744606 3112 
740 769 114 0.542007954685593 3208 
741 769 131 0.8371534252906145 3300 
742 769 129 0.4837710524037222 3117 
743 770 130 0.05428924767984108 3175 
744 770 120 0.34906231620981676 3155 
745 771 131 0.862259623357877 3135 
746 771 116 0.40081277088091827 3233 
747 771 111 0.4876315340157376 3188 
748 773 120 0.2884241594574143 3277 
749 773 114 0.6081069620220447 3251 
750 773 113 0.3321586392597696 3254 
751 773 124 0.7411716421576183 3249 
752 775 122 0.39318191310850464 3161 
753 775 117 0.5438437948079814 3240 
754 775 117 0.2741903146650677 3266 
755 776 126 0.11412251062043141 3152 
756 776 118 0.252342112661721 3283 
757 776 116 0.3493097195475969 3254 
758 782 111 0.19030044828914405 3149 
759 782 120 0.29014379645097693 3136 
760 784 119 0.8840112350197764 3162 
761 784 121 0.5724395727484919 3261 
762 786 116 0.4029984433482456 3176 
763 786 115 0.6003718342317433 3112 
764 786 129 0.5395804383630655 3153 
765 786 130 0.7126874097223982 3175 
766 788 131 0.30995241848878774 3252 
767 788 131 0.7178848910862814 3244 
768 788 115 0.11449359042201175 3145 
769 790 120 0.7138249733814622 3288 
770 790 112 0.8925694949194156 3177 
771 790 120 0.6222445722227893 3124 
772 790 121 0.8135823668372048 3165 
773 791 112 0.23019619900532476 3243 
774 791 120 0.37034633480254486 3282 
775 794 111 0.5882544435286571 3208 
776 794 117 0.6745920451876924 3252 
777 794 122 0.5748729455217159 3230 
778 794 116 0.7079688981768367 3203 
779 798 111 0.14414899193946443 3220 
780 798 116 0.140999931146928 3177 
781 798 115 0.620830573772926 3187 
782 806 112 0.08368809388070407 3122 
783 806 123 0.29087582446302596 3237 
784 810 124 0.40420995415910116 3109 
785 810 120 0.8779959835742422 3123 
786 810 129 0.1741911667504847 3205 
787 810 118 0.7500686522667969 3137 
788 813 118 0.3226493395033825 3120 
789 813 126 0.6578931952065064 3244 
790 815 117 0.6177065657038252 3227 
791 815 113 0.4880619469595079 3194 
792 815 116 0.11389490865791144 3277 
793 815 116 0.4582183838754263 3187 
794 816 127 0.035019668513050425 3305 
795 816 118 0.09179385287669792 3171 
796 817 115 0.8607857296549514 3138 
797 817 131 0.10763645379619212 3183 
798 821 131 0.34436327710079123 3254 
799 821 113 0.4431293868250542 3111 
800 821 123 0.28431210546693064 3181 
801 821 121 0.6866991880823041 3295 
802 822 116 0.3560599729812562 3287 
803 822 114 0.4577873681632137 3280 
804 823 118 0.23901650162534432 3122 
805 823 124 0.21419735310217508 3285 
806 824 121 0.4792222951939919 3280 
807 824 116 0.5222172106238424 3184 
808 824 124 0.2968636770991979 3298 
809 824 123 0.8556506905293927 3151 
810 825 128 0.8281612745390863 3227 
811 825 126 0.25403155056026866 3306 
812 825 131 0.599607964041906 3157 
813 826 122 0.6576064561091708 3289 
814 826 124 0.7765539841672124 3196 
815 827 129 0.2899697093119843 3175 
816 827 124 0.03822107036633898 3249 
817 828 126 0.3555567664228082 3255 
818 828 122 0.574692863717318 3177 
819 828 122 0.5722074324159439 3108 
820 829 119 0.11315235623332665 3188 
821 829 130 0.32470894210317736 3158 
822 829 128 0.23745897611733202 3271 
823 829 123 0.7859470547104048 3112 
824 832 111 0.07232596381999845 3299 
825 832 127 0.4918301622708149 3194 
826 832 130 0.3133533211056807 3210 
827 841 119 0.08392828073418525 3282 
828 841 121 0.6391341857612725 3177 
829 842 127 0.5224432795471449 3208 
830 842 112 0.03487581075808201 3206 
831 842 126 0.22343800842686626 3229 
832 847 130 0.5076016224801503 3120 
833 847 116 0.23499693537962865 3172 
834 850 126 0.7961576154404052 3307 
835 850 121 0.8681108257073682 3290 
836 853 128 0.2931313700449233 3237 
837 853 115 0.37070848609595064 3260 
838 853 124 0.30777768419053686 3203 
839 857 113 0.595304678766782 3267 
840 857 113 0.6533980627124739 3247 
841 858 119 0.4533730637970587 3143 
842 858 125 0.7412442195551723 3264 
843 858 123 0.5769711939895937 3281 
844 858 127 0.2082642757270928 3110 
845 859 129 0.731914744616414 3234 
846 859 129 0.799638798800754 3190 
847 863 113 0.4480201420957001 3276 
848 863 113 0.47087370310432713 3178 
849 864 129 0.018194712105368955 3162 
850 864 116 0.35518666248123965 3178 
851 864 117 0.3281633108404507 3241 
852 864 127 0.6580037121446531 3214 
853 865 114 0.4463109206211854 3188 
854 865 119 0.8554071707590848 3213 
855 867 112 0.7090738710644401 3175 
856 867 122 0.8361911540734411 3183 
857 867 124 0.6555670289419894 3159 
858 869 116 0.07756836443387848 3223 
859 869 118 0.3740195080421072 3127 
860 869 129 0.16730858109097207 3185 
861 883 120 0.533420768714066 3266 
862 883 123 0.5512549903127322 3295 
863 885 111 0.6591924150952084 3247 
864 885 115 0.689195063128728 3141 
865 885 129 0.7077215601208169 3167 
866 885 127 0.4577328134852698 3138 
867 886 118 0.5336484256465658 3268 
868 886 120 0.799943982557323 3277 
869 888 122 0.06056238965099294 3209 
870 888 122 0.6253250270679366 3274 
871 890 126 0.7990837487243817 3263 
872 890 112 0.3239880021540753 3292 
873 890 111 0.18792204672923754 3304 
874 894 127 0.5062987283090316 3197 
875 894 114 0.7582095794556836 3230 
876 894 129 0.6244230110292944 3254 
877 895 129 0.7578785893566914 3160 
878 895 113 0.7872616963247134 3204 
879 895 115 0.8524034310688338 3244 
880 895 117 0.8778537180682161 3237 
881 896 113 0.26973781363723637 3250 
882 896 118 0.3093031503357076 3258 
883 897 126 0.3076487943143271 3267 
884 897 114 0.0698714594641239 3135 
885 901 121 0.8629316122271824 3124 
886 901 126 0.4839894056243348 3144 
887 901 129 0.49880747406734927 3157 
888 907 127 0.7893841646985276 3107 
889 907 116 0.07777288976599712 3239 
890 907 118 0.49045684705215364 3121 
891 907 122 0.25191221069605746 3250 
892 909 117 0.7890175691238479 3215 
893 909 115 0.8751789198223424 3301 
894 912 112 0.22388042573124323 3286 
895 912 127 0.03565985583243951 3276 
896 915 112 0.6342958559229576 3255 
897 915 112 0.7806378299171002 3172 
898 915 130 0.6113191148128065 3153 
899 916 112 0.6934515503070211 3279 
900 916 114 0.2358687640616046 3290 
901 920 122 0.23867878799261316 3266 
902 920 112 0.7323896862053575 3265 
903 920 125 0.10801215397860382 3304 
904 920 131 0.6467820321261802 3174 
905 923 113 0.2522223610491569 3223 
906 923 130 0.5641565586242343 3112 
907 925 122 0.693666626846815 3169 
908 925 128 0.759972922603814 3154 
909 928 117 0.02521597950329223 3239 
910 928 112 0.5256017542559948 3239 
911 928 127 0.11781967032710833 3126 
912 932 128 0.3707551848533915 3206 
913 932 113 0.8347378434479907 3215 
914 932 112 0.33202798905313413 3250 
915 934 120 0.011794008016643882 3179 
916 934 119 0.7711972049109561 3223 
917 934 118 0.5305498558615523 3279 
918 935 113 0.18968960591726686 3170 
919 935 121 0.2682043940722508 3303 
920 936 112 0.8827835984543474 3145 
921 936 130 0.18043971547899756 3162 
922 936 122 0.44647573640041494 3188 
923 937 112 0.6673287681884232 3121 
924 937 120 0.20671176158633203 3293 
925 941 129 0.19292784635089247 3122 
926 941 128 0.8350860848085278 3258 
927 941 122 0.5648360842673099 3256 
928 944 119 0.12076551594175769 3232 
929 944 121 0.2289588548646507 3252 
930 944 123 0.5058237080517873 3291 
931 945 114 0.04968266562482469 3136 
932 945 117 0.48941453114098304 3125 
933 945 114 0.5316443623421281 3189 
934 946 129 0.2917576469678308 3130 
935 946 126 0.40095873165775947 3242 
936 947 116 0.29825014534715744 3269 
937 947 122 0.06189952505620875 3183 
938 947 116 0.20529104144791868 3295 
939 949 125 0.5460399992099817 3111 
940 949 121 0.07977916283996991 3192 
941 951 122 0.2626719478051096 3168 
942 951 129 0.644028465386079 3263 
943 951 116 0.5120188493778184 3226 
944 953 130 0.5496620594128802 3134 
945 953 131 0.6081085910417762 3122 
946 953 118 0.23892570707029717 3251 
947 958 114 0.23496091675035494 3118 
948 958 130 0.1706991061854348 3156 
949 961 120 0.28664163501115664 3295 
950 961 119 0.7338234213070357 3233 
951 965 129 0.7755348088778239 3303 
952 965 127 0.7560383313930393 3187 
953 966 127 0.47452673389855776 3153 
954 966 118 0.2838701918522078 3193 
955 967 129 0.3182602126789651 3256 
956 967 131 0.42560806482171404 3186 
957 967 126 0.6902970642837492 3141 
958 971 112 0.7442999168330838 3276 
959 971 112 0.61408137933847 3186 
960 976 128 0.852263068790777 3146 
961 976 122 0.5969154039222963 3307 
962 976 122 0.045866512908738596 3150 
963 979 129 0.2511623989205475 3153 
964 979 123 0.293775719789798 3143 
965 986 118 0.47421876350248326 3158 
966 986 123 0.8719413735837017 3117 
967 986 119 0.5378212200311953 3110 
968 986 128 0.1479264450133763 3164 
969 988 119 0.2484518261456913 3296 
970 988 118 0.31234346326886603 3199 
971 990 114 0.310148401650498 3159 
972 990 123 0.3094614795566933 3122 
973 990 125 0.12030788467168287 3143 
974 990 131 0.30590598807589253 3302 
975 991 129 0.2517508955732066 3204 
976 991 111 0.19270820727170698 3191 
977 991 122 0.7881571582864756 3266 
978 991 129 0.7736527839264968 3209 
979 996 120 0.6308546840997656 3286 
980 996 122 0.15682258009891917 3154 
981 996 111 0.6402113600091267 3246 
982 998 111 0.7590725265632443 3145 
983 998 118 0.046754223901906915 3266 
984 1003 118 0.2981938741029753 3262 
985 1003 118 0.802138974900527 3172 
986 1005 124 0.3996599852645754 3261 
987 1005 113 0.04480395761252136 3237 
988 1005 111 0.6834912400249762 3148 
989 1005 129 0.8249200559611851 3286 
990 1007 111 0.7946265404496236 3131 
991 1007 113 0.5725434645611619 3286 
992 1007 126 0.7499553584080856 3214 
993 1007 122 0.7332434953453543 3226 
994 1009 113 0.7125956236140537 3145 
995 1009 127 0.4784476985087619 3173 
996 1013 122 0.415703085375136 3109 
997 1013 115 0.39042588806056167 3228 
998 1013 126 0.5594515949264431 3187 
999 1015 125 0.20201166684641775 3154 
1000 1015 124 0.28793506621395076 3126 
1001 1016 123 0.10705647262872717 3296 
1002 1016 111 0.11382387520831792 3264 
1003 1017 126 0.6672781079198761 3142 
1004 1017 115 0.09327974809856683 3193 
1005 1020 130 0.09571277511689162 3267 
1006 1020 111 0.883927739215744 3297 
1007 1024 128 0.6093417121062605 3289 
1008 1024 124 0.7557358960109146 3271 
1009 1024 123 0.7112861098057663 3185 
1010 1024 131 0.22530690249779836 3275 
1011 1027 124 0.3539744139675716 3189 
1012 1027 115 0.8125143977559883 3264 
1013 1029 116 0.7117551219173132 3280 
1014 1029 116 0.47572006679705514 3230 
1015 1029 131 0.42078264823030803 3114 
1016 1029 127 0.6915707819902079 3253 
1017 1030 114 0.14306177177146032 3299 
1018 1030 120 0.7351716986471192 3301 
1019 1030 120 0.47685944004423425 3273 
1020 1033 114 0.7756947443312598 3200 
1021 1033 124 0.08162124431110612 3142 
1022 1036 122 0.8008449760819666 3108 
1023 1036 129 0.7147371829769428 3120 
1024 1040 112 0.6326167549488609 3305 
1025 1040 117 0.8867866093385869 3213 
1026 1040 117 0.6628412117740218 3198 
1027 1048 118 0.426229022582065 3107 
1028 1048 121 0.4614226802511008 3202 
1029 1048 119 0.0497880943706062 3191 
1030 1048 124 0.030489844479533117 3291 
1031 1050 111 0.034673183886853566 3181 
1032 1050 114 0.8836227564588535 3270 
1033 1051 113 0.14060531094570494 3253 
1034 1051 116 0.051639991321713305 3123 
1035 1051 128 0.4900099835736774 3107 
1036 1051 129 0.43940329536160233 3282 
1037 1059 119 0.5553887791612006 3231 
1038 1059 113 0.44208882969985 3165 
1039 1059 122 0.6610298146070149 3125 
1040 1062 128 0.21524537426529589 3172 
1041 1062 118 0.14409509097303502 3283 
1042 1063 128 0.18244861774647644 3150 
1043 1063 124 0.5062009956669977 3281 
1044 1064 128 0.6062110102748266 3185 
1045 1064 117 0.04902458346661403 3120 
1046 1064 129 0.49257196622827587 3301 
1047 1064 114 0.5210830888326016 3166 
1048 1068 131 0.017929064915107366 3241 
1049 1068 116 0.1687995771570564 3173 
1050 1068 129 0.16061676352287005 3201 
1051 1077 129 0.4340137477659565 3158 
1052 1077 116 0.7337240650929648 3194 
1053 1077 116 0.2605522046541635 3250 
1054 1078 125 0.5913432658752876 3272 
1055 1078 120 0.5741844008662641 3296 
1056 1078 124 0.062317840494653415 3116 
1057 1078 129 0.3306472224428744 3190 
1058 1079 118 0.5949727099045627 3222 
1059 1079 112 0.24133730668320794 3295 
1060 1079 112 0.5479614493463577 3157 
1061 1079 129 0.8581396111483333 3113 
1062 1085 116 0.3250342176952204 3136 
1063 1085 116 0.12304263645189913 3304 
1064 1087 120 0.3243567506377722 3305 
1065 1087 111 0.21417007192761456 3272 
1066 1087 124 0.08031073599655592 3274 
1067 1087 122 0.14099987949637835 3209 
1068 1088 123 0.6139896094574481 3197 
1069 1088 130 0.7654195910416988 3126 
1070 1088 118 0.3995036925262176 3222 
1071 1092 127 0.43517533703867173 3198 
1072 1092 125 0.17846128079822662 3282 
1073 1092 123 0.7502252244173998 3265 
1074 1094 131 0.3563831617315703 3215 
1075 1094 124 0.5016706991825555 3209 
1076 1094 125 0.4667617093409012 3237 
1077 1099 125 0.2560409824176311 3230 
1078 1099 115 0.747882116928245 3240 
1079 1099 131 0.2124745786558477 3260 
1080 1099 112 0.8573305209544713 3255 
1081 1100 111 0.14995396986553627 3194 
1082 1100 127 0.14489422005831684 3274 
1083 1100 119 0.3469178329184544 3144 
1084 1100 114 0.7387196086774633 3277 
1085 1101 131 0.8361594151136479 3135 
1086 1101 114 0.5199475897310762 3259 
1087 1102 113 0.39535526443197455 3214 
1088 1102 123 0.3478672682770088 3216 
1089 1102 128 0.22162519374551778 3127 
1090 1102 128 0.2138799262708054 3282 
1091 1105 131 0.40622897048797557 3194 
1092 1105 123 0.0865555694628799 3217 
1093 1105 128 0.39161615850592246 3221 
1094 1113 128 0.6763830120510549 3192 
1095 1113 118 0.5259589637892537 3303 
1096 1113 128 0.7265490284840724 3126 
1097 1114 116 0.0434137135330635 3300 
1098 1114 116 0.1750669269871844 3246 
1099 1116 126 0.5988084448104457 3248 
1100 1116 127 0.12604463862693935 3241 
1101 1118 117 0.6198400957130779 3143 
1102 1118 116 0.03862545110163241 3207 
1103 1118 126 0.254348224150515 3174 
1104 1118 111 0.6319896626767666 3226 
1105 1122 127 0.4863868775823343 3262 
1106 1122 121 0.4780979884842619 3291 
1107 1122 126 0.4583076224862993 3262 
1108 1122 115 0.28924490479465964 3258 
1109 1125 131 0.7345228506713757 3220 
1110 1125 119 0.3164404517276789 3230 
1111 1125 119 0.5162678419782816 3280 
1112 1125 116 0.8656436088048558 3194 
1113 1126 124 0.16722914250250687 3173 
1114 1126 123 0.5883738576572739 3307 
1115 1126 116 0.7871750616579866 3171 
1116 1128 122 0.5329950598071372 3197 
1117 1128 112 0.40402484546085327 3130 
1118 1131 118 0.0887121744854745 3258 
1119 1131 113 0.8800411566035363 3151 
1120 1131 131 0.20220873566738037 3202 
1121 1131 115 0.7944807231147222 3212 
1122 1133 115 0.26428253486071374 3170 
1123 1133 119 0.8124756089855405 3114 
1124 1133 111 0.43820027104760884 3117 
1125 1145 123 0.3709728263111279 3282 
1126 1145 118 0.6041584181457365 3274 
1127 1145 125 0.14229630461830967 3238 
1128 1153 113 0.16314323067425815 3185 
1129 1153 117 0.5694379593573923 3254 
1130 1153 114 0.257488995374589 3182 
1131 1170 113 0.21614410052905567 3159 
1132 1170 131 0.8260685604033365 3169 
1133 1171 122 0.3252907896792302 3187 
1134 1171 114 0.5521301051242671 3244 
1135 1171 131 0.6075223163735665 3268 
1136 1171 125 0.5582395477626321 3258 
1137 1174 126 0.7566257129590133 3305 
1138 1174 125 0.3982390051827991 3215 
1139 1174 129 0.2202654760076108 3282 
1140 1177 114 0.512724492950792 3251 
1141 1177 125 0.3590966277679922 3280 
1142 1179 131 0.8652443565636666 3214 
1143 1179 112 0.7173083696904033 3166 
1144 1179 120 0.25781801300955914 3210 
1145 1181 116 0.5029209371428651 3143 
1146 1181 130 0.2386799180377103 3139 
1147 1185 125 0.7146955842659343 3185 
1148 1185 118 0.39299717113864646 3223 
1149 1185 116 0.24471083518150852 3304 
1150 1185 118 0.799691116189272 3149 
1151 1188 116 0.020926971708236874 3200 
1152 1188 120 0.8014914232121934 3280 
1153 1189 124 0.3989559702413964 3303 
1154 1189 131 0.24029047198404427 3205 
1155 1189 131 0.10792376584900605 3133 
1156 1194 116 0.16104627577502134 3177 
1157 1194 116 0.11905690877851786 3141 
1158 1194 125 0.798176834779606 3269 
1159 1194 116 0.18469034529926837 3254 
1160 1197 124 0.3628082610140794 3114 
1161 1197 122 0.5651035224698971 3232 
1162 1200 114 0.12833995582805074 3205 
1163 1200 114 0.2951374021305356 3267 
1164 1200 126 0.8599130549487181 3121 
1165 1200 126 0.6786049922377738 3109 
1166 1206 126 0.20112112134800847 3244 
1167 1206 113 0.4649650986077574 3206 
1168 1208 131 0.09654507768312748 3231 
1169 1208 122 0.8086032088765238 3131 
1170 1211 123 0.8127510767105484 3205 
1171 1211 114 0.13744025665381418 3151 
1172 1211 130 0.6115653648653151 3113 
1173 1211 129 0.3907482530976552 3273 
1174 1216 126 0.7563442186960412 3274 
1175 1216 120 0.47745369773459123 3180 
1176 1216 113 0.3456012326838094 3166 
1177 1217 123 0.07412857538305072 3176 
1178 1217 125 0.3761074615957968 3114 
1179 1217 116 0.5016819616458218 3150 
1180 1217 124 0.6435598979059961 3297 
1181 1220 113 0.698131327686805 3156 
1182 1220 131 0.8095361943781652 3175 
1183 1220 128 0.2311616151509898 3264 
1184 1220 114 0.3931601970769481 3243 
1185 1221 128 0.5149158598431987 3270 
1186 1221 131 0.5835660222265143 3186 
1187 1229 130 0.6882557750635699 3214 
1188 1229 118 0.1119850072786302 3272 
1189 1233 129 0.5004986831772337 3206 
1190 1233 120 0.17164836570860997 3195 
1191 1233 117 0.44882870157361654 3156 
1192 1234 120 0.07970272099833699 3193 
1193 1234 119 0.10495241752802005 3306 
1194 1237 112 0.46134561798525325 3173 
1195 1237 117 0.19584888711417012 3146 
1196 1239 125 0.780040061628475 3184 
1197 1239 123 0.3846420094801452 3202 
1198 1239 113 0.7899660595586775 3244 
1199 1243 125 0.5995756071578607 3271 
1200 1243 120 0.04826866446695085 3131 
1201 1243 128 0.10155615473806048 3220 
1202 1243 125 0.3390020055589534 3239 
1203 1244 129 0.6599547140235336 3129 
1204 1244 126 0.8421948621990841 3267 
1205 1244 130 0.7463927203811421 3278 
1206 1246 119 0.5240973847185462 3271 
1207 1246 130 0.40389420774313667 3185 
1208 1247 118 0.5418869644772721 3155 
1209 1247 118 0.8196978057930726 3242 
1210 1247 120 0.5833153371697396 3166 
1211 1256 125 0.2755695020288456 3111 
1212 1256 129 0.6899460621366218 3150 
1213 1257 125 0.8538345802748342 3298 
1214 1257 122 0.7919548429277744 3159 
1215 1257 114 0.3862913056462589 3165 
1216 1260 112 0.525725479265204 3189 
1217 1260 114 0.059733366532059684 3169 
1218 1260 126 0.1577804239923652 3255 
1219 1260 117 0.5363024950312406 3285 
1220 1261 121 0.17375290323309853 3153 
1221 1261 122 0.7224343948662946 3189 
1222 1261 127 0.7757436091945153 3213 
1223 1261 122 0.6184814894759049 3173 
1224 1266 123 0.4465172016904586 3157 
1225 1266 116 0.2125878059973508 3245 
1226 1266 129 0.6415602611310095 3167 
1227 1270 123 0.6187402130784329 3284 
1228 1270 131 0.02765236219870887 3255 
1229 1271 117 0.08428085938529302 3159 
1230 1271 126 0.0973961575671949 3294 
1231 1271 123 0.015497290464157201 3184 
1232 1271 117 0.7634427094306561 3292 
1233 1276 112 0.7782656308565234 3152 
1234 1276 120 0.7136812668831114 3174 
1235 1276 126 0.7693261538119557 3304 
1236 1277 113 0.0548721928547661 3302 
1237 1277 128 0.1704070380071194 3157 
1238 1277 117 0.11853562795174316 3288 
1239 1280 118 0.3929259510816936 3249 
1240 1280 117 0.39096503275367706 3217 
1241 1283 125 0.11423193926848905 3286 
1242 1283 111 0.26878389369468714 3192 
1243 1288 130 0.37746011030324605 3199 
1244 1288 130 0.5257531846476066 3241 
1245 1288 112 0.733121703715474 3154 
1246 1293 114 0.8041216182127114 3268 
1247 1293 122 0.6520430456986612 3224 
1248 1293 124 0.7857319293737031 3300 
1249 1303 124 0.03203575821709036 3265 
1250 1303 116 0.7993187217128763 3179 
1251 1303 113 0.5688479318883394 3221 
1252 1304 125 0.5789289042480248 3173 
1253 1304 124 0.06755611458994597 3224 
1254 1306 130 0.8252259677240352 3138 
1255 1306 119 0.1869263158883512 3126 
1256 1311 113 0.040368823092809605 3260 
1257 1311 129 0.18831620679247138 3211 
1258 1311 123 0.3184399325436812 3134 
1259 1314 118 0.5880464542569194 3188 
1260 1314 125 0.18764032038963838 3226 
1261 1314 130 0.6819102417779184 3119 
1262 1314 115 0.8096399279905012 3189 
1263 1315 128 0.06137226049992574 3259 
1264 1315 114 0.6491801320450751 3121 
1265 1315 126 0.7046442418185617 3109 
1266 1315 128 0.8861756106589972 3120 
1267 1316 120 0.17977343981338642 3148 
1268 1316 112 0.26296831074926363 3227 
1269 1316 117 0.14708620160851965 3183 
1270 1316 124 0.22828659193073586 3279 
1271 1320 119 0.1241104517020825 3195 
1272 1320 126 0.7048781422978951 3230 
1273 1320 119 0.14236356632334315 3146 
1274 1321 118 0.17335065881921335 3248 
1275 1321 118 0.38701530545986146 3168 
1276 1324 117 0.6610961679339499 3171 
1277 1324 119 0.23331750406344948 3127 
1278 1324 113 0.8075489964900096 3123 
1279 1324 111 0.013248647221237728 3179 
1280 1325 128 0.5988411849706202 3244 
1281 1325 131 0.8485016015000055 3267 
1282 1326 127 0.8971755467544688 3303 
1283 1326 112 0.5260787597831119 3252 
1284 1327 115 0.3329083894886757 3292 
1285 1327 128 0.7650401698029676 3281 
1286 1327 113 0.2989759221628967 3123 
1287 1327 111 0.08974728799517329 3307 
1288 1328 120 0.14536043352936068 3204 
1289 1328 115 0.7538647417223006 3258 
1290 1335 120 0.23282302840030641 3269 
1291 1335 118 0.58786030995635 3107 
1292 1335 113 0.16218352932469898 3280 
1293 1336 126 0.35498181403853213 3286 
1294 1336 113 0.867758121234941 3255 
1295 1336 131 0.7915753148217838 3166 
1296 1337 122 0.46154927770837545 3225 
1297 1337 125 0.2253649499226338 3209 
1298 1337 121 0.12166334372864408 3122 
1299 1341 122 0.32039145548950604 3159 
1300 1341 112 0.8514463880798304 3261 
1301 1341 119 0.46611872162015505 3167 
1302 1341 122 0.8908029802532772 3262 
1303 1342 121 0.569152060303943 3280 
1304 1342 123 0.5807493040637891 3138 
1305 1342 126 0.8430455041784303 3162 
1306 1342 131 0.5467431810990913 3283 
1307 1343 125 0.48796290554454536 3278 
1308 1343 118 0.8158247584294355 3196 
1309 1343 128 0.20530583785674267 3129 
1310 1343 114 0.33995793047922146 3187 
1311 1346 122 0.30677989370366826 3260 
1312 1346 123 0.22257354806808846 3180 
1313 1346 120 0.1490954625330609 3203 
1314 1347 111 0.5321378668400318 3220 
1315 1347 117 0.12849305402187444 3199 
1316 1347 126 0.47736037438443246 3148 
1317 1358 127 0.25394242225898517 3194 
1318 1358 129 0.6010158159231368 3220 
1319 1358 113 0.3584001867278633 3151 
1320 1366 111 0.31836169859285685 3291 
1321 1366 117 0.1336436273672046 3247 
1322 1366 121 0.8280623665260258 3237 
1323 1366 120 0.5709738527520821 3171 
1324 1370 123 0.21711290610183 3295 
1325 1370 131 0.5997083775668235 3258 
1326 1370 116 0.609763356766779 3203 
1327 1372 117 0.851347382717574 3284 
1328 1372 115 0.7305101462353534 3114 
1329 1372 126 0.13662769130052643 3212 
1330 1372 117 0.528901740243037 3278 
1331 1376 116 0.2775645551829927 3294 
1332 1376 114 0.29998305093872446 3177 
1333 1376 121 0.8302073140025322 3273 
1334 1376 123 0.8325139233550984 3190 
1335 1378 130 0.1683201196908632 3253 
1336 1378 124 0.45935959547299826 3281 
1337 1378 119 0.469653114194438 3273 
1338 1378 118 0.7658580279556197 3159 
1339 1379 113 0.5622111330761449 3256 
1340 1379 117 0.04674709669273162 3147 
1341 1379 113 0.4870895688580875 3251 
1342 1385 113 0.5316651070261501 3280 
1343 1385 124 0.8800250747770247 3297 
1344 1385 114 0.312753227636959 3118 
1345 1385 118 0.15322329818763408 3180 
1346 1395 111 0.13041289850291302 3181 
1347 1395 114 0.06566961233595128 3139 
1348 1395 118 0.8549490685267986 3307 
1349 1396 128 0.4075915658810922 3129 
1350 1396 112 0.5699103305101004 3303 
1351 1398 129 0.629287572235007 3221 
1352 1398 112 0.600759464579735 3241 
1353 1401 112 0.47370739715706217 3129 
1354 1401 113 0.4337053722945037 3156 
1355 1401 113 0.05744339057368848 3126 
1356 1401 124 0.2231846983722021 3218 
1357 1402 127 0.740422866999431 3146 
1358 1402 123 0.14077752449690284 3155 
1359 1402 129 0.19229746495772526 3291 
1360 1402 112 0.05893326839559487 3187 
1361 1404 131 0.6543290046393196 3250 
1362 1404 121 0.6933881977523977 3248 
1363 1405 123 0.32003571435016154 3124 
1364 1405 118 0.09811281425857342 3220 
1365 1405 118 0.8880351782576361 3132 
1366 1414 131 0.60060557481173 3146 
1367 1414 128 0.20748274100311906 3200 
1368 1414 126 0.5046498486611487 3144 
1369 1414 115 0.48182468360096464 3113 
1370 1418 115 0.42780005107996766 3281 
1371 1418 112 0.06053350073542393 3188 
1372 1419 115 0.14504618715018175 3227 
1373 1419 130 0.3230338665221667 3241 
1374 1419 125 0.6345922006636836 3262 
1375 1419 124 0.8137979472664818 3223 
1376 1421 123 0.819529532551383 3130 
1377 1421 121 0.4132058550694219 3256 
1378 1422 115 0.5256165364575348 3162 
1379 1422 131 0.7709973375367883 3166 
1380 1422 116 0.7655561490767637 3142 
1381 1422 111 0.311099500991509 3134 
1382 1426 115 0.29189874571284413 3185 
1383 1426 112 0.15015018602840122 3203 
1384 1426 118 0.8067256642743854 3123 
1385 1427 120 0.8165761167894747 3215 
1386 1427 124 0.18426477622731116 3267 
1387 1427 118 0.03340690779920546 3141 
1388 1427 116 0.5611037323449771 3248 
1389 1428 128 0.20078207977876086 3138 
1390 1428 119 0.21160929741177195 3219 
1391 1431 117 0.7832895746195409 3166 
1392 1431 124 0.5628723721739862 3195 
1393 1436 117 0.7673019965674805 3130 
1394 1436 130 0.3671561000074979 3191 
1395 1437 127 0.8202335230502653 3115 
1396 1437 120 0.8019610431682453 3135 
1397 1438 130 0.3139174978024972 3259 
1398 1438 122 0.7435401706105195 3117 
1399 1438 117 0.7843348472606342 3277 
1400 1439 131 0.04919106883660854 3278 
1401 1439 123 0.8522427812157145 3305 
1402 1440 119 0.05101345266005899 3255 
1403 1440 121 0.6288659071810287 3283 
1404 1441 122 0.8330233737306181 3258 
1405 1441 112 0.6934510062846146 3201 
1406 1441 131 0.5884192485419002 3155 
1407 1442 125 0.20923680582277265 3209 
1408 1442 114 0.29376972550564384 3135 
1409 1442 121 0.8457848562537748 3232 
1410 1442 116 0.39347510312484996 3128 
1411 1446 118 0.0457441497786884 3137 
1412 1446 121 0.7268613062855367 3183 
1413 1446 118 0.832441149136943 3201 
1414 1455 129 0.10636394592834834 3135 
1415 1455 131 0.8726506221365106 3208 
1416 1455 127 0.501617303573624 3188 
1417 1455 123 0.13787218213620894 3138 
1418 1456 116 0.7202829497106091 3189 
1419 1456 126 0.49862866252890037 3176 
1420 1459 112 0.5267586447039478 3178 
1421 1459 127 0.28260549845344124 3251 
1422 1460 113 0.35616166730934323 3111 
1423 1460 121 0.571918850664004 3263 
1424 1460 111 0.2647814546861962 3157 
1425 1460 119 0.09884902947225141 3185 
1426 1465 126 0.6586281875412057 3136 
1427 1465 112 0.5893005021270817 3287 
1428 1465 121 0.3678091983246163 3195 
1429 1465 122 0.8667373184838272 3277 
1430 1467 130 0.1455299918931398 3246 
1431 1467 126 0.8722939849011626 3238 
1432 1467 117 0.07882147864915197 3270 
1433 1467 113 0.5556130626376043 3282 
1434 1470 128 0.16466362879036806 3300 
1435 1470 120 0.897232868516771 3193 
1436 1470 125 0.7875453007070463 3136 
1437 1475 118 0.12250920691723167 3189 
1438 1475 122 0.7547682532921586 3263 
1439 1475 119 0.30433588371398956 3223 
1440 1475 118 0.8616370368663488 3218 
1441 1476 128 0.24939136808003717 3235 
1442 1476 131 0.7508858659174458 3265 
1443 1476 113 0.0708750583203863 3118 
1444 1476 124 0.09412698951598429 3157 
1445 1477 125 0.8016693811839651 3124 
1446 1477 131 0.8024961221506711 3291 
1447 1479 131 0.860151809332563 3267 
1448 1479 113 0.5540462877469418 3165 
1449 1479 117 0.820424548720099 3123 
1450 1479 115 0.5266775418151222 3287 
1451 1480 130 0.6697319270434698 3142 
1452 1480 129 0.49090986043858653 3181 
1453 1480 117 0.7329301576841533 3242 
1454 1480 113 0.6251632426128048 3159 
1455 1487 125 0.3375095404647033 3150 
1456 1487 124 0.3220861020014106 3119 
1457 1487 123 0.31246702690834804 3278 
1458 1487 112 0.3163847232244941 3201 
1459 1490 113 0.05665087808519957 3149 
1460 1490 114 0.4019066879880949 3273 
1461 1490 121 0.7623455781063093 3135 
1462 1490 125 0.6422638774128029 3209 
1463 1496 118 0.6361776753876599 3247 
1464 1496 131 0.45401036434925157 3210 
1465 1498 115 0.8267554517594502 3137 
1466 1498 128 0.8045302156936213 3293 
1467 1498 123 0.2595956091016683 3155 
1468 1498 114 0.6952509306756354 3133 
1469 1501 119 0.449110678361261 3178 
1470 1501 118 0.8792888748711237 3213 
1471 1505 126 0.430810398579317 3265 
1472 1505 128 0.10929275066427256 3220 
1473 1505 126 0.33236655489415623 3294 
1474 1505 120 0.25904598975487453 3225 
1475 1511 117 0.6100149396030549 3124 
1476 1511 121 0.2867181074400807 3153 
1477 1511 111 0.45912656225086934 3133 
1478 1511 131 0.8107183214378862 3224 
1479 1517 119 0.07158638704899097 3224 
1480 1517 112 0.358569433851609 3284 
1481 1517 120 0.03641944617100025 3272 
1482 1517 126 0.22248705613921557 3166 
1483 1518 130 0.29732029294201545 3305 
1484 1518 126 0.862557223760177 3123 
1485 1521 126 0.8654802690342921 3127 
1486 1521 112 0.6168271343660234 3182 
1487 1523 114 0.6358185342006227 3210 
1488 1523 130 0.2929405961413296 3274 
1489 1523 131 0.3123735755658616 3298 
1490 1525 113 0.626593369411773 3199 
1491 1525 118 0.15315243800721443 3140 
1492 1528 126 0.6283733868739556 3306 
1493 1528 121 0.0929483746215417 3254 
1494 1528 119 0.20132410047286217 3171 
1495 1528 117 0.6856752057480329 3244 
1496 1538 131 0.280878965039245 3300 
1497 1538 119 0.3002968071395917 3306 
1498 1542 128 0.2728156234828639 3123 
1499 1542 123 0.03111311472941345 3304 
1500 1542 127 0.7768708196926497 3124 
1501 1545 126 0.7510774181247897 3268 
1502 1545 113 0.5185239455795033 3295 
1503 1545 117 0.2667961056974761 3179 
1504 1546 124 0.30741094824802223 3215 
1505 1546 125 0.6741659327858586 3217 
1506 1546 130 0.4258115700162205 3284 
1507 1547 112 0.30075865348794306 3214 
1508 1547 115 0.2094823357655956 3108 
1509 1547 119 0.8488471117280721 3274 
1510 1547 129 0.7299629033600868 3225 
1511 1549 119 0.013087089110103062 3138 
1512 1549 112 0.2769778304004754 3170 
1513 1550 127 0.5493866899525912 3269 
1514 1550 111 0.3527881005561845 3264 
1515 1550 118 0.10775264096863814 3164 
1516 1550 130 0.05132825167696392 3295 
1517 1553 125 0.2549871209130183 3227 
1518 1553 113 0.3393253169960458 3180 
1519 1553 113 0.43991694340515214 3252 
1520 1553 120 0.20825661451738856 3286 
1521 1556 114 0.7965634779920844 3205 
1522 1556 124 0.18765209964190563 3283 
1523 1558 131 0.704937797016719 3195 
1524 1558 123 0.3608021948329048 3206 
1525 1562 115 0.5002963624286887 3231 
1526 1562 128 0.6110351015382642 3210 
1527 1562 126 0.43877799123742933 3298 
1528 1563 127 0.41368808635187965 3288 
1529 1563 129 0.6861769571554455 3208 
1530 1568 130 0.11215801636368972 3155 
1531 1568 125 0.29552386701695765 3221 
1532 1568 125 0.8926985963360229 3245 
1533 1572 111 0.21837233269633377 3163 
1534 1572 122 0.4239338024935788 3301 
1535 1572 122 0.1536206970761384 3220 
1536 1572 130 0.03374543846285748 3198 
1537 1574 113 0.6880884695292719 3277 
1538 1574 113 0.7377194392020255 3296 
1539 1574 131 0.6817001936083779 3247 
1540 1577 129 0.702226806130305 3168 
1541 1577 115 0.6982748408236955 3292 
1542 1580 121 0.8019964494794727 3116 
1543 1580 127 0.32714329174759216 3107 
1544 1580 129 0.4026045703869486 3176 
1545 1584 125 0.05220662486458148 3244 
1546 1584 126 0.49702244799518275 3248 
1547 1584 129 0.5596736053467665 3196 
1548 1584 115 0.25222371925982073 3280 
1549 1587 118 0.41466153384839927 3269 
1550 1587 131 0.7121918291933723 3188 
1551 1588 117 0.6537638219670945 3254 
1552 1588 123 0.26403113335601763 3217 
1553 1590 121 0.6483834989727295 3183 
1554 1590 128 0.8294749342028737 3112 
1555 1590 123 0.7476508280470219 3232 
1556 1594 126 0.793920751227299 3302 
1557 1594 118 0.09041210807535743 3211 
1558 1598 113 0.4372305931221882 3285 
1559 1598 118 0.13870178360878865 3250 
1560 1599 118 0.112285471653889 3173 
1561 1599 129 0.1214054390053317 3144 
1562 1600 131 0.1658912735741689 3260 
1563 1600 122 0.38223307940863216 3240 
1564 1600 128 0.5724347390166102 3260 
1565 1601 121 0.8418137512812448 3293 
1566 1601 118 0.47077434043369726 3283 
1567 1601 131 0.7432686419351373 3291 
1568 1606 127 0.747767437414994 3147 
1569 1606 119 0.041820113639015506 3199 
1570 1606 116 0.44210064908259245 3259 
1571 1606 131 0.3484296139399233 3124 
1572 1610 121 0.38971597506564115 3156 
1573 1610 125 0.03452316240116408 3162 
1574 1611 115 0.5493317320585027 3193 
1575 1611 122 0.8278915717543008 3111 
1576 1613 112 0.8595372056046089 3275 
1577 1613 111 0.09560791229602006 3119 
1578 1613 127 0.4278465947103234 3207 
1579 1613 126 0.18915593739957112 3135 
1580 1614 128 0.013865955233102741 3114 
1581 1614 112 0.1622446355425052 3142 
1582 1614 127 0.8181360453522718 3210 
1583 1614 116 0.20608001911322998 3139 
1584 1615 114 0.11653236748613019 3207 
1585 1615 127 0.2665337702232198 3280 
1586 1615 111 0.316339986402387 3291 
1587 1618 111 0.16248514220056448 3233 
1588 1618 115 0.2701004682203918 3227 
1589 1618 119 0.1223800940610947 3242 
1590 1619 120 0.8219562409478458 3149 
1591 1619 121 0.7160901141468966 3198 
1592 1619 131 0.5934883218912942 3254 
1593 1623 127 0.18796886336543606 3222 
1594 1623 115 0.2370039314286689 3136 
1595 1623 127 0.8985192681048905 3197 
1596 1626 131 0.30091739936683837 3260 
1597 1626 130 0.4438748338223335 3291 
1598 1628 131 0.25935589743864607 3264 
1599 1628 113 0.8355137410032006 3284 
1600 1631 112 0.46535092805788847 3276 
1601 1631 119 0.4694359364969329 3236 
1602 1631 129 0.671178220605266 3190 
1603 1633 117 0.2533771805109539 3167 
1604 1633 130 0.7807081204408017 3226 
1605 1633 124 0.5900490496408534 3264 
1606 1633 126 0.5331033019443857 3304 
1607 1634 122 0.24820266805024072 3183 
1608 1634 117 0.4087868614302773 3190 
1609 1634 118 0.4038540316710452 3148 
1610 1635 116 0.7569867103178239 3227 
1611 1635 117 0.44141327388661844 3168 
1612 1635 115 0.34434690873494306 3233 
1613 1635 125 0.6399823660209483 3208 
1614 1638 115 0.8300157694948902 3167 
1615 1638 126 0.5772524412154266 3202 
1616 1638 119 0.2575793829140101 3148 
1617 1638 129 0.6318276043949531 3229 
1618 1642 130 0.8296448169233004 3168 
1619 1642 118 0.18619664479876724 3197 
1620 1642 118 0.6695374713381183 3278 
1621 1644 128 0.32995809442235535 3171 
1622 1644 120 0.08789410616040777 3212 
1623 1647 115 0.4701472998357461 3284 
1624 1647 121 0.5935156572191572 3173 
1625 1647 129 0.2603853858904157 3142 
1626 1650 131 0.3425311096142297 3116 
1627 1650 129 0.6061495159585231 3246 
1628 1655 116 0.0425433946077348 3297 
1629 1655 131 0.024605196124414492 3179 
1630 1655 116 0.7652330563146328 3183 
1631 1657 118 0.619389393295108 3151 
1632 1657 115 0.5574349292871517 3238 
1633 1658 120 0.4523663435331753 3298 
1634 1658 115 0.7594359522251899 3116 
1635 1663 127 0.3045797395715713 3177 
1636 1663 123 0.7821293351859935 3107 
1637 1663 111 0.5226040246024346 3153 
1638 1664 126 0.5026261830582014 3306 
1639 1664 119 0.8739278530775079 3273 
1640 1664 131 0.48156700570798594 3226 
1641 1664 111 0.6646749332219795 3247 
1642 1667 125 0.021642403648863433 3152 
1643 1667 131 0.6811950271384841 3149 
1644 1668 131 0.7866817898226246 3189 
1645 1668 118 0.4940975324189611 3184 
1646 1668 114 0.587334210828102 3302 
1647 1669 122 0.8357878886019603 3225 
1648 1669 113 0.25757892508223557 3116 
1649 1671 129 0.23591931531817872 3150 
1650 1671 116 0.15569737477347803 3128 
1651 1671 128 0.6603260320638932 3176 
1652 1672 113 0.6647959816131663 3196 
1653 1672 112 0.3508462329915082 3210 
1654 1672 117 0.3550222734162154 3208 
1655 1674 117 0.5747746635618742 3238 
1656 1674 116 0.7664736733067452 3283 
1657 1675 130 0.3998419536910465 3232 
1658 1675 114 0.5644065036145984 3263 
1659 1675 115 0.5646036602162023 3157 
1660 1675 118 0.1868496584658726 3111 
1661 1678 124 0.7083236361307729 3282 
1662 1678 115 0.2774203381802113 3208 
1663 1679 129 0.04797385230707154 3173 
1664 1679 121 0.6054374446799122 3198 
1665 1679 121 0.42151933303999106 3289 
1666 1679 115 0.40270143747319964 3284 
1667 1683 118 0.5362129382799417 3115 
1668 1683 114 0.23624030465851079 3118 
1669 1683 119 0.05336828525993291 3270 
1670 1685 125 0.038721099150862394 3143 
1671 1685 112 0.6803691042419616 3304 
1672 1685 123 0.05910140451878827 3279 
1673 1685 114 0.2918293227268387 3147 
1674 1689 121 0.248569883177346 3260 
1675 1689 126 0.7796583205778617 3287 
1676 1689 131 0.020775544482878116 3175 
1677 1692 122 0.1862721430260155 3254 
1678 1692 131 0.06145783361707825 3241 
1679 1700 118 0.24444755961751358 3190 
1680 1700 130 0.2600259806679143 3171 
1681 1700 113 0.23921291292198057 3129 
1682 1700 111 0.4934920641949347 3132 
1683 1704 116 0.8020071576095972 3211 
1684 1704 116 0.6081003045358795 3306 
1685 1707 115 0.110579904542117 3206 
1686 1707 120 0.3510185585933568 3255 
1687 1707 124 0.6209763900962735 3198 
1688 1707 130 0.45703476212961874 3123 
1689 1715 114 0.44935669162516895 3134 
1690 1715 128 0.27653085578761305 3294 
1691 1715 118 0.09936816521247686 3218 
1692 1716 118 0.6952797696691911 3254 
1693 1716 130 0.7264849030003441 3166 
1694 1716 117 0.4264980633927516 3127 
1695 1716 128 0.5599251749329934 3303 
1696 1717 119 0.12737116381845828 3164 
1697 1717 117 0.47399112164567664 3221 
1698 1717 126 0.3073486224666106 3243 
1699 1717 121 0.5965904836198678 3266 
1700 1719 127 0.5865862010595204 3283 
1701 1719 120 0.8218958047034383 3269 
1702 1719 130 0.5122339048576924 3280 
1703 1719 113 0.05400528140688312 3217 
1704 1721 126 0.33304344981299744 3166 
1705 1721 118 0.5976387689405636 3194 
1706 1721 121 0.7875782913224936 3295 
1707 1725 114 0.15428903967279214 3233 
1708 1725 125 0.5606896223937555 3196 
1709 1728 126 0.7023767015437183 3121 
1710 1728 111 0.6270780619355265 3170 
1711 1729 131 0.1343513504610607 3165 
1712 1729 112 0.8702227409268731 3285 
1713 1733 121 0.8561955504871429 3170 
1714 1733 125 0.7462713036502242 3119 
1715 1739 128 0.749105041712763 3196 
1716 1739 127 0.10431270566620807 3209 
1717 1739 114 0.526548238557842 3133 
1718 1739 116 0.3166181004688864 3251 
1719 1742 118 0.7257193909349798 3256 
1720 1742 131 0.1282327085971323 3301 
1721 1745 114 0.1980476697812849 3167 
1722 1745 127 0.32271629370556365 3143 
1723 1745 112 0.8458562741143147 3198 
1724 1745 116 0.2328799176779617 3264 
1725 1747 131 0.46319555679176927 3247 
1726 1747 112 0.3293322589822324 3117 
1727 1747 127 0.687033726934174 3224 
1728 1747 116 0.6281323468044265 3178 
1729 1749 126 0.0851890531972177 3128 
1730 1749 130 0.30030269017547506 3286 
1731 1749 121 0.5501484838317628 3253 
1732 1749 130 0.3021001622855817 3198 
1733 1751 129 0.4232764518931749 3304 
1734 1751 127 0.5676925123704646 3240 
1735 1751 127 0.09350752514759313 3239 
1736 1753 121 0.7309863134095641 3131 
1737 1753 129 0.2817104265031697 3287 
1738 1753 115 0.32164453017752626 3158 
1739 1754 117 0.7626566637022654 3164 
1740 1754 118 0.4230374572323505 3292 
1741 1754 125 0.4224545631695785 3128 
1742 1757 125 0.18579351967067684 3179 
1743 1757 121 0.4267365698911184 3114 
1744 1757 131 0.7344622060393847 3216 
1745 1758 130 0.7584915250442781 3275 
1746 1758 129 0.16189309144717592 3256 
1747 1759 112 0.27022158076516906 3294 
1748 1759 113 0.04341581688802686 3293 
1749 1765 128 0.5777696171451426 3189 
1750 1765 116 0.17812447424088582 3157 
1751 1765 125 0.3575625611952661 3282 
1752 1767 121 0.3106844432104287 3176 
1753 1767 121 0.47193441142532755 3170 
1754 1771 125 0.5438596124300321 3271 
1755 1771 119 0.7795450538217871 3289 
1756 1771 130 0.2508374680531069 3241 
1757 1772 126 0.5938176104578093 3159 
1758 1772 111 0.2692480912627453 3206 
1759 1772 128 0.5830659286274231 3253 
1760 1772 131 0.8877681284570517 3195 
1761 1773 125 0.2431908294835727 3251 
1762 1773 121 0.490678331524508 3199 
1763 1776 127 0.3804389059712039 3210 
1764 1776 124 0.4623333165192864 3169 
1765 1787 126 0.8000229343980446 3227 
1766 1787 125 0.793986076935658 3125 
1767 1790 111 0.8749086058521752 3122 
1768 1790 126 0.3686836983671877 3126 
1769 1790 117 0.665817998556621 3275 
1770 1790 126 0.6880519284080677 3172 
1771 1792 116 0.3019986963094386 3235 
1772 1792 111 0.7933953578265579 3240 
1773 1792 120 0.6305386394348285 3203 
1774 1792 123 0.5720431989962336 3140 
1775 1793 126 0.31292133321590854 3297 
1776 1793 118 0.5120754014871252 3135 
1777 1793 111 0.12702970509858427 3115 
1778 1810 116 0.2892837732696476 3133 
1779 1810 118 0.5638772036007271 3176 
1780 1812 118 0.05464954041014347 3226 
1781 1812 125 0.2719628579151639 3213 
1782 1812 111 0.18956943052117373 3296 
1783 1813 111 0.37949345532036377 3130 
1784 1813 124 0.4146281438070231 3221 
1785 1813 117 0.480596685487544 3207 
1786 1813 127 0.7190318409782269 3285 
1787 1814 126 0.8437853509114429 3141 
1788 1814 117 0.05722533768932588 3125 
1789 1815 130 0.6598085569525801 3144 
1790 1815 127 0.25442954903568304 3196 
1791 1815 125 0.8139650034084955 3198 
1792 1821 129 0.18791429418759678 3160 
1793 1821 120 0.2796242171820083 3209 
1794 1821 123 0.14673698374738717 3291 
1795 1821 122 0.11298465545048345 3220 
1796 1822 131 0.32291052347066834 3211 
1797 1822 129 0.6188015493342863 3218 
1798 1822 131 0.08436296548834576 3269 
1799 1825 119 0.3728732295476603 3196 
1800 1825 113 0.03756392276573609 3122 
1801 1825 127 0.8160250285452927 3143 
1802 1825 125 0.5931287391177127 3176 
1803 1826 126 0.8821348139041013 3254 
1804 1826 112 0.580417991793497 3290 
1805 1826 118 0.031100142449465386 3238 
1806 1832 127 0.13285771658356368 3169 
1807 1832 128 0.2822304423807791 3252 
1808 1832 129 0.08659187846379265 3170 
1809 1832 118 0.8969425058466034 3127 
1810 1833 117 0.39501420489872957 3127 
1811 1833 119 0.4723431868024001 3133 
1812 1834 114 0.774770170884154 3299 
1813 1834 114 0.25138887575326135 3303 
1814 1841 115 0.7916497072522416 3287 
1815 1841 131 0.09020208570882636 3267 
1816 1841 111 0.47810562215157676 3155 
1817 1849 117 0.7982222987567884 3200 
1818 1849 129 0.06758863760055084 3108 
1819 1849 126 0.05970599140611801 3296 
1820 1849 121 0.25526043239510066 3136 
1821 1852 129 0.5585053155975949 3201 
1822 1852 117 0.31025316087073646 3194 
1823 1852 130 0.8360223124736937 3176 
1824 1852 122 0.4657006185279936 3165 
1825 1853 118 0.7282256366798867 3232 
1826 1853 127 0.7095771695202757 3277 
1827 1853 125 0.7388546370441005 3240 
1828 1853 131 0.6618153674766117 3121 
1829 1854 126 0.4543631289193431 3279 
1830 1854 125 0.27550083490572175 3217 
1831 1854 124 0.16762285573704105 3169 
1832 1856 123 0.3803017290839358 3234 
1833 1856 112 0.34899578942941595 3256 
1834 1859 120 0.20723829803172267 3282 
1835 1859 123 0.8288403249068909 3219 
1836 1859 130 0.6740131009642926 3297 
1837 1859 113 0.3060314258517787 3158 
1838 1865 123 0.03456302146583427 3206 
1839 1865 111 0.09982758939539842 3191 
1840 1865 118 0.410387013559381 3127 
1841 1872 123 0.4794142111685992 3218 
1842 1872 128 0.8007463916902585 3172 
1843 1872 122 0.6162024748740049 3174 
1844 1872 117 0.4060271492118774 3219 
1845 1874 123 0.8735020979693315 3111 
1846 1874 131 0.757088228383064 3306 
1847 1874 111 0.2591042740705419 3130 
1848 1874 119 0.7074968298912812 3199 
1849 1881 111 0.5469327261910384 3118 
1850 1881 118 0.7429502702722655 3173 
1851 1881 124 0.5467299179426953 3137 
1852 1886 131 0.2129218819431132 3145 
1853 1886 121 0.3007975557167504 3195 
1854 1886 113 0.2698151911636876 3129 
1855 1886 130 0.10775177466211026 3244 
1856 1888 114 0.14354904702714824 3278 
1857 1888 112 0.8662053497960462 3304 
1858 1888 114 0.6206572868352376 3194 
1859 1890 121 0.08208463579513492 3119 
1860 1890 125 0.07218557150157907 3270 
1861 1892 122 0.5537953066355185 3228 
1862 1892 118 0.3052731777442975 3189 
1863 1892 112 0.4115332640096321 3292 
1864 1892 111 0.8888112581373948 3220 
1865 1893 126 0.7414185502778244 3259 
1866 1893 111 0.10994295072983948 3164 
1867 1893 116 0.5072745202833945 3175 
1868 1893 125 0.5538683965197212 3168 
1869 1894 129 0.31930436158482095 3188 
1870 1894 124 0.13085972737669643 3229 
1871 1894 127 0.5681974752420679 3246 
1872 1896 130 0.36088539224772087 3147 
1873 1896 127 0.3509928058581519 3169 
1874 1896 131 0.12745803307283754 3264 
1875 1900 126 0.816454066566715 3152 
1876 1900 122 0.4207049021153772 3299 
1877 1900 129 0.14128214784191176 3186 
1878 1902 121 0.42811760372172314 3153 
1879 1902 118 0.5226698929811902 3200 
1880 1904 131 0.6544694103089004 3245 
1881 1904 118 0.7403360327805868 3268 
1882 1907 116 0.6478506542789988 3285 
1883 1907 125 0.44358271091438367 3242 
1884 1907 113 0.1404250384805598 3254 
1885 1907 123 0.6130609707206192 3139 
1886 1910 123 0.39893374306070467 3247 
1887 1910 125 0.38020582684219334 3197 
1888 1911 123 0.29945212798885706 3276 
1889 1911 131 0.44770655706158324 3290 
1890 1914 114 0.0948807954727765 3233 
1891 1914 121 0.791722108315887 3258 
1892 1918 120 0.16942753533909116 3173 
1893 1918 125 0.6070520449846677 3135 
1894 1918 115 0.3223133752108601 3281 
1895 1918 127 0.45499852697814763 3224 
1896 1921 120 0.6135101327722727 3271 
1897 1921 123 0.6329708648864578 3162 
1898 1921 131 0.5724945462630379 3122 
1899 1921 130 0.5609326535908745 3288 
1900 1922 114 0.11651960322876966 3132 
1901 1922 123 0.862837874079842 3122 
1902 1922 117 0.46175634591008763 3219 
1903 1923 119 0.7348874059577816 3132 
1904 1923 124 0.7914428920334607 3229 
1905 1923 131 0.158268713385721 3303 
1906 1923 112 0.6047762122770189 3196 
1907 1924 122 0.7162180707119155 3163 
1908 1924 111 0.813118867043417 3245 
1909 1924 128 0.07092566221900448 3304 
1910 1925 119 0.36364547500902317 3281 
1911 1925 118 0.07578310567287586 3275 
1912 1925 114 0.8597801370211083 3176 
1913 1925 131 0.6481290898413418 3234 
1914 1929 121 0.468532631453503 3210 
1915 1929 121 0.765410573077461 3208 
1916 1929 112 0.8131989422437321 3266 
1917 1930 117 0.10252866946058635 3178 
1918 1930 124 0.03718649043214608 3253 
1919 1930 128 0.6978244870541214 3270 
1920 1930 120 0.23596368641770477 3273 
1921 1932 114 0.7306484500246455 3185 
1922 1932 114 0.7148156647116705 3270 
1923 1932 115 0.15902632353582008 3255 
1924 1932 127 0.7786993007215495 3159 
1925 1937 113 0.19494402779198072 3196 
1926 1937 118 0.094121172331997 3255 
1927 1938 124 0.899653010527357 3112 
1928 1938 128 0.8739806955072692 3267 
1929 1946 122 0.5215011151544368 3121 
1930 1946 111 0.0637114213653466 3259 
1931 1946 129 0.37649334817661995 3300 
1932 1948 125 0.45417275481276126 3197 
1933 1948 115 0.7055763068561977 3216 
1934 1949 125 0.1880123143872457 3164 
1935 1949 118 0.6044880183951977 3151 
1936 1949 126 0.6755075212259347 3271 
1937 1950 120 0.6266964632399601 3293 
1938 1950 118 0.8433670603780131 3148 
1939 1950 128 0.02538920618886739 3286 
1940 1951 114 0.47756707408928073 3174 
1941 1951 112 0.8838919750755505 3162 
1942 1951 126 0.5317438966219936 3166 
1943 1952 121 0.3693509547504687 3250 
1944 1952 113 0.6161070047314665 3186 
1945 1952 125 0.8135886078508573 3186 
1946 1954 113 0.5938375418174037 3178 
1947 1954 129 0.8941680075970456 3118 
1948 1956 115 0.35202769823042956 3132 
1949 1956 118 0.6088606089477251 3245 
1950 1958 127 0.16857776298846933 3280 
1951 1958 127 0.03039590065810896 3276 
1952 1958 116 0.8561822920540075 3128 
1953 1958 115 0.8030427471003282 3293 
1954 1966 114 0.1519636568779439 3287 
1955 1966 120 0.5820283559875262 3167 
1956 1970 112 0.8575533413032904 3243 
1957 1970 122 0.5269395763563756 3304 
1958 1973 122 0.5873958083499952 3118 
1959 1973 119 0.2767301298778699 3198 
1960 1973 111 0.0575910764845739 3290 
1961 1973 117 0.7792741828305412 3136 
1962 1974 123 0.15198703978705413 3262 
1963 1974 126 0.21617008079515931 3208 
1964 1974 121 0.5883812619358427 3158 
1965 1974 117 0.7534140234280895 3143 
1966 1975 115 0.22115567768691796 3305 
1967 1975 119 0.09147866999607436 3123 
1968 1975 124 0.6271212788940405 3162 
1969 1975 114 0.5408589287912268 3176 
1970 1976 112 0.3174183689344664 3235 
1971 1976 114 0.5543740858891157 3157 
1972 1976 126 0.08353676518093567 3172 
1973 1979 125 0.36060349004147674 3299 
1974 1979 118 0.015442769102571351 3280 
1975 1988 122 0.7863404080666522 3251 
1976 1988 126 0.24319228957204467 3214 
1977 1988 114 0.5428991421078627 3282 
1978 1988 120 0.5545941912062092 3190 
1979 1989 122 0.826570941054515 3220 
1980 1989 131 0.18247490040584236 3242 
1981 1989 122 0.05192919199770164 3258 
1982 1989 117 0.5468747901812533 3302 
1983 1992 113 0.8170883508354014 3248 
1984 1992 117 0.7870446285104645 3271 
1985 1995 115 0.24382954859404538 3275 
1986 1995 130 0.7456554976952464 3201 
1987 1995 114 0.20898219472267468 3217 
1988 1996 129 0.5519986650634313 3245 
1989 1996 128 0.22091679372990333 3200 
1990 1996 116 0.15727454347810946 3289 
1991 1996 125 0.3302188082208598 3197 
1992 1997 129 0.43814387279846134 3235 
1993 1997 118 0.8667521183221129 3290 
1994 1997 126 0.5175813362981706 3293 
1995 1997 114 0.0997041340079125 3217 
1996 2000 111 0.46350054194360146 3242 
1997 2000 130 0.824298781216513 3200 
1998 2000 117 0.3642484137899185 3192 
1999 2000 118 0.11480865198816226 3170 
2000 0 131 0.0194292478113105 3168 
