1 5 156 0.28205761321012623 5369 
2 5 169 0.11655632940984087 4725 
3 6 164 0.722865928136341 4764 
4 6 169 0.141814538696618 4876 
5 6 169 0.5590627213027928 4860 
6 13 157 0.7741103455271707 4589 
7 13 156 0.8667244803773296 5039 
8 13 164 0.4923050401458048 5064 
9 13 155 0.3408277262833524 4784 
10 18 172 0.5947426200682588 4981 
11 18 154 0.5446390720459761 4537 
12 18 160 0.2738641027372121 4594 
13 25 163 0.8250808407241542 4940 
14 25 162 0.6050815074744287 4774 
15 25 161 0.4195922850810378 4947 
16 25 169 0.6075539028998052 5135 
17 32 173 0.3470858069413067 4494 
18 32 174 0.2346691395746173 4908 
19 32 159 0.2668715883813609 4852 
20 32 157 0.13158460950402343 5065 
21 34 155 0.2473791663792703 4635 
22 34 160 0.6994129273723506 5021 
23 34 158 0.7305722430071561 4525 
24 34 167 0.606891834225451 4979 
25 35 159 0.08048519269265472 4625 
26 35 171 0.849130763878097 4649 
27 35 159 0.4452811704416967 4713 
28 36 157 0.7875921394039921 4649 
29 36 167 0.36932661398476146 4460 
30 45 157 0.8705356258518789 5357 
31 45 165 0.09623147565590885 4690 
32 46 169 0.6459933746640754 4568 
33 46 155 0.8779296329435713 5129 
34 49 168 0.2616295976626188 5315 
35 49 154 0.4756801329165227 4813 
36 49 173 0.6104121190797611 4967 
37 55 156 0.05599661250420702 5100 
38 55 169 0.10042651773202525 5094 
39 61 166 0.05962146468446591 4834 
40 61 168 0.7960397340501577 5149 
41 65 169 0.8784155545953107 5276 
42 65 171 0.3359837474063811 5248 
43 65 161 0.8821780640514143 5248 
44 68 165 0.3949718235863832 4804 
45 68 155 0.602028559621908 4814 
46 69 168 0.21610273732331242 4683 
47 69 172 0.6973137514788571 5086 
48 69 168 0.1388887197389809 4945 
49 71 162 0.40717198312779057 4616 
50 71 174 0.3898395344767405 4973 
51 71 162 0.8823083732472464 4835 
52 71 170 0.3831739576101129 4519 
53 72 166 0.2895726458600364 5219 
54 72 169 0.43466093592112043 5284 
55 72 159 0.8377902960023216 4876 
56 75 158 0.1551787246591964 5063 
57 75 165 0.2205468647821307 4526 
58 75 165 0.6582207791947768 5182 
59 82 155 0.5115031385625697 4697 
60 82 163 0.6153466737618742 4715 
61 92 160 0.4310337596742524 5227 
62 92 174 0.6745449466577559 5337 
63 95 157 0.2460659348091661 4775 
64 95 162 0.2132603762079319 4498 
65 96 167 0.7504569486326029 4975 
66 96 166 0.04624393814839277 4717 
67 96 159 0.12267742326125627 4718 
68 96 165 0.223584227423325 5329 
69 101 158 0.6843714043500191 4952 
70 101 163 0.8977467850887746 4489 
71 102 156 0.31598745874286854 4647 
72 102 157 0.379937686848348 4491 
73 102 157 0.6569690504673417 4715 
74 103 155 0.8449934913004278 4887 
75 103 160 0.6739515499324109 4834 
76 103 159 0.8452814744603947 4536 
77 110 164 0.4631506430048615 4796 
78 110 172 0.7493937849594762 4593 
79 110 158 0.8466525147811613 4491 
80 121 163 0.8080939176037321 4896 
81 121 158 0.8643012527878072 5371 
82 121 155 0.18043160829259455 4912 
83 123 154 0.7997716574886701 5441 
84 123 166 0.6708339764431093 4585 
85 123 170 0.06879658086058749 5027 
86 128 154 0.7226102995108081 5095 
87 128 159 0.7279470210948383 4729 
88 128 161 0.6156795682148485 4494 
89 132 166 0.28031610784261496 4475 
90 132 167 0.09466444435046549 5148 
91 132 163 0.7077899473541968 5193 
92 133 173 0.4092003481428335 4658 
93 133 172 0.05815652944808821 5286 
94 133 168 0.7842300508372012 5435 
95 133 163 0.4974635903868622 4496 
96 136 158 0.6033672619915902 5307 
97 136 171 0.7425769458563457 5308 
98 136 156 0.7220194933414519 5078 
99 139 160 0.4423693287942333 5173 
100 139 164 0.7893046340155054 5289 
101 143 166 0.35113051580077126 4699 
102 143 156 0.046221383443070994 4451 
103 143 165 0.40019235246221946 4662 
104 143 162 0.3545116310769248 5126 
105 146 167 0.4946278115551444 5344 
106 146 166 0.19277551791954367 4544 
107 146 167 0.46705150942082296 4698 
108 146 169 0.12461904741887123 4489 
109 149 160 0.016637807797197993 5189 
110 149 169 0.5319854678567222 5084 
111 149 172 0.10050371344415374 5296 
112 151 171 0.25552898090309106 5315 
113 151 158 0.31456174793625497 4996 
114 151 156 0.6872110101229755 4559 
115 152 165 0.32624153629665986 4944 
116 152 167 0.6051753422152414 5311 
117 152 155 0.4656604736839568 4927 
118 154 161 0.14738157742446928 4976 
119 154 155 0.08008813588227594 5013 
120 154 166 0.05981684178984554 4904 
121 156 163 0.761461064965942 4933 
122 156 173 0.25134083337936963 4614 
123 156 167 0.7639156125077159 4569 
124 156 158 0.557338619934208 5092 
125 160 173 0.5104363111506052 5172 
126 160 156 0.3305112427131741 4605 
127 164 165 0.5588324040065346 4516 
128 164 171 0.2611053980646189 4487 
129 170 158 0.4927870871057488 5301 
130 170 163 0.2822047140238515 4694 
131 174 162 0.8528189862564384 4844 
132 174 165 0.786608684379429 5028 
133 174 158 0.3738228889628305 4468 
134 175 174 0.26811732363479157 5137 
135 175 164 0.8028759643060964 4507 
136 180 170 0.2705167037071698 5242 
137 180 170 0.11352835639839906 4555 
138 180 155 0.23414311817535619 4733 
139 185 155 0.024921124817033905 5414 
140 185 168 0.34276484668909374 4481 
141 185 163 0.28021263412773867 4814 
142 185 170 0.8378946773643586 5389 
143 187 166 0.16502909921271144 4624 
144 187 171 0.49766323946159546 4624 
145 187 170 0.5324642643968809 4592 
146 193 170 0.31857072462685465 4886 
147 193 172 0.4868508073219799 5345 
148 195 173 0.4457643786106386 4467 
149 195 156 0.2506479363707119 5397 
150 195 170 0.06932117782635067 5283 
151 197 172 0.3742760702497085 5390 
152 197 167 0.6879825728540278 4624 
153 197 174 0.629495170135071 5397 
154 197 167 0.26032451977176113 5218 
155 198 161 0.25278864493665265 4997 
156 198 166 0.8415576627649946 4951 
157 198 164 0.8065906524105997 5226 
158 202 158 0.7132831236675076 5019 
159 202 161 0.07708593665696083 4901 
160 205 165 0.8660540213743086 5242 
161 205 170 0.15378481072680844 5339 
162 205 161 0.24363696073396685 4771 
163 205 161 0.08353895273919895 5258 
164 210 159 0.8321906584194436 5342 
165 210 170 0.287542647066942 5168 
166 211 160 0.33020224071091897 5410 
167 211 154 0.16030009703530543 5138 
168 211 163 0.10854320142669786 4686 
169 211 160 0.0777528596990304 4625 
170 212 172 0.4959515090237666 4815 
171 212 172 0.013407237052599646 4800 
172 212 172 0.7236666760371164 5215 
173 212 157 0.7808957384910611 4531 
174 215 173 0.1785888122499988 5183 
175 215 166 0.6629602419585543 5259 
176 217 164 0.8603828466764565 5254 
177 217 163 0.02826586323757084 4948 
178 219 165 0.06171589166876038 4486 
179 219 155 0.7574433136778219 5409 
180 223 159 0.21272957518838725 5354 
181 223 155 0.6940204940596546 5202 
182 223 159 0.8174236239502874 5420 
183 225 154 0.2688774296783464 5358 
184 225 167 0.5370030941352822 5268 
185 233 159 0.6472185304599362 4783 
186 233 158 0.17397587513540316 4740 
187 235 160 0.694690671131388 4929 
188 235 169 0.14389026068283559 5021 
189 236 170 0.2639930366980361 4493 
190 236 164 0.8234408814130592 5276 
191 238 167 0.17711827934562036 5046 
192 238 166 0.713816954218009 4514 
193 238 163 0.160702031388013 5370 
194 238 161 0.3419862759079577 4885 
195 243 159 0.2887490269982131 4669 
196 243 156 0.4390363786246884 4947 
197 245 172 0.5231716212408242 5107 
198 245 164 0.6519045308856969 5297 
199 248 173 0.1233346231134562 5295 
200 248 162 0.2112047925621783 5148 
201 251 169 0.39977387865270053 4638 
202 251 160 0.024214589168604174 4721 
203 251 169 0.7167769876603044 4896 
204 251 168 0.5212111192477483 5372 
205 255 174 0.5834519431125722 5183 
206 255 163 0.2952560038441955 4453 
207 258 157 0.6881641229972848 4841 
208 258 155 0.5786036550770621 5266 
209 258 167 0.10895572471876828 4970 
210 260 164 0.6090839786279096 5429 
211 260 163 0.7056901186084256 4885 
212 266 165 0.07482030179693361 5005 
213 266 155 0.8564156808285679 5114 
214 266 170 0.1594471216383766 4640 
215 267 163 0.4394966669803924 5101 
216 267 158 0.04491129568860067 5077 
217 267 171 0.3037083603662796 4770 
218 267 157 0.11040364178185474 4767 
219 270 160 0.7265636020037481 5024 
220 270 170 0.07583516405206497 5383 
221 270 167 0.7686106431385622 5375 
222 270 166 0.28860308580285265 5050 
223 274 168 0.6748512141972484 5242 
224 274 168 0.22349549698625654 5291 
225 274 155 0.23310515369403756 4770 
226 274 154 0.45980255875573844 4608 
227 276 166 0.20872681994537445 5028 
228 276 156 0.8525252729123004 4626 
229 276 158 0.4746924460925634 4966 
230 277 173 0.18935517483421055 4985 
231 277 167 0.4847465901643765 4863 
232 277 165 0.8390710428629246 5077 
233 279 168 0.10996309993086167 4791 
234 279 159 0.37925495120597685 5443 
235 281 156 0.5625408962651078 5342 
236 281 159 0.11840456565932364 5026 
237 281 174 0.3520957336244986 4824 
238 282 159 0.6081828911059217 4905 
239 282 156 0.46324965818733094 5414 
240 282 164 0.4484534508921865 5163 
241 284 168 0.8138497732151037 5263 
242 284 158 0.7443844351241823 4530 
243 284 160 0.6635614470073771 4718 
244 284 159 0.171689960258599 5102 
245 288 158 0.4997937662414348 4788 
246 288 167 0.3599388303800256 4733 
247 288 158 0.47470934112901575 4712 
248 289 168 0.5282206739253176 5327 
249 289 155 0.6553182544477993 5359 
250 296 165 0.7955415743483358 4479 
251 296 156 0.26737846869926984 4533 
252 296 164 0.8120545139606096 5179 
253 298 164 0.7601703330037526 4861 
254 298 172 0.7322354258114713 4945 
255 300 155 0.01600854973165601 4807 
256 300 165 0.010304265884917856 5212 
257 300 168 0.8346739077440083 5144 
258 301 155 0.6622232510368999 5435 
259 301 171 0.5892208395928585 4473 
260 304 167 0.7105303204397362 5273 
261 304 163 0.5433657156855426 4491 
262 304 164 0.06952348878967264 4839 
263 304 158 0.32403982577951085 4726 
264 305 168 0.20680002588978075 4870 
265 305 174 0.5223650060641459 5370 
266 309 172 0.04132268802019937 4837 
267 309 164 0.7929935197688128 4773 
268 309 159 0.20964530811847149 4899 
269 310 163 0.28819351089251805 4697 
270 310 164 0.3023497208513839 4977 
271 310 160 0.812172316436612 5213 
272 311 165 0.015046796256279011 4962 
273 311 161 0.6846583424147122 4618 
274 312 157 0.12605644727804372 4712 
275 312 173 0.29247958836297117 5053 
276 314 158 0.5946044841426669 4653 
277 314 158 0.41935218785257816 4697 
278 314 154 0.5706661943339034 4854 
279 316 162 0.7992413104286665 4865 
280 316 163 0.8383936241434217 4591 
281 323 173 0.5304309662907143 5396 
282 323 172 0.6783176902289312 4467 
283 323 157 0.5270003976002902 4571 
284 326 158 0.7047174259755024 4947 
285 326 162 0.43610867391538677 4950 
286 326 166 0.3151007349801393 4553 
287 326 164 0.3086547882284182 4461 
288 327 160 0.22230035128069947 4994 
289 327 172 0.790159434894894 5321 
290 328 166 0.7583465729667044 5407 
291 328 168 0.3979853328808127 5143 
292 328 173 0.153490804759392 5385 
293 330 159 0.024865813578263625 4631 
294 330 158 0.025627438274104866 4710 
295 330 172 0.8911270410196753 4857 
296 331 171 0.5841755726421678 4617 
297 331 166 0.6775323458947907 4691 
298 331 174 0.6653314182924633 5247 
299 331 164 0.7656456185725545 4828 
300 335 168 0.17918059782195075 5347 
301 335 163 0.5613857139543712 5305 
302 335 170 0.8548472898635069 4974 
303 335 170 0.4750218891593048 4807 
304 339 161 0.6058341080239009 5332 
305 339 164 0.14840605737655943 4752 
306 339 170 0.5147397611931234 4930 
307 343 173 0.6155491230085083 4510 
308 343 154 0.4576515405039458 5098 
309 345 158 0.16628449465498085 5357 
310 345 171 0.8740214079359842 5130 
311 347 157 0.8156184532641646 4572 
312 347 154 0.8206878086274211 4573 
313 347 157 0.4883698033247814 4892 
314 349 159 0.7955895497649624 4795 
315 349 170 0.06940077022822698 5157 
316 349 174 0.6871070803047794 4568 
317 354 171 0.6069706354061959 4481 
318 354 171 0.6004423424378029 5055 
319 354 156 0.8450218366707549 4705 
320 355 173 0.2972813290199381 5225 
321 355 172 0.43643106790478764 4578 
322 355 174 0.511248327756584 5092 
323 366 174 0.7431607820906783 5041 
324 366 162 0.8159911076462506 4627 
325 366 174 0.7609289237657829 4778 
326 369 160 0.3351967841942818 4472 
327 369 164 0.39285356797465093 4585 
328 369 157 0.44220834131551257 5287 
329 369 163 0.050792201755550284 5105 
330 376 160 0.5141108275246905 5447 
331 376 168 0.2754018713092381 4925 
332 376 163 0.7591953116188408 5342 
333 377 163 0.45921833915164145 5290 
334 377 166 0.4648863006960593 5362 
335 380 161 0.6914736905939539 4963 
336 380 170 0.652976384436919 5441 
337 380 174 0.27573707825682015 5106 
338 380 159 0.6553697708692033 5104 
339 384 168 0.8812269628509234 5194 
340 384 158 0.7031457066937562 5211 
341 389 162 0.44910571166272417 4589 
342 389 164 0.26011558702574006 5305 
343 389 171 0.695766713419673 5088 
344 389 172 0.7058427099095943 5050 
345 393 158 0.52460465770033 5376 
346 393 165 0.41910642335076886 4837 
347 397 172 0.5674887857999021 5264 
348 397 159 0.33594269935889404 4749 
349 400 162 0.6455546868194943 4622 
350 400 162 0.24929496462635936 4527 
351 400 163 0.7541679847169976 4558 
352 403 174 0.15585405823979478 5383 
353 403 160 0.15305317317112857 4822 
354 403 170 0.703432811035046 4907 
355 406 164 0.6061462708243887 4620 
356 406 169 0.07435157048821951 4702 
357 406 174 0.7914456987217445 4841 
358 406 161 0.13542109706114852 4463 
359 410 172 0.3457586821194606 4567 
360 410 173 0.45682779985973904 5176 
361 410 160 0.09984276399190863 5320 
362 411 161 0.7851708235127409 5317 
363 411 166 0.8297433009491535 4929 
364 411 162 0.14662066312901387 5437 
365 411 158 0.8938038966324711 5382 
366 413 169 0.7601546788548855 4600 
367 413 164 0.614003775126366 4700 
368 413 161 0.256714852568385 4537 
369 421 154 0.24427439950266563 5446 
370 421 162 0.024088786104332176 5296 
371 421 163 0.7912533980260662 4525 
372 421 165 0.35839941459320185 4601 
373 423 169 0.5055018544075315 4783 
374 423 157 0.5327121954973408 4640 
375 423 169 0.24504820455824575 4550 
376 427 165 0.10254414211624532 5378 
377 427 166 0.7212768851490395 5049 
378 427 170 0.4870589864185382 4615 
379 427 166 0.31999894466661694 5269 
380 429 164 0.20123781830586485 4619 
381 429 168 0.6942082342410982 5157 
382 429 160 0.6480214143784833 5089 
383 429 172 0.1182486781706203 5222 
384 433 170 0.15800455846448697 5343 
385 433 169 0.7130764578722059 4851 
386 433 157 0.12348940068085712 4622 
387 434 167 0.2774811267023498 5177 
388 434 154 0.3216456653566084 4552 
389 435 171 0.7062371975835275 4553 
390 435 174 0.6768483752699996 5431 
391 435 155 0.8673987748406565 5258 
392 435 172 0.5869638013917216 4748 
393 437 155 0.5886569343014133 5014 
394 437 170 0.4062296285282026 5259 
395 437 161 0.7593830961436664 5426 
396 437 155 0.3631313765737666 5306 
397 438 158 0.4072801686152155 4667 
398 438 163 0.01208844507468258 5026 
399 438 160 0.17542724964640327 4474 
400 441 160 0.3103831969819972 4656 
401 441 158 0.21075803474386165 4909 
402 441 166 0.6756137647726005 5171 
403 442 167 0.5250437014118309 5260 
404 442 160 0.21412557491738235 4518 
405 442 171 0.27263274292953016 5309 
406 446 155 0.33032708063773397 5106 
407 446 156 0.1866098374099922 5395 
408 446 163 0.7386717529051778 4574 
409 446 165 0.27571854011412367 4773 
410 449 171 0.8939019105567142 4581 
411 449 170 0.8049988240515474 4778 
412 449 159 0.4868852389105425 4722 
413 452 166 0.8444557191707064 4472 
414 452 159 0.11232321482895405 4488 
415 452 169 0.2192028862709898 5223 
416 452 172 0.41111223059894164 5310 
417 455 168 0.2827822893475906 5229 
418 455 155 0.5108203635683778 4646 
419 455 159 0.09449257394738841 5133 
420 455 156 0.7842780271867662 4990 
421 458 167 0.12321446662803262 5184 
422 458 157 0.7949784200083374 5363 
423 460 163 0.5120593259270504 4976 
424 460 157 0.452148748988473 4580 
425 460 154 0.3828032416895288 4987 
426 463 163 0.07069282061845258 4766 
427 463 164 0.743221649719532 5371 
428 463 158 0.3422425740901695 5384 
429 464 172 0.7972787157858884 5311 
430 464 171 0.3887477414124389 5138 
431 464 174 0.7233757136304606 4979 
432 464 172 0.6663772011825208 4759 
433 472 171 0.09636022037195353 4790 
434 472 155 0.7894179406279057 5401 
435 473 170 0.8661456321967088 5170 
436 473 169 0.2951391152944768 5167 
437 479 172 0.6841291404971749 4822 
438 479 163 0.7485201892345944 4808 
439 479 173 0.6414683970567808 5150 
440 479 171 0.022905441572817063 4992 
441 480 169 0.6988322468645021 4787 
442 480 170 0.2889001778446284 4807 
443 480 168 0.6648045035341686 5045 
444 480 164 0.19173649786863012 4939 
445 484 163 0.7722279540988194 4514 
446 484 162 0.12891663204340348 4931 
447 484 170 0.5289745114922463 5379 
448 484 173 0.09907586951606934 5238 
449 485 174 0.5150032149502025 5204 
450 485 173 0.4226529708763448 5322 
451 485 172 0.3608772440602656 4875 
452 487 169 0.4287620295742768 4852 
453 487 169 0.7952117838731362 4784 
454 487 157 0.47819956407427205 4573 
455 489 160 0.01907713324063072 5090 
456 489 162 0.623013216525617 4965 
457 489 160 0.0595275225157586 5135 
458 491 170 0.2879541909362769 4664 
459 491 174 0.8821806674912603 5061 
460 492 174 0.7439200718621254 4688 
461 492 159 0.4430730130703921 4564 
462 492 164 0.7519987338971038 5318 
463 493 169 0.17362298375855253 4866 
464 493 158 0.3646375314788304 4748 
465 493 160 0.15092388669850132 4880 
466 493 158 0.2635078887558226 4571 
467 495 165 0.5049405376830118 5407 
468 495 171 0.3335747171678626 5342 
469 495 168 0.23727948280256292 5306 
470 496 173 0.6115963153096793 5258 
471 496 154 0.38951367457934516 4769 
472 503 157 0.14299868395959728 5444 
473 503 157 0.7960002414073064 4890 
474 503 159 0.6177857648701316 4799 
475 503 160 0.20933001246841113 4728 
476 504 160 0.7218850909425774 4569 
477 504 154 0.41741663025123305 5100 
478 504 159 0.8078004778356971 4492 
479 512 159 0.2773613576487989 4869 
480 512 167 0.18912041799390314 5313 
481 512 170 0.3411735125390528 4603 
482 512 171 0.020439212362851934 5224 
483 513 165 0.7579575691477636 5315 
484 513 155 0.41771324335282956 5379 
485 513 172 0.023014797012449052 4884 
486 513 164 0.894464493862952 4490 
487 516 174 0.41170197434520084 5359 
488 516 162 0.4257678041941392 4572 
489 516 159 0.2802653112004434 4552 
490 516 161 0.1496850953301308 4841 
491 517 174 0.3542473904431553 4962 
492 517 159 0.6837989817123377 4653 
493 517 168 0.4525312672928449 4999 
494 519 174 0.31334244518781773 4896 
495 519 164 0.1673218259570196 4682 
496 519 173 0.7502528207890584 5448 
497 519 170 0.463669913151345 5056 
498 527 168 0.6577625469692479 5084 
499 527 170 0.09779867610232218 4586 
500 529 154 0.8415623325231242 5312 
501 529 158 0.17348938769920455 4716 
502 530 169 0.08798169437482459 5305 
503 530 171 0.63885485397137 5007 
504 530 173 0.36180445686726065 5002 
505 530 174 0.6702981307973918 5078 
506 532 165 0.48890403532668497 4820 
507 532 173 0.5489750295846234 4617 
508 533 161 0.1898141441439769 5261 
509 533 172 0.3091551500209578 4917 
510 533 157 0.7916389404002655 4954 
511 533 164 0.6680311573907386 5295 
512 536 156 0.7712089203374367 4622 
513 536 168 0.16704437697347407 5319 
514 536 162 0.06652453330377855 5337 
515 536 159 0.403544345222391 5397 
516 538 174 0.3145479789750243 5260 
517 538 168 0.8763249544246084 5138 
518 538 170 0.8839151379067419 4611 
519 538 172 0.18647425492070055 5251 
520 539 168 0.059448989515809215 5355 
521 539 161 0.20832421392950046 4936 
522 539 170 0.8874759459980698 5184 
523 541 160 0.7118316379137805 5294 
524 541 173 0.4030760466180055 4674 
525 541 174 0.04180442022288147 5277 
526 541 166 0.520688347855036 5159 
527 545 158 0.2447448447440994 4626 
528 545 159 0.0696973446623493 5064 
529 548 174 0.15488027211400573 5250 
530 548 158 0.3002455499552225 5064 
531 548 167 0.4137569656515844 5353 
532 548 154 0.15242908059617674 4713 
533 549 164 0.5759976248425019 4568 
534 549 157 0.8014602068242993 5393 
535 549 174 0.8192026387264122 4590 
536 550 167 0.8517401812993264 4856 
537 550 166 0.4258563735390967 5150 
538 552 166 0.5785773113632495 5347 
539 552 170 0.8206351633867078 5048 
540 552 172 0.3062561887572873 4866 
541 553 162 0.7634957344388666 4597 
542 553 161 0.6254816817983639 5295 
543 553 165 0.7556539742478628 5279 
544 553 161 0.5755461982584843 5433 
545 554 166 0.0400516495233963 4672 
546 554 160 0.7506241739243401 4897 
547 554 157 0.2436687651775633 5262 
548 555 155 0.21178031754600216 5367 
549 555 165 0.34044058329666604 4634 
550 558 172 0.8331842510556853 4945 
551 558 166 0.3695584376024438 5302 
552 562 167 0.6152313043441627 5450 
553 562 171 0.16462010848357425 4461 
554 562 161 0.11569967103440108 4502 
555 564 172 0.253107860371655 4635 
556 564 163 0.016494097904651298 5067 
557 564 156 0.7457578752078005 5439 
558 571 167 0.16423262072156167 4610 
559 571 161 0.5604705131091234 5048 
560 571 162 0.1839916742950517 4920 
561 571 156 0.4508468264323705 5303 
562 573 169 0.4362611251693375 4972 
563 573 155 0.880048721912079 5284 
564 578 171 0.26144038083905974 4566 
565 578 156 0.5923366138538124 4461 
566 578 167 0.7684409618140844 5114 
567 582 166 0.8585153340868019 4627 
568 582 171 0.24854324892607685 5367 
569 584 158 0.4614673123996203 5276 
570 584 167 0.23176688364552797 5007 
571 587 162 0.2219210895748383 5117 
572 587 154 0.7716777078625112 4533 
573 588 173 0.8074573828039967 4908 
574 588 171 0.26647491822827046 5393 
575 588 155 0.3928710470231132 5408 
576 589 157 0.7692089978776352 4561 
577 589 159 0.13988132077426363 4903 
578 591 166 0.8711259090600609 4777 
579 591 174 0.29261271296573016 5125 
580 591 158 0.3906159514791254 5200 
581 591 156 0.4029729106309372 4464 
582 595 162 0.16285139849604807 5091 
583 595 165 0.28062125561768175 4452 
584 598 162 0.10300499563641856 5428 
585 598 169 0.8005706760837024 5242 
586 598 171 0.44855977551142545 4705 
587 600 171 0.5003488718342003 4517 
588 600 165 0.33757301295015607 5374 
589 600 157 0.7820568508099361 4928 
590 600 158 0.408898183519764 4787 
591 607 164 0.5482431669140793 4992 
592 607 174 0.4915849461097948 4971 
593 607 155 0.4894248402828591 4981 
594 607 172 0.6868221149513736 4953 
595 611 165 0.6445314736234647 5406 
596 611 167 0.6673454804870682 4861 
597 611 162 0.8898900114268297 5244 
598 613 162 0.43540255647307924 4526 
599 613 161 0.6202086394044677 5425 
600 620 174 0.6263187199597555 4788 
601 620 162 0.3009322870028411 5422 
602 621 165 0.7345331202796845 4695 
603 621 168 0.05379345369547469 4763 
604 621 163 0.4745749022287861 5388 
605 624 165 0.8151795498968992 5247 
606 624 158 0.7473118888023279 4645 
607 628 163 0.5519402088592497 5088 
608 628 156 0.2478644326531065 4815 
609 640 172 0.13296543077086811 4482 
610 640 172 0.7076446361479193 4704 
611 640 157 0.06131381136923342 4614 
612 640 173 0.6053993094598066 5448 
613 642 159 0.4555427644786971 5196 
614 642 162 0.6147127393153836 4993 
615 642 165 0.8955483056446872 4885 
616 647 170 0.8204875362709171 5270 
617 647 154 0.8823727619240425 4684 
618 654 174 0.778220083757884 4773 
619 654 155 0.8735276665774301 5086 
620 661 162 0.23826622931169872 4581 
621 661 173 0.25889937811272523 4635 
622 661 162 0.3902700449710949 4626 
623 661 167 0.6047475034713873 4970 
624 662 154 0.6349566520718217 5148 
625 662 173 0.08259277473319838 4786 
626 662 166 0.7257302000338677 5445 
627 662 161 0.34946442419530094 5307 
628 665 170 0.17331282936876324 4516 
629 665 163 0.5490007459393007 4861 
630 672 162 0.3108318870615281 5142 
631 672 173 0.7349332922839944 4806 
632 672 174 0.5940274269778517 4549 
633 674 170 0.8735850165074911 5356 
634 674 167 0.8114620496011463 5390 
635 676 171 0.07933548246247395 5105 
636 676 173 0.769103131604432 4553 
637 676 173 0.5734621129742007 5421 
638 682 171 0.1033517384841546 5441 
639 682 162 0.15274910370322603 5068 
640 687 164 0.25031574271180135 4569 
641 687 170 0.5540982810026377 4573 
642 689 173 0.34184300930127454 5323 
643 689 155 0.41982876249756035 4839 
644 689 169 0.8916993667682185 4624 
645 690 170 0.8586216619335413 4769 
646 690 163 0.3655617445460281 4806 
647 693 165 0.2787453954333252 4628 
648 693 170 0.8838716026631362 4876 
649 693 167 0.20660414543528627 4831 
650 695 174 0.062150669744709404 4601 
651 695 156 0.7775164997611804 4746 
652 698 160 0.6112402000720807 4777 
653 698 171 0.01573311057746944 4714 
654 700 169 0.32802687479390596 4924 
655 700 164 0.650414000942049 4961 
656 703 159 0.28283820344904126 4958 
657 703 154 0.7159949998651096 5376 
658 705 156 0.27168462531143284 4800 
659 705 167 0.5711010767962893 4976 
660 705 163 0.7394067322025405 5005 
661 709 163 0.09502841298288056 5323 
662 709 157 0.7907075290133831 4856 
663 709 167 0.8740973710743278 5121 
664 709 174 0.33626355927224444 5424 
665 710 165 0.25906250319182983 5287 
666 710 174 0.6177251996346863 4699 
667 711 158 0.22361896338539838 5162 
668 711 171 0.025856638435472826 4887 
669 714 173 0.8175612010045733 4694 
670 714 168 0.15135688297267533 5309 
671 714 157 0.02120838537188393 4455 
672 723 155 0.41545813231652345 4574 
673 723 171 0.08718670944976602 5170 
674 724 164 0.10940834814204699 4611 
675 724 159 0.7542199564612211 5051 
676 724 157 0.39760781474665813 5426 
677 728 158 0.3508973485420937 5443 
678 728 166 0.12683783573771065 4550 
679 728 158 0.6786811189406121 4488 
680 729 154 0.2141459594121568 4831 
681 729 170 0.199902511725076 4646 
682 729 156 0.43600417744540304 4721 
683 733 166 0.058935132704583754 4497 
684 733 157 0.8753228081263738 4600 
685 733 168 0.11619882865568217 4632 
686 733 174 0.8583478561051772 5396 
687 734 154 0.4763167628251955 4905 
688 734 167 0.18642250193926416 5101 
689 739 172 0.08855249251213994 5385 
690 739 165 0.3973587535598551 5422 
691 739 174 0.6299387681240993 4843 
692 743 174 0.7445592033110147 5385 
693 743 174 0.6744907043581768 5227 
694 743 163 0.5766223833120343 5161 
695 744 170 0.21960599003445494 4770 
696 744 155 0.6621494137399945 4882 
697 744 165 0.4584697117038397 5164 
698 747 165 0.13322488973472066 4996 
699 747 159 0.5927986287966918 5307 
700 747 170 0.3248595316147641 4824 
701 750 163 0.08702497280097118 5383 
702 750 162 0.6408543705452295 5259 
703 750 174 0.5766479309046264 4784 
704 750 157 0.5814089304243049 5125 
705 752 167 0.298752323917873 4962 
706 752 158 0.13657290049762622 5068 
707 758 173 0.1637788182815228 5309 
708 758 159 0.35967483510758086 4672 
709 763 171 0.7038605184422912 4796 
710 763 155 0.2881543294317218 4620 
711 763 171 0.6967179001798703 5079 
712 763 157 0.22232568629986205 4573 
713 764 162 0.7945903410445554 4647 
714 764 168 0.854425491375572 4606 
715 764 173 0.20823349839552407 4923 
716 764 171 0.650730222034121 4971 
717 766 171 0.8977246517192843 4695 
718 766 156 0.5113502468788375 5274 
719 766 154 0.770531810625125 5409 
720 767 165 0.6740467879584354 5292 
721 767 169 0.7914946330200501 5267 
722 767 160 0.21923561370895603 5078 
723 769 165 0.4021188740309352 5119 
724 769 165 0.6704090690738023 4704 
725 769 161 0.7556356315036978 5268 
726 769 168 0.48123900625914035 5264 
727 771 162 0.48742754277583245 4928 
728 771 168 0.16513384589649777 5371 
729 771 159 0.589214343445944 5428 
730 771 157 0.10744875670318443 4579 
731 774 166 0.7587086696759491 4861 
732 774 164 0.6391451659628886 5251 
733 775 163 0.5101885302183077 4776 
734 775 154 0.09477584372918772 5001 
735 775 166 0.7417682766816718 5272 
736 775 170 0.10574497148550668 5204 
737 778 172 0.29348943532674293 4473 
738 778 162 0.8161342965337272 5246 
739 780 160 0.4279920777434381 5357 
740 780 165 0.3738022573909478 5067 
741 780 164 0.23770594188535266 4840 
742 780 154 0.2219854849217949 5175 
743 790 154 0.6307658789202168 5106 
744 790 167 0.32810003734734167 5408 
745 790 158 0.7224809839625229 4810 
746 796 156 0.08616508267216996 4552 
747 796 171 0.5021665322605577 4737 
748 796 171 0.5177443394469036 4702 
749 796 163 0.6617175162945752 5018 
750 806 158 0.6071145834096838 4522 
751 806 158 0.1749080585751818 4975 
752 809 160 0.17601491377354894 4599 
753 809 157 0.6440954442083013 4883 
754 810 165 0.7685603330826949 4762 
755 810 160 0.8572592275490436 4612 
756 811 163 0.8970399163553677 4793 
757 811 172 0.07575372237373855 4743 
758 811 156 0.3014986832260856 4967 
759 813 158 0.05561567223594076 4599 
760 813 165 0.5672446033473666 5051 
761 813 161 0.20918586078111684 5137 
762 813 156 0.8745014291436166 5280 
763 816 170 0.12466296682832789 4780 
764 816 160 0.5980382448742403 5259 
765 816 156 0.4567595075668322 4579 
766 816 157 0.3022002729173884 4695 
767 820 170 0.4381400072792655 5165 
768 820 172 0.6325727223946266 5183 
769 822 160 0.047478052380341786 5138 
770 822 173 0.1779369415680133 5069 
771 824 171 0.5210024321764334 4730 
772 824 158 0.7661541245712908 5005 
773 824 173 0.31157545281524635 4511 
774 828 162 0.5190122240908077 5196 
775 828 170 0.04605831242398996 4528 
776 828 170 0.40164437228738314 5076 
777 828 157 0.5010219165307912 4833 
778 829 168 0.2697972617591015 4457 
779 829 169 0.1205008625448426 4453 
780 832 173 0.813850444086957 4950 
781 832 173 0.8427353210641051 5259 
782 833 159 0.5703275392284705 4883 
783 833 163 0.43773395952731825 4543 
784 833 166 0.20232736225589545 5218 
785 834 161 0.7921856105297047 5366 
786 834 157 0.4509868482655419 4671 
787 836 170 0.30897059681822087 4483 
788 836 166 0.39250105626984444 4585 
789 836 165 0.6380257136941627 5164 
790 838 154 0.07671197211647775 4669 
791 838 157 0.41746802900329666 5320 
792 838 155 0.5726622833930481 5065 
793 839 160 0.8364276900722729 5089 
794 839 171 0.22067422559571015 4691 
795 844 161 0.6902383377244931 5154 
796 844 156 0.6549524953372217 4669 
797 844 171 0.8426715949783256 5280 
798 844 165 0.7398475711263653 4760 
799 845 156 0.6194430494454352 5131 
800 845 169 0.8077264529538529 5234 
801 845 160 0.8942828864357191 5426 
802 849 161 0.49809223512945144 4960 
803 849 165 0.4072563614247114 5008 
804 849 165 0.23329635389727754 4664 
805 849 162 0.47313812877214473 4642 
806 850 174 0.6391955453493577 4602 
807 850 164 0.7183383425011275 5277 
808 850 174 0.5490166488537821 4720 
809 851 169 0.7353337633163531 5370 
810 851 161 0.4228949434763289 4651 
811 851 169 0.8341449109283819 4682 
812 851 168 0.6531801338821682 4769 
813 855 155 0.573213519585923 5326 
814 855 171 0.8086676541443619 4450 
815 855 170 0.5738522997008212 4615 
816 857 164 0.37195800211889557 5217 
817 857 170 0.72243202328092 4954 
818 857 173 0.8195623903325565 5435 
819 857 154 0.03537537023938139 4819 
820 858 158 0.8089317022454865 5219 
821 858 157 0.5848362548222321 5160 
822 859 174 0.55895023285495 5398 
823 859 160 0.5834127652341689 4778 
824 864 171 0.2286263904930763 4546 
825 864 159 0.11445370656079122 4697 
826 864 155 0.4709176346560916 5399 
827 864 173 0.010332920301197895 4452 
828 866 158 0.6944430565861937 4702 
829 866 170 0.8389113844529971 5043 
830 866 172 0.8096623514698986 4997 
831 866 162 0.7687647220378152 4902 
832 867 169 0.7578091231954308 4480 
833 867 167 0.7660490241290371 4734 
834 868 169 0.029614812648340136 5042 
835 868 165 0.05849124838650931 4886 
836 868 163 0.7003562518879938 4565 
837 868 168 0.20838574724156517 5126 
838 869 158 0.20243256967279716 5430 
839 869 172 0.3570101297560786 5335 
840 869 158 0.10996330134870642 5347 
841 869 163 0.14265008123175962 4986 
842 871 165 0.8823440591892614 4866 
843 871 164 0.1865938581353672 4798 
844 874 170 0.698708315429778 4809 
845 874 157 0.5016040706091235 4673 
846 874 166 0.4058086998476889 4470 
847 874 164 0.6414181566444469 5075 
848 877 170 0.4149650278349527 5268 
849 877 159 0.058048696413058196 5199 
850 877 168 0.20663680387451405 4558 
851 880 168 0.8220848660790974 4704 
852 880 160 0.09226870773660113 5045 
853 883 173 0.8428760882336627 4975 
854 883 166 0.12788039135748386 4832 
855 883 155 0.3623256947035544 4578 
856 883 162 0.475750905282042 5240 
857 886 160 0.8121157616116109 4470 
858 886 167 0.12534076598226912 5227 
859 886 157 0.6941238404235502 5357 
860 889 171 0.31586297538031183 4645 
861 889 164 0.5657521352567774 4532 
862 889 174 0.6191907840629242 4919 
863 889 155 0.84144521500869 5174 
864 892 166 0.23697331168229488 5148 
865 892 165 0.09534725301248297 5189 
866 893 165 0.2258865147136475 5028 
867 893 165 0.10697574746985024 5395 
868 897 169 0.11040908686923599 5276 
869 897 158 0.09660486952086313 4466 
870 897 156 0.30977965081280495 5027 
871 898 158 0.546144289397951 5412 
872 898 156 0.6407980308582228 5363 
873 898 154 0.8165402765534088 5133 
874 900 167 0.10559980037836336 4515 
875 900 161 0.8760032016959506 5180 
876 900 170 0.15824133574229446 5412 
877 904 168 0.26509766302084575 4541 
878 904 168 0.12734489322435633 4964 
879 909 160 0.7653511320319909 5194 
880 909 166 0.5991801733274087 5348 
881 909 167 0.047670396682939487 5023 
882 915 160 0.43178331749350646 5279 
883 915 158 0.45902451349513 5136 
884 915 173 0.29784354513479017 4464 
885 915 168 0.31337117316584095 4643 
886 920 163 0.23002068984725818 4708 
887 920 172 0.13242488747417522 5199 
888 921 172 0.15863235380683208 4456 
889 921 163 0.8153480140984951 4614 
890 921 168 0.16411505219050188 4914 
891 921 159 0.6157626668030691 4630 
892 925 164 0.5225251603206938 4805 
893 925 167 0.8766851780470215 4587 
894 925 155 0.08811762148997686 4892 
895 929 156 0.6791011677231144 4902 
896 929 164 0.7398409784948838 4517 
897 932 156 0.8815816110622022 4837 
898 932 164 0.762517594204178 5427 
899 932 161 0.08440727326079442 4820 
900 936 158 0.18982472127003466 5319 
901 936 158 0.5195453668792437 5272 
902 936 163 0.07114986255241977 5055 
903 936 174 0.3390246926793537 5423 
904 937 164 0.6270007618248991 4862 
905 937 160 0.16508124399606924 4837 
906 937 163 0.39391280688249014 4851 
907 937 156 0.7999093847259817 5342 
908 942 167 0.5864546216863409 4602 
909 942 163 0.5881634833389062 4884 
910 944 164 0.713868676492723 4780 
911 944 165 0.3410776788589546 4738 
912 944 164 0.32600953277316524 4464 
913 945 171 0.5994851135940057 4981 
914 945 163 0.19480492656057094 5087 
915 946 172 0.19444288246488764 4803 
916 946 172 0.7052345043269405 4771 
917 946 164 0.65282183877134 4591 
918 951 171 0.6514793947358053 4512 
919 951 162 0.6855209001008994 4739 
920 957 154 0.024106988549164102 4592 
921 957 162 0.825037074461839 5092 
922 961 156 0.3657253867307382 5160 
923 961 168 0.05318781726605636 5388 
924 961 170 0.7909295117329797 5125 
925 964 159 0.8907573448924218 4883 
926 964 155 0.7029795614466898 5089 
927 964 156 0.05460026227586868 5325 
928 966 161 0.3238858419440258 4587 
929 966 172 0.7760654424748069 4502 
930 966 169 0.6321554770922476 5145 
931 966 174 0.5030876871035502 4869 
932 970 156 0.21938545353777272 4549 
933 970 166 0.7574839902400576 5311 
934 970 170 0.5200126146046007 5331 
935 970 158 0.3558030986373968 5157 
936 975 167 0.3880862298160773 5218 
937 975 162 0.18177990821258846 4896 
938 975 166 0.08043375309174917 5327 
939 975 168 0.37590049148650073 4886 
940 982 165 0.29911123403262324 5267 
941 982 158 0.6956420102927424 4732 
942 983 168 0.6534265580227312 4701 
943 983 158 0.7300394739395382 5431 
944 983 161 0.09623700981106531 5446 
945 983 160 0.6388140050071192 4458 
946 984 164 0.8314482742001851 5404 
947 984 166 0.7936609977899131 5325 
948 984 162 0.6927653594984 4578 
949 989 157 0.6922811117104843 5341 
950 989 167 0.2043529509817766 4794 
951 990 162 0.5762930107940485 5450 
952 990 168 0.1466135321074066 4857 
953 996 170 0.4837418834258776 5322 
954 996 172 0.04204242998208116 5126 
955 996 165 0.6379039495271593 4875 
956 996 156 0.15119520486483895 4890 
957 997 156 0.05153632706165801 5267 
958 997 172 0.21425736420348507 4662 
959 997 159 0.5290115700304934 5292 
960 997 170 0.8924624504750417 4546 
961 1000 166 0.13438666325255658 5089 
962 1000 171 0.21903998701906005 4913 
963 1000 157 0.6182454575326529 4489 
964 1001 167 0.2175080881669948 5073 
965 1001 168 0.8334923310282448 5096 
966 1005 169 0.8161665256220237 5416 
967 1005 155 0.15597909835573748 4516 
968 1005 169 0.8874205123027598 4749 
969 1005 173 0.023758591414017552 4995 
970 1007 160 0.5515741138918222 4693 
971 1007 166 0.5405475208633908 5215 
972 1009 156 0.17652816008618677 5237 
973 1009 167 0.5797678352830824 4466 
974 1011 158 0.8261437300241004 5026 
975 1011 171 0.5772327769544906 4866 
976 1011 164 0.5061995033512126 5067 
977 1011 161 0.04167881165529303 5325 
978 1014 167 0.15063943572531935 5263 
979 1014 169 0.6678040863063001 4650 
980 1015 170 0.6593541317072854 4957 
981 1015 156 0.2848566008922941 4564 
982 1017 159 0.7800275721811539 5441 
983 1017 171 0.5652109605126654 5283 
984 1021 165 0.8098404372761778 4802 
985 1021 174 0.4347657055075153 4916 
986 1021 171 0.017811570005537826 5432 
987 1025 166 0.24705603164664314 4750 
988 1025 156 0.8463497840986509 5011 
989 1025 174 0.38921342032775874 5288 
990 1028 157 0.48165895237107953 5224 
991 1028 157 0.14296033720609427 5377 
992 1028 174 0.5314366243112839 5031 
993 1029 169 0.2797861427782453 5119 
994 1029 165 0.8180598058674307 5299 
995 1029 171 0.3170573064320816 5330 
996 1029 159 0.42123543179996564 5218 
997 1030 163 0.6033722773266657 4524 
998 1030 168 0.41025663643478405 4904 
999 1030 164 0.878811386779515 5345 
1000 1030 165 0.8593141685189655 5266 
1001 1031 174 0.1257254734464383 5071 
1002 1031 165 0.321326680875778 4705 
1003 1031 173 0.613266948596267 5275 
1004 1031 159 0.5071076181537146 4924 
1005 1032 156 0.1744170173765369 4785 
1006 1032 168 0.40830697133114807 4674 
1007 1034 166 0.6552809563425113 4550 
1008 1034 170 0.2389786135633879 4899 
1009 1036 174 0.8113211302027717 5076 
1010 1036 160 0.4187640126570376 4861 
1011 1038 168 0.08251827880061967 4964 
1012 1038 172 0.29447809865059804 4879 
1013 1038 170 0.27360520807800565 5082 
1014 1055 160 0.3965593477981695 4674 
1015 1055 162 0.10772194341467206 4847 
1016 1055 167 0.21612896453125063 4610 
1017 1057 165 0.30665662848775577 4509 
1018 1057 158 0.49938179070290767 5125 
1019 1058 159 0.4818990746778005 4658 
1020 1058 169 0.4373113189796321 4908 
1021 1061 173 0.8465768306986827 5201 
1022 1061 166 0.07943794542918697 4797 
1023 1061 170 0.8257907874589911 5033 
1024 1062 165 0.3764448979378261 4929 
1025 1062 158 0.768474522640714 4850 
1026 1062 173 0.7620334053274609 4903 
1027 1062 165 0.35021191066758117 4743 
1028 1070 164 0.018729126523378353 5254 
1029 1070 167 0.12655093037671775 4470 
1030 1075 161 0.674625746989883 4885 
1031 1075 163 0.836992158366831 5135 
1032 1075 157 0.017544150896310853 5224 
1033 1075 164 0.5813611855203159 5043 
1034 1076 171 0.07176827858868907 4707 
1035 1076 154 0.5183051384701156 5263 
1036 1076 154 0.8592977422794715 4969 
1037 1076 166 0.6160456771184895 5098 
1038 1083 166 0.7138022067299644 4871 
1039 1083 165 0.8084517785268848 4621 
1040 1083 163 0.3865772656393798 5157 
1041 1083 162 0.31819738488042504 4677 
1042 1085 169 0.8797031391163218 4632 
1043 1085 165 0.2075394833552776 5372 
1044 1089 173 0.01675165475410969 5339 
1045 1089 166 0.5096171002812939 4480 
1046 1092 173 0.2345669399389063 5146 
1047 1092 165 0.5680095869811567 5261 
1048 1092 164 0.1684595828872851 4814 
1049 1092 165 0.6012780032772399 4735 
1050 1096 162 0.6520552288751563 4639 
1051 1096 172 0.6410966193492502 4656 
1052 1096 169 0.500705890811204 4727 
1053 1096 174 0.7347828313283319 4916 
1054 1100 163 0.5384153324002046 4664 
1055 1100 173 0.29716628650995003 5287 
1056 1100 165 0.5817309568130948 4815 
1057 1105 157 0.51047314071446 4850 
1058 1105 163 0.1662757202736744 4928 
1059 1105 162 0.42495401358802154 5095 
1060 1105 174 0.6406287574515057 4873 
1061 1107 158 0.09133000893696576 5428 
1062 1107 162 0.05776336835631787 4738 
1063 1107 170 0.2139980517278587 5427 
1064 1111 169 0.8001160552756451 4992 
1065 1111 157 0.14495016442020078 4862 
1066 1111 174 0.5025254024865676 5133 
1067 1116 156 0.874012021632143 5335 
1068 1116 162 0.5999061125346425 5227 
1069 1118 174 0.7793625609964081 4806 
1070 1118 167 0.8435045335149971 4796 
1071 1120 168 0.8143899448177567 5204 
1072 1120 154 0.3942981423792556 5079 
1073 1120 154 0.3118341644148746 5439 
1074 1120 163 0.6912186435815957 4863 
1075 1124 164 0.684281240539438 5044 
1076 1124 163 0.6465598517851024 5402 
1077 1124 173 0.2713764401813953 4983 
1078 1124 161 0.7688172159550486 5222 
1079 1127 154 0.46515873269454716 4895 
1080 1127 169 0.1670222547193764 4735 
1081 1127 156 0.5012444490079413 4877 
1082 1127 154 0.24542344070889202 5170 
1083 1129 171 0.6411829743489644 4704 
1084 1129 168 0.4131042067962547 5328 
1085 1129 173 0.35277667994119416 5020 
1086 1130 172 0.5772886378254672 4783 
1087 1130 170 0.6823146195144597 5367 
1088 1130 163 0.08662621667166867 5002 
1089 1137 171 0.48088394363001424 4626 
1090 1137 159 0.149293124292835 4473 
1091 1137 164 0.14581095295149202 4929 
1092 1138 171 0.7431995644715348 4862 
1093 1138 174 0.3676210093627589 5430 
1094 1138 162 0.5409915169920303 4550 
1095 1138 169 0.04414625100436849 5009 
1096 1140 174 0.07204635434703544 5111 
1097 1140 170 0.4596545049257378 5173 
1098 1140 160 0.48119781271998385 5171 
1099 1140 155 0.20034626516608292 5299 
1100 1144 154 0.35501827815970566 4640 
1101 1144 159 0.03248686862070334 4558 
1102 1144 167 0.40754220583204676 4466 
1103 1144 161 0.3472137417155278 4599 
1104 1146 166 0.8259572784721421 5396 
1105 1146 168 0.23577442585983452 4841 
1106 1146 161 0.8586850816424111 4573 
1107 1148 173 0.879995468692328 5369 
1108 1148 173 0.5945770210526558 5024 
1109 1148 171 0.19945931528682473 5096 
1110 1150 162 0.8456611403547762 4703 
1111 1150 163 0.11495378080350312 4930 
1112 1151 166 0.37740832747005404 5347 
1113 1151 158 0.04144577610924698 5116 
1114 1151 154 0.5096309977623633 4872 
1115 1154 170 0.1260563025237608 5159 
1116 1154 173 0.1877701670195514 4753 
1117 1154 161 0.5113302099601055 4843 
1118 1161 158 0.4702724381440751 4658 
1119 1161 161 0.7682090664222857 5267 
1120 1162 159 0.375312172498297 5057 
1121 1162 173 0.8189526565345594 4979 
1122 1170 159 0.11026673275223337 5415 
1123 1170 174 0.26039568170067035 4539 
1124 1172 159 0.768761465178338 4818 
1125 1172 166 0.7011591959768357 4620 
1126 1172 169 0.08207519747808709 4818 
1127 1177 167 0.49983978711835764 5414 
1128 1177 168 0.2707717339578889 5432 
1129 1178 161 0.14831253839144676 5322 
1130 1178 161 0.22482540641446563 4986 
1131 1178 155 0.28199880833166396 5435 
1132 1178 155 0.3673619595100399 4794 
1133 1180 159 0.2886166942688976 4653 
1134 1180 164 0.02201552161243605 4856 
1135 1180 170 0.8246743608985377 4908 
1136 1180 173 0.3960544785240931 4690 
1137 1182 156 0.7059001003702281 4966 
1138 1182 171 0.02970762947053216 4578 
1139 1182 172 0.47791883258402373 4786 
1140 1186 170 0.6237302794111189 4871 
1141 1186 172 0.8265619839000992 4995 
1142 1188 162 0.3333839265993685 5013 
1143 1188 154 0.17016658375225566 4976 
1144 1190 170 0.05829979466569395 5371 
1145 1190 156 0.47697142006087273 5017 
1146 1195 157 0.598301754641523 4986 
1147 1195 160 0.12665286039729204 5401 
1148 1198 157 0.15506957488072373 4661 
1149 1198 171 0.4500381830933927 5050 
1150 1201 159 0.8587452850204063 4839 
1151 1201 170 0.36709734227950586 5153 
1152 1201 172 0.3497738702003916 5155 
1153 1201 166 0.4207344546363318 4719 
1154 1207 171 0.5382204567612936 4921 
1155 1207 171 0.7657517479532784 5289 
1156 1209 158 0.8685640043891929 5018 
1157 1209 160 0.19301164280975994 5309 
1158 1216 158 0.06615818587521091 5260 
1159 1216 167 0.48553694925512275 5281 
1160 1216 166 0.23793171894769702 5243 
1161 1218 158 0.7067338689596881 4862 
1162 1218 160 0.8648327190558053 4475 
1163 1218 156 0.08239200972406106 4780 
1164 1218 165 0.6239603143328105 4523 
1165 1220 158 0.5502161325486271 5351 
1166 1220 170 0.43070547876301185 4554 
1167 1222 154 0.8665825454775556 4955 
1168 1222 163 0.8670214979359784 5290 
1169 1224 165 0.4401312603371873 5124 
1170 1224 157 0.2372382406084102 4854 
1171 1224 154 0.03321916341142677 4451 
1172 1225 173 0.8615596285427032 5390 
1173 1225 170 0.267898391494126 4529 
1174 1227 159 0.6020426311032293 5368 
1175 1227 163 0.8574170909101235 4756 
1176 1227 170 0.6539610355422218 5411 
1177 1227 160 0.46149537533925505 4614 
1178 1235 157 0.811969747261489 4991 
1179 1235 156 0.22829747893150606 4772 
1180 1235 167 0.7477917543925323 4987 
1181 1235 166 0.4701421721818356 4888 
1182 1236 166 0.19453722662086076 4930 
1183 1236 167 0.4659045612182398 4949 
1184 1237 154 0.8837908857178991 4807 
1185 1237 168 0.11857849603769988 4919 
1186 1239 156 0.6188350390118834 5277 
1187 1239 169 0.3210637537861983 4713 
1188 1239 154 0.3970160580704568 4665 
1189 1239 165 0.49886031919178525 5395 
1190 1243 155 0.0146202294805527 4903 
1191 1243 170 0.6634001131944496 5224 
1192 1246 164 0.011430522950511304 4892 
1193 1246 166 0.15034668669486448 4998 
1194 1259 161 0.014481292828032247 4548 
1195 1259 173 0.8273498643387731 5250 
1196 1259 167 0.8371743107836458 4985 
1197 1263 157 0.15659278409088137 5374 
1198 1263 154 0.8938664785465417 4880 
1199 1263 156 0.5474056132822782 4823 
1200 1263 167 0.6815241844950419 4753 
1201 1265 174 0.29839399701511604 4853 
1202 1265 169 0.12434956955610983 4467 
1203 1265 173 0.7063494890412902 4463 
1204 1265 174 0.6658099119100039 4587 
1205 1266 168 0.5541751474540912 5315 
1206 1266 157 0.7852016350340992 5238 
1207 1269 161 0.4312286883888841 4616 
1208 1269 158 0.39290540138359675 4807 
1209 1273 172 0.5456489988686842 5067 
1210 1273 170 0.618339012569009 5102 
1211 1273 158 0.8953593410438359 5411 
1212 1276 156 0.1743125839654404 4860 
1213 1276 168 0.7834681717691545 4674 
1214 1276 159 0.8404160003237529 4797 
1215 1276 154 0.48007150388480224 4691 
1216 1281 166 0.2858306838138895 4750 
1217 1281 164 0.4071956037086749 4622 
1218 1283 159 0.7980351311931517 5275 
1219 1283 172 0.4297728523286782 5015 
1220 1283 154 0.27201073854208857 4959 
1221 1283 159 0.5884820828620877 4541 
1222 1286 174 0.21977182849503651 5342 
1223 1286 156 0.05490698167255635 4956 
1224 1286 165 0.39336972256296604 5255 
1225 1289 168 0.44862534455188674 4687 
1226 1289 170 0.8595212517913423 4594 
1227 1289 167 0.8857043972857714 5126 
1228 1289 172 0.6596688611360597 5303 
1229 1290 168 0.17946340901473043 5442 
1230 1290 160 0.4446623139097744 4949 
1231 1292 163 0.031721544746943546 4550 
1232 1292 156 0.6288806726916505 4871 
1233 1292 157 0.20759551000096457 5101 
1234 1292 167 0.7372287668347174 5279 
1235 1300 173 0.285376978602377 5076 
1236 1300 169 0.4666602223065045 5270 
1237 1302 157 0.12447911354730831 4566 
1238 1302 155 0.13639753525467732 4798 
1239 1304 173 0.4605553363224882 4716 
1240 1304 170 0.4949101007103387 4663 
1241 1304 155 0.4843779389370108 4646 
1242 1304 154 0.850842665781602 4550 
1243 1307 156 0.38372515174288735 5381 
1244 1307 165 0.42798210825336386 5200 
1245 1307 164 0.06649120006200801 5298 
1246 1312 166 0.14338188221005774 4876 
1247 1312 154 0.4107759666688198 4616 
1248 1312 170 0.08198208185618229 5152 
1249 1314 171 0.6571103639181926 4985 
1250 1314 156 0.6774079822596809 5166 
1251 1314 167 0.24144749996395215 4868 
1252 1315 155 0.623372344844556 5418 
1253 1315 163 0.6719792881797286 4698 
1254 1315 154 0.10320321432461188 5252 
1255 1316 169 0.15591095513187886 5051 
1256 1316 159 0.8192216632365844 4842 
1257 1318 158 0.03810431078015001 5375 
1258 1318 160 0.20334227382446785 4620 
1259 1321 164 0.1075576789213729 4651 
1260 1321 172 0.6329521890564733 5429 
1261 1328 166 0.7436862003605033 4965 
1262 1328 161 0.7703599779855892 5371 
1263 1328 161 0.7651226426328664 4991 
1264 1328 174 0.6645952375870464 4541 
1265 1332 173 0.6192531076120263 5041 
1266 1332 172 0.7424575428577398 4612 
1267 1332 158 0.1577406980164043 5252 
1268 1332 171 0.01469540027002654 4526 
1269 1333 155 0.4074662453061183 4806 
1270 1333 158 0.23445536563936376 4646 
1271 1333 174 0.6224870851581139 4881 
1272 1333 173 0.3104091898717705 5044 
1273 1334 161 0.13624503258221138 5189 
1274 1334 171 0.7646285402094439 4945 
1275 1334 168 0.49249404252995665 4973 
1276 1336 174 0.5821039962971966 5039 
1277 1336 158 0.544994671532359 5199 
1278 1337 154 0.5635124564914238 4978 
1279 1337 166 0.14454277706165594 4628 
1280 1338 165 0.840471754820877 5037 
1281 1338 170 0.8306535436154078 5363 
1282 1338 159 0.025536222554963912 4962 
1283 1343 160 0.6859392829013297 4767 
1284 1343 170 0.42580393176110376 5285 
1285 1343 169 0.4589629922302098 4923 
1286 1349 170 0.5442199506162957 5277 
1287 1349 154 0.843544816801306 4468 
1288 1349 155 0.14914633465035337 5123 
1289 1352 157 0.6864649761618022 5327 
1290 1352 160 0.47413894726464395 4953 
1291 1352 162 0.05130086295432941 4868 
1292 1354 169 0.5518516775387914 4922 
1293 1354 162 0.6347339069410364 4737 
1294 1354 174 0.40437502508396905 5059 
1295 1358 163 0.6539805830089083 5442 
1296 1358 165 0.6787719638708216 5058 
1297 1358 161 0.2082771385102975 4713 
1298 1359 155 0.010449193958568696 4740 
1299 1359 156 0.37583078855991053 4844 
1300 1360 163 0.4816528832978041 4821 
1301 1360 169 0.2740481182756654 4996 
1302 1360 173 0.34381905684529546 5259 
1303 1360 173 0.7518230885222079 5024 
1304 1361 174 0.026847059414642112 4467 
1305 1361 160 0.2674688562097772 4897 
1306 1362 165 0.491719464965668 4820 
1307 1362 162 0.8033976724272618 5450 
1308 1362 161 0.08037898685321955 5390 
1309 1362 156 0.1656955408824919 5064 
1310 1364 161 0.1685802077272461 5204 
1311 1364 158 0.6768668217626558 4999 
1312 1364 157 0.05613565485150753 4629 
1313 1364 160 0.2138283997649014 4587 
1314 1367 171 0.4345267234969319 4787 
1315 1367 167 0.16306559093213777 4562 
1316 1368 174 0.13653429799096434 5125 
1317 1368 162 0.08311764795747029 4714 
1318 1371 162 0.5452220335139538 4992 
1319 1371 160 0.8668153158478799 5441 
1320 1371 167 0.035232880134542725 4895 
1321 1380 158 0.514070180996857 5383 
1322 1380 169 0.46749822181001516 5384 
1323 1380 155 0.7223187437452365 4973 
1324 1382 170 0.7306488688564563 4655 
1325 1382 162 0.5485043890709008 5311 
1326 1382 171 0.5555539360933852 4578 
1327 1382 165 0.34622783300528676 4640 
1328 1384 155 0.68154215888947 5253 
1329 1384 171 0.6405223994662098 5194 
1330 1384 163 0.6687682492481828 4655 
1331 1384 165 0.03943552772887832 4842 
1332 1385 157 0.43407733227174466 4468 
1333 1385 168 0.4272952789047408 4771 
1334 1385 174 0.14326548640689213 5326 
1335 1385 159 0.6876643963441348 5266 
1336 1386 168 0.2133139487981185 4710 
1337 1386 167 0.4623676422773792 5423 
1338 1386 157 0.5978280630481493 5389 
1339 1386 165 0.3298593604914475 4855 
1340 1387 171 0.7099015141455871 4735 
1341 1387 154 0.2824847482919072 4658 
1342 1387 171 0.5245074218198115 4758 
1343 1389 158 0.609478365421948 4537 
1344 1389 165 0.07119848433062341 4744 
1345 1389 161 0.13699755455988671 4468 
1346 1394 155 0.022297890203958753 4962 
1347 1394 174 0.4616333437634282 4851 
1348 1394 155 0.33578945710288605 5132 
1349 1397 166 0.23786707669967708 4856 
1350 1397 168 0.669278942179478 5444 
1351 1397 166 0.8336648472651808 4692 
1352 1402 168 0.2689355406279841 4907 
1353 1402 155 0.7970062073917152 4950 
1354 1402 166 0.8842436147827375 4490 
1355 1406 159 0.6148788358220862 4937 
1356 1406 168 0.43755202153949035 5184 
1357 1406 172 0.25214097571146227 4712 
1358 1406 154 0.5847102301841098 5326 
1359 1410 158 0.42366239943152223 5384 
1360 1410 159 0.5947277634324896 4497 
1361 1410 165 0.6099781703212971 4482 
1362 1410 163 0.761003242371228 5097 
1363 1413 169 0.47971694772120904 4748 
1364 1413 156 0.3731744456556838 4895 
1365 1413 158 0.48551796764096916 5029 
1366 1413 162 0.01254773015331789 4681 
1367 1423 161 0.04616083159259545 5079 
1368 1423 157 0.5475901915018097 5273 
1369 1423 158 0.2757608304930177 4882 
1370 1425 164 0.8986323815050524 4908 
1371 1425 161 0.45922064593653933 4848 
1372 1425 169 0.2054695833615002 4613 
1373 1427 155 0.7085707073595375 5107 
1374 1427 174 0.8576378462046093 4475 
1375 1427 157 0.7497525065116011 4534 
1376 1428 162 0.5069675651807474 5407 
1377 1428 159 0.3518915382471586 4673 
1378 1428 157 0.1768722501250869 4572 
1379 1428 160 0.8077756168186292 4698 
1380 1431 159 0.5640794951072023 5129 
1381 1431 158 0.7079531758033449 4742 
1382 1431 167 0.08160107550979238 5393 
1383 1431 168 0.6137965895449847 4741 
1384 1435 168 0.370294938480071 4749 
1385 1435 166 0.7159667125917556 5269 
1386 1436 172 0.6651202627303286 5176 
1387 1436 165 0.5267851054799524 5000 
1388 1436 167 0.21867517385028853 5306 
1389 1438 154 0.4395677270937457 4788 
1390 1438 172 0.8682653936864827 4755 
1391 1438 157 0.7292152622280647 4899 
1392 1438 174 0.5156631449207771 4616 
1393 1440 172 0.27579452489174633 4879 
1394 1440 166 0.3201028676845216 4451 
1395 1440 168 0.2747298469120661 5436 
1396 1440 173 0.34868249014570357 4902 
1397 1441 166 0.6677718364579132 5186 
1398 1441 170 0.7673264245243702 5440 
1399 1441 171 0.16227401755174375 5255 
1400 1443 156 0.5671368323828165 4772 
1401 1443 167 0.013771650250189485 4928 
1402 1446 154 0.27569595425276694 4866 
1403 1446 158 0.8880320028671314 5257 
1404 1449 157 0.32980678986925627 4517 
1405 1449 159 0.03431714519812295 4995 
1406 1451 166 0.3439746756908953 4511 
1407 1451 159 0.5977552758127209 5345 
1408 1451 158 0.2819741744395238 5038 
1409 1451 169 0.34712460455374966 5074 
1410 1458 166 0.4929472058378035 5390 
1411 1458 171 0.1377316507685428 5073 
1412 1458 171 0.05935915695125825 5446 
1413 1459 167 0.4619472695503301 4838 
1414 1459 163 0.4883947949828776 4554 
1415 1459 161 0.18980731792046224 4583 
1416 1459 159 0.8898367084890854 5290 
1417 1460 173 0.5029309693213279 4658 
1418 1460 159 0.507861083289912 4517 
1419 1460 168 0.7290539981859363 5311 
1420 1463 174 0.6134435608859031 4853 
1421 1463 164 0.035125468934449816 4530 
1422 1463 172 0.5843085711290608 4464 
1423 1466 161 0.6351185363979953 4878 
1424 1466 162 0.6787120846080141 4664 
1425 1470 155 0.7929991291970975 5243 
1426 1470 167 0.7247045488950837 5251 
1427 1472 170 0.6629356036176679 4463 
1428 1472 156 0.41829311354015775 5423 
1429 1472 169 0.7124976352525519 5166 
1430 1472 160 0.5140015646484642 5122 
1431 1473 158 0.5629291668012567 5041 
1432 1473 166 0.25832366183352057 5352 
1433 1473 162 0.5115127206644319 5207 
1434 1473 160 0.1785388316643189 4926 
1435 1477 159 0.07180050265125554 4707 
1436 1477 155 0.7581970805156656 4524 
1437 1477 163 0.6020990425839569 5289 
1438 1478 167 0.88276047325638 5053 
1439 1478 161 0.5146395225993422 4683 
1440 1481 173 0.38591174704061965 4672 
1441 1481 161 0.5229994104783611 5098 
1442 1481 165 0.5540711166274938 5369 
1443 1485 167 0.7703817596210422 4911 
1444 1485 163 0.30544674318020376 4861 
1445 1485 170 0.7161166480029761 5219 
1446 1489 173 0.5802729804911708 5260 
1447 1489 171 0.47624223718520003 5044 
1448 1496 159 0.5470784006825312 5415 
1449 1496 168 0.01775805940412363 5109 
1450 1496 161 0.6282870607034859 4659 
1451 1499 171 0.8208640401468391 5179 
1452 1499 165 0.27746342097102006 4790 
1453 1499 162 0.715913845791865 5389 
1454 1499 159 0.7751526471788652 5435 
1455 1500 167 0.23684763076678136 5227 
1456 1500 160 0.5005741290148701 4965 
1457 1500 161 0.8236710074595182 5055 
1458 1501 157 0.3285947783933337 5337 
1459 1501 163 0.14345404513359264 5084 
1460 1501 167 0.5970912748052615 5318 
1461 1501 157 0.5990799264102262 4696 
1462 1503 167 0.6743137661258949 4465 
1463 1503 167 0.7276231149551744 5182 
1464 1503 162 0.2155238213717061 4978 
1465 1503 168 0.6396579753152651 4824 
1466 1505 163 0.5816781800491796 4621 
1467 1505 161 0.23778419959616995 4621 
1468 1505 158 0.6581663635908513 4829 
1469 1508 162 0.5245594240074976 4606 
1470 1508 158 0.0353732770549252 5365 
1471 1510 173 0.45474363712861976 5278 
1472 1510 157 0.10549928407950589 5337 
1473 1511 156 0.1923403367489701 5301 
1474 1511 157 0.4795532725011913 4907 
1475 1511 163 0.4072325501847134 5286 
1476 1511 159 0.8003167652680703 4848 
1477 1517 160 0.10175549102492261 5339 
1478 1517 158 0.5231068107116196 4760 
1479 1517 155 0.11741694054541844 5412 
1480 1517 163 0.8003343166663017 4497 
1481 1521 171 0.8777410942658233 5022 
1482 1521 172 0.6743772883426123 5252 
1483 1521 166 0.5540886621617634 5184 
1484 1521 174 0.02728983087470934 4825 
1485 1522 154 0.14509563192093816 4687 
1486 1522 158 0.6742365430297387 4746 
1487 1525 169 0.25408160465468466 4723 
1488 1525 158 0.5710929399189486 4650 
1489 1527 172 0.0894068176734379 4885 
1490 1527 168 0.3931884909580758 4597 
1491 1529 158 0.03508319670664731 5121 
1492 1529 169 0.4889982642188396 5250 
1493 1529 160 0.508111201640483 4888 
1494 1529 160 0.5627871621964214 5167 
1495 1531 158 0.6231205014778459 4496 
1496 1531 169 0.7156758714408926 4745 
1497 1531 167 0.7085023410419443 5331 
1498 1531 162 0.5436081240967902 5100 
1499 1535 157 0.596026979932099 4798 
1500 1535 174 0.8321647174438752 4992 
1501 1541 163 0.5529545432430527 4789 
1502 1541 166 0.26957141306183713 5218 
1503 1541 171 0.2586149846668589 4579 
1504 1545 168 0.16221739489111675 5439 
1505 1545 169 0.7431352877285817 4873 
1506 1545 159 0.05757988551614611 4460 
1507 1545 159 0.12648406989787017 4818 
1508 1546 154 0.20792136837821257 4639 
1509 1546 162 0.5874993675016651 5246 
1510 1550 172 0.3642055416457607 4746 
1511 1550 155 0.051178759035543704 4898 
1512 1550 163 0.5581061641573983 5040 
1513 1550 163 0.36962508111615083 5066 
1514 1557 162 0.606431413813231 4761 
1515 1557 158 0.8046893107940396 4878 
1516 1557 169 0.2838474936170729 5021 
1517 1560 161 0.6344520451108543 4853 
1518 1560 155 0.16726771934441886 5134 
1519 1560 157 0.3221896876657839 4755 
1520 1560 170 0.8947358823191583 4683 
1521 1561 169 0.3040853115645107 4915 
1522 1561 172 0.24412837375391716 5359 
1523 1561 154 0.047284870501247106 4589 
1524 1561 154 0.3322628231394855 5239 
1525 1564 167 0.7972470299680529 5312 
1526 1564 165 0.3806291800881895 4597 
1527 1568 173 0.29775094809825403 4802 
1528 1568 170 0.39523442761693195 5075 
1529 1568 170 0.40598485662712036 5232 
1530 1568 162 0.6026733073171281 5307 
1531 1572 156 0.08147569506176407 4800 
1532 1572 173 0.3483066524802578 5053 
1533 1574 170 0.85222170807713 5120 
1534 1574 168 0.5907966132569552 4537 
1535 1578 156 0.30565759707900103 5379 
1536 1578 157 0.46116391198614637 5337 
1537 1579 155 0.8932282011756737 5108 
1538 1579 168 0.8443704790982808 5205 
1539 1582 170 0.4468632980306443 4767 
1540 1582 154 0.45579310020356595 4890 
1541 1589 171 0.7895013884468235 4588 
1542 1589 161 0.7271883469801907 5228 
1543 1589 172 0.7071901203894082 4703 
1544 1589 169 0.08662144772614416 4517 
1545 1590 164 0.19374454572896097 5429 
1546 1590 158 0.5677256028451299 4979 
1547 1590 158 0.7496851739869967 4508 
1548 1591 173 0.12730618817501882 5136 
1549 1591 165 0.24194133361276302 4580 
1550 1593 170 0.051376429667155867 4832 
1551 1593 167 0.8730894858624862 4879 
1552 1593 165 0.11938521383238976 4471 
1553 1595 173 0.364285194356113 5314 
1554 1595 155 0.651035593162427 4644 
1555 1595 169 0.20039829083842878 5443 
1556 1596 160 0.2951085574445733 5010 
1557 1596 169 0.16231780520097272 5111 
1558 1596 161 0.5473773679948066 5009 
1559 1596 155 0.8800245625654901 5421 
1560 1599 173 0.32327070488972937 5043 
1561 1599 156 0.8167926841231583 5203 
1562 1600 159 0.4689823419826404 5318 
1563 1600 172 0.05247825553195218 4984 
1564 1600 157 0.29341342660033826 5403 
1565 1600 163 0.12033519080469335 4462 
1566 1601 158 0.24874341481865747 5175 
1567 1601 167 0.055836484152575284 5022 
1568 1602 160 0.4924443766537461 4896 
1569 1602 160 0.04775862415196063 5237 
1570 1602 163 0.06076381960860651 5178 
1571 1602 156 0.06219204857805357 5278 
1572 1605 164 0.11536860328189945 5055 
1573 1605 160 0.38818236710326426 4928 
1574 1605 165 0.24902858041722428 5213 
1575 1605 164 0.7208379229771827 5375 
1576 1606 171 0.5577366803099124 4989 
1577 1606 155 0.711236484434615 4510 
1578 1611 162 0.7648455665037055 5208 
1579 1611 162 0.31057227561490425 5258 
1580 1616 174 0.6704667645194123 4673 
1581 1616 167 0.01738673433899333 5415 
1582 1625 163 0.735862133327029 5073 
1583 1625 157 0.40805706883301324 5271 
1584 1625 155 0.8591980436449458 5392 
1585 1625 154 0.49049199500369345 4951 
1586 1630 161 0.7200029128081871 4800 
1587 1630 158 0.7645804111935027 5206 
1588 1630 174 0.49693102478713963 4722 
1589 1634 156 0.2125134928638901 4900 
1590 1634 160 0.24143412356437033 5374 
1591 1634 174 0.44436109373797106 4813 
1592 1634 164 0.7616052043981537 5300 
1593 1638 160 0.357537716303169 5051 
1594 1638 158 0.5620792450420649 5314 
1595 1642 169 0.2129466477703668 5296 
1596 1642 157 0.18233293050109903 5250 
1597 1642 170 0.11547489834634299 5007 
1598 1642 156 0.38004414086307414 4752 
1599 1645 165 0.3349503747841186 4672 
1600 1645 168 0.13642486460161113 5332 
1601 1645 170 0.6805283430981932 4682 
1602 1650 155 0.7684059009506128 4660 
1603 1650 155 0.44434351550261375 4620 
1604 1650 166 0.7998883050877594 4786 
1605 1651 157 0.5431253754580986 4834 
1606 1651 159 0.27498606237472717 4896 
1607 1658 157 0.13719997864514963 4931 
1608 1658 154 0.3432575861601198 4998 
1609 1658 173 0.5494657232173187 5076 
1610 1658 172 0.7854779515464531 4831 
1611 1659 156 0.47484096993989083 4788 
1612 1659 163 0.8390537236548591 4607 
1613 1659 162 0.7778992741905113 5066 
1614 1659 174 0.5538951829492634 4595 
1615 1665 169 0.6456065363336472 5057 
1616 1665 162 0.15648172810720445 4508 
1617 1666 172 0.4122790808159284 5032 
1618 1666 157 0.19900521729600948 5239 
1619 1666 154 0.8392508853856053 5169 
1620 1668 165 0.5025240773295009 5245 
1621 1668 154 0.262692562259008 5142 
1622 1668 171 0.37635820851862983 5184 
1623 1670 172 0.8116551930433288 4983 
1624 1670 169 0.7039547152151385 5363 
1625 1671 170 0.5397889265335561 4713 
1626 1671 156 0.23141315280981112 4574 
1627 1671 169 0.46511739167055577 4892 
1628 1675 160 0.7349524808925925 5327 
1629 1675 173 0.538686477266111 4735 
1630 1679 156 0.21524823234277407 4709 
1631 1679 170 0.1966328814703466 5062 
1632 1683 157 0.42040316394321087 4705 
1633 1683 174 0.7658268708054192 5325 
1634 1685 167 0.7100732005089552 4708 
1635 1685 157 0.3128756567031027 5057 
1636 1685 169 0.1656637120880142 4933 
1637 1685 156 0.0288764269948754 4594 
1638 1688 174 0.02123901824254161 5213 
1639 1688 165 0.08134670914530236 5066 
1640 1688 173 0.7897178740211637 4919 
1641 1688 156 0.07943991497014441 5008 
1642 1693 154 0.18635789614311968 5161 
1643 1693 165 0.2188952285041934 5179 
1644 1693 174 0.2780228510587312 5098 
1645 1699 165 0.8880241044066459 4640 
1646 1699 169 0.8958044079391438 4633 
1647 1704 158 0.6269465473007867 4598 
1648 1704 155 0.18098682706774052 5358 
1649 1704 169 0.18950708277057135 5388 
1650 1706 169 0.6261077832592461 5380 
1651 1706 165 0.2567049971390263 4526 
1652 1706 154 0.8475272276927232 5090 
1653 1706 160 0.4778415839421794 5207 
1654 1707 167 0.7801324832708036 5045 
1655 1707 164 0.7567675936910159 4891 
1656 1708 159 0.3160383469551415 5012 
1657 1708 171 0.38889047864343745 4814 
1658 1709 165 0.08003325035657304 4490 
1659 1709 165 0.8630994386069096 4849 
1660 1709 165 0.7539689807989568 4855 
1661 1709 165 0.7262253733906434 5176 
1662 1711 156 0.5188378796794463 4838 
1663 1711 161 0.01671567242423925 4706 
1664 1711 164 0.0604642753613883 4755 
1665 1712 172 0.3700381021920944 5393 
1666 1712 156 0.24153466630586792 4504 
1667 1712 169 0.8500890216868884 5144 
1668 1713 157 0.7386168349775449 4491 
1669 1713 167 0.559275224241167 4834 
1670 1713 158 0.845365527763341 5257 
1671 1717 154 0.7693264689372672 5084 
1672 1717 157 0.3885660865596853 4867 
1673 1717 159 0.6118740976386777 5039 
1674 1718 154 0.45101068183745063 5052 
1675 1718 171 0.4001736906362292 4651 
1676 1718 172 0.7189180521767871 5282 
1677 1718 159 0.2617014425815635 4814 
1678 1722 158 0.1487921872105034 4913 
1679 1722 159 0.5255678694176115 4940 
1680 1722 162 0.28584391036841283 4462 
1681 1722 166 0.1142624957789607 5388 
1682 1723 159 0.6007161504675956 4602 
1683 1723 162 0.39134844577127736 5054 
1684 1723 171 0.85190252993677 4562 
1685 1724 171 0.3090354362670031 4878 
1686 1724 160 0.6336659941507795 4871 
1687 1724 169 0.8857348421708608 4717 
1688 1725 154 0.1798086471166858 5414 
1689 1725 167 0.2676237251595325 4533 
1690 1725 158 0.16435746341888766 5325 
1691 1725 161 0.08282467619215575 5374 
1692 1726 170 0.10179063245160708 4581 
1693 1726 163 0.6571252622644049 4469 
1694 1726 172 0.17445628742897412 4668 
1695 1726 173 0.8775434851142174 4964 
1696 1727 170 0.25070832750465705 5352 
1697 1727 174 0.35833250832728886 5217 
1698 1727 173 0.3754121805686955 4561 
1699 1728 157 0.5948962338399058 5005 
1700 1728 160 0.4070172816352075 4461 
1701 1728 159 0.48698306092489724 4984 
1702 1728 173 0.5758869570659589 4488 
1703 1729 170 0.5641768108174431 4943 
1704 1729 156 0.7750285545142998 4630 
1705 1729 171 0.6124523642259813 5253 
1706 1734 161 0.11236639555133893 4456 
1707 1734 172 0.6131697016906763 4778 
1708 1735 160 0.012813814636803086 5086 
1709 1735 166 0.7776813425380646 5016 
1710 1736 171 0.7405141506455453 5425 
1711 1736 165 0.5124386304828497 5329 
1712 1738 167 0.7784455586933078 5273 
1713 1738 173 0.8282737046231434 4691 
1714 1738 173 0.5479445425364411 5393 
1715 1739 156 0.8153719009936126 4602 
1716 1739 168 0.8795675835926585 4535 
1717 1744 163 0.7248612940547268 5083 
1718 1744 156 0.2212754916242384 4589 
1719 1744 173 0.16750313127514 4893 
1720 1744 163 0.8577991089302947 4817 
1721 1748 158 0.15979325807070568 4919 
1722 1748 163 0.3169131184191264 4497 
1723 1748 163 0.03429520418872899 4705 
1724 1753 163 0.5742047920769869 4614 
1725 1753 167 0.5572138064593531 5253 
1726 1753 160 0.7090164447293683 4664 
1727 1753 159 0.8508207761673572 5241 
1728 1761 164 0.5552312828014244 4646 
1729 1761 165 0.5549490959725397 4876 
1730 1761 162 0.18451933416075397 4506 
1731 1764 166 0.08578882971660248 4831 
1732 1764 159 0.38475054196021224 4714 
1733 1764 154 0.045350900950143234 4845 
1734 1766 162 0.3740526814330041 4808 
1735 1766 160 0.4351761364646388 4928 
1736 1770 167 0.1404716381987232 5037 
1737 1770 158 0.47646251803517536 4826 
1738 1774 169 0.6305676790895636 4751 
1739 1774 173 0.479438514961502 4919 
1740 1775 154 0.770350004606891 4475 
1741 1775 167 0.7972083621705639 4656 
1742 1775 166 0.6283723301118196 4751 
1743 1775 154 0.5042353929765627 4453 
1744 1778 155 0.13145964771820448 5361 
1745 1778 156 0.8958930898283741 4846 
1746 1778 174 0.8359276531105014 5419 
1747 1778 172 0.6316155096744173 4952 
1748 1788 172 0.3969793543525597 5429 
1749 1788 160 0.0661654494096484 4820 
1750 1791 164 0.0935893221519762 5261 
1751 1791 169 0.8812931926323851 4500 
1752 1791 157 0.7870460420943521 4576 
1753 1792 159 0.04111671771809631 4571 
1754 1792 154 0.30163305819546216 5057 
1755 1792 164 0.772580143220877 5022 
1756 1792 170 0.03762803301655004 4573 
1757 1793 166 0.09539911067833137 5399 
1758 1793 159 0.5062854006706919 4705 
1759 1793 160 0.04095714957398903 4828 
1760 1793 159 0.6568487245802811 4669 
1761 1797 171 0.474643481158841 4821 
1762 1797 161 0.021431273333929447 4891 
1763 1797 166 0.5977914680127023 4907 
1764 1799 171 0.500946188592648 5123 
1765 1799 160 0.8781236118734188 5339 
1766 1800 154 0.043129421742228134 5338 
1767 1800 164 0.38715158965658847 5002 
1768 1800 174 0.056483382074695596 5195 
1769 1800 160 0.2321861854986878 5332 
1770 1801 158 0.708220084442696 4717 
1771 1801 166 0.017645319578985134 4897 
1772 1801 161 0.8851847558001018 4782 
1773 1801 158 0.07223471044395077 5122 
1774 1802 167 0.16825023794829824 4994 
1775 1802 170 0.6096950821460422 4471 
1776 1802 156 0.3585656501937762 4740 
1777 1802 161 0.8167670164982362 4589 
1778 1808 160 0.23141212951007703 5395 
1779 1808 159 0.34687961844134424 5407 
1780 1808 156 0.1446186055980648 5140 
1781 1808 163 0.1592327163707884 4815 
1782 1809 158 0.1681846899728482 5322 
1783 1809 174 0.6905299423295376 5096 
1784 1809 168 0.41715983791057926 4877 
1785 1809 155 0.10743118315264644 4875 
1786 1811 170 0.2183917393631435 4771 
1787 1811 161 0.6071586455584795 4526 
1788 1812 165 0.5401730442176537 4901 
1789 1812 167 0.16379937190083407 4499 
1790 1813 156 0.33596596048879307 5425 
1791 1813 169 0.8760977316756571 4664 
1792 1817 168 0.41985480346263593 4475 
1793 1817 172 0.35204499949931123 5446 
1794 1817 168 0.5938552681562752 5330 
1795 1820 164 0.27146291834464586 5051 
1796 1820 162 0.44502664220132493 4860 
1797 1822 166 0.5340670656747867 4740 
1798 1822 171 0.6550841830426256 4478 
1799 1822 174 0.5722881462765239 5016 
1800 1826 173 0.3076186212256037 4945 
1801 1826 160 0.6289840704712433 5292 
1802 1826 167 0.7095605644323981 5112 
1803 1826 154 0.44324385411333467 5334 
1804 1829 173 0.4380224582807737 4538 
1805 1829 165 0.2223421484010454 4853 
1806 1830 174 0.5890058657475091 4864 
1807 1830 157 0.633397519765967 4852 
1808 1834 158 0.03446779067525492 4561 
1809 1834 158 0.5233756869860587 4977 
1810 1834 157 0.831132218993872 5177 
1811 1834 164 0.8393521684330925 5165 
1812 1838 157 0.44244311325617014 4546 
1813 1838 160 0.07631627883871696 5379 
1814 1838 168 0.1974903442830503 4771 
1815 1840 172 0.5123567629439445 4755 
1816 1840 163 0.028156967262554837 4868 
1817 1842 161 0.36830612888890807 5008 
1818 1842 170 0.3383764437400165 4460 
1819 1842 163 0.5733578163707531 4638 
1820 1843 159 0.4991737620372112 4941 
1821 1843 161 0.6049995599109638 4493 
1822 1846 172 0.8018245612345866 5359 
1823 1846 156 0.7389033494063015 4938 
1824 1846 160 0.3931307143615035 4701 
1825 1846 170 0.19817210900466228 5446 
1826 1852 161 0.5539030409327063 5042 
1827 1852 162 0.7562882750492116 4676 
1828 1852 171 0.30994112739440083 5262 
1829 1853 165 0.8181474890350415 5126 
1830 1853 169 0.5909536235703675 5212 
1831 1853 168 0.2877815973003675 4499 
1832 1854 157 0.6834575611678874 5420 
1833 1854 157 0.7332512852001191 4992 
1834 1855 156 0.1982824721073458 4521 
1835 1855 156 0.6372127789816899 5354 
1836 1855 174 0.8035061231288163 5147 
1837 1855 170 0.5106148550804798 4842 
1838 1856 168 0.5336202088373996 5264 
1839 1856 173 0.1858228478272005 4982 
1840 1859 165 0.13449093798086864 4964 
1841 1859 162 0.8835542412682044 5205 
1842 1861 170 0.7143733447786939 5415 
1843 1861 162 0.16221024835725667 5332 
1844 1862 156 0.5409807830014567 4775 
1845 1862 154 0.4597834825847943 5377 
1846 1864 155 0.7585608219949169 5145 
1847 1864 160 0.5288464987666099 5080 
1848 1865 156 0.6309517735729768 4546 
1849 1865 165 0.6073393023086661 5205 
1850 1865 156 0.10481384345344606 5154 
1851 1865 159 0.2777044981397124 5148 
1852 1869 174 0.5235245196539018 4483 
1853 1869 163 0.8063442185532901 5072 
1854 1869 167 0.7398433549840825 4875 
1855 1874 173 0.4061719966149156 4762 
1856 1874 167 0.23452504874623029 4815 
1857 1874 174 0.6081627166894262 5161 
1858 1874 162 0.08843622062096249 4873 
1859 1878 163 0.6026877381189775 4798 
1860 1878 169 0.3518081809083052 4467 
1861 1881 166 0.09042724539845687 4528 
1862 1881 172 0.3185482573317785 5443 
1863 1881 168 0.765061821434705 5415 
1864 1885 161 0.7293422057177721 5154 
1865 1885 156 0.766144259700619 5322 
1866 1886 160 0.7314121772722126 4722 
1867 1886 172 0.6511973252579146 5289 
1868 1886 161 0.02694491213730576 5114 
1869 1891 174 0.16319402975940134 4829 
1870 1891 169 0.2186809264557291 4504 
1871 1891 173 0.42928270904681326 5424 
1872 1891 167 0.2539835570958114 4816 
1873 1894 162 0.29613506038874987 4754 
1874 1894 163 0.8781040532307511 4741 
1875 1894 168 0.8279949628788126 5231 
1876 1898 159 0.6913377060994307 5158 
1877 1898 172 0.7552217972067969 5145 
1878 1899 160 0.4420735872072241 4558 
1879 1899 164 0.2865869281501814 5151 
1880 1899 165 0.13068934894729103 5376 
1881 1901 161 0.877860814500238 5000 
1882 1901 173 0.33855670124568116 4567 
1883 1901 162 0.08727437149098363 4953 
1884 1901 163 0.04914949628658774 5185 
1885 1904 168 0.3966223281962178 4948 
1886 1904 159 0.2529685425022372 5334 
1887 1904 169 0.1764170054825344 4909 
1888 1909 164 0.4949878418883491 4516 
1889 1909 155 0.19993795601343822 4969 
1890 1909 159 0.11982647743823274 5332 
1891 1915 167 0.16323757304815384 4568 
1892 1915 161 0.8020962210651524 4533 
1893 1915 161 0.7837366475477029 5020 
1894 1916 162 0.8653967262484942 4511 
1895 1916 166 0.5860162093690794 5347 
1896 1916 173 0.7408447060732013 4707 
1897 1921 169 0.05667388910312785 4521 
1898 1921 172 0.15697749290350976 4491 
1899 1924 164 0.6320023957234843 4900 
1900 1924 167 0.3199637969387442 5337 
1901 1927 172 0.13846310111477667 5110 
1902 1927 174 0.23776008279426347 4784 
1903 1927 167 0.28110605862326754 4904 
1904 1933 160 0.5632144412798937 4984 
1905 1933 162 0.3755171972893802 5233 
1906 1933 154 0.4110885576016079 5139 
1907 1933 168 0.4190828700908967 5416 
1908 1934 161 0.8061729823350514 5334 
1909 1934 174 0.3065149020119701 4907 
1910 1936 154 0.735133995268208 5229 
1911 1936 159 0.6118108663643134 5019 
1912 1936 171 0.8942141911255921 4639 
1913 1949 156 0.24423415401666212 4808 
1914 1949 173 0.6930387425488708 5033 
1915 1950 171 0.07672910027268316 5254 
1916 1950 163 0.44362000041204336 5344 
1917 1950 156 0.7106622344894643 5147 
1918 1950 173 0.7910708522200387 4728 
1919 1951 157 0.8662077811947384 4777 
1920 1951 169 0.22452763002597936 4797 
1921 1955 168 0.8700401098394981 4877 
1922 1955 164 0.5861875030454031 5246 
1923 1955 171 0.19331306960052583 5003 
1924 1957 165 0.2865962284843442 5237 
1925 1957 157 0.6457964760752208 5287 
1926 1957 161 0.14175980039251818 4769 
1927 1961 160 0.7867396848026831 4553 
1928 1961 165 0.705430859934314 4977 
1929 1961 156 0.8189776897000764 5296 
1930 1963 166 0.09923724762456194 5369 
1931 1963 166 0.7208677642985964 4890 
1932 1963 173 0.38257054299792403 4604 
1933 1964 161 0.34479077473393704 4828 
1934 1964 162 0.04821993110480192 4466 
1935 1964 170 0.6709724179018414 4930 
1936 1965 160 0.06586015852563702 4838 
1937 1965 172 0.023476482504628977 4734 
1938 1967 157 0.592543473194914 5356 
1939 1967 172 0.4452879551103417 4940 
1940 1967 156 0.29881605494209645 5189 
1941 1969 159 0.6897962539304996 4734 
1942 1969 164 0.09077610382976856 5231 
1943 1969 165 0.7012750947980897 5227 
1944 1969 160 0.2772799261036943 4733 
1945 1970 158 0.589786512802498 5348 
1946 1970 160 0.6432082797596083 4578 
1947 1973 156 0.39299932157975276 5332 
1948 1973 163 0.4631211178766672 5149 
1949 1973 154 0.5006097165291842 4651 
1950 1976 170 0.04323066781048164 4971 
1951 1976 155 0.4796706708442106 4758 
1952 1977 159 0.34002457043051626 4612 
1953 1977 164 0.2589650795235813 4727 
1954 1979 155 0.24828363176009077 4994 
1955 1979 173 0.3502561055756884 5249 
1956 1979 163 0.5300433180839879 4989 
1957 1982 157 0.5133523428985117 4582 
1958 1982 168 0.2782692014542882 4686 
1959 1982 158 0.7913889013503492 5218 
1960 1982 173 0.5317014400322798 4858 
1961 1984 167 0.5278902327855689 4896 
1962 1984 165 0.8713462099463454 5218 
1963 1984 154 0.3963129401687808 4649 
1964 1985 170 0.22594059400269237 4827 
1965 1985 163 0.35693107020857395 4706 
1966 1985 166 0.5649506073535842 5290 
1967 1985 161 0.2600756801934141 5162 
1968 1986 161 0.821629207751721 5259 
1969 1986 154 0.17584298006774535 4821 
1970 1986 162 0.4620282701193099 4833 
1971 1986 161 0.021087402365339604 5339 
1972 1987 174 0.6422697197497407 4635 
1973 1987 170 0.014388439804993061 4676 
1974 1987 160 0.39387909976696667 4636 
1975 1987 162 0.509117662482709 5300 
1976 1988 162 0.38939361819715484 5039 
1977 1988 174 0.013146799938586126 4904 
1978 1988 154 0.4655091587190579 5093 
1979 1990 162 0.7854934816256105 4807 
1980 1990 167 0.5859504065642513 5257 
1981 1990 155 0.8671554132338342 5228 
1982 1992 172 0.8067689393683508 4478 
1983 1992 158 0.5966789417816931 4927 
1984 1995 172 0.3511538168907245 4816 
1985 1995 163 0.618797840334779 5073 
1986 1995 170 0.7587212784983146 5415 
1987 1995 155 0.8818554033862581 4970 
1988 1996 161 0.39292307732683845 5015 
1989 1996 170 0.453112057162101 5136 
1990 1996 164 0.601408348067093 5223 
1991 1996 168 0.1759856984541992 4597 
1992 1997 161 0.6656002301513472 4516 
1993 1997 168 0.12228974352871565 4724 
1994 1997 160 0.5987812758957467 4742 
1995 1999 169 0.3270286049247993 5236 
1996 1999 172 0.8035110864035443 4954 
1997 1999 173 0.01206727820300978 5282 
1998 1999 157 0.3707245798214732 5361 
1999 2000 170 0.8612793017366225 4928 
2000 0 168 0.5477574898161334 4942 
