1 5 115 0.4419677629825608 13579 
2 6 106 0.8067015535393841 15218 
3 6 97 0.7673048845850176 13390 
4 6 98 0.7473456948920055 14580 
5 10 111 0.695681334249071 14921 
6 12 117 0.6838807199385943 14086 
7 13 117 0.6591092814153694 13512 
8 14 100 0.8330319044865275 13420 
9 15 104 0.34708219528213374 13855 
10 17 98 0.34921820543829774 14784 
11 17 104 0.6500690507463522 14006 
12 18 109 0.2495872049904485 14421 
13 18 98 0.0976243710408601 14769 
14 20 107 0.08783996361165644 13966 
15 21 104 0.12274802010425681 13406 
16 22 105 0.2654447825777964 13787 
17 24 108 0.3474618916483828 13763 
18 26 117 0.5302525567804098 14894 
19 26 107 0.10497593370136254 14712 
20 28 111 0.2854410830263641 13489 
21 28 104 0.24250472115905145 13541 
22 29 110 0.6890388894659498 14915 
23 32 99 0.4225326996163695 13791 
24 33 100 0.5505756674184876 14067 
25 33 109 0.6169109340580792 14380 
26 36 110 0.5832126191379832 14765 
27 37 110 0.390581890357888 13452 
28 37 108 0.8902564607810783 14700 
29 39 111 0.5137300029333266 13821 
30 39 106 0.8295702694257596 14847 
31 42 115 0.37991885107006035 14394 
32 42 111 0.27097282858386973 14714 
33 43 99 0.4931245744759712 14159 
34 43 107 0.1863903554454435 14183 
35 44 115 0.1561554891893192 13817 
36 44 98 0.7483770909999209 13954 
37 45 112 0.8976635147888303 14741 
38 45 100 0.809130204863853 13479 
39 48 97 0.1391094855329884 14820 
40 48 108 0.016958837557423417 14087 
41 50 110 0.5020867802841638 13558 
42 50 97 0.23247423514590643 14808 
43 53 104 0.8711443184720287 15276 
44 53 105 0.08222165576039564 13592 
45 53 114 0.2177361136204081 15008 
46 53 105 0.4285168562652813 14761 
47 58 117 0.5217278031590682 13338 
48 59 116 0.06679843732654134 14836 
49 60 105 0.22473100949409222 13738 
50 64 108 0.6549868322658267 15046 
51 65 104 0.06339941214783947 14608 
52 68 105 0.5926528672924164 13541 
53 70 100 0.8576607912816668 14032 
54 72 111 0.6718070826044547 13744 
55 73 100 0.22324420997739106 13631 
56 76 107 0.3005555973585007 13392 
57 78 103 0.1380908615704452 13360 
58 78 102 0.5352891459017983 14953 
59 79 114 0.3067154661245776 13471 
60 79 110 0.054480590349597506 14979 
61 79 98 0.05241724796928997 14780 
62 82 116 0.01040044745868534 14354 
63 86 111 0.050539411031095785 14186 
64 87 114 0.039640630586004255 13675 
65 87 97 0.29597623951798585 13809 
66 87 109 0.27032834437308867 13830 
67 88 108 0.29664032548424646 13966 
68 89 97 0.37628069002974757 14310 
69 89 98 0.5828796686547275 13595 
70 90 108 0.03971889807201212 13662 
71 92 102 0.46709625194563786 14312 
72 93 97 0.687060849802246 15108 
73 94 108 0.7016256997001068 14973 
74 95 102 0.526202923168816 15192 
75 95 114 0.5551884353077153 13777 
76 97 112 0.4118552968416521 15175 
77 97 109 0.2523990432510934 13346 
78 99 109 0.6715493530876645 13423 
79 99 103 0.1007755379064551 14886 
80 99 101 0.46755497305333255 13756 
81 100 115 0.6883548711189524 14687 
82 101 108 0.6812572755025178 14224 
83 101 110 0.560890456176508 15215 
84 102 109 0.4976045698816777 13884 
85 103 105 0.09488765661585956 13319 
86 104 116 0.5371042044864132 14849 
87 104 115 0.3551644744901674 14461 
88 106 105 0.4983275248341036 13791 
89 108 113 0.5865878865238627 14112 
90 109 98 0.15262110434418721 15059 
91 109 107 0.8994406703556914 13619 
92 111 104 0.32895090356972667 15048 
93 111 101 0.4426070330824688 14343 
94 111 114 0.21176434591345655 13870 
95 112 98 0.4382330576667657 14592 
96 112 100 0.12526742114347109 14770 
97 113 116 0.8897065882471007 14163 
98 115 107 0.8567211996045889 14186 
99 116 109 0.37826940878337423 14746 
100 116 104 0.3149960163683672 14081 
101 116 104 0.8195772278492484 14620 
102 116 104 0.59670341623251 13715 
103 116 105 0.4636857285717725 15204 
104 117 105 0.046941047940501156 13600 
105 117 114 0.450890709408873 14071 
106 117 106 0.4061382421178178 14160 
107 118 99 0.7122388721499275 14420 
108 120 112 0.0880852203336872 13400 
109 121 103 0.31400783370551527 14127 
110 121 114 0.38599514100733023 14335 
111 125 100 0.23892201755213 13368 
112 125 109 0.6261944463462735 14485 
113 127 115 0.33807361871610675 14296 
114 128 115 0.4161976092605235 13910 
115 129 101 0.21133359563067272 14558 
116 130 112 0.7557485121166817 14499 
117 130 104 0.03109021728301775 13907 
118 132 100 0.28300273636087375 13853 
119 133 105 0.38340216795418997 14354 
120 133 100 0.316186135536594 14151 
121 134 117 0.03551242272325685 14090 
122 134 100 0.19386599246398029 14412 
123 134 101 0.540277080939351 15210 
124 135 107 0.8323118580135418 13792 
125 136 98 0.027463416469414248 15008 
126 137 113 0.01716278310393686 14396 
127 138 99 0.5051272774140113 13830 
128 138 112 0.25882074548650563 13888 
129 139 111 0.7033465907166279 14369 
130 141 99 0.7292816075187429 15255 
131 142 99 0.7848600862732223 14724 
132 144 108 0.3979666684620244 13699 
133 145 106 0.7474506737123069 13781 
134 146 108 0.25212806382444114 15139 
135 146 108 0.42537732859627214 14845 
136 148 111 0.17355099339448535 14469 
137 150 101 0.17692173457153107 14928 
138 151 110 0.8143431664687888 14133 
139 152 97 0.7141088904041379 14306 
140 152 104 0.07121187524649189 13531 
141 155 116 0.8859641421830852 13598 
142 156 103 0.2525209199964662 14205 
143 156 107 0.3754760091723434 13462 
144 157 105 0.33070966059581514 14850 
145 158 102 0.18367132081528023 13968 
146 160 114 0.5680781892375738 15266 
147 161 117 0.2416413139108648 13322 
148 165 113 0.2594252936175818 14882 
149 166 107 0.10323789916633413 14465 
150 167 117 0.7984314152439381 13974 
151 167 100 0.7121507702054352 14354 
152 168 116 0.5110479389866469 13659 
153 168 99 0.8465524111684464 14379 
154 170 106 0.5707900360528508 13907 
155 170 100 0.863923214333495 13406 
156 170 102 0.5857264935691259 13386 
157 170 111 0.805393892714431 13878 
158 170 116 0.6995180450977756 13827 
159 172 105 0.4911999600067828 14961 
160 173 102 0.4209921210881398 14761 
161 173 106 0.2938887958286985 15266 
162 174 110 0.6657173386953714 13894 
163 175 116 0.3027057929257709 13742 
164 176 107 0.4729861817618078 14140 
165 177 98 0.5646551171760247 13625 
166 177 110 0.7419171444586679 13318 
167 179 111 0.28872015195476985 13666 
168 180 102 0.0990969973505625 14873 
169 181 112 0.1441129993637187 13411 
170 184 113 0.2498861776251938 14414 
171 184 115 0.8559622262040846 15186 
172 184 109 0.06889719612532706 14086 
173 185 105 0.3154103465035385 13912 
174 186 111 0.2915965298166194 13648 
175 187 104 0.5860597900175507 15230 
176 187 109 0.04426470135134406 13974 
177 188 102 0.25387747366482843 14022 
178 188 104 0.8373519006512858 14774 
179 191 98 0.2727940674803421 14371 
180 192 99 0.8177161854316363 14724 
181 192 117 0.1483871710621146 15016 
182 195 102 0.8869551047577271 15043 
183 195 116 0.5035850534506349 14833 
184 196 110 0.567027011217274 13548 
185 197 106 0.6042395809311446 14263 
186 197 113 0.6407195071381424 14631 
187 198 111 0.2623000062626571 14254 
188 199 116 0.28566512718102854 14681 
189 199 108 0.5302122181367562 14590 
190 199 117 0.5757141392389892 14073 
191 200 108 0.20582040486654257 14051 
192 205 112 0.13827347653177485 15174 
193 205 105 0.7719414832893166 15212 
194 205 112 0.753502903067162 14543 
195 208 114 0.6275646825078207 13647 
196 208 117 0.6273307481723078 14095 
197 208 108 0.5739280094867859 14100 
198 209 108 0.8630627889460566 14528 
199 212 111 0.15977692095082846 14311 
200 212 116 0.31309892791595806 13665 
201 213 112 0.23113439215978973 13492 
202 214 106 0.8125869936590505 13641 
203 214 115 0.29160337675157344 15191 
204 214 110 0.2626204318474969 14011 
205 218 99 0.71043703766924 14051 
206 218 114 0.5023152633268981 13974 
207 219 107 0.4227408660449562 14630 
208 221 101 0.40400124614423966 15315 
209 222 109 0.3020426443541188 15173 
210 222 107 0.6936831084346334 13742 
211 223 114 0.14459626320509306 13710 
212 225 113 0.7103009604190724 14231 
213 226 98 0.869817866632106 15244 
214 226 99 0.09229169323287575 13565 
215 226 111 0.5744431489025092 13506 
216 226 100 0.41479881341636177 13715 
217 228 117 0.07418364938981967 14543 
218 230 115 0.22286055469114893 14085 
219 230 115 0.38635319785915023 15266 
220 230 109 0.44374375173113273 13448 
221 231 104 0.45322546987848755 14359 
222 231 102 0.34777117950710895 14101 
223 231 104 0.8664154707081007 14062 
224 231 103 0.25360559724600923 14412 
225 232 109 0.33827990323329454 14909 
226 234 105 0.013507382317349732 14788 
227 234 98 0.6955367419774185 13947 
228 237 97 0.694206388000374 14886 
229 237 97 0.12224170103003233 15157 
230 239 115 0.8785361350562072 14722 
231 241 109 0.43586059943775896 14930 
232 242 108 0.05708990717513966 13875 
233 242 98 0.3197302210222554 14024 
234 243 99 0.3044780350538489 15180 
235 244 114 0.7348349017774498 13419 
236 244 108 0.25161795488491445 15004 
237 245 99 0.19325617384502122 15236 
238 245 107 0.6904583225879227 14500 
239 246 113 0.3777703189815763 15212 
240 247 111 0.3976390716112892 14871 
241 250 117 0.6832283859788716 14135 
242 250 103 0.643568686977706 14612 
243 251 110 0.10100457799073045 14040 
244 251 97 0.5443396506235744 14196 
245 252 110 0.7520626765148696 15024 
246 253 116 0.3331384346843407 14789 
247 253 97 0.44226199138239747 15287 
248 253 110 0.7719957003249062 15073 
249 253 116 0.4476907134642494 15188 
250 255 107 0.5797133346925913 14066 
251 257 116 0.13643735783409744 13518 
252 258 112 0.5514004220428377 14109 
253 264 104 0.3207699590682324 15234 
254 264 106 0.6247396174655838 13359 
255 265 117 0.8057617732129699 14252 
256 265 116 0.31521343337338587 14646 
257 266 112 0.28883898789372575 14243 
258 266 103 0.11599439495296579 13350 
259 266 109 0.16157609062142064 13523 
260 268 109 0.27280496076843425 13617 
261 269 97 0.6544998411450053 14239 
262 270 105 0.6742130862257235 14006 
263 270 107 0.30651488423574613 13883 
264 271 116 0.863628390742581 14054 
265 272 111 0.36956469583412 15301 
266 272 106 0.06930410337295818 14381 
267 272 112 0.591952964539067 15092 
268 273 102 0.2404655334318469 13599 
269 276 107 0.6483703845704084 13685 
270 276 101 0.011705030945749326 14557 
271 278 108 0.7709736254655295 15186 
272 278 98 0.2764904877329856 14143 
273 278 102 0.4509777950884834 13526 
274 278 105 0.41756848683750863 13978 
275 278 111 0.2145424507368718 14830 
276 279 105 0.7069792191433533 14111 
277 280 109 0.32576946458319467 13374 
278 283 98 0.5998712337610015 14891 
279 283 101 0.8948167154759189 13519 
280 283 116 0.34945543123688055 15191 
281 283 115 0.7658342868240224 14820 
282 284 103 0.6571514244604132 14352 
283 285 97 0.703543136546428 14206 
284 285 105 0.5315812819193962 13978 
285 286 101 0.44643180405833094 14668 
286 289 116 0.12148280749141319 13566 
287 293 110 0.8462616611380125 14586 
288 293 115 0.17125190664021867 14863 
289 294 110 0.13952739107442785 14754 
290 295 111 0.7089309562689904 13738 
291 298 117 0.1507765105304675 14553 
292 300 97 0.37143850651299204 13949 
293 302 107 0.37661354135365943 13477 
294 303 114 0.4428698781767344 13964 
295 303 103 0.17806424547473934 15207 
296 304 102 0.5575283682697776 14826 
297 306 109 0.1209698665432239 15190 
298 306 115 0.3530753827755994 15095 
299 308 110 0.6810276540212337 14773 
300 308 108 0.2778118408189141 13886 
301 310 104 0.8090390989413031 14132 
302 311 116 0.2518156632600835 14041 
303 312 99 0.7307066324191117 14104 
304 315 117 0.530043235207034 14495 
305 316 110 0.1376592186146204 14955 
306 318 114 0.6244965233732885 15040 
307 318 111 0.6701477255963959 14322 
308 319 113 0.6982246925647894 13936 
309 321 109 0.6180115924660337 13860 
310 323 99 0.21601272617941727 13813 
311 325 100 0.7557624741845531 14210 
312 326 111 0.21547930425524883 14615 
313 327 100 0.798829125525707 14545 
314 328 113 0.23964379656931495 15275 
315 330 100 0.5627632994115774 14423 
316 331 104 0.7452741718702952 14228 
317 331 112 0.5683305715559244 14067 
318 333 100 0.4160508432251521 14132 
319 335 106 0.5822295245360907 13634 
320 336 99 0.40890306735431997 14371 
321 337 100 0.4859870663726507 14596 
322 337 109 0.404304616301998 14069 
323 340 116 0.8483758554462796 13953 
324 340 117 0.1850110363914662 14657 
325 341 102 0.8546068300860424 14352 
326 344 110 0.6016743952525829 13875 
327 344 101 0.8940511832236651 13849 
328 346 106 0.3578180314325069 14453 
329 347 113 0.4766793735913601 13623 
330 348 105 0.5980053017919302 13486 
331 350 115 0.1894464842506634 14457 
332 350 112 0.4211442661982267 14741 
333 352 117 0.36690431905723286 14883 
334 353 99 0.5344600800967143 14634 
335 353 105 0.5188824090252814 13823 
336 353 105 0.013333812574482257 13763 
337 354 104 0.7619532625143826 14189 
338 354 108 0.7224515874707756 14348 
339 355 102 0.5200963077211235 13899 
340 355 117 0.13389338293844685 14328 
341 356 110 0.6695531426632776 14543 
342 357 111 0.5395036048246299 14679 
343 357 112 0.8498428748239216 15226 
344 361 115 0.07843319214760146 15221 
345 361 106 0.09628100058467166 14898 
346 362 103 0.7925019100914791 14047 
347 364 115 0.41601039912707694 14731 
348 366 105 0.5364468503768852 14634 
349 368 97 0.12630294635814762 15174 
350 371 99 0.5173947039693998 14169 
351 376 114 0.4219439459760115 14598 
352 378 99 0.07175532536660569 14489 
353 378 105 0.43504568308535546 14431 
354 378 109 0.8013269276054747 15036 
355 378 117 0.6137083961687182 14839 
356 379 108 0.6938047872824654 13859 
357 380 108 0.23262213319392536 14955 
358 380 111 0.8181569022258306 14253 
359 382 99 0.2592540169069775 13716 
360 385 108 0.10046996939662466 14974 
361 386 112 0.20429584618414595 14433 
362 387 101 0.7708540486622036 14211 
363 387 115 0.5961803198505439 15107 
364 388 103 0.7518839214968054 13536 
365 388 102 0.8113984751836728 15299 
366 389 115 0.6438216118407952 14981 
367 389 100 0.514325500849182 15036 
368 390 101 0.8579746399408797 13544 
369 393 112 0.17250073200985686 13979 
370 394 110 0.5462787082195875 14305 
371 397 102 0.8249196678730771 14278 
372 397 115 0.7566180008776126 13463 
373 398 109 0.8603910245378478 15315 
374 400 105 0.704325881956013 13807 
375 402 97 0.5925926983779635 14698 
376 403 115 0.6652227738274128 13331 
377 403 114 0.2235739533883229 13620 
378 404 113 0.11979603591756431 15098 
379 404 114 0.21285985186940765 14491 
380 405 110 0.7722065272212271 14693 
381 406 108 0.7790412681778769 14465 
382 407 109 0.05848833158829766 15059 
383 407 104 0.8669447649857 15255 
384 409 104 0.4483762310426885 14282 
385 410 108 0.8424476994357329 13880 
386 411 108 0.807138807332739 15267 
387 411 114 0.09223011360123169 15116 
388 412 100 0.2429063709528286 13526 
389 415 104 0.4059754996451177 13890 
390 416 108 0.2512973514449551 14533 
391 416 113 0.42818130427821954 14177 
392 418 97 0.7352132048803806 14253 
393 418 113 0.3395564117928298 14412 
394 419 98 0.6411788576100329 14747 
395 419 105 0.19907060659190579 15305 
396 420 114 0.11336422575698576 14031 
397 422 97 0.8238633938403148 15065 
398 422 116 0.07148557142636658 13937 
399 422 109 0.11578040632926023 14063 
400 422 105 0.7273338716655517 13402 
401 425 116 0.24164554451202713 15038 
402 425 108 0.03610462400564961 13766 
403 425 99 0.3064596796796524 15257 
404 428 109 0.8602547319902986 15036 
405 428 116 0.7071191665247658 14402 
406 429 98 0.5245997056716146 15003 
407 430 100 0.5015170472852111 13410 
408 430 111 0.12810980735625718 13569 
409 431 97 0.3926258872149895 14743 
410 431 111 0.06249026476864691 13645 
411 433 101 0.5113596829413676 14238 
412 433 98 0.7938616117923231 13997 
413 434 100 0.0558376780556328 14200 
414 434 103 0.1434152246214718 13477 
415 436 113 0.47882221589985957 14736 
416 437 98 0.8155646964639071 15294 
417 437 107 0.7655038041158637 14161 
418 439 102 0.09313111835807773 14494 
419 439 102 0.8570679277165961 14388 
420 440 102 0.24969945464285945 13327 
421 443 114 0.10628211922827797 14996 
422 444 105 0.27867680560246466 13534 
423 445 117 0.8229653685085264 14620 
424 445 106 0.10825813014470886 14502 
425 447 105 0.8029007617591299 14658 
426 449 104 0.691166300100929 13648 
427 450 100 0.13047396227065264 14155 
428 451 117 0.5869850120062015 15254 
429 454 103 0.2644542161666265 14630 
430 454 102 0.6699530455109717 13476 
431 455 100 0.8472866049021817 13752 
432 456 109 0.20190560394349025 13518 
433 462 99 0.684728691931459 14757 
434 462 99 0.8898887891698021 14470 
435 462 117 0.484699536289985 13840 
436 463 99 0.035631222358078384 13826 
437 463 107 0.37769044156672277 14088 
438 463 100 0.8157972630544064 13881 
439 464 102 0.25666707980694314 14336 
440 464 108 0.6365597961639047 14248 
441 464 112 0.3200627115087932 14785 
442 467 103 0.4276017061846979 15286 
443 467 108 0.7090111978055937 14196 
444 468 109 0.08610322871208993 14365 
445 469 113 0.047587019372200855 13815 
446 469 99 0.04490033804048013 14499 
447 470 97 0.41154686949369945 13947 
448 470 103 0.08002596058088543 14094 
449 471 112 0.82662220971097 14013 
450 471 115 0.5703007439300394 13692 
451 472 114 0.11908188096058381 15310 
452 473 104 0.8572561282226646 14265 
453 473 99 0.6469656083586484 14821 
454 475 111 0.16000883188976855 14867 
455 476 103 0.22569099504969464 13327 
456 478 114 0.4069183014964077 13715 
457 480 104 0.8433228319290621 14383 
458 481 101 0.4689127529807721 14731 
459 483 110 0.024679158694522346 14227 
460 484 114 0.8416369743039379 14871 
461 484 107 0.709882664956403 14613 
462 487 98 0.7060176033966971 15278 
463 487 117 0.28020847911575175 13919 
464 487 97 0.7023679190082561 14671 
465 487 111 0.1480059435889641 14099 
466 487 112 0.36949944745909236 14631 
467 488 98 0.3558006505859257 14334 
468 491 109 0.32877908856362964 14225 
469 492 100 0.3690922995507035 14862 
470 494 103 0.469107205255635 14322 
471 495 110 0.10177270679843978 13803 
472 497 106 0.4050676889391231 13935 
473 498 108 0.504873829390424 13809 
474 501 114 0.502005363870003 14637 
475 504 112 0.34878396439149684 13424 
476 505 110 0.18430993918701835 15075 
477 505 108 0.3584351975596768 14926 
478 509 110 0.694425758236733 15133 
479 509 109 0.2920792450470649 14547 
480 510 116 0.1942516574192028 15226 
481 511 110 0.24327491602437487 14636 
482 511 105 0.7222089672434717 13628 
483 512 107 0.30973116962731134 13802 
484 514 112 0.2968138354089232 14013 
485 514 101 0.29059777866895037 14902 
486 516 106 0.7299551028893198 14830 
487 521 107 0.3484226760188031 15169 
488 521 99 0.6029206284945096 14611 
489 521 107 0.71338754188605 13945 
490 523 114 0.8193076500940912 15296 
491 525 109 0.11216623663686834 14065 
492 525 113 0.5194724112523141 15239 
493 525 101 0.14959060090375723 14864 
494 526 114 0.49251196620264703 14294 
495 526 115 0.7377907311498403 14921 
496 527 114 0.5641635078287424 14653 
497 528 104 0.8069675995983469 13696 
498 528 107 0.6195673430658153 14443 
499 530 108 0.7417376029955339 13895 
500 531 100 0.12670526818661212 14585 
501 533 98 0.027762715674441663 14638 
502 535 102 0.7116390169642799 14548 
503 535 114 0.6744882825101636 14195 
504 537 110 0.8545424333086917 14275 
505 539 113 0.43778786571659734 15048 
506 539 113 0.40424053767386675 14830 
507 540 102 0.5335251649431133 14141 
508 543 113 0.011176934666229727 13765 
509 544 107 0.22586160269854236 13825 
510 544 99 0.49160625340042247 15259 
511 545 116 0.19351408245084123 13845 
512 546 97 0.01628189326271919 13598 
513 546 108 0.832122561397132 14133 
514 547 102 0.4120479562047732 14090 
515 547 115 0.17897075827957115 14258 
516 548 116 0.021511358347857418 14908 
517 548 115 0.8676361554011304 13669 
518 549 105 0.25403053050343066 14976 
519 549 106 0.8729023470891111 13574 
520 550 106 0.4739051733601637 13606 
521 553 115 0.4807621623330886 13892 
522 553 113 0.542655964860714 13820 
523 554 107 0.531740796562802 15012 
524 554 97 0.4951504155386054 13924 
525 555 116 0.6847060693916107 14484 
526 556 101 0.518133726746906 13501 
527 557 115 0.6015654450993064 13663 
528 558 108 0.7768625574090087 13549 
529 558 111 0.66222634465391 14849 
530 558 112 0.030443536896621978 14219 
531 558 100 0.3289948271546041 14936 
532 559 101 0.8427467494807506 13955 
533 559 101 0.86499459915708 14142 
534 560 101 0.48402816921608394 14596 
535 560 102 0.7235532478703647 14916 
536 561 103 0.47304940091844366 14191 
537 562 110 0.5320700611315284 14750 
538 562 110 0.8826001358961147 15023 
539 564 103 0.5028441654812209 15098 
540 564 113 0.2886704248243554 15214 
541 564 103 0.296080880312969 13442 
542 567 99 0.014482554127538768 13589 
543 568 116 0.5809302174367829 14728 
544 569 106 0.8288354817395008 14819 
545 571 113 0.42602328469284517 15178 
546 571 102 0.37824824886621516 13508 
547 572 104 0.07529170427822722 14852 
548 573 106 0.6564319869030867 14137 
549 573 102 0.44958814384461604 13693 
550 575 102 0.740177765734894 14178 
551 576 115 0.06321446241486993 14882 
552 576 101 0.11136226486334037 14457 
553 577 117 0.8662883934842808 13688 
554 577 97 0.28064333398026303 15050 
555 578 104 0.09808921429938196 14991 
556 579 110 0.4654338092852387 14722 
557 579 106 0.7351858376954882 13679 
558 580 115 0.22643644457821202 13903 
559 580 109 0.8962360583450197 14977 
560 581 107 0.6342594308553376 13897 
561 583 101 0.3617059644706832 15147 
562 585 109 0.5682188916839996 13377 
563 586 99 0.011203787066385255 15248 
564 589 113 0.17077020062440026 14867 
565 589 102 0.06725535651727371 14116 
566 589 102 0.7992323444585764 13361 
567 589 101 0.10120436262430209 15105 
568 590 117 0.07589807817277446 14650 
569 590 111 0.2098527825024418 14593 
570 591 105 0.8288492223847732 15290 
571 593 99 0.017644280850838526 14931 
572 595 109 0.5758754198462982 14254 
573 596 112 0.0901070195770308 13803 
574 596 102 0.11447218769216287 14443 
575 597 108 0.15189132113662718 14822 
576 597 98 0.13890875832971591 13543 
577 600 117 0.2721930151320276 13696 
578 600 105 0.013557317782169485 15175 
579 602 100 0.3066852732948295 14531 
580 602 99 0.48036094875982 14099 
581 602 101 0.17644188033582095 14453 
582 602 105 0.8664980810481381 14120 
583 603 111 0.7447305898991917 13855 
584 603 99 0.5015532888846216 13386 
585 606 104 0.4501720651143054 13747 
586 606 106 0.13046749318019113 13688 
587 607 101 0.11713566247137103 14775 
588 608 109 0.14692584331469033 14986 
589 609 104 0.7429974254099679 14273 
590 609 101 0.24711244327268567 13857 
591 609 105 0.452048463141845 15211 
592 610 107 0.7973600516660422 13540 
593 611 107 0.3855776588290652 13807 
594 611 97 0.4466449094280934 13581 
595 612 99 0.09650490086451317 13713 
596 615 116 0.2316326271602369 13895 
597 616 105 0.6026872883744353 14897 
598 616 108 0.5948711625171897 13972 
599 618 101 0.7669091153668773 15192 
600 620 103 0.44886062356160483 14917 
601 620 115 0.09701735893492958 13353 
602 621 110 0.4388612319823707 14888 
603 622 98 0.2075463882128898 13858 
604 624 99 0.7642298658314656 14554 
605 624 101 0.12407792897381174 14642 
606 629 116 0.8368914100306148 14061 
607 629 106 0.17809751846570232 14022 
608 631 111 0.40416957045169327 14578 
609 632 101 0.5402637781297313 14908 
610 632 112 0.29554836063238904 14952 
611 633 99 0.31327643937420163 13526 
612 633 116 0.4400760836107165 15111 
613 633 113 0.5804449734142698 13653 
614 636 102 0.7689616701238754 14904 
615 638 104 0.3219638102690456 13344 
616 638 104 0.3880061516148987 13832 
617 638 106 0.44562603324592526 13397 
618 640 100 0.26960854005611024 15240 
619 640 107 0.1147249405911771 14539 
620 641 104 0.3947542856025591 14239 
621 642 114 0.5201488029034105 14814 
622 642 102 0.8578978259024299 14114 
623 643 111 0.6507301603734263 15255 
624 643 103 0.30174250505224526 14201 
625 643 97 0.5008684557141626 14496 
626 643 109 0.23475095442498023 13444 
627 643 110 0.31861896217722635 14367 
628 644 100 0.20748457274003992 15082 
629 647 116 0.7775947259151968 14331 
630 647 111 0.7338124224735273 13623 
631 649 115 0.6279401498168284 13550 
632 650 105 0.8042150637846259 15166 
633 650 105 0.34696013104397877 14345 
634 650 109 0.016341389674709904 13500 
635 651 99 0.28776511065942706 13356 
636 651 100 0.8375299410725653 13733 
637 652 116 0.8112317712940155 14815 
638 654 99 0.12803394509971772 14554 
639 654 111 0.4698901208093671 13890 
640 655 102 0.45233562561531515 13825 
641 658 115 0.535617052302915 14443 
642 661 103 0.06119659549840528 13893 
643 661 103 0.10610731173063133 13908 
644 661 113 0.8975388645887058 14173 
645 661 98 0.1961767359652737 14687 
646 661 106 0.11306847899479078 13743 
647 662 104 0.6296816823767544 14995 
648 662 117 0.17562381374205416 14907 
649 663 99 0.6395203295932623 13841 
650 664 101 0.2430525659921591 14812 
651 664 103 0.03806630495442729 15121 
652 666 107 0.5926280487732895 14817 
653 666 108 0.14860801376090507 14718 
654 668 107 0.7229797693791357 15071 
655 668 108 0.7752029789823766 13864 
656 668 117 0.11704755905574361 15074 
657 669 98 0.5867007085476914 13802 
658 670 117 0.884633023980579 13357 
659 670 113 0.8477765365446025 14444 
660 670 101 0.7419984011001054 14352 
661 671 100 0.6212646044566834 14354 
662 672 98 0.3081289361365643 13369 
663 672 101 0.32002525711324986 14217 
664 673 104 0.6055494616013202 14935 
665 675 99 0.7944342945846601 14491 
666 678 117 0.36253173536041394 13913 
667 681 105 0.3632401152621698 13736 
668 681 97 0.4743761223446512 13689 
669 682 100 0.3953262476608682 13844 
670 684 106 0.06727130972893448 14401 
671 685 109 0.15555108117927816 14149 
672 689 105 0.4904287508951625 13999 
673 690 103 0.6087782573828118 14933 
674 690 106 0.8558793975496418 13720 
675 691 112 0.3558144276014115 14679 
676 691 113 0.06579925613249 13933 
677 693 114 0.3291662823343669 14271 
678 694 116 0.20369576709833404 15240 
679 694 102 0.713388085023961 14167 
680 694 103 0.43615220966296736 13648 
681 695 117 0.4141165297035552 13823 
682 695 111 0.30851041084343395 13786 
683 699 110 0.3191510165499456 13484 
684 702 117 0.6023016746442227 13676 
685 702 116 0.7366892009606959 14796 
686 702 99 0.16890445494968645 15244 
687 705 98 0.43787747052076276 14984 
688 706 98 0.1696195268007926 14440 
689 707 112 0.5324399876343903 14743 
690 710 111 0.19998084078952535 15191 
691 711 106 0.403836242338314 14038 
692 711 110 0.2359000148558904 13990 
693 712 107 0.1852897981303487 13506 
694 713 105 0.48870076017351954 15234 
695 714 106 0.31713170390062034 15292 
696 714 105 0.7712827216850234 15182 
697 715 112 0.7740805261218601 14290 
698 716 107 0.7060793997044028 14621 
699 716 114 0.59066141213057 14717 
700 717 117 0.23278780403833152 13877 
701 717 103 0.09320838444218953 15250 
702 718 112 0.2640962486348921 13476 
703 719 102 0.7867817031419143 13712 
704 719 107 0.6617238077618509 13773 
705 721 114 0.3043264985834507 13331 
706 722 97 0.38374103254583286 15314 
707 723 111 0.36373801863643884 13811 
708 723 102 0.7898066950413092 13975 
709 723 105 0.23326768382712304 14887 
710 725 115 0.1655675009942793 14741 
711 725 107 0.8649523228140086 13828 
712 726 109 0.19799405847565443 15131 
713 727 102 0.19700469107152155 14455 
714 729 101 0.04021032740978267 14020 
715 729 110 0.1740524168441244 13883 
716 730 108 0.8870084538262643 13923 
717 731 104 0.5181270152183016 13695 
718 732 109 0.1191437554782174 13747 
719 732 102 0.697496106218022 14093 
720 734 97 0.29903419361219447 13659 
721 735 108 0.36091235780778624 15296 
722 735 99 0.785982670049313 14032 
723 736 110 0.551146239999652 14235 
724 736 105 0.3774281037915727 15108 
725 738 103 0.8075504392524858 14162 
726 738 99 0.33458148130150106 14943 
727 738 98 0.48821279280843627 13548 
728 738 110 0.8152493436109934 13895 
729 739 107 0.040419379512029 14344 
730 740 104 0.8754873357381382 14363 
731 743 101 0.7755352021324833 14192 
732 746 116 0.8854897831199836 15003 
733 746 116 0.2838579106483489 14266 
734 746 115 0.14733922839255711 15087 
735 747 102 0.7873035566046589 13323 
736 750 100 0.8763948322247676 15216 
737 752 107 0.8752047540979857 14913 
738 753 109 0.7595631941704245 14408 
739 754 105 0.2785445430066088 13612 
740 754 97 0.6476844125138835 14480 
741 756 114 0.755415125455285 14713 
742 757 99 0.20045069587493886 13838 
743 758 98 0.1222036050588638 13371 
744 758 103 0.4737093361560244 14186 
745 760 106 0.5437123407576497 13881 
746 761 117 0.30981523256220167 13562 
747 764 100 0.1773838093863564 14159 
748 766 111 0.2946740597405989 13925 
749 766 101 0.5957266073695199 15267 
750 768 102 0.6320040404839706 15308 
751 768 100 0.24404842868318508 13874 
752 769 108 0.21178657383890034 15118 
753 769 107 0.09288992969619092 13826 
754 769 106 0.2447804036519878 14080 
755 769 112 0.26313201736276787 14565 
756 770 116 0.07454291735339746 14452 
757 770 109 0.38605601409126034 13611 
758 773 104 0.520529772634051 14421 
759 774 109 0.49056672741338575 13556 
760 775 108 0.7481124548880016 14505 
761 777 99 0.19138389645742268 15299 
762 778 97 0.4629200244040042 13485 
763 778 109 0.07682411446028507 13465 
764 780 112 0.5973870337225967 13657 
765 780 99 0.8634465239207044 14513 
766 782 100 0.43936599941518784 13751 
767 782 102 0.5054375436993441 15190 
768 784 114 0.2301078809951931 13350 
769 787 115 0.060169952425988285 13915 
770 787 102 0.020625051882685205 14834 
771 787 117 0.7052253771890479 15041 
772 787 112 0.6505882782302429 15055 
773 790 98 0.2725525203319217 13707 
774 792 110 0.17997050112330265 13505 
775 793 108 0.6527133765744554 15046 
776 794 115 0.6122797491794434 13515 
777 796 103 0.18647494126761094 14379 
778 796 112 0.895815325853922 13431 
779 796 113 0.12689701167275733 14734 
780 800 107 0.16599560497364652 13833 
781 800 108 0.6279474283912222 14933 
782 801 111 0.6074915742694856 14139 
783 801 112 0.07640720419031642 14325 
784 802 98 0.6084494803176062 13638 
785 802 109 0.882957142927572 13622 
786 804 101 0.38704252978466713 15116 
787 805 117 0.8638257832711537 14122 
788 805 97 0.5978301118792645 14126 
789 806 117 0.42882633006772475 15092 
790 807 104 0.27878179080938575 13747 
791 807 110 0.19477583414590646 14189 
792 807 100 0.5270213541247097 15052 
793 809 113 0.7052183760992715 14378 
794 810 103 0.551175076651363 13331 
795 811 113 0.2934929144514182 14697 
796 815 112 0.5000618331564322 13829 
797 815 98 0.19469742955995792 15043 
798 815 108 0.710074318692274 14196 
799 815 108 0.4750868312689337 14863 
800 817 102 0.18212009964051704 14726 
801 818 116 0.3479993344829367 15316 
802 819 115 0.05723831060258017 14539 
803 820 115 0.786335925007745 14574 
804 826 110 0.08439775076187445 13780 
805 830 106 0.6679518189224483 14226 
806 833 108 0.6692943148554457 14901 
807 833 103 0.3425820654294669 14132 
808 834 101 0.7272621395047802 13741 
809 834 112 0.7462225800168563 13445 
810 835 109 0.30619072755820154 15128 
811 836 111 0.8176735977624229 15171 
812 836 98 0.3489092194070717 14503 
813 836 103 0.46944088612432683 13560 
814 840 114 0.338221796355615 14957 
815 842 114 0.6594842621065695 14569 
816 842 113 0.31987885429287183 14809 
817 844 117 0.10536351708928196 14099 
818 846 117 0.8583257826542215 13828 
819 847 113 0.2547566480490055 13656 
820 848 104 0.7265523581996817 13458 
821 850 117 0.8371883691457427 13967 
822 850 102 0.6885631359874445 13501 
823 853 108 0.6613874973505454 13583 
824 857 112 0.27265118752039524 14597 
825 858 108 0.13266585823112184 14294 
826 859 97 0.3763182373663418 14818 
827 860 110 0.8907905973368964 15290 
828 861 113 0.31283894500891934 13805 
829 861 116 0.46823949783737495 13528 
830 863 99 0.6459329038279149 13524 
831 864 117 0.10138465425269541 14668 
832 867 107 0.738229773762711 13928 
833 869 106 0.7043606047426233 13993 
834 869 109 0.622160389657523 14041 
835 871 106 0.5723299192730944 14462 
836 871 112 0.6466614982468257 13995 
837 871 103 0.3293092233164434 14509 
838 874 110 0.20192129419407606 15129 
839 883 101 0.48566278743547275 13956 
840 884 98 0.658338395616902 13722 
841 884 100 0.6145952768553486 13380 
842 885 115 0.1584863454249465 14668 
843 885 100 0.1852010944135746 14297 
844 886 117 0.6219418889386749 14566 
845 886 114 0.11979812194549763 14748 
846 887 107 0.31856947741367025 14447 
847 892 114 0.41074968829531816 13975 
848 892 113 0.2832942379925205 13972 
849 893 101 0.575883213991489 13924 
850 893 113 0.232255228824918 14854 
851 893 101 0.051310548596133564 13592 
852 894 103 0.7171264867410186 15209 
853 895 100 0.2930859579788047 15278 
854 895 108 0.6955817535498705 13909 
855 895 97 0.7167021190478599 14007 
856 895 108 0.5870195934437513 14546 
857 896 97 0.5381921333042226 13896 
858 896 106 0.5993666575577254 13487 
859 897 100 0.6799174689689093 13534 
860 897 99 0.04230959608046345 14765 
861 897 115 0.2799101781847865 15021 
862 897 98 0.06268228532693985 14445 
863 898 115 0.8117172814284512 15187 
864 898 114 0.20984990096501602 14603 
865 898 117 0.592666720960611 15047 
866 898 102 0.8095503472617726 14768 
867 898 98 0.7047135645493179 14154 
868 898 108 0.3108869543988803 13913 
869 899 104 0.7779463557251751 13950 
870 900 99 0.5015584228778281 13517 
871 901 111 0.45600403101363096 14479 
872 901 100 0.2026502673432921 14729 
873 902 112 0.4935337247003112 14940 
874 903 116 0.7477256789146993 14081 
875 903 105 0.5855096952241782 13727 
876 904 109 0.23544573457439896 14230 
877 906 98 0.437501157423314 14440 
878 907 116 0.5039233374229337 13891 
879 907 117 0.8929278713002166 13904 
880 907 99 0.5073401833255173 14165 
881 908 117 0.05807636415147959 13437 
882 910 102 0.8399304724013543 13700 
883 911 103 0.3362523705180275 14863 
884 913 106 0.4295329803588611 14757 
885 915 111 0.46572851840708085 14951 
886 917 108 0.2728741842423322 14367 
887 918 103 0.12178164349362106 13987 
888 924 101 0.32601006138735666 14792 
889 926 104 0.8975768729071893 14860 
890 926 105 0.729208280316719 13588 
891 927 111 0.8124857675182358 14768 
892 929 116 0.6071068634491841 13319 
893 929 104 0.5402050970291487 13806 
894 930 113 0.5073483715485243 13543 
895 931 115 0.2741894744041987 13965 
896 933 107 0.3651243823851945 13804 
897 934 103 0.1239200444380096 14222 
898 934 103 0.06364396692287033 14518 
899 934 102 0.7637317190956557 13801 
900 934 100 0.45343817586207824 13495 
901 936 109 0.09173055419767372 14178 
902 936 110 0.12925934380020385 15217 
903 936 107 0.7693902647364783 14349 
904 938 98 0.21883909187707645 15060 
905 941 101 0.7162370243111414 15161 
906 942 101 0.2829933273184982 13637 
907 942 109 0.876449359048214 13746 
908 943 112 0.5073999267349433 14750 
909 944 112 0.414631607973129 14074 
910 945 98 0.7110432158485966 14592 
911 946 117 0.3116439323920711 14414 
912 946 108 0.6820049554056151 15080 
913 947 115 0.2729412840415806 14691 
914 947 117 0.6719411818552844 13847 
915 948 108 0.4146186355056977 13633 
916 948 99 0.5741082283714992 14272 
917 949 111 0.08484718440740888 14186 
918 950 115 0.7229792626758378 14094 
919 951 106 0.5506885953336453 14477 
920 952 111 0.38902209023756573 13553 
921 952 109 0.07986871420026866 15205 
922 953 113 0.4653759501725175 15259 
923 954 98 0.7691720710716986 14893 
924 955 116 0.585539558410332 14074 
925 957 112 0.37084706397024414 13572 
926 958 115 0.6709886938223797 14694 
927 960 97 0.05009657301708084 13761 
928 960 110 0.6629734441372552 14052 
929 961 100 0.8915855764970058 15063 
930 961 111 0.338564167584494 14542 
931 962 108 0.10232672805679494 14935 
932 962 107 0.5049294305635389 15097 
933 963 101 0.42131330026884906 13892 
934 966 97 0.6908039396183725 13885 
935 966 106 0.675197448045756 13366 
936 967 107 0.3138166966056125 14151 
937 967 106 0.07989190867506522 15080 
938 968 105 0.6370443325862157 14065 
939 969 113 0.28377189794720437 13774 
940 969 105 0.10028283734697607 15147 
941 972 102 0.06264734436295909 14032 
942 972 107 0.4262917441528022 14548 
943 974 97 0.1303861915663657 13537 
944 974 105 0.4145978858908767 14939 
945 975 106 0.4528584030332458 14289 
946 976 109 0.4906729780898261 14036 
947 977 100 0.5094704394311124 13476 
948 978 111 0.23436347126937027 13845 
949 978 97 0.3213691582828244 15276 
950 980 112 0.4759887232040514 13538 
951 980 106 0.030167455658495525 14197 
952 981 106 0.06190651917556945 14731 
953 981 101 0.2123642877878679 15215 
954 981 117 0.881498463068145 13715 
955 983 117 0.6558012754351146 14078 
956 983 111 0.6333732464531634 14919 
957 984 116 0.23563553716768745 14096 
958 984 113 0.010078820579678986 15176 
959 984 114 0.4996312527337924 14150 
960 986 110 0.13992312315884844 14778 
961 991 98 0.22808275322024854 15185 
962 991 115 0.14521122067466818 15048 
963 991 106 0.33611409519968566 14676 
964 991 114 0.0856600973392741 15130 
965 991 107 0.5455646093212775 13506 
966 992 116 0.3735315939971722 13423 
967 992 101 0.1314557143487264 14005 
968 992 99 0.314958848206761 14970 
969 993 109 0.235278112752015 14395 
970 993 104 0.6174145485355288 15120 
971 993 112 0.5211458377139243 14232 
972 994 106 0.3556729538988933 13410 
973 994 111 0.24676270550531618 15279 
974 999 105 0.8591144161005984 14532 
975 1000 105 0.8216572396795455 14281 
976 1000 117 0.7943973651073806 14823 
977 1001 106 0.3696752691402937 15278 
978 1002 105 0.8340049193765188 14042 
979 1002 103 0.8414438456951175 13650 
980 1003 110 0.3055095547073299 13681 
981 1003 108 0.3711680621907372 15224 
982 1004 107 0.6451887974282924 14801 
983 1004 117 0.3932121435464244 15045 
984 1005 103 0.3158731397577165 14321 
985 1005 103 0.717111992448627 13686 
986 1006 100 0.3289625327375993 14099 
987 1006 116 0.17125409819539036 14545 
988 1007 115 0.12762396834697023 13909 
989 1009 111 0.7779077318421905 14318 
990 1010 101 0.07833068405860413 15244 
991 1011 105 0.4880303006191028 15234 
992 1011 107 0.6432602679199262 14857 
993 1011 104 0.16270862405119826 14283 
994 1012 97 0.2100490138447618 14606 
995 1012 104 0.09863677309646948 14404 
996 1012 97 0.5027143630536794 14014 
997 1012 101 0.7847381425624204 15219 
998 1013 106 0.4918486608201917 14692 
999 1014 102 0.6221486356643725 15120 
1000 1016 103 0.4881191394625746 13665 
1001 1018 97 0.5849349406713824 15040 
1002 1020 109 0.5101054484018909 14414 
1003 1020 97 0.10587678755536373 15279 
1004 1020 107 0.6064395792861567 13643 
1005 1021 111 0.4802378371311736 14275 
1006 1021 103 0.22598585187535042 14128 
1007 1021 116 0.8772860656659188 13663 
1008 1027 104 0.7655567074627463 14890 
1009 1027 102 0.05803498404050047 13428 
1010 1027 114 0.6707285670721113 14827 
1011 1030 111 0.3119117019527179 14491 
1012 1031 108 0.11299506244039546 15053 
1013 1031 99 0.6178250184371386 14276 
1014 1032 100 0.4775700537394298 15170 
1015 1032 108 0.41211862960196066 13727 
1016 1034 104 0.054347290370264964 14385 
1017 1034 110 0.7386655783729471 14977 
1018 1035 111 0.21421007989777902 13416 
1019 1035 109 0.42368997043885775 14251 
1020 1040 103 0.5815489531183617 14347 
1021 1041 103 0.5944961783328172 14767 
1022 1041 109 0.5990425954333757 15012 
1023 1041 100 0.0403346796848371 14949 
1024 1042 99 0.029737969916827173 14787 
1025 1044 106 0.7115772991510955 13345 
1026 1044 99 0.5895567323141958 13358 
1027 1046 104 0.6650820442586275 14408 
1028 1046 110 0.645118527445621 14795 
1029 1047 110 0.42118795842885937 15200 
1030 1049 113 0.12037852498907593 14033 
1031 1051 102 0.45581017170981625 13643 
1032 1051 101 0.45009859252837753 13798 
1033 1051 109 0.4806686837775528 14139 
1034 1055 103 0.8083694174565204 14259 
1035 1056 99 0.2777115558465502 14882 
1036 1058 105 0.2896146656606375 14639 
1037 1058 103 0.7802031596209117 14236 
1038 1058 109 0.5008229251729146 14967 
1039 1060 104 0.25723362863560617 14628 
1040 1062 104 0.5861834879481564 15294 
1041 1066 115 0.09589562886232113 15045 
1042 1066 111 0.18621004226265672 13910 
1043 1066 106 0.5679110057341956 13818 
1044 1069 108 0.8135560540435385 15023 
1045 1069 100 0.7759064737978234 14404 
1046 1070 111 0.36751421778212784 14297 
1047 1071 106 0.6846845759461234 14238 
1048 1071 101 0.36489927258644017 13333 
1049 1078 98 0.5441806669649981 13487 
1050 1080 97 0.32622761481324264 14912 
1051 1081 104 0.8997861862374325 15306 
1052 1081 109 0.057226057898568425 13981 
1053 1083 115 0.14762250316944983 15244 
1054 1086 105 0.3443849358332985 13449 
1055 1088 117 0.2173188471402301 14418 
1056 1089 106 0.245454990558381 14875 
1057 1090 104 0.5679705253636695 14910 
1058 1091 112 0.3466071821381034 14862 
1059 1092 103 0.7264348712201245 14710 
1060 1093 109 0.5820105218780952 14166 
1061 1095 105 0.16969490649002525 13849 
1062 1096 100 0.03581945051974054 14445 
1063 1096 106 0.8191369987693358 13744 
1064 1096 106 0.06195260503423154 13616 
1065 1097 98 0.860965150623357 14035 
1066 1100 110 0.5451388008395813 14112 
1067 1100 102 0.11447203544759163 13816 
1068 1100 100 0.5463558497309369 14211 
1069 1101 102 0.8456397988787187 14330 
1070 1102 109 0.6536829828305252 14472 
1071 1103 103 0.49829840821315097 14972 
1072 1103 100 0.6866752757288533 14345 
1073 1105 108 0.4627296964592419 14006 
1074 1105 101 0.15277966316878663 15312 
1075 1105 97 0.6099394132087963 14991 
1076 1106 108 0.2512246243096751 13727 
1077 1107 110 0.6364527604026521 13530 
1078 1108 98 0.10888250357529071 13477 
1079 1108 99 0.4428905256876624 15069 
1080 1111 98 0.046719636566477714 14297 
1081 1113 102 0.6698207981876596 14486 
1082 1115 97 0.16641393044342942 13513 
1083 1116 105 0.8341482681884634 15070 
1084 1116 100 0.4766761619145112 14231 
1085 1117 114 0.1056469272525688 14144 
1086 1117 115 0.08083464583032246 15186 
1087 1118 103 0.7311114891657848 14652 
1088 1120 103 0.08307665074734445 15032 
1089 1120 101 0.2693055088815253 15073 
1090 1120 110 0.23710527565497946 14619 
1091 1121 105 0.12855298005686336 15272 
1092 1121 109 0.44089350277746214 14723 
1093 1121 98 0.37569750471094704 13397 
1094 1122 99 0.18910068537029914 15085 
1095 1125 98 0.8275848617641731 14550 
1096 1126 106 0.3961204852426183 14692 
1097 1126 105 0.2459567181664249 13710 
1098 1133 106 0.4211119472298894 14162 
1099 1133 101 0.8651249692502615 13447 
1100 1134 99 0.7604312772661446 14869 
1101 1134 107 0.1135979325813982 13871 
1102 1137 109 0.3227632504218448 13462 
1103 1137 99 0.6845633404535192 13584 
1104 1138 115 0.12617266194866752 14794 
1105 1138 102 0.21095979328125938 14613 
1106 1138 117 0.7741003922208752 14843 
1107 1138 104 0.7508101411998448 14364 
1108 1139 117 0.45580531325055834 14698 
1109 1141 113 0.5123564011464657 13824 
1110 1141 98 0.30815254227149413 13811 
1111 1141 102 0.09973730945288087 13940 
1112 1142 110 0.8182503992385137 14174 
1113 1143 113 0.38250208528820806 14431 
1114 1143 108 0.5773587759413016 14129 
1115 1144 106 0.43989970968806297 13851 
1116 1145 117 0.4904692705957989 15043 
1117 1148 113 0.12775879855452535 13845 
1118 1150 105 0.4611020061640784 13475 
1119 1150 116 0.3984051219953549 14573 
1120 1151 105 0.5097255555537598 14942 
1121 1151 113 0.5715405344347066 14682 
1122 1155 111 0.4414123734383864 14660 
1123 1156 113 0.8494826273562879 13663 
1124 1158 99 0.43674052035789585 13337 
1125 1158 109 0.08999943784367043 13331 
1126 1159 105 0.5855165723512045 13373 
1127 1160 116 0.7878397413078526 15264 
1128 1161 100 0.19017130622864187 13394 
1129 1162 113 0.8931857175357142 15031 
1130 1163 104 0.41439321292481585 14742 
1131 1165 109 0.1385618816520795 13985 
1132 1165 115 0.8652721268626695 13474 
1133 1168 101 0.6920475579105649 13795 
1134 1169 97 0.6389274083862925 13939 
1135 1169 107 0.46346635923304963 14881 
1136 1170 117 0.5841936827375801 13426 
1137 1172 114 0.2792803802624876 15289 
1138 1173 104 0.5912448343000619 14380 
1139 1176 100 0.5372343185075462 14729 
1140 1176 115 0.45359048933887 14136 
1141 1177 113 0.7299108779955986 14989 
1142 1180 104 0.604831967029926 14075 
1143 1181 100 0.2541322841044298 15280 
1144 1181 116 0.8270851195784308 14480 
1145 1182 109 0.6838280640454137 13711 
1146 1182 116 0.18290513205754808 14843 
1147 1184 107 0.38960713537094244 13643 
1148 1185 100 0.809426180141237 14204 
1149 1188 98 0.7805316194717248 13551 
1150 1189 111 0.858181291785584 15058 
1151 1190 116 0.48878630806625467 14293 
1152 1193 102 0.8432281838772321 15138 
1153 1194 103 0.609890569544437 14222 
1154 1194 102 0.37544962166529555 14798 
1155 1195 114 0.16671077399511366 13828 
1156 1197 101 0.5469799330562033 14731 
1157 1198 109 0.6908234532502214 14332 
1158 1198 117 0.2462209673678345 13976 
1159 1199 117 0.3020962261164915 14127 
1160 1199 104 0.1746744082967862 14073 
1161 1200 109 0.1177957356853287 13359 
1162 1201 117 0.6319532414776964 13326 
1163 1201 106 0.1978658968364072 15007 
1164 1201 107 0.5824711008533847 13791 
1165 1202 98 0.13438353497986624 15284 
1166 1203 116 0.2126482995916779 14455 
1167 1204 108 0.0926221088864947 13626 
1168 1204 108 0.015480309395363882 15140 
1169 1205 99 0.055067354642416154 13592 
1170 1206 98 0.8520583503318695 14272 
1171 1206 112 0.7496471815507606 14686 
1172 1207 101 0.18714848539700923 15221 
1173 1208 112 0.4228422711123488 14878 
1174 1208 108 0.3050067197041972 13947 
1175 1209 115 0.7098707524329165 14042 
1176 1214 116 0.23989409490923366 13654 
1177 1214 106 0.2042025939075678 14964 
1178 1214 99 0.47399196473827077 13615 
1179 1214 114 0.06915651867565324 14779 
1180 1216 114 0.3971440992870535 13629 
1181 1218 109 0.7571474377960021 15029 
1182 1218 110 0.6615400781645314 14821 
1183 1219 100 0.05054686285448638 13697 
1184 1220 100 0.3176014381937854 13776 
1185 1221 111 0.5641972122188875 13996 
1186 1221 114 0.10683793452935575 14946 
1187 1222 108 0.4303342443807758 15223 
1188 1224 111 0.76194920709558 13909 
1189 1227 103 0.20926566894377444 14524 
1190 1229 105 0.44680837675826035 14075 
1191 1230 117 0.027246748689015603 14326 
1192 1230 105 0.7672898306933419 13609 
1193 1231 100 0.4388487941346688 14185 
1194 1231 107 0.6314671137298553 14457 
1195 1232 109 0.08823416328075241 14410 
1196 1232 103 0.015851648190382792 14857 
1197 1233 111 0.868914666222289 14189 
1198 1234 102 0.05140109876213022 13402 
1199 1236 109 0.7076829741442047 15301 
1200 1236 110 0.882798437092791 15156 
1201 1237 106 0.41425414937071725 15074 
1202 1238 99 0.6964987720952097 15075 
1203 1238 115 0.5272467857082608 14976 
1204 1239 99 0.7723202601440962 14554 
1205 1239 115 0.47541269151587223 13893 
1206 1239 105 0.6479913029604504 14749 
1207 1242 115 0.06851660177039282 15315 
1208 1243 100 0.8706589851954316 14070 
1209 1243 101 0.6491945169109931 14796 
1210 1243 106 0.6350048880704992 14406 
1211 1244 101 0.5554352047985687 14729 
1212 1246 97 0.8826378816300521 13579 
1213 1246 102 0.029630616359576888 13849 
1214 1247 97 0.039374523569683614 15197 
1215 1248 97 0.6410797255452484 14697 
1216 1250 114 0.23378610380474135 14576 
1217 1253 98 0.7084198965973632 13880 
1218 1256 115 0.5286838211503445 14478 
1219 1256 97 0.3053793644793108 14457 
1220 1256 108 0.0959875996444366 15120 
1221 1257 117 0.15844641879467194 15302 
1222 1259 117 0.04200944524617473 13461 
1223 1264 112 0.8121358151757168 14290 
1224 1266 100 0.4020638662827076 14192 
1225 1266 113 0.028973041797321665 13587 
1226 1266 114 0.1253647167285251 13419 
1227 1267 100 0.8123029535068008 13699 
1228 1268 110 0.3924237380962393 15282 
1229 1269 98 0.08943152908422916 14026 
1230 1270 113 0.03965977752003721 14863 
1231 1271 104 0.4684055411680496 14687 
1232 1271 98 0.10848429974662323 13795 
1233 1272 103 0.7177946948894827 14454 
1234 1272 106 0.04998019449971126 14273 
1235 1272 112 0.37385502622241107 13978 
1236 1273 105 0.8915267231883743 13896 
1237 1275 100 0.35084595905079 14825 
1238 1276 116 0.10914460867652286 15216 
1239 1281 113 0.3177345299244577 14347 
1240 1281 97 0.8143334077322497 14371 
1241 1283 99 0.4086873395973213 14200 
1242 1285 113 0.8488796798203889 13808 
1243 1286 107 0.5355656094108135 14607 
1244 1286 104 0.33243339232864205 13762 
1245 1288 115 0.27016713342060167 13366 
1246 1288 107 0.3924972742030629 14884 
1247 1289 116 0.47651536251080334 13651 
1248 1289 116 0.3160613437943935 14570 
1249 1292 112 0.5531495720808051 13411 
1250 1293 106 0.7192421217981931 13640 
1251 1293 114 0.8359007590451519 13805 
1252 1295 100 0.3795828782887997 13743 
1253 1295 112 0.657866519170907 13917 
1254 1295 117 0.5269376090295494 13637 
1255 1296 98 0.6774523491424297 14620 
1256 1299 114 0.43533604427398287 14384 
1257 1299 110 0.5018317465907464 14810 
1258 1304 111 0.13290949819111877 14950 
1259 1305 110 0.6934766085561012 15081 
1260 1306 100 0.06665194590716424 14322 
1261 1306 115 0.7984599327455997 14786 
1262 1307 116 0.5172025558676513 14462 
1263 1310 106 0.14227308890474843 14527 
1264 1312 114 0.505299657141833 13899 
1265 1314 102 0.8600399353373823 13377 
1266 1316 106 0.7470797654178988 13846 
1267 1316 114 0.26101328991051304 13707 
1268 1316 107 0.20711813596867876 13875 
1269 1317 111 0.01680262531885467 13576 
1270 1317 116 0.8878403573572013 13798 
1271 1318 98 0.48230825997648946 14345 
1272 1319 99 0.8031676416762801 14402 
1273 1320 101 0.26892415510436113 14484 
1274 1320 116 0.7791878706126337 14434 
1275 1321 104 0.297398124360279 14609 
1276 1321 115 0.16697215701626447 13758 
1277 1322 104 0.6445323685457012 14213 
1278 1322 116 0.7477218263422516 14381 
1279 1323 97 0.7360833643837323 14198 
1280 1324 104 0.460597745652546 15064 
1281 1325 116 0.11970373708309179 14467 
1282 1326 114 0.8048737319580814 13958 
1283 1326 110 0.7349118700653867 14159 
1284 1327 106 0.27399215027360413 13652 
1285 1328 114 0.3415089312574594 13718 
1286 1329 101 0.4599374949273061 14282 
1287 1331 109 0.48284288098695755 15153 
1288 1333 101 0.5377578834606105 13612 
1289 1336 109 0.6648951370901179 14698 
1290 1336 102 0.7415964512453456 15297 
1291 1336 105 0.2906072521587966 14081 
1292 1337 110 0.7649976013480286 13963 
1293 1337 111 0.8496244015469501 14895 
1294 1337 107 0.1597489732218809 14506 
1295 1337 100 0.7777708718741299 14624 
1296 1337 106 0.2215665048623654 14496 
1297 1339 111 0.8292115191139474 13958 
1298 1343 114 0.6080173640832309 13492 
1299 1344 117 0.17761439210415886 15056 
1300 1344 111 0.21272963385078675 14652 
1301 1346 109 0.23571992401901692 15276 
1302 1347 107 0.8453345197658715 14937 
1303 1347 105 0.028745688697892388 15212 
1304 1348 112 0.10652225067845392 14285 
1305 1348 100 0.6741498936877626 13454 
1306 1349 97 0.5467930386675954 14229 
1307 1349 109 0.5389031361984931 14752 
1308 1350 116 0.3926686842543541 14051 
1309 1351 102 0.8617631651773818 14508 
1310 1351 98 0.5716921501667953 13729 
1311 1351 116 0.5806175704361157 13729 
1312 1353 107 0.6565275980292973 14714 
1313 1353 115 0.5370214779473473 14376 
1314 1356 104 0.07809952971137663 14528 
1315 1356 111 0.25637119781639367 13358 
1316 1357 101 0.07392608851711896 14892 
1317 1358 109 0.1799869456210451 13747 
1318 1358 110 0.14930662281872464 15180 
1319 1361 102 0.8011791512560016 13831 
1320 1363 97 0.5492286286597182 14024 
1321 1363 101 0.7023700815086757 13961 
1322 1365 107 0.10449950097413835 14448 
1323 1366 108 0.13994194072192845 14800 
1324 1367 97 0.5644120252555739 14477 
1325 1369 97 0.3488179117530797 14698 
1326 1370 115 0.24189078742741596 14423 
1327 1371 108 0.7411754869849814 15051 
1328 1374 117 0.822992315239589 14648 
1329 1374 117 0.32160850446779005 15229 
1330 1375 113 0.6440901832675338 14508 
1331 1376 112 0.7296395706384131 14523 
1332 1377 98 0.2266071540725217 13550 
1333 1378 116 0.5780916664857102 13331 
1334 1379 101 0.386971447108772 14538 
1335 1380 112 0.2091081998529193 13985 
1336 1381 103 0.2186908563243678 15247 
1337 1381 105 0.5907126439441058 13751 
1338 1381 117 0.03833156634922743 15129 
1339 1381 111 0.7963191763364278 14936 
1340 1381 109 0.40745659270691414 14114 
1341 1382 110 0.16317731606203992 13437 
1342 1382 105 0.8924557271428367 13848 
1343 1382 101 0.09731170778662879 13721 
1344 1385 115 0.06318568295990426 13601 
1345 1385 117 0.8127132750265001 13649 
1346 1387 105 0.6567955175901266 14382 
1347 1387 106 0.046268908868509095 13619 
1348 1388 116 0.859901041593225 14595 
1349 1388 97 0.44994347481186525 14702 
1350 1389 116 0.6093611085921051 15305 
1351 1391 114 0.8131181031765019 13957 
1352 1391 114 0.03539661860294112 14742 
1353 1394 112 0.8993513442801878 15298 
1354 1396 108 0.4339651305111074 14269 
1355 1396 114 0.15070138878276104 13373 
1356 1397 114 0.3734404210547778 15095 
1357 1398 97 0.6471470459837654 14912 
1358 1398 106 0.09919093063445714 15038 
1359 1398 112 0.79408703324824 15279 
1360 1401 98 0.3383148299863546 15048 
1361 1403 113 0.11221649907032066 14146 
1362 1404 113 0.8855790547975277 14914 
1363 1405 106 0.22081679108622015 14011 
1364 1405 100 0.816792990413878 14989 
1365 1406 113 0.7582501362276138 14346 
1366 1406 112 0.0735114854446868 15144 
1367 1407 98 0.5878401740760403 14623 
1368 1408 110 0.061604237738671054 15178 
1369 1409 103 0.029337933287000413 13789 
1370 1410 110 0.20982566132697233 15054 
1371 1410 103 0.12841597395311724 13324 
1372 1410 108 0.6103109316425075 15298 
1373 1412 97 0.7780820735548343 13710 
1374 1413 110 0.039821007476023226 15183 
1375 1413 108 0.85246111188875 14020 
1376 1414 102 0.39222321603757954 14565 
1377 1415 103 0.8402099145741967 13466 
1378 1416 112 0.03340523331335771 14678 
1379 1420 107 0.7763572065932716 14156 
1380 1421 104 0.8414939116764609 13678 
1381 1422 100 0.3889499201248098 14739 
1382 1423 104 0.1662411482037868 14901 
1383 1424 111 0.26552316634230444 14240 
1384 1424 99 0.4952592402652606 13512 
1385 1426 106 0.33239683555089106 14919 
1386 1426 113 0.08091439077541596 14433 
1387 1428 102 0.5643706928829352 13775 
1388 1430 111 0.23704635427224816 13478 
1389 1431 110 0.16948238754064016 13452 
1390 1431 104 0.19640037027954163 13425 
1391 1432 116 0.7815046724132688 14404 
1392 1432 114 0.13020756632133323 14498 
1393 1439 107 0.3070637508735446 14566 
1394 1440 116 0.313067910405585 13867 
1395 1441 111 0.5561779623627784 13614 
1396 1443 99 0.7321325978248161 13912 
1397 1444 110 0.40232116799664913 14998 
1398 1449 113 0.08162226717374099 14811 
1399 1450 108 0.37565465451035296 15000 
1400 1451 113 0.4499436284985129 13681 
1401 1452 105 0.876563377100252 15019 
1402 1452 100 0.8242020159746797 13671 
1403 1454 99 0.6024607432828916 13909 
1404 1454 105 0.30231711023670127 14326 
1405 1455 108 0.7833598548248667 13600 
1406 1456 110 0.6987308674382241 14427 
1407 1456 106 0.5674307783532768 14499 
1408 1456 105 0.8272530611858675 14276 
1409 1457 105 0.1474751751938564 15202 
1410 1457 108 0.03335162349383653 14373 
1411 1458 108 0.036147391647001925 13432 
1412 1458 114 0.205254137274882 15108 
1413 1459 100 0.2751270763140283 14215 
1414 1460 107 0.8964277237508503 14274 
1415 1461 113 0.12277343383521593 13654 
1416 1462 112 0.3497533401678206 14787 
1417 1463 107 0.5193178357006806 14067 
1418 1464 104 0.43052502525210895 14124 
1419 1466 108 0.13991240572405617 15248 
1420 1467 106 0.24836223036917995 15107 
1421 1468 106 0.1369255514489664 15158 
1422 1471 99 0.3037166823815953 14489 
1423 1471 101 0.3978870846216646 13368 
1424 1471 111 0.8114127657712731 13689 
1425 1471 102 0.46799457209981454 13428 
1426 1472 107 0.038985587010035044 15130 
1427 1472 117 0.46783270609970246 13861 
1428 1473 98 0.5434624437258521 14242 
1429 1474 101 0.5999406245371904 14703 
1430 1475 107 0.7276161979754697 14808 
1431 1475 112 0.37613286306904803 15109 
1432 1475 117 0.5087032836098859 15034 
1433 1476 116 0.4761522204250209 15041 
1434 1476 107 0.8495724336347612 13633 
1435 1478 107 0.4649970124178938 13644 
1436 1481 108 0.5626146378627717 13380 
1437 1482 99 0.8276736552649219 14847 
1438 1483 99 0.141312081310534 14474 
1439 1483 112 0.6336090342631879 13381 
1440 1484 111 0.19383324234421923 15049 
1441 1486 102 0.37035592636813736 15205 
1442 1486 100 0.8314172072836705 14579 
1443 1488 104 0.3179189646680266 14873 
1444 1490 107 0.23921619235907204 14793 
1445 1491 114 0.33520708151726136 14646 
1446 1491 98 0.1630832967530459 13964 
1447 1492 103 0.08957863727685765 14143 
1448 1493 100 0.416599042023858 13822 
1449 1494 102 0.10334230712789584 14945 
1450 1496 97 0.47854892854087117 13349 
1451 1496 110 0.6500804685256206 13447 
1452 1496 98 0.801555971657669 14587 
1453 1497 105 0.8188279866637821 14299 
1454 1500 113 0.28384162645013783 13945 
1455 1500 112 0.030277438956470323 13424 
1456 1500 112 0.1232676069981482 15013 
1457 1500 113 0.06521408642901118 13572 
1458 1500 102 0.5613410306215124 13378 
1459 1501 103 0.6569509766630856 14080 
1460 1501 108 0.7329248135519771 14821 
1461 1501 100 0.671924205080053 13891 
1462 1502 105 0.2693239703301602 14894 
1463 1503 111 0.0477101015101257 14917 
1464 1504 102 0.2707844838477453 13659 
1465 1506 111 0.31892252521187675 14269 
1466 1507 111 0.8073335159125684 13973 
1467 1507 99 0.14692524729398365 13847 
1468 1508 111 0.7824779253154248 15251 
1469 1508 105 0.25664439700326336 13879 
1470 1508 116 0.8312325221370714 13684 
1471 1510 105 0.2584505585451733 13934 
1472 1510 117 0.03806867771374242 13649 
1473 1512 97 0.7312392547034481 13336 
1474 1512 110 0.26570296236828483 15072 
1475 1514 108 0.7548300145972133 13361 
1476 1515 110 0.034418012222145286 14704 
1477 1515 112 0.6660478001368568 14102 
1478 1517 98 0.6576645925724334 15042 
1479 1517 103 0.6516745270323211 13372 
1480 1517 110 0.5708098145901265 13411 
1481 1518 112 0.34462438312232774 14652 
1482 1518 99 0.8472174451696933 13771 
1483 1519 115 0.36746558607546886 13384 
1484 1520 113 0.8136344321809744 13896 
1485 1520 108 0.4997909171349414 15207 
1486 1521 116 0.6230137513385289 13471 
1487 1521 101 0.561769599328116 14238 
1488 1527 104 0.019486743409074234 15103 
1489 1527 100 0.7272715117033561 14173 
1490 1528 98 0.17814513954450237 14479 
1491 1529 98 0.22689927822908643 13672 
1492 1530 106 0.7740487617529299 13798 
1493 1530 113 0.3115726690750769 14953 
1494 1531 111 0.3012521822967048 13886 
1495 1531 109 0.7543391284773341 15097 
1496 1532 99 0.532408880515308 14299 
1497 1533 108 0.8519196041078917 14689 
1498 1533 104 0.18955686171857722 15098 
1499 1537 97 0.4894291201759718 13612 
1500 1539 112 0.8079221110820531 13979 
1501 1540 114 0.8276199833880866 14362 
1502 1541 108 0.8290214856146499 14291 
1503 1541 107 0.8557920629554497 14379 
1504 1541 113 0.15043700045619518 15185 
1505 1542 117 0.8298112552564602 15120 
1506 1542 117 0.04620271905572422 14452 
1507 1543 108 0.8076491020400923 15052 
1508 1545 117 0.40552770569418567 14339 
1509 1547 105 0.7020500126934565 13572 
1510 1547 104 0.10327183262760833 15170 
1511 1547 100 0.6243679905119895 14555 
1512 1548 112 0.23617017441723406 15155 
1513 1549 113 0.4706926442596846 14123 
1514 1550 101 0.4473469880700875 13389 
1515 1551 104 0.35145083262617455 14962 
1516 1552 109 0.6072076462025209 15152 
1517 1552 117 0.6966656802031672 15119 
1518 1552 105 0.13978377722444946 14711 
1519 1553 111 0.1221644470070777 14330 
1520 1555 101 0.3205160696176626 13669 
1521 1556 107 0.16686727841457427 13917 
1522 1556 117 0.67161626784782 14967 
1523 1557 106 0.8895835916308673 13658 
1524 1560 101 0.155873395553643 13354 
1525 1560 110 0.7625116580737494 14989 
1526 1562 112 0.395645968306313 14185 
1527 1564 111 0.7727307474615256 14777 
1528 1564 113 0.16945836381142146 13357 
1529 1565 111 0.1230391264287868 14457 
1530 1565 102 0.05786748900642841 14063 
1531 1567 103 0.0694212059950166 14932 
1532 1567 110 0.762656235074022 14095 
1533 1567 98 0.06809022201129558 15153 
1534 1567 116 0.17787458979523554 14275 
1535 1567 112 0.05829298869345342 14057 
1536 1567 103 0.803021380139429 13899 
1537 1568 105 0.5052692745057262 14629 
1538 1568 100 0.8370123354103046 13691 
1539 1569 114 0.7552166685908435 14177 
1540 1570 110 0.0514846319592091 14286 
1541 1571 107 0.8648013343087396 14448 
1542 1571 97 0.8318250192202287 15071 
1543 1573 107 0.2961552758478088 13791 
1544 1573 98 0.694284352524214 15173 
1545 1574 112 0.6636226305769504 14520 
1546 1575 97 0.027970052354326723 15214 
1547 1576 102 0.44258910292822407 15000 
1548 1577 115 0.7622806243020217 13919 
1549 1577 115 0.3599397602027064 14880 
1550 1578 108 0.6256469960128225 13735 
1551 1580 116 0.7229664936193654 14919 
1552 1580 108 0.35302847820462646 14100 
1553 1580 102 0.652838331937684 14629 
1554 1580 109 0.5427316864408439 15224 
1555 1583 108 0.46549832811790876 15294 
1556 1583 104 0.6207376135098398 15045 
1557 1583 98 0.8900270187790607 14356 
1558 1583 98 0.18282881824283995 14487 
1559 1584 109 0.5221124164659185 13501 
1560 1585 102 0.878198555669641 13480 
1561 1586 116 0.33542054095838125 13381 
1562 1587 109 0.147748254072395 14807 
1563 1587 106 0.6181692913556421 13485 
1564 1588 99 0.07002506166093335 14093 
1565 1590 115 0.5043536094027707 14678 
1566 1591 101 0.6140769436384059 15081 
1567 1592 98 0.7799570631894777 13965 
1568 1592 109 0.15500665949200632 14389 
1569 1593 101 0.5526465297599396 14864 
1570 1593 114 0.07262853074912579 15176 
1571 1594 112 0.14038133738558375 14808 
1572 1595 98 0.7305076860435931 14920 
1573 1595 106 0.4925292491571789 13861 
1574 1595 115 0.36547181780672156 13667 
1575 1596 111 0.8141196225675152 14361 
1576 1597 106 0.08839973278703914 14026 
1577 1597 100 0.7730244197824114 14571 
1578 1598 105 0.16865756985491134 13495 
1579 1598 107 0.28210272588219304 13737 
1580 1600 103 0.4348266113005554 14515 
1581 1603 99 0.2162695566259236 14209 
1582 1603 98 0.5250192546456127 15105 
1583 1604 105 0.7514001048886269 15225 
1584 1604 111 0.3341798265016824 13449 
1585 1605 99 0.049550059249734504 14868 
1586 1605 112 0.7383921700348816 14529 
1587 1605 102 0.4962263821732858 14766 
1588 1607 110 0.1764381524650582 14381 
1589 1607 104 0.8282128989615534 14224 
1590 1610 112 0.7846455384611689 14345 
1591 1611 100 0.6179703732146333 13412 
1592 1613 97 0.8037861800325641 14699 
1593 1614 102 0.7477591348693412 15242 
1594 1618 108 0.8163769758508476 15076 
1595 1619 113 0.7001814146182436 14576 
1596 1620 116 0.3703594974589353 13487 
1597 1621 110 0.1899269835353038 14118 
1598 1621 106 0.2800637975142805 14830 
1599 1621 106 0.12486011804635055 14845 
1600 1623 113 0.1428222658197409 13559 
1601 1624 114 0.279472927433546 14884 
1602 1624 104 0.38853601337870985 13745 
1603 1625 98 0.24945665530032823 13667 
1604 1627 102 0.19302655298759758 14674 
1605 1627 113 0.12921004962183413 13371 
1606 1628 100 0.05594921877043878 14209 
1607 1629 97 0.5133748989900286 14596 
1608 1630 106 0.12553938600633668 14727 
1609 1631 105 0.1124079616039423 13749 
1610 1634 117 0.46032637161507817 14174 
1611 1634 104 0.44697055402844055 14559 
1612 1635 100 0.6802661111147531 14758 
1613 1637 113 0.7173248989015379 13962 
1614 1639 117 0.8267086234944677 14252 
1615 1639 99 0.10736048380658304 14553 
1616 1639 116 0.6547761924064379 14861 
1617 1641 102 0.3538201647696373 15047 
1618 1642 117 0.17974344028310513 14981 
1619 1642 98 0.15053625502365656 13819 
1620 1643 116 0.7324114495308656 13534 
1621 1645 100 0.8635779421768195 14514 
1622 1645 107 0.27458943917058604 14705 
1623 1646 101 0.08595785865432619 13484 
1624 1646 97 0.35307666428602935 13781 
1625 1647 114 0.06339946685176762 14829 
1626 1647 106 0.49626455846501355 13478 
1627 1649 99 0.8401072041991605 15315 
1628 1649 107 0.5572823408052848 14633 
1629 1650 116 0.4818179970697568 15289 
1630 1654 110 0.11488585320144105 15174 
1631 1655 102 0.7271386587029136 15183 
1632 1655 110 0.44814386804681733 15077 
1633 1656 108 0.5047207740662191 15062 
1634 1656 116 0.5707650550993942 14239 
1635 1656 102 0.010872346572262786 13760 
1636 1658 108 0.04170069092714831 15165 
1637 1661 117 0.3187592923610476 13754 
1638 1664 113 0.5173736526363769 14446 
1639 1665 109 0.25812139253766225 13492 
1640 1666 117 0.6038751868695215 13461 
1641 1666 107 0.571538529419136 14775 
1642 1668 103 0.8935016288760886 14972 
1643 1668 104 0.8040322684928135 15262 
1644 1670 114 0.4621595265264594 13347 
1645 1671 116 0.6881063002416463 13754 
1646 1672 107 0.3882782079236101 14488 
1647 1672 110 0.21574114637899885 13828 
1648 1675 98 0.6904210096088897 14843 
1649 1676 98 0.5709350321793274 14554 
1650 1677 109 0.5352098735616239 14336 
1651 1679 99 0.16994610659382273 13408 
1652 1680 114 0.8559320689389236 13512 
1653 1681 98 0.5057110055348446 14602 
1654 1682 111 0.31098357757060974 15202 
1655 1683 109 0.8335697065631976 13571 
1656 1685 105 0.4774810148386438 13351 
1657 1685 114 0.8652940173481463 13621 
1658 1686 112 0.3283317900068729 13473 
1659 1686 104 0.2217539959695583 14585 
1660 1688 102 0.015842502552837104 13964 
1661 1689 112 0.7439822292734535 14128 
1662 1689 114 0.6932606891861431 13567 
1663 1689 113 0.12844625164138798 13868 
1664 1690 98 0.7393601890128034 15002 
1665 1691 112 0.6874130386839994 14384 
1666 1692 113 0.7725731463033165 13579 
1667 1692 100 0.2313371242812976 13647 
1668 1694 117 0.41835677710184827 14831 
1669 1694 100 0.07997280270151329 15194 
1670 1694 112 0.7925042641854302 14436 
1671 1695 103 0.8220652357478698 13931 
1672 1695 97 0.46836582176101493 14057 
1673 1695 100 0.1383885106586873 14132 
1674 1695 115 0.8197514433213237 14474 
1675 1696 112 0.7753454441984208 15234 
1676 1697 100 0.5827685802164676 13916 
1677 1700 104 0.40234601680737486 14027 
1678 1700 115 0.062313947263533134 14610 
1679 1701 110 0.3125345962156763 13434 
1680 1701 106 0.4013162055225628 13817 
1681 1702 99 0.20725603625024405 15134 
1682 1704 116 0.4909651269640267 13777 
1683 1704 104 0.3705763069041258 13975 
1684 1710 99 0.833922083073464 13397 
1685 1711 104 0.019190134590694775 13660 
1686 1711 114 0.403563725620094 13403 
1687 1715 102 0.7082758955422461 13953 
1688 1716 97 0.09102420495484798 13983 
1689 1717 111 0.17287217592777604 14244 
1690 1717 104 0.8878698588085434 13775 
1691 1719 117 0.04968522235088128 14336 
1692 1720 108 0.41689820336191546 14195 
1693 1721 98 0.2883647102423941 14286 
1694 1723 112 0.47555743808456696 13978 
1695 1725 114 0.41235068505890793 14047 
1696 1726 117 0.7029073248313293 14079 
1697 1726 114 0.8124368060204259 15111 
1698 1726 97 0.2965770747023925 13388 
1699 1727 98 0.5725650405457882 14280 
1700 1728 114 0.07604122087596203 15119 
1701 1729 104 0.6400153241009426 13707 
1702 1729 117 0.5031655418432787 13651 
1703 1733 113 0.599882093461326 14460 
1704 1735 103 0.12003224518868302 15053 
1705 1735 101 0.09760327926715014 13947 
1706 1735 100 0.442953527373249 13795 
1707 1735 117 0.7923356552403316 13744 
1708 1739 98 0.024035737047814483 15254 
1709 1740 115 0.33006341609532913 13938 
1710 1740 107 0.20172895606160554 13782 
1711 1744 109 0.5519376076733788 14928 
1712 1744 114 0.6984926990448055 14548 
1713 1747 103 0.5488946413042761 15083 
1714 1747 117 0.29926455134945584 14141 
1715 1748 99 0.12191763821171753 14861 
1716 1749 106 0.37736483859944325 14829 
1717 1750 108 0.28932518567776816 15140 
1718 1752 101 0.6999900186677398 15216 
1719 1753 117 0.2849108844045504 13355 
1720 1753 117 0.11085924526853938 14283 
1721 1753 112 0.32309757567194036 14887 
1722 1753 112 0.7398766035060786 13957 
1723 1754 112 0.3264407692390057 15069 
1724 1754 110 0.5266001754935051 14101 
1725 1756 97 0.5145955193952322 14576 
1726 1756 101 0.26810593230337937 14145 
1727 1758 114 0.43760032176126085 13915 
1728 1758 111 0.5501105316255916 14639 
1729 1758 117 0.6437264342687594 14334 
1730 1759 106 0.7545568933521464 15115 
1731 1759 110 0.3012860886690057 14866 
1732 1762 104 0.6813415227046188 14912 
1733 1763 101 0.11541361565021536 13876 
1734 1763 97 0.3530956983487336 14983 
1735 1764 101 0.4298595883210433 15030 
1736 1764 107 0.6666921906503006 13645 
1737 1765 106 0.1245093912345951 14306 
1738 1767 109 0.8054350702291775 14750 
1739 1767 105 0.7926471106764834 15294 
1740 1768 98 0.8240386271361576 14346 
1741 1769 108 0.4273212144168777 15066 
1742 1769 114 0.13953621752809597 15216 
1743 1772 104 0.10555700817865787 14870 
1744 1773 111 0.875413750483851 14705 
1745 1773 117 0.3813659444228619 15297 
1746 1774 105 0.2098820876513224 14416 
1747 1774 117 0.7050970741085081 14035 
1748 1775 101 0.652297539963531 14712 
1749 1776 111 0.1572973442017578 13602 
1750 1777 112 0.08187547183231485 14699 
1751 1777 98 0.13526546442029774 13570 
1752 1777 106 0.2738774658161433 13513 
1753 1778 97 0.19730498946597166 13924 
1754 1779 112 0.02134799842742395 14245 
1755 1780 100 0.2667547931922844 13858 
1756 1781 99 0.06558655679613935 14102 
1757 1781 103 0.024607003663997224 14780 
1758 1782 101 0.525094409542023 13946 
1759 1782 117 0.18494391638886493 13415 
1760 1782 114 0.37254484114313435 14072 
1761 1783 108 0.5715997218683858 13633 
1762 1783 111 0.4184071228689437 15101 
1763 1784 102 0.09999415110570375 14320 
1764 1787 116 0.5830611172678556 15085 
1765 1789 104 0.03702720437470981 14233 
1766 1790 107 0.6559814535463632 14160 
1767 1792 98 0.0483754846366458 14563 
1768 1793 101 0.685415952560784 14901 
1769 1795 114 0.4590153847393841 14421 
1770 1798 106 0.24524910246191306 14079 
1771 1799 117 0.28640948154473095 13679 
1772 1802 103 0.308411696196632 13466 
1773 1804 114 0.4539251082900776 13780 
1774 1804 115 0.1432146358544143 15160 
1775 1806 97 0.11114500150336173 13878 
1776 1806 114 0.4218029234597945 14561 
1777 1807 115 0.1510843982832807 15001 
1778 1807 105 0.1890261055115417 15249 
1779 1808 114 0.8800351468644156 13750 
1780 1809 104 0.8647771023531486 14797 
1781 1810 113 0.14966262919811624 15267 
1782 1815 98 0.7041891616444279 14015 
1783 1815 99 0.7967535544519029 14463 
1784 1816 116 0.3051143729969124 14162 
1785 1818 99 0.5165264684982198 13459 
1786 1820 108 0.07268366764655572 14202 
1787 1821 116 0.5444897145125057 14015 
1788 1822 97 0.6156186500228822 14202 
1789 1823 110 0.7577371189700441 13404 
1790 1823 111 0.46156505618939514 15296 
1791 1823 107 0.06701720021851391 13860 
1792 1824 99 0.07414303378615668 14252 
1793 1825 97 0.5477403367353827 14955 
1794 1826 112 0.35200846945892933 14049 
1795 1828 107 0.5881376481378107 14173 
1796 1830 114 0.4552074511601091 14973 
1797 1832 99 0.3617861723381733 13810 
1798 1834 103 0.21479318015846594 14889 
1799 1834 97 0.06705759933037575 15189 
1800 1834 103 0.4410053588530353 13335 
1801 1835 113 0.23864024620978175 13473 
1802 1835 104 0.758011698131114 13382 
1803 1837 99 0.0659435054280809 14258 
1804 1839 104 0.2672814401942735 15054 
1805 1840 98 0.761817275150222 14797 
1806 1841 99 0.4741933808848462 15133 
1807 1843 106 0.807195473211407 14629 
1808 1843 101 0.5266619780728361 13427 
1809 1843 112 0.19556767454972124 14921 
1810 1844 111 0.22869739059097224 15230 
1811 1844 116 0.6821439856809492 14039 
1812 1844 110 0.19645540128269323 13351 
1813 1844 106 0.08174252813998421 13994 
1814 1844 101 0.012267611416176556 13355 
1815 1846 113 0.35508614230587515 13646 
1816 1846 101 0.7971564687317412 14927 
1817 1846 105 0.3177082859624756 13374 
1818 1846 110 0.3930275348064377 14828 
1819 1847 101 0.5880910549898698 14186 
1820 1847 110 0.1940349088960369 14642 
1821 1848 100 0.18043983271200034 14264 
1822 1848 100 0.38748058798224916 14887 
1823 1850 108 0.34272532305655534 14434 
1824 1852 109 0.42172077182850515 14009 
1825 1852 97 0.07959900861941807 15223 
1826 1852 113 0.18566163051497853 14800 
1827 1852 106 0.44008496090960536 13542 
1828 1852 97 0.5889997936607415 14325 
1829 1852 111 0.47821468532720945 13351 
1830 1854 102 0.5494822460097413 15085 
1831 1855 97 0.6233516665813611 15138 
1832 1861 110 0.8517806961678142 14518 
1833 1862 103 0.22812893453851377 13655 
1834 1865 115 0.13741297507911943 13915 
1835 1866 113 0.4538901521405542 15307 
1836 1866 110 0.8365072969037988 14053 
1837 1867 103 0.8039145035878759 14673 
1838 1868 100 0.6671989815711051 14497 
1839 1869 99 0.37285591734303164 14783 
1840 1869 98 0.3929500352605055 13953 
1841 1870 110 0.07016603649534046 14215 
1842 1870 112 0.3704016352642683 13802 
1843 1871 112 0.5980121073687987 13482 
1844 1872 108 0.5318422385003216 13323 
1845 1872 111 0.8802794887986615 14261 
1846 1873 97 0.5070025299469662 15179 
1847 1873 106 0.18134120231795117 14349 
1848 1873 114 0.4508020014384073 14046 
1849 1873 106 0.47536064860041355 15044 
1850 1874 105 0.17389843562251128 15094 
1851 1874 111 0.8688778513261646 13420 
1852 1877 105 0.8574065258186779 13428 
1853 1878 99 0.46183360364950005 14428 
1854 1880 102 0.7914893947120939 13811 
1855 1881 113 0.1689822635179609 13320 
1856 1883 105 0.5210019011892159 13371 
1857 1883 98 0.5539798180924378 13712 
1858 1883 103 0.6961953376108401 14065 
1859 1885 97 0.5072380558190532 15189 
1860 1886 103 0.5218590988153421 15136 
1861 1887 101 0.03704723361990576 14817 
1862 1887 114 0.6472140186975114 13325 
1863 1887 104 0.28960486038037564 14130 
1864 1887 102 0.7112470031959386 13616 
1865 1889 114 0.3985401766009323 14317 
1866 1889 114 0.29119603843762254 13461 
1867 1891 97 0.7084399011908453 14316 
1868 1891 117 0.22411034892854406 13556 
1869 1893 115 0.832777118726926 13581 
1870 1893 112 0.25140958225270954 14577 
1871 1894 108 0.7164666565818963 14386 
1872 1895 99 0.5865909885889675 13515 
1873 1895 108 0.8512847395412643 14028 
1874 1895 107 0.4349489285248735 14648 
1875 1896 107 0.8469467997119065 13653 
1876 1896 109 0.25586326628435685 13541 
1877 1897 112 0.49543546571005614 13318 
1878 1897 110 0.8745488446767347 15026 
1879 1897 116 0.523965718179405 14279 
1880 1898 100 0.7764265687331098 13994 
1881 1899 114 0.6438043405515085 14412 
1882 1900 109 0.43115919602122166 14617 
1883 1903 112 0.6530563342796323 13980 
1884 1903 110 0.05259576142688268 15308 
1885 1904 110 0.5734464152650333 13394 
1886 1904 100 0.8005069795653762 14014 
1887 1905 114 0.602097952701895 14414 
1888 1909 110 0.5692117902847067 14592 
1889 1910 115 0.7057461576936089 13896 
1890 1911 102 0.7821412741258111 15031 
1891 1912 108 0.3459647092976856 14886 
1892 1912 108 0.4652920775076231 13791 
1893 1914 106 0.3369484872704292 14172 
1894 1915 106 0.09769072950785905 14277 
1895 1916 115 0.08229921010681478 15234 
1896 1916 106 0.7199976583788267 13702 
1897 1917 116 0.717831133760482 13753 
1898 1917 98 0.5908000457727344 13366 
1899 1918 102 0.5436378905023141 15175 
1900 1919 115 0.09500143916581068 14739 
1901 1920 97 0.11489514714342049 13780 
1902 1920 97 0.5238257501067237 14222 
1903 1921 106 0.3046035009825041 14851 
1904 1921 108 0.7575652081199091 14680 
1905 1921 99 0.43148706104736123 14597 
1906 1921 114 0.027193218814261982 14232 
1907 1922 110 0.7929200051534228 13912 
1908 1923 104 0.5512712526007582 13640 
1909 1923 111 0.32267864931149215 15044 
1910 1928 103 0.24436045826084038 13487 
1911 1930 104 0.17519590158792517 14665 
1912 1932 106 0.05870953723913994 14694 
1913 1933 115 0.182689964604225 14349 
1914 1935 101 0.8387909706741188 13834 
1915 1937 114 0.8876857163488009 14125 
1916 1938 98 0.4465358166170461 13846 
1917 1938 106 0.4849447009106038 14667 
1918 1938 114 0.12345608201975426 14192 
1919 1938 107 0.18255228675194363 14441 
1920 1939 104 0.32481819055995537 14559 
1921 1940 111 0.2617983552081477 14757 
1922 1940 105 0.6707196036361904 14862 
1923 1940 105 0.5111430288682535 14892 
1924 1940 113 0.1249860552926597 13668 
1925 1943 100 0.6969725652303047 15113 
1926 1943 109 0.32531906152342877 13857 
1927 1944 106 0.6207285586261261 14107 
1928 1945 113 0.1389340160840886 14224 
1929 1945 112 0.43522194578891105 13398 
1930 1946 100 0.878974711895441 13614 
1931 1947 108 0.35672360355092586 14749 
1932 1949 102 0.06666215436373576 14230 
1933 1949 109 0.3712864872116301 14245 
1934 1950 107 0.6236485213703841 13858 
1935 1952 115 0.3632128818322071 14721 
1936 1953 97 0.27301870870991957 15082 
1937 1955 107 0.24242952191809372 14873 
1938 1955 106 0.07269368137964327 15160 
1939 1955 116 0.41142017992293173 14047 
1940 1956 113 0.7338673663157957 14912 
1941 1956 112 0.2267456095466291 14251 
1942 1957 107 0.7385610253242607 14465 
1943 1959 97 0.07921766420839181 14070 
1944 1959 105 0.7534000323504363 13813 
1945 1960 97 0.18385739654790884 14777 
1946 1960 106 0.5598266409859765 13677 
1947 1960 116 0.6078747581630075 15158 
1948 1960 109 0.18554175012939816 13436 
1949 1961 106 0.10298677541593704 15277 
1950 1962 97 0.16176129124720978 13932 
1951 1963 110 0.056144712902307915 14795 
1952 1965 109 0.3237078523865591 13919 
1953 1967 114 0.19258954860479333 14771 
1954 1967 101 0.7102650325411927 14395 
1955 1968 103 0.38500490703870294 14647 
1956 1969 115 0.404649220013581 14230 
1957 1970 99 0.3863151438374399 14659 
1958 1970 98 0.23460408656753115 14270 
1959 1971 101 0.4834304370630581 14770 
1960 1972 104 0.45229026668195077 14291 
1961 1973 113 0.2199277808578797 14019 
1962 1974 102 0.2755815803857442 14034 
1963 1974 97 0.7516308025616704 14430 
1964 1974 97 0.4270846378874769 14034 
1965 1976 117 0.7534334555263096 13494 
1966 1976 107 0.7525909676453904 15209 
1967 1977 99 0.8034139980016838 15317 
1968 1979 102 0.051788433485959504 14284 
1969 1979 102 0.214750544359095 14958 
1970 1979 106 0.6694346954541134 15110 
1971 1979 100 0.80824711880576 13442 
1972 1980 107 0.3522894205432107 14675 
1973 1981 106 0.32746841755267536 14720 
1974 1981 107 0.5225353715225673 13905 
1975 1981 112 0.04659731280651265 13414 
1976 1983 103 0.5493208843813314 14295 
1977 1983 112 0.8518544068662457 15020 
1978 1983 115 0.7011351668164604 15067 
1979 1985 106 0.6858313217250986 13623 
1980 1986 103 0.7116619712415311 14539 
1981 1987 104 0.8438776247774304 15252 
1982 1988 104 0.0649344945170708 15185 
1983 1989 112 0.08535464555651225 14162 
1984 1989 101 0.05074389915147493 13327 
1985 1991 110 0.8979669116232643 13722 
1986 1991 113 0.06271834845942076 13579 
1987 1991 117 0.6996173964479043 14451 
1988 1991 114 0.30667073487963165 13651 
1989 1993 98 0.46310583095199004 14897 
1990 1993 100 0.05490417425538181 13451 
1991 1994 104 0.4457557724391141 13917 
1992 1994 103 0.05936222807321528 14140 
1993 1995 111 0.8744319609987384 15132 
1994 1996 103 0.8902034680332537 14417 
1995 1996 114 0.5468589257212484 14700 
1996 1997 106 0.5969588478844371 14968 
1997 1998 105 0.11290462149867123 13495 
1998 1999 117 0.6288187376252824 13372 
1999 2000 98 0.599764165475189 15088 
2000 0 113 0.12401584042835702 14628 
