1 2 58 0.06493128188031622 33429 
2 4 65 0.6593031855431157 33678 
3 5 63 0.48875308728216704 31995 
4 6 47 0.3298457071031513 33646 
5 6 59 0.33262685492332417 32802 
6 9 60 0.7576408668851835 32978 
7 9 65 0.07529703402525391 32917 
8 9 66 0.6815476368684691 31941 
9 10 50 0.7325271524825431 33115 
10 12 55 0.4456568427632626 33139 
11 13 53 0.7473194803355284 32298 
12 14 64 0.053766000051029016 33604 
13 15 65 0.6352415073369824 33020 
14 15 61 0.38402440588218567 32792 
15 18 58 0.8985267536513136 33628 
16 18 57 0.7824326491837187 32341 
17 19 54 0.5309431566673217 33528 
18 21 62 0.8535696599624089 33495 
19 21 59 0.4163625575897282 33301 
20 22 57 0.5495652393520215 31862 
21 23 63 0.1815313754031613 32105 
22 24 61 0.8920794613474188 33170 
23 28 59 0.5820335748388483 32023 
24 30 50 0.5768325560267854 33480 
25 30 62 0.1164158703208403 32836 
26 30 47 0.6871151802334687 32159 
27 31 47 0.03546742999328344 32958 
28 32 60 0.8215608304373246 33292 
29 32 54 0.7638070553531664 33397 
30 33 67 0.10947928625718222 32025 
31 35 66 0.3794265926328815 32406 
32 36 60 0.7284162340636612 33440 
33 36 54 0.814932446204873 33497 
34 41 55 0.1819537321745927 31840 
35 41 55 0.8295699393189024 33135 
36 46 57 0.16194527794399344 32795 
37 48 66 0.07370910962096792 33168 
38 49 51 0.7527520176333127 32304 
39 51 61 0.8167486323275341 32769 
40 52 64 0.09961600789483303 33653 
41 54 48 0.4014655648211212 32023 
42 54 48 0.6786161634557837 32965 
43 55 49 0.08403661057514525 32370 
44 60 56 0.5160976759494107 32814 
45 60 58 0.11935833429330978 33319 
46 61 54 0.012354503586734159 33542 
47 61 63 0.5480300513528752 33376 
48 63 47 0.16085701787270965 33745 
49 64 67 0.35518592311698255 32490 
50 65 48 0.1705945569899787 32907 
51 66 62 0.7776042526182522 33801 
52 67 59 0.17743812888748106 32325 
53 67 48 0.743508488237373 33163 
54 69 50 0.3266544283599871 32953 
55 71 63 0.41432668772967857 32099 
56 71 67 0.34055351898493 32850 
57 71 66 0.7837210111763965 33708 
58 73 62 0.4603890877478813 32994 
59 74 59 0.23830163858553957 32064 
60 74 52 0.4545463069354797 32321 
61 76 61 0.7067486516825477 32257 
62 77 59 0.70970962711153 32756 
63 78 65 0.42269254873981094 33723 
64 79 66 0.32778064955426095 32960 
65 82 55 0.6025288612124517 32480 
66 82 55 0.3684162059783094 32511 
67 82 63 0.884732921328244 31867 
68 82 65 0.6287898868341018 33561 
69 83 57 0.6610399555150455 32711 
70 85 65 0.014841253531158519 33790 
71 85 60 0.07725302644012191 32586 
72 85 67 0.6176781535104731 33473 
73 86 49 0.32377560079335144 31874 
74 87 47 0.6349509177455694 32998 
75 87 66 0.8691344887225001 32326 
76 90 53 0.06846094341011592 33294 
77 92 60 0.08950139084133701 33114 
78 92 62 0.6964037677264371 32659 
79 95 60 0.6454155471888399 32806 
80 98 50 0.7714617538468937 32388 
81 100 52 0.8916061978554203 32768 
82 103 55 0.8133605333801355 33100 
83 104 49 0.7301107151956151 32762 
84 104 57 0.18938623354111078 31941 
85 105 49 0.5065493787970464 32012 
86 105 61 0.27713531904649613 33394 
87 106 66 0.13458016502216757 32665 
88 110 63 0.6649167213523665 32754 
89 111 51 0.043168282789237025 32057 
90 112 59 0.12885170954548428 32405 
91 113 65 0.10811415957679273 33132 
92 114 52 0.790430981808992 33613 
93 115 56 0.8987754064094795 32121 
94 120 58 0.1847591811911315 32837 
95 121 56 0.8822771956215052 32097 
96 124 57 0.7913487980995161 33161 
97 125 54 0.4126165888478612 33716 
98 126 53 0.784745348939376 33308 
99 127 58 0.5869372188936975 33263 
100 129 59 0.3193618155966548 33494 
101 129 58 0.07473562498464274 33086 
102 129 62 0.8771466574723429 33449 
103 130 57 0.7695255419612653 33552 
104 132 50 0.18664770385572468 32816 
105 133 56 0.21154642141849567 33543 
106 134 60 0.602121767016163 32239 
107 134 67 0.5576450687348307 32828 
108 137 58 0.574370727153203 33622 
109 137 57 0.21696445057208855 32181 
110 138 64 0.36503149171505617 32282 
111 140 50 0.06963706085783714 33381 
112 142 50 0.3863306682292889 32564 
113 142 55 0.529310835195782 32826 
114 143 64 0.42745974956538035 32084 
115 145 66 0.10264702066035743 32196 
116 147 59 0.8611768303822884 33703 
117 148 48 0.8540464087627457 33660 
118 151 54 0.6968910287009662 33239 
119 154 52 0.6061025773112996 33308 
120 155 59 0.6185724815290375 33503 
121 156 61 0.36311879971037325 33519 
122 157 65 0.7686888210979829 33798 
123 158 61 0.3145396263344376 31958 
124 159 55 0.7314421528064545 33605 
125 160 55 0.26405508381624043 33177 
126 160 55 0.45496525872003896 31842 
127 161 52 0.2109809614437543 32309 
128 163 50 0.13793853648965923 32750 
129 163 53 0.19652109762834755 31984 
130 163 67 0.4968799785493048 33726 
131 165 56 0.07512500596014385 31921 
132 166 56 0.6098845180816739 33156 
133 167 55 0.5515581506371147 33341 
134 170 48 0.5502766379813747 32461 
135 170 64 0.14731775864725244 32203 
136 170 59 0.31954748725314386 32600 
137 171 66 0.4247339913830312 32659 
138 172 54 0.582849647661116 32776 
139 173 49 0.434011797280743 32218 
140 174 47 0.6140931260405029 32744 
141 177 47 0.5205363741059819 33526 
142 178 53 0.3981952851680511 32027 
143 179 53 0.38781595289185666 33128 
144 179 48 0.5344584545056228 32430 
145 180 54 0.2742085143140368 31861 
146 181 57 0.07213116356720976 31889 
147 182 49 0.3243074828880789 33786 
148 182 59 0.7813815351220915 32146 
149 182 62 0.4705591267945972 33384 
150 183 55 0.5596991813470991 31900 
151 184 57 0.7201413663868913 32820 
152 184 65 0.7587694780220859 32735 
153 186 64 0.8165075425635229 33352 
154 187 50 0.2619854179268433 32291 
155 187 66 0.799690108475729 33497 
156 190 48 0.8316659518514099 33182 
157 192 48 0.059635252257253094 32055 
158 193 63 0.8622777542777287 31877 
159 194 49 0.8001491817873908 32902 
160 196 59 0.35886415227114193 33693 
161 198 66 0.19105836719696956 33322 
162 198 49 0.5300310853941509 32361 
163 200 65 0.569311601748822 32514 
164 200 65 0.2712738337544715 33673 
165 201 65 0.4500193354859159 32667 
166 201 53 0.3682491080638531 32367 
167 202 49 0.16111036013143365 31859 
168 203 53 0.5513008779370614 33646 
169 204 61 0.2928176173400182 32329 
170 205 61 0.8053272825110779 33699 
171 205 53 0.16944400929314654 32741 
172 205 54 0.8229609415420014 32278 
173 206 54 0.2218747043405362 32667 
174 206 54 0.5492299455846089 32321 
175 206 65 0.6533656025671357 32988 
176 206 52 0.04806636556957237 32604 
177 210 50 0.11661554076548993 33118 
178 212 56 0.33256906813047143 32327 
179 212 52 0.41313744216176107 32893 
180 212 66 0.052452150639482366 32504 
181 212 58 0.41022287848856703 31946 
182 213 50 0.12466263152725016 32320 
183 214 64 0.7656867127542067 33192 
184 214 54 0.8303658100244923 33061 
185 214 67 0.11659643286738054 32093 
186 216 67 0.19806266324315502 31932 
187 216 64 0.8832382155916539 31920 
188 216 66 0.019291048462391235 33277 
189 216 62 0.6821693366103877 32146 
190 217 56 0.18888996247261605 33245 
191 219 58 0.10495426852072194 33710 
192 219 64 0.370793352368341 33765 
193 219 50 0.21870659439911302 32970 
194 220 64 0.23776013052327283 32674 
195 222 53 0.8939109969033413 32369 
196 224 58 0.7352084440526693 33389 
197 224 50 0.4701468335947317 33276 
198 230 67 0.24426613318095838 32307 
199 230 62 0.18587685179819602 32002 
200 231 60 0.11069646482137122 31835 
201 233 50 0.6814992338343876 33009 
202 233 55 0.6396531489776556 33781 
203 233 49 0.1195270201432593 32675 
204 233 59 0.5543058935793997 33751 
205 236 51 0.868720054503251 32031 
206 236 47 0.343622076849882 33202 
207 236 64 0.4859322228155338 33501 
208 237 57 0.04012340943621323 32005 
209 238 51 0.1761292003172248 32352 
210 239 48 0.6329918107085104 32357 
211 240 63 0.7154399491368177 33406 
212 241 51 0.6438461341925737 33424 
213 241 48 0.21382448234583692 32371 
214 241 54 0.3398650275468871 33183 
215 241 53 0.5408526454017937 33755 
216 242 48 0.7757771069147431 32195 
217 244 48 0.30480341043619735 33223 
218 244 55 0.7078790145254992 33034 
219 246 58 0.7268531238176602 32666 
220 248 59 0.16625537272953936 33450 
221 251 48 0.2683751861251479 33462 
222 255 60 0.409468231525646 32140 
223 258 63 0.3594478598620429 32666 
224 258 48 0.3657928718943679 32200 
225 259 50 0.879907653394587 32722 
226 260 57 0.6284285804425729 32198 
227 260 59 0.10888041818130903 32685 
228 261 67 0.4379987417700158 33508 
229 261 62 0.8845212446861856 33498 
230 262 61 0.8277605973829202 31868 
231 262 53 0.5144543085084501 33490 
232 262 67 0.35844161563574495 32651 
233 263 60 0.6961816933905065 32076 
234 265 56 0.6170856420289202 32161 
235 266 54 0.4934902917911054 32948 
236 267 56 0.6802876959697238 33007 
237 267 60 0.8087488409381941 32086 
238 268 59 0.02147919740178303 32116 
239 269 49 0.5969441370582066 33073 
240 272 60 0.025522534309655436 32386 
241 274 52 0.24513755366200352 32124 
242 275 47 0.5112776217956568 32312 
243 275 54 0.0953811248341603 32672 
244 277 67 0.8593125847988732 32503 
245 279 57 0.23030804722085305 32604 
246 282 52 0.6974211739893923 33327 
247 283 51 0.41800690798620405 33200 
248 283 54 0.23257336621510108 33749 
249 287 53 0.7707919673289865 32178 
250 287 65 0.5920401744899746 32802 
251 288 62 0.8632590018734235 31821 
252 288 54 0.015212209586998392 32702 
253 288 51 0.23657876371195366 33057 
254 290 49 0.859420639481565 31939 
255 291 66 0.6158221813252388 33713 
256 291 58 0.3969255493594342 33413 
257 292 67 0.5667329561210259 32986 
258 292 60 0.8250076054323134 32974 
259 292 55 0.6693848260639506 32390 
260 293 49 0.7477977195777145 31979 
261 294 58 0.24037043590223128 31865 
262 295 54 0.29178215245455336 32254 
263 295 47 0.621303894069016 32579 
264 296 66 0.3143041219551757 33804 
265 296 54 0.6260081197698901 32438 
266 297 56 0.23013274755363433 32599 
267 298 66 0.22664630368920086 32904 
268 298 59 0.17790106310324622 32236 
269 298 58 0.6305244140094944 32455 
270 298 67 0.19734326373487435 32675 
271 299 59 0.18976544048710497 33625 
272 300 47 0.1838944876599953 32642 
273 302 55 0.3828673527998099 32741 
274 303 56 0.5554137472928375 33500 
275 303 47 0.48092457941328054 33702 
276 306 63 0.5999050379182181 32496 
277 308 67 0.5549109398971324 32382 
278 309 61 0.483902854779129 32610 
279 309 62 0.14576340206524885 32499 
280 309 50 0.17371588421517623 33350 
281 312 65 0.10986860944911017 32036 
282 315 63 0.26119833039451407 33697 
283 315 54 0.74500599204671 32622 
284 315 59 0.19017948994852799 32809 
285 315 50 0.18263211945482327 32073 
286 316 63 0.5286579380756038 33094 
287 317 52 0.5246928367531063 32602 
288 321 65 0.2776704226689179 32373 
289 322 58 0.8527793609195905 31872 
290 325 51 0.47233438907966807 32343 
291 327 49 0.19274469305076017 32510 
292 329 67 0.5885608954199083 33377 
293 330 67 0.09801230461483694 32389 
294 331 54 0.8015285293989283 33154 
295 332 60 0.7243387884804094 33780 
296 332 53 0.11003018925210838 33630 
297 332 52 0.6627627755411517 32150 
298 335 53 0.7717037443103446 33662 
299 335 60 0.41794714944333905 33026 
300 338 55 0.37126263869413545 33345 
301 338 63 0.6172338496541916 33523 
302 339 61 0.3282396736022937 32342 
303 342 51 0.8009378727214892 33319 
304 342 64 0.1973132649221203 32403 
305 342 47 0.10555439217247561 33345 
306 343 49 0.33765216849560253 33612 
307 344 61 0.43100118976289936 33015 
308 345 58 0.47160718631462667 33154 
309 346 61 0.8760623700791815 32733 
310 346 53 0.4191800749416253 31900 
311 347 67 0.1675929588179281 32863 
312 351 65 0.0898986189336483 33102 
313 352 50 0.17872745910409196 33016 
314 352 67 0.8785648002818431 33149 
315 353 55 0.8794217928074677 33579 
316 355 56 0.7221802496036618 33045 
317 355 67 0.5296613221708925 32395 
318 355 55 0.28916269339685624 32290 
319 358 55 0.6654328547220291 33601 
320 358 54 0.6243162468556285 33270 
321 361 48 0.11705254170854518 33651 
322 361 67 0.04114811111695927 33281 
323 361 57 0.6672577374334805 33802 
324 361 55 0.8788684780096805 32653 
325 362 48 0.5364028545952482 32470 
326 362 55 0.6866842795635091 32047 
327 363 48 0.013540809877887628 32456 
328 364 60 0.7495902553261805 33300 
329 365 48 0.29690215489872707 32444 
330 365 57 0.8162063113407048 32188 
331 366 55 0.4369281094024867 33797 
332 368 60 0.4449080606833087 31938 
333 368 49 0.4035655080948467 33508 
334 368 58 0.43527936782923715 31835 
335 369 60 0.8881356333847407 32165 
336 369 58 0.6890148352376056 32787 
337 370 52 0.19842215061504523 33106 
338 371 47 0.07553725569165849 32139 
339 373 51 0.3019133871381001 33458 
340 373 64 0.8972335119007806 32487 
341 373 57 0.17852516582553674 33265 
342 374 49 0.5315221973825945 32079 
343 375 52 0.7123636452079274 31973 
344 375 66 0.12991255839037735 33082 
345 376 49 0.8353439815551225 33456 
346 377 51 0.36049507286712595 33310 
347 377 65 0.5639750415111714 32179 
348 377 58 0.896225459089631 32038 
349 379 52 0.5776095036063306 32399 
350 379 53 0.13872152536551954 32130 
351 380 65 0.8525614045574316 33432 
352 380 54 0.5370035579240069 32415 
353 381 66 0.8990878951949667 33363 
354 381 63 0.15310589808372324 31924 
355 382 47 0.11732367271720642 33017 
356 382 51 0.2116412511568891 33105 
357 382 63 0.2741411350916373 33482 
358 383 57 0.1533881865971604 32184 
359 385 58 0.857635606105429 31921 
360 391 49 0.2321903937344458 33359 
361 392 54 0.1450545414872587 32156 
362 392 61 0.1653133177043734 32150 
363 392 59 0.6513653998855788 31994 
364 393 61 0.7200207343098215 32661 
365 395 52 0.817045297433202 33730 
366 395 55 0.8240398752872896 32470 
367 395 64 0.8344925728411491 32949 
368 396 56 0.5248934551578195 32325 
369 396 61 0.6498360383854446 33752 
370 397 52 0.7412953044136994 33561 
371 397 47 0.7839845686446225 32191 
372 397 64 0.5904060648903718 32578 
373 399 58 0.6317619027526765 33412 
374 400 65 0.02035831334104774 32496 
375 400 67 0.4263070727814719 32023 
376 401 50 0.7874135091755756 32576 
377 402 60 0.34772064955592247 32924 
378 402 59 0.6942196698034818 32554 
379 403 53 0.2597900151635798 32030 
380 405 49 0.7077884856638069 32767 
381 405 47 0.04603038372888174 33549 
382 405 59 0.6917009339246565 32577 
383 406 53 0.19057435455174737 33001 
384 406 64 0.17353711137167913 32843 
385 407 57 0.18081856355933737 31869 
386 407 52 0.6867610278583287 32003 
387 408 53 0.06781107829568918 33802 
388 408 49 0.8035766960609575 33267 
389 409 62 0.6909803229800531 32694 
390 409 62 0.8892677065792972 33693 
391 410 52 0.3419289783710099 32615 
392 411 65 0.6545919868605625 32233 
393 412 50 0.3734096622024366 33214 
394 416 63 0.26738159599114725 31974 
395 417 48 0.6964457527676087 32718 
396 418 56 0.43309161274648955 33081 
397 419 52 0.09379618191976177 32869 
398 422 63 0.24869086319154707 32230 
399 423 54 0.24545093716613822 33312 
400 424 63 0.0193614248521604 32341 
401 424 55 0.427121253313858 33280 
402 424 58 0.06159398508251711 32968 
403 425 64 0.08821593129057158 32665 
404 426 54 0.14086283321113285 33529 
405 427 65 0.3071730315535252 32980 
406 429 50 0.6729626909021544 33665 
407 430 49 0.4286719725957179 32726 
408 433 62 0.8462724976045409 32423 
409 433 65 0.1507186811897361 32097 
410 433 61 0.06591439499549033 33477 
411 435 60 0.05117451494755738 32815 
412 435 64 0.38751193245682974 33162 
413 437 53 0.07702662829777084 31965 
414 438 55 0.452238362980579 32257 
415 439 49 0.24007300745951796 33701 
416 441 59 0.8677114017651824 33796 
417 444 47 0.488515287354839 33344 
418 445 67 0.8554159656484521 33680 
419 445 57 0.24418084140930285 33035 
420 446 62 0.8671156476368109 33308 
421 447 47 0.37911923235358713 33546 
422 452 63 0.20938955579673507 32466 
423 452 55 0.05069060885406908 31817 
424 453 61 0.19575550047936302 31832 
425 454 65 0.5507251841771641 32797 
426 456 66 0.584809457509117 32393 
427 457 59 0.5421202717511753 33164 
428 457 63 0.6588029817280445 33169 
429 459 64 0.3620506535034185 32314 
430 460 58 0.5082127733430142 32029 
431 460 64 0.6955139346506078 33001 
432 460 52 0.8357097878621665 33794 
433 462 56 0.7931189992227798 33464 
434 462 67 0.19295712408398077 33243 
435 464 60 0.26782900293439504 32701 
436 467 52 0.3676078267959497 32204 
437 469 53 0.617123127492335 32843 
438 470 55 0.08176803481048178 32040 
439 470 57 0.0634749532026116 32180 
440 473 64 0.3165637286526122 32301 
441 473 63 0.6010130716238198 32283 
442 473 51 0.18098246621754052 33562 
443 474 65 0.36487061734775617 31979 
444 475 59 0.217263741446315 32273 
445 475 54 0.2973590404621802 33324 
446 476 57 0.6637533152819214 32053 
447 477 48 0.867309149440425 33256 
448 478 66 0.3051269955348231 32940 
449 478 55 0.5856057653983439 33645 
450 483 66 0.46310183214247713 33641 
451 483 67 0.4490394363565908 32123 
452 484 54 0.5365267759833519 32689 
453 484 55 0.6328026807371705 32880 
454 486 62 0.40170036830475025 32721 
455 486 48 0.17402775625520836 32935 
456 486 64 0.6913834190864472 32020 
457 487 57 0.5874194647150155 32394 
458 487 47 0.8356322841513931 32171 
459 488 51 0.11506725013638966 32071 
460 488 57 0.03058082910093886 31891 
461 488 51 0.1064860602109287 33326 
462 489 48 0.029679590499609894 33411 
463 489 55 0.1274687385659643 33153 
464 490 66 0.43279219109846156 32923 
465 490 49 0.09666197306699383 32879 
466 492 56 0.8999266867796393 33057 
467 492 47 0.6868693058099382 33801 
468 493 64 0.25088917764554497 33080 
469 495 64 0.5216517431636898 33621 
470 495 54 0.797548055428102 33656 
471 495 66 0.8824078904842912 33256 
472 496 66 0.46537481120419044 33708 
473 501 48 0.8395932648192845 31824 
474 501 60 0.31835390102307237 31935 
475 503 67 0.5296655240101527 33201 
476 503 53 0.25831716263258037 32124 
477 503 58 0.702633961629341 33647 
478 504 51 0.1412534398513541 32144 
479 505 49 0.8220958706874337 33756 
480 505 66 0.3622649517883657 32025 
481 506 67 0.8828921462734519 33695 
482 507 59 0.26752776160268904 33545 
483 507 48 0.8605032021738871 32917 
484 510 47 0.6648798113128677 32968 
485 510 67 0.3576485958932515 33129 
486 512 62 0.40680140839929113 32901 
487 514 60 0.7446024885611021 33697 
488 514 51 0.32039736547214487 32720 
489 515 49 0.10136891049320773 33592 
490 515 67 0.026568044539092055 32123 
491 516 48 0.25497178675506976 33657 
492 518 50 0.8567218439708791 31978 
493 518 67 0.3850413315163713 33634 
494 518 67 0.21096266663197435 31944 
495 520 64 0.05502258247496493 32075 
496 521 63 0.8165207280264788 33492 
497 521 66 0.048435805233585524 32146 
498 522 59 0.8491668879444718 32106 
499 525 51 0.2827236461428929 32149 
500 525 57 0.019437761209354035 32418 
501 527 65 0.4080236542569911 32605 
502 527 65 0.593272500167671 33231 
503 528 63 0.03240614078254606 33085 
504 528 50 0.28905872259848847 33400 
505 529 58 0.7580057399427798 33554 
506 532 47 0.723820793596873 32415 
507 533 47 0.5523274339850921 31882 
508 533 59 0.4184553887895414 32442 
509 535 54 0.49349946491637886 33704 
510 538 57 0.042650151363042475 32801 
511 541 54 0.8696842897070667 33282 
512 542 63 0.2726208196340893 33075 
513 542 62 0.7544659912572392 32340 
514 545 67 0.6333367586357473 32046 
515 546 57 0.25780728721541984 33581 
516 547 57 0.8265411530359543 32131 
517 547 51 0.12740988057413805 32835 
518 548 63 0.10677891059916081 32871 
519 549 48 0.7981034409822598 33252 
520 551 57 0.27818141512475486 33700 
521 551 61 0.5732091042377387 32987 
522 552 57 0.21044048397005585 32738 
523 552 67 0.4042473265115806 31930 
524 552 51 0.8296085440482317 32671 
525 554 58 0.48522507165260476 32469 
526 555 65 0.3802971314269043 33529 
527 556 55 0.6822449192017825 31896 
528 557 67 0.49594161917565494 33520 
529 557 64 0.5362756452823007 32379 
530 557 48 0.4572245773123296 33194 
531 558 53 0.7046002604041931 33390 
532 562 62 0.4697721127549159 31875 
533 563 61 0.0907437131749291 32448 
534 563 64 0.4021270681224223 31912 
535 564 64 0.24626907025071126 32484 
536 565 49 0.05042525975648223 32239 
537 565 50 0.388781543545132 31819 
538 566 66 0.07692401702767708 32631 
539 566 61 0.2327360258737866 32866 
540 566 48 0.05188429594619711 33763 
541 568 52 0.07513829012733837 33533 
542 569 47 0.6814716815788524 33606 
543 569 48 0.87885182955762 33336 
544 572 67 0.4136583067454952 33475 
545 574 49 0.011897483267489467 32137 
546 574 59 0.1952385063708496 32361 
547 575 52 0.23649441029863483 33458 
548 576 48 0.807018914898837 33142 
549 576 62 0.6546774396105214 33047 
550 579 61 0.6049610722780865 32654 
551 581 51 0.4019397367702052 32149 
552 581 64 0.7775511948468142 33538 
553 583 53 0.621154777664191 32929 
554 584 61 0.8807707450084341 31867 
555 584 65 0.2293094297821122 33156 
556 585 55 0.07304547089186618 31857 
557 586 59 0.7072397137274619 33266 
558 586 67 0.18191682404587237 32429 
559 587 66 0.7186108644226454 32601 
560 587 54 0.34493660788321145 32596 
561 587 58 0.8495072944947313 33245 
562 589 47 0.3513899736123735 32246 
563 590 57 0.6962847246629911 33811 
564 590 63 0.5462964881546183 33763 
565 592 52 0.6865701880829675 33708 
566 598 55 0.5404061413280447 32586 
567 599 64 0.17002405699701098 32853 
568 599 58 0.8058702068087645 33685 
569 600 66 0.5648282870352491 31971 
570 601 61 0.600798053256773 32662 
571 602 60 0.6229180146761807 33377 
572 602 62 0.7969408695033678 32632 
573 602 57 0.5413553019881527 32539 
574 603 58 0.16809719616043514 33073 
575 603 64 0.8091062806291113 33198 
576 604 63 0.43007226036531043 33301 
577 604 65 0.7657497897104316 33586 
578 606 52 0.04174376721654166 33708 
579 608 60 0.2877584839732658 33727 
580 608 54 0.5710953131007303 33077 
581 609 59 0.10986794023492717 33703 
582 609 61 0.7275840844133046 32429 
583 610 55 0.8583061703769697 32188 
584 616 51 0.7854638113256445 32599 
585 618 47 0.8775591407517261 32766 
586 619 63 0.5053579586912565 31825 
587 619 54 0.5407046213084932 32773 
588 619 53 0.2056016051170793 33458 
589 620 62 0.8087454621146626 33752 
590 621 49 0.6367142412474869 32392 
591 627 63 0.4575631758041249 31962 
592 628 60 0.04072772894582745 32262 
593 628 56 0.2330328357257147 33202 
594 632 60 0.8009198828571893 31883 
595 632 53 0.20667225255015018 33370 
596 633 51 0.7700098116361711 33242 
597 634 62 0.346175976674329 32763 
598 635 61 0.5175148975321004 33246 
599 635 65 0.5139936903418608 33054 
600 636 54 0.45627888823445084 33618 
601 636 57 0.546941042826444 32527 
602 638 49 0.25714202206404285 33081 
603 640 58 0.4127355265491068 32076 
604 640 64 0.7542418451709176 32294 
605 640 59 0.7275853849091662 33012 
606 641 47 0.8821961689815891 32695 
607 641 60 0.6194072808586911 32490 
608 643 50 0.7943490328147453 31828 
609 643 58 0.6049296536058016 31819 
610 643 59 0.5550550752739006 33042 
611 644 63 0.3039625013535659 33038 
612 645 54 0.4775849277172874 33125 
613 645 64 0.8081789642984486 32936 
614 648 63 0.5771361503844014 32222 
615 649 66 0.3782443244168972 32910 
616 652 65 0.27468935551333945 32672 
617 652 48 0.10961491242297847 32908 
618 653 53 0.8378937096643704 32117 
619 655 63 0.5884388606694688 32887 
620 655 48 0.6136880496857414 33056 
621 656 55 0.32012491446749336 32064 
622 657 47 0.4056516448650403 31998 
623 657 49 0.0638034090194287 33556 
624 658 59 0.8571567368350208 33460 
625 660 48 0.01141652781750264 32673 
626 663 59 0.1725997644084486 32093 
627 663 50 0.09348980762712558 31887 
628 668 52 0.23844770804868878 33745 
629 669 62 0.46100251308145546 33284 
630 669 50 0.018004648188258032 32083 
631 672 55 0.35710054856558254 32210 
632 675 52 0.4070110927375299 33394 
633 675 55 0.5942416849721903 32841 
634 675 58 0.788629064400484 33058 
635 677 64 0.6970580933592784 33627 
636 677 57 0.5049934101489852 32104 
637 677 66 0.13521165140320332 31831 
638 678 52 0.4278927822688988 32121 
639 679 48 0.2215807763918156 32103 
640 680 62 0.6409362099199153 32009 
641 680 48 0.3819290915404908 31873 
642 680 67 0.34794904385554215 32783 
643 684 60 0.09269634812198493 33153 
644 684 62 0.16064453668607112 32339 
645 684 50 0.120937663685008 31931 
646 684 58 0.13143958668476954 33185 
647 684 50 0.016939130305647483 32248 
648 689 53 0.1002970693983645 32724 
649 689 59 0.06927079804012073 32091 
650 689 53 0.3978144419581218 32935 
651 689 47 0.6204940347617897 31937 
652 691 50 0.6721547383588823 32778 
653 692 63 0.8530348622956341 32229 
654 692 62 0.46183394958130347 32517 
655 693 49 0.17495031579270306 33650 
656 695 66 0.8746324591268954 32325 
657 696 60 0.40892151170168367 32287 
658 696 57 0.017208531794095604 32325 
659 696 49 0.5992710829708983 33775 
660 698 62 0.8510242020194977 32498 
661 698 55 0.20177982697732916 32090 
662 699 47 0.62333567969457 32768 
663 701 50 0.12557521189960602 32023 
664 701 49 0.038158393841204334 31872 
665 703 57 0.25006403932818055 33214 
666 703 47 0.13548410224430507 32801 
667 703 52 0.10394538608684414 33758 
668 704 50 0.7593293290430603 33748 
669 704 56 0.21308665764269927 32284 
670 706 63 0.4106534197966465 32481 
671 707 47 0.39807989711275216 32403 
672 710 64 0.2501090380741812 32491 
673 710 52 0.12463843744575887 33642 
674 710 66 0.5664451126399848 32634 
675 711 64 0.45219123342247386 32324 
676 711 47 0.5684472403123413 31900 
677 714 58 0.5161135206498084 32657 
678 714 62 0.7283344280495301 32687 
679 714 49 0.053224892890839745 31958 
680 715 51 0.011293875624247303 33616 
681 715 56 0.12294833889491598 32023 
682 717 48 0.021620807052288554 32801 
683 717 59 0.2675954684090646 33001 
684 719 61 0.4150771747143485 33636 
685 719 57 0.6424547669106045 32888 
686 720 57 0.20671720533690408 32145 
687 720 53 0.14119805225559565 33250 
688 722 59 0.6369352191256881 32483 
689 724 49 0.34302000860477233 33335 
690 724 52 0.10162838492816538 32291 
691 725 62 0.48968295325348066 32583 
692 725 52 0.5585933028282964 31858 
693 727 55 0.05927663405584398 32870 
694 727 64 0.3838711462721321 32124 
695 728 58 0.09919155825895141 32539 
696 728 48 0.6477314472329464 33300 
697 729 55 0.5632040339814518 32609 
698 730 66 0.4596374681190696 32861 
699 734 56 0.4723046538631663 32921 
700 735 52 0.8610847870456839 33152 
701 736 51 0.3090631578316216 33339 
702 736 60 0.6398559244759564 33643 
703 737 60 0.2452038154231274 32329 
704 738 59 0.640214309046387 32006 
705 739 64 0.06271560281120624 32459 
706 742 55 0.8826778900018938 33425 
707 742 64 0.19349031830648372 33537 
708 742 61 0.4446253148734211 32555 
709 743 55 0.8903768637595454 33517 
710 743 62 0.8036739445004145 33373 
711 744 48 0.22542642266594362 33178 
712 745 64 0.37981001191534774 32676 
713 746 51 0.5876439968072744 32843 
714 747 55 0.5102638804923143 32239 
715 748 67 0.39063096375983297 33342 
716 748 62 0.8801805603350475 33136 
717 749 57 0.23851570623374932 33116 
718 749 56 0.17601351696205675 33415 
719 751 63 0.6342128345009513 32000 
720 752 67 0.4537619199474833 32060 
721 752 57 0.586475198190716 33800 
722 753 66 0.4054168257623664 33095 
723 753 64 0.8560704918320222 33799 
724 754 49 0.4494207277669398 33432 
725 754 47 0.704206810843613 33304 
726 757 53 0.8082483363077134 32961 
727 760 60 0.653463615401588 33593 
728 761 53 0.28011410055218605 32376 
729 761 61 0.3594028225022144 32104 
730 763 61 0.8983055495724321 33458 
731 763 67 0.05610662541314807 32584 
732 765 52 0.5009221379474317 32889 
733 767 57 0.25084535530808677 33403 
734 768 64 0.3143243727105597 32829 
735 768 55 0.4082853584031385 33809 
736 769 61 0.16815915771897094 32268 
737 772 54 0.80202548588596 32715 
738 772 54 0.5856122281677317 32671 
739 772 59 0.5626769727726008 33599 
740 773 54 0.7135520761767865 33384 
741 774 60 0.7642169846289312 33598 
742 777 60 0.23017363414271735 33416 
743 777 65 0.24394777942905782 32897 
744 778 64 0.4577846204753326 33600 
745 779 67 0.3759420275209792 32026 
746 780 57 0.6836075895148079 33372 
747 781 57 0.11006485452234158 32437 
748 781 47 0.22257922241915512 33732 
749 781 47 0.5916363765531908 32680 
750 784 52 0.619151093137753 32900 
751 785 66 0.499186463820995 32342 
752 786 56 0.09999114106299889 32212 
753 786 48 0.6637795040552275 32829 
754 789 63 0.5842250648642895 32639 
755 789 51 0.36508323257800523 31961 
756 789 60 0.19645931819876963 32728 
757 790 59 0.5707388555184261 32613 
758 791 51 0.7718479633679565 33625 
759 791 64 0.7392674412106944 32200 
760 793 65 0.6628997850539109 33220 
761 795 53 0.5922015564041475 33729 
762 800 53 0.22913670049339388 33213 
763 803 57 0.8198999524160181 32680 
764 804 59 0.2956729606478797 32582 
765 806 51 0.451232517364984 32016 
766 807 58 0.7559525745284524 31829 
767 808 62 0.4277242175683847 33810 
768 808 48 0.09835299943694427 32121 
769 809 59 0.8943643832241012 32144 
770 810 53 0.5646070333973056 31862 
771 811 48 0.75652054228952 32225 
772 811 57 0.5296246878460341 32012 
773 812 54 0.03722998504287833 32342 
774 813 59 0.6992518497356714 32154 
775 813 53 0.3860252568072003 32839 
776 814 50 0.04969445072279162 31946 
777 817 50 0.6902554872343795 32591 
778 817 58 0.41279863719667703 33192 
779 817 56 0.4397452505390932 32518 
780 817 53 0.28635428717741934 32775 
781 819 57 0.29962757035756493 32031 
782 819 65 0.5414707729865819 31940 
783 820 50 0.446044372546085 32793 
784 821 49 0.20660319437340596 33170 
785 823 61 0.7629998107980155 32458 
786 826 48 0.416049403535878 32179 
787 827 55 0.600886736153635 33027 
788 827 50 0.1403412620731922 33663 
789 833 61 0.5322489271322458 32055 
790 833 59 0.6307185416526906 32351 
791 834 62 0.6011118385355828 32216 
792 834 60 0.512413627328179 31829 
793 837 54 0.7424342089306354 33696 
794 837 64 0.281904929826872 32799 
795 838 47 0.8468766562716314 33720 
796 842 48 0.3846205342470253 33213 
797 844 49 0.2536229637780712 31826 
798 845 61 0.7877862263452917 32027 
799 846 50 0.8389401332430125 33486 
800 847 62 0.5518863619516138 33091 
801 848 48 0.11623473141038329 33038 
802 848 58 0.13612587824145136 33646 
803 849 51 0.7238160873064251 33636 
804 849 48 0.06824754312503277 32396 
805 850 59 0.5488876952709995 31945 
806 850 63 0.16802597555344273 33543 
807 851 49 0.622585322471908 33730 
808 852 66 0.28599853625267635 33672 
809 854 51 0.8324437832853036 32262 
810 854 52 0.49720467102286886 33109 
811 856 63 0.14593794332858778 32393 
812 856 61 0.8482154527964412 31877 
813 858 53 0.8979587329561696 32982 
814 858 66 0.010817341771141499 33045 
815 859 48 0.5818137762839007 32842 
816 859 62 0.12844533908968514 33747 
817 863 47 0.24014394053007837 33036 
818 864 48 0.413885030126729 33519 
819 865 48 0.6139637844774437 33423 
820 867 60 0.4702154420968521 32120 
821 868 51 0.4668193614745919 32084 
822 869 55 0.30443217817333723 32884 
823 870 57 0.586025964260152 32554 
824 870 49 0.5670105398633603 33228 
825 870 53 0.6409168477361027 33697 
826 871 56 0.7888686401844944 31896 
827 871 57 0.6279902219965158 33521 
828 872 53 0.661795675873853 32147 
829 873 58 0.14974061849710027 32100 
830 874 65 0.6765600332101348 32569 
831 874 58 0.8864430942778666 32056 
832 876 54 0.3974566177201894 33617 
833 878 62 0.3412291919274847 33253 
834 878 59 0.5467624365048666 32773 
835 879 52 0.5842252194707044 32434 
836 879 67 0.15617018205682123 33444 
837 881 57 0.447054766295591 33042 
838 884 50 0.37668892485871597 32697 
839 885 49 0.4196287229859861 32143 
840 887 50 0.6463837557333757 32311 
841 887 63 0.07294801844091338 31908 
842 889 67 0.07516628766831226 32219 
843 889 58 0.30587802627607863 33695 
844 895 57 0.1784997891460212 33327 
845 896 47 0.4716252989020042 32310 
846 896 65 0.8959010948082369 33530 
847 896 51 0.6601364043166242 32376 
848 898 51 0.21976397464071315 32863 
849 899 66 0.08492531883291833 31923 
850 901 66 0.48516404395435786 32808 
851 904 64 0.7529119964899358 33357 
852 904 61 0.20488335117526074 33717 
853 905 63 0.22958129844611397 32163 
854 908 67 0.5504213059645198 33211 
855 908 50 0.25114132640122255 33163 
856 910 47 0.6070640022084415 33198 
857 910 57 0.39875715557289104 33256 
858 912 62 0.4926104856571971 32527 
859 913 60 0.08219268204704534 33477 
860 913 52 0.6497172991018723 33437 
861 914 61 0.5976333773570479 33375 
862 914 61 0.6505570823680833 32944 
863 915 64 0.7194346240575475 32995 
864 916 62 0.35306268853946066 32280 
865 917 61 0.3331779131010539 33609 
866 917 55 0.19101322057960107 32347 
867 919 61 0.5623132042322649 33570 
868 920 55 0.871091482040196 33600 
869 921 58 0.7853363531569248 33140 
870 925 56 0.3387888664719749 32770 
871 925 50 0.7893558957949454 32319 
872 925 66 0.7763527664393943 31845 
873 925 47 0.6973278229548757 32706 
874 927 64 0.8589413799185145 33569 
875 927 60 0.2582626709542275 33708 
876 928 48 0.5809671393207723 32022 
877 928 65 0.6093019236081394 33082 
878 929 65 0.7198029200544102 31924 
879 930 61 0.5422933855489406 32680 
880 930 60 0.027665471518164342 32736 
881 931 51 0.42333942924818146 32655 
882 931 57 0.643618837660078 32809 
883 935 52 0.08742498751927873 32793 
884 936 55 0.2171524806500379 33772 
885 937 48 0.20063859533300848 32074 
886 938 50 0.880812651567687 32437 
887 938 67 0.8647868755268253 33018 
888 938 58 0.202838602784512 32558 
889 939 65 0.8196759869464281 32113 
890 939 47 0.4144878793510159 33520 
891 940 52 0.8025647854979983 33585 
892 941 49 0.4889283952461571 33171 
893 942 59 0.12925747812958413 32119 
894 943 48 0.7951349240594957 33570 
895 944 63 0.738108365885503 32886 
896 945 51 0.3802477921111669 32946 
897 945 61 0.22053553938861312 33488 
898 946 57 0.6023423626370679 32808 
899 946 58 0.7362107007510243 33449 
900 946 56 0.4913019531158024 32460 
901 947 52 0.1829791714186534 33783 
902 947 63 0.26173113314321345 32600 
903 948 67 0.347162656261964 33308 
904 949 51 0.1035443750564989 32812 
905 953 59 0.5556016960876822 32165 
906 953 50 0.395266511806567 32598 
907 954 61 0.3563674631268779 33816 
908 955 56 0.36939378746332735 33724 
909 955 54 0.5536250754028842 33403 
910 956 62 0.20949016761876807 32570 
911 959 49 0.8007750409039808 33562 
912 960 54 0.1366121086478051 32106 
913 960 61 0.399375472085604 32998 
914 960 60 0.23053143454022731 32261 
915 962 54 0.8913449832144602 32263 
916 963 47 0.0896252849563952 33056 
917 966 57 0.37139074623069873 33254 
918 967 51 0.3966960911084672 33799 
919 968 51 0.8222247228476609 32851 
920 968 66 0.4965318946652155 33622 
921 969 66 0.5210527774623499 32621 
922 969 53 0.4644420262983429 32081 
923 970 63 0.05591939668314591 33001 
924 972 53 0.5897265202575889 32469 
925 973 49 0.5845641249820785 33314 
926 974 52 0.22503086876596368 33145 
927 975 67 0.4843242063295846 33347 
928 975 62 0.6444604987735599 32194 
929 976 58 0.17572733007196445 33793 
930 976 66 0.50998628058204 33480 
931 977 64 0.7488787997106623 33628 
932 977 53 0.5144488829726925 33662 
933 977 55 0.7491285143852578 31892 
934 978 57 0.3636098584795182 32071 
935 978 66 0.10156293922335863 33795 
936 979 61 0.23399822434908663 32135 
937 980 53 0.06536477404115126 32552 
938 982 53 0.03922018434781013 33755 
939 983 59 0.05261088023556952 32356 
940 983 59 0.535546415036558 33445 
941 983 53 0.16939936802598346 31863 
942 984 48 0.688973501314683 32004 
943 984 52 0.5575277352708558 32500 
944 986 53 0.44932438234331024 32103 
945 987 59 0.7364624700112978 31941 
946 988 62 0.49644153797500745 33590 
947 989 64 0.19953617687450595 32696 
948 989 63 0.6427964854107194 32941 
949 990 49 0.7158980299744837 32789 
950 991 60 0.8802850862514013 32628 
951 993 51 0.26437630767765175 33282 
952 993 57 0.42988861418188107 32579 
953 994 59 0.28676130623988955 32693 
954 995 48 0.32264335290630436 32539 
955 996 62 0.30009092409699434 32095 
956 997 54 0.1047450978244875 33685 
957 997 65 0.13494390265697934 32529 
958 997 47 0.6395797240923603 32914 
959 997 54 0.6559717517407474 31986 
960 1000 56 0.36238166295506574 32397 
961 1001 56 0.5519412889420763 32530 
962 1002 48 0.7533157576768729 32581 
963 1003 56 0.7909110003595393 32406 
964 1003 66 0.03843166185277385 32666 
965 1004 62 0.6597317453990253 31921 
966 1005 50 0.13861297395877523 33690 
967 1005 61 0.28784203032634637 32143 
968 1007 48 0.45430397620763885 32818 
969 1008 50 0.8047256898228687 32196 
970 1008 66 0.27345181565963306 33542 
971 1008 48 0.21834459670272913 32800 
972 1009 58 0.12809882922307614 31990 
973 1010 49 0.34585219517174226 33660 
974 1012 64 0.1865454127962943 33223 
975 1012 53 0.15695965387156585 32709 
976 1013 54 0.43454337118167574 32661 
977 1016 54 0.39331839268246593 33253 
978 1016 57 0.3774764320387474 32165 
979 1017 47 0.3439015682758356 33100 
980 1017 65 0.32647545333181976 32680 
981 1018 54 0.2873976789523017 32698 
982 1020 64 0.5523572982389915 32965 
983 1020 63 0.1800916592120871 32441 
984 1021 48 0.4900596862427053 33188 
985 1021 56 0.38771480176916084 32037 
986 1022 58 0.2947479871646555 33145 
987 1024 67 0.2977133950327858 32480 
988 1030 58 0.22085499245974546 33178 
989 1031 54 0.8455427897475789 33240 
990 1031 60 0.43186422748222175 32102 
991 1031 61 0.5798053250939537 32977 
992 1031 47 0.7295274948400551 32264 
993 1031 48 0.5711218810783749 32884 
994 1036 58 0.6036782944693231 32556 
995 1036 52 0.7089920081392879 33629 
996 1037 56 0.6675971683059291 31873 
997 1039 54 0.5492897636939524 32831 
998 1039 55 0.8108546514273616 31844 
999 1039 59 0.6009146397670714 32230 
1000 1041 50 0.4558543748953978 33150 
1001 1041 49 0.4042606261023441 32513 
1002 1042 48 0.8231234748936044 32498 
1003 1043 49 0.8862545653045446 32888 
1004 1046 47 0.16726050847255536 32373 
1005 1049 59 0.5066400731340156 31992 
1006 1049 66 0.06006648974045151 32824 
1007 1050 66 0.25944724685396925 32054 
1008 1052 65 0.8880947702885766 32271 
1009 1053 62 0.06706886857710773 33739 
1010 1053 52 0.4699806421234313 32894 
1011 1056 52 0.7745702310590756 32354 
1012 1058 55 0.1621429101852309 32087 
1013 1059 47 0.6179117600182372 33603 
1014 1060 60 0.445575286636032 33135 
1015 1061 60 0.46864368941566326 32138 
1016 1062 47 0.7528720699623723 32823 
1017 1062 48 0.09742467718880568 33224 
1018 1065 63 0.4893153797099493 32295 
1019 1066 60 0.5901561412721122 31826 
1020 1067 67 0.6284753806011011 32431 
1021 1067 54 0.6194547232221032 31969 
1022 1067 49 0.7022537883557901 33095 
1023 1068 49 0.8419677952221643 33493 
1024 1071 47 0.700122969354577 32475 
1025 1071 60 0.4334018349535453 32023 
1026 1071 50 0.07950979230516105 32192 
1027 1073 58 0.46509962118235615 32021 
1028 1075 59 0.8010672540344327 32419 
1029 1077 57 0.6050966437615023 33336 
1030 1079 65 0.3465376635835662 33162 
1031 1080 47 0.742491965682864 32972 
1032 1080 65 0.055945877716609284 33182 
1033 1080 51 0.026126073160197646 32248 
1034 1080 58 0.7354311761467738 31950 
1035 1081 49 0.6347447477488313 33229 
1036 1082 49 0.8102589198700368 33301 
1037 1082 52 0.555697197969017 32251 
1038 1082 62 0.4377603651144918 32067 
1039 1084 54 0.031850126603175884 33256 
1040 1084 63 0.6553659840647686 33308 
1041 1085 47 0.3158604916163085 32474 
1042 1086 53 0.2442859668010799 32908 
1043 1088 66 0.6177706316611848 32343 
1044 1088 62 0.12275606055207523 33493 
1045 1090 62 0.45293704412697156 32568 
1046 1090 48 0.8890866942814588 33312 
1047 1090 49 0.43069648781723113 31979 
1048 1091 58 0.41847955720928204 32929 
1049 1092 54 0.871331594350779 31916 
1050 1092 57 0.8194233701403352 32479 
1051 1093 49 0.703732601136081 33316 
1052 1095 61 0.6848458824073632 32833 
1053 1095 63 0.6519902388859 32193 
1054 1095 47 0.2802710532740018 33294 
1055 1096 52 0.34557296305442464 33387 
1056 1096 59 0.2669119944255357 32425 
1057 1096 51 0.6412068102162645 32596 
1058 1097 63 0.8416576345347051 33528 
1059 1099 47 0.6807277380030328 31827 
1060 1100 67 0.23029871317398884 31930 
1061 1101 62 0.12261680766509896 32706 
1062 1102 59 0.4394019095454046 31903 
1063 1102 61 0.14442307039608085 32814 
1064 1103 49 0.8003483403723651 33314 
1065 1106 61 0.8053280005191954 31826 
1066 1107 57 0.7435312034437109 32473 
1067 1108 48 0.48293212462268864 33040 
1068 1108 60 0.896104139636983 32286 
1069 1108 67 0.1349304527741465 33534 
1070 1110 57 0.6853281203955738 32411 
1071 1113 55 0.29182735879130184 32791 
1072 1113 63 0.5855111029564251 32680 
1073 1115 48 0.22736554212490254 32116 
1074 1115 60 0.15027400432322432 33128 
1075 1116 67 0.16612877397921788 32886 
1076 1117 51 0.6113399407957462 32526 
1077 1117 60 0.8246809194893531 32565 
1078 1117 51 0.8403564126603554 32687 
1079 1118 61 0.36871384899683435 33622 
1080 1118 50 0.7682154722960771 32171 
1081 1121 47 0.45318467118584277 32933 
1082 1126 56 0.5625768616311089 33130 
1083 1128 62 0.8631737263316439 32773 
1084 1129 50 0.80859553077088 32757 
1085 1130 51 0.7107601919234908 33701 
1086 1131 51 0.6631221390183123 33357 
1087 1132 57 0.4066025427396986 33078 
1088 1134 67 0.816134099671757 33096 
1089 1135 50 0.2914004316942998 33229 
1090 1137 64 0.5342081120385974 32349 
1091 1139 66 0.3821021701670538 33306 
1092 1144 63 0.6037861899412327 33422 
1093 1144 59 0.6344765661590089 33814 
1094 1149 51 0.736526869701712 32933 
1095 1150 60 0.76766726704344 32797 
1096 1151 52 0.7066533097817472 33790 
1097 1153 65 0.04433660016000518 33195 
1098 1153 47 0.4996254481212338 32520 
1099 1154 54 0.011928867151901555 32011 
1100 1155 66 0.5448746525868974 32062 
1101 1156 53 0.45534664198229735 32645 
1102 1161 50 0.5054858883987577 32754 
1103 1161 56 0.4960429832407204 33564 
1104 1162 61 0.7647235510479697 32863 
1105 1162 57 0.5857902260846259 32797 
1106 1163 48 0.15477775218934955 33012 
1107 1163 54 0.8643867539609489 32323 
1108 1165 58 0.49200234422132877 32846 
1109 1166 59 0.39419519263873387 33034 
1110 1166 57 0.18799857937939016 33190 
1111 1167 59 0.43194288676116877 32092 
1112 1167 67 0.3995262524612866 33607 
1113 1169 65 0.23773500675869583 33596 
1114 1169 64 0.8607193147650741 33767 
1115 1170 57 0.545346459694653 33497 
1116 1170 65 0.2544670524135669 33425 
1117 1171 59 0.6994546850563902 32208 
1118 1171 52 0.0840948994772827 32400 
1119 1172 63 0.05356015986697634 31824 
1120 1173 67 0.6574291011635581 31947 
1121 1174 65 0.6268332228003393 32450 
1122 1174 63 0.3852970321176316 33699 
1123 1174 62 0.8028413969786895 32347 
1124 1174 65 0.0693413261633248 33780 
1125 1176 54 0.24534093423372766 32321 
1126 1178 47 0.18819460717251146 33511 
1127 1178 56 0.7284393605143858 32015 
1128 1182 60 0.24694641655638816 32895 
1129 1183 51 0.5642688428132577 33062 
1130 1184 48 0.483952757850064 33362 
1131 1184 52 0.7418371253152225 33132 
1132 1184 66 0.5195846456251152 33667 
1133 1184 48 0.15660564092547635 33449 
1134 1185 51 0.29165048301801727 32493 
1135 1185 59 0.26597345943377093 31955 
1136 1185 63 0.03705760981648032 33706 
1137 1187 67 0.8411075387182348 33093 
1138 1187 55 0.5417310223599102 32971 
1139 1188 58 0.0616340696183832 33288 
1140 1189 50 0.1980289536154501 32323 
1141 1190 59 0.6071172212632235 32388 
1142 1191 60 0.8172411977096226 33780 
1143 1192 62 0.1424670934731357 33630 
1144 1195 54 0.3847700695367053 33413 
1145 1195 53 0.7608281454109213 32928 
1146 1195 60 0.2724678071480125 31933 
1147 1196 65 0.047907367284968305 31964 
1148 1197 60 0.368894883602415 33360 
1149 1198 67 0.47042922796544406 33413 
1150 1201 56 0.716935645941132 32691 
1151 1205 59 0.04565375600265462 32441 
1152 1205 50 0.6064390234838303 33384 
1153 1206 54 0.41811300438699955 32353 
1154 1207 63 0.5439424513213003 33220 
1155 1208 63 0.44716262507916826 33564 
1156 1208 55 0.12142613840593977 32409 
1157 1208 47 0.8111739665935093 33061 
1158 1208 63 0.7472045537433566 32401 
1159 1209 62 0.5302938601862972 31903 
1160 1209 62 0.10691446594529411 33282 
1161 1210 64 0.14735121850542562 32771 
1162 1210 48 0.4951519477887199 31920 
1163 1212 56 0.7201098652221263 31982 
1164 1212 59 0.8084574223741104 33407 
1165 1213 56 0.31146181788682437 33692 
1166 1213 66 0.7267701150405966 33800 
1167 1213 62 0.02654781806145102 32040 
1168 1214 57 0.27731438968797734 32132 
1169 1215 65 0.37136765881659994 32292 
1170 1215 63 0.8684083512797769 33196 
1171 1216 63 0.40859925546657383 33541 
1172 1216 50 0.5744315054970414 33623 
1173 1216 48 0.711686383639885 32803 
1174 1217 66 0.01312061062377283 33637 
1175 1217 58 0.7080171948244924 32321 
1176 1219 47 0.6300234049112056 32144 
1177 1219 65 0.14258708132755868 33650 
1178 1221 66 0.4520468696576905 33364 
1179 1221 60 0.6861373452417624 32754 
1180 1221 56 0.26213685149575466 32634 
1181 1221 58 0.29510643487781457 33159 
1182 1222 54 0.34980128004151656 33523 
1183 1223 56 0.6754878433442513 32016 
1184 1224 52 0.767974903219554 32239 
1185 1226 55 0.4927544582281554 32955 
1186 1226 64 0.7358811910797236 33773 
1187 1228 49 0.5947646076792235 32218 
1188 1228 49 0.7937496253708815 32683 
1189 1228 59 0.12916189224947733 33716 
1190 1228 67 0.18835956980724977 31834 
1191 1228 61 0.5312088449760607 31990 
1192 1233 55 0.4955571450229684 33742 
1193 1233 61 0.5850616606901028 33717 
1194 1234 48 0.8880275085838455 32999 
1195 1235 49 0.7684761031556633 33250 
1196 1236 63 0.3878927034156071 32508 
1197 1236 61 0.5007936218366191 32814 
1198 1236 50 0.7803062529671937 31897 
1199 1238 62 0.22121475902567045 32573 
1200 1239 52 0.3474013511191753 33229 
1201 1240 56 0.6428781938325072 33381 
1202 1240 59 0.1180505049356556 31864 
1203 1240 49 0.5306728683187636 33252 
1204 1240 49 0.5432164991596865 32492 
1205 1241 56 0.04426638047069224 32332 
1206 1241 60 0.4468404196963243 32639 
1207 1244 50 0.41341038642109973 32682 
1208 1246 48 0.2577949477324945 32115 
1209 1249 58 0.6241866088144284 33036 
1210 1251 60 0.12997723108252335 33331 
1211 1253 62 0.20527654185618843 32662 
1212 1256 53 0.5825463354800466 32915 
1213 1256 60 0.5214260395535723 33042 
1214 1256 62 0.6554453324692908 32557 
1215 1259 49 0.26769689101685323 32903 
1216 1259 65 0.8473767413187224 32080 
1217 1259 64 0.7188818776965609 32041 
1218 1260 60 0.5492886570495349 33785 
1219 1260 67 0.2898721904827302 33181 
1220 1260 53 0.08987692542151149 33016 
1221 1262 51 0.6990196883099007 32128 
1222 1263 55 0.8658883211399001 32543 
1223 1265 52 0.6264033296616179 33704 
1224 1265 56 0.020954908254211403 32843 
1225 1265 51 0.20148466951070673 32440 
1226 1268 59 0.630651102087947 33673 
1227 1268 65 0.4490726655961387 32676 
1228 1269 62 0.3619746166740328 32907 
1229 1270 55 0.7082963155851502 32131 
1230 1271 50 0.6480880572679194 33197 
1231 1271 47 0.38740299087200497 33790 
1232 1271 58 0.23996843810777044 33723 
1233 1273 52 0.18894034832320603 32810 
1234 1274 58 0.6988838562580673 33613 
1235 1276 59 0.5005515656444175 31886 
1236 1277 56 0.8471113543478859 33664 
1237 1277 54 0.4797947993116195 32543 
1238 1277 55 0.324232056406118 32358 
1239 1277 66 0.3803363277710037 32004 
1240 1279 52 0.2150511035099833 32837 
1241 1279 63 0.07718107561804421 32059 
1242 1279 54 0.2379580177257093 33305 
1243 1280 61 0.7272790721960355 33534 
1244 1283 56 0.41351032197967713 32453 
1245 1283 53 0.8634794680150873 31903 
1246 1284 54 0.7753907635542551 33091 
1247 1284 47 0.3206392323605305 31885 
1248 1287 61 0.6093396502767632 32593 
1249 1287 66 0.3328813653893575 32368 
1250 1287 56 0.8427896949654492 32196 
1251 1289 52 0.803307015643026 33526 
1252 1290 66 0.7393084790363142 32163 
1253 1290 55 0.6016826771119391 33576 
1254 1290 64 0.11668658297601861 32506 
1255 1290 62 0.30501401592884436 32885 
1256 1292 53 0.4084986594503806 31847 
1257 1292 67 0.5935904938883051 32305 
1258 1292 53 0.6655378193489802 33782 
1259 1294 50 0.4132793243123004 32695 
1260 1294 61 0.4832100243312659 31980 
1261 1294 55 0.38770796667230806 32284 
1262 1295 55 0.5016089655244708 32347 
1263 1295 65 0.5664347978716757 33570 
1264 1296 55 0.7125671540589332 31828 
1265 1300 55 0.5636153663291003 33261 
1266 1300 66 0.8394163900909359 33262 
1267 1302 55 0.6555910480532592 31922 
1268 1306 59 0.04142909976430481 33699 
1269 1307 47 0.414543924607659 32920 
1270 1309 65 0.24997489863842182 32377 
1271 1312 62 0.8272652437300114 32592 
1272 1312 51 0.4573457935752086 33684 
1273 1314 66 0.4121344166227194 32015 
1274 1316 48 0.369656419252479 32060 
1275 1316 63 0.2606704562850571 33694 
1276 1319 60 0.7933151582394182 32072 
1277 1319 65 0.5210302578170468 32498 
1278 1319 66 0.5081237954063168 33231 
1279 1320 64 0.5580473276584401 31848 
1280 1320 57 0.860607531356145 32283 
1281 1320 51 0.8266876665359808 32457 
1282 1321 53 0.8664092165838785 32214 
1283 1322 52 0.5597983377559292 32478 
1284 1322 52 0.33743176151696297 33565 
1285 1322 51 0.5644512506066949 33233 
1286 1323 67 0.3518689806954366 33371 
1287 1324 59 0.8560137464754808 31892 
1288 1325 66 0.19668811749121004 32852 
1289 1326 66 0.5825475077655033 32943 
1290 1327 47 0.3444059369651955 33266 
1291 1327 61 0.8089722999833837 32801 
1292 1330 51 0.4946247891972807 32321 
1293 1331 67 0.3317273355483823 33540 
1294 1332 60 0.5309956410032858 33441 
1295 1332 50 0.08168615023878001 32156 
1296 1332 55 0.33337813888060736 33587 
1297 1332 55 0.5251441740674734 33171 
1298 1332 53 0.19312885133704366 32642 
1299 1334 63 0.6328701345497645 33313 
1300 1336 67 0.4186452335449634 33312 
1301 1336 65 0.25172894893217473 33645 
1302 1336 57 0.7715051231031388 32123 
1303 1337 63 0.5230518017090261 32494 
1304 1338 65 0.6549552058804442 33473 
1305 1338 50 0.5063892006863613 33236 
1306 1339 57 0.33074115526165737 32910 
1307 1339 56 0.701104616832383 33195 
1308 1340 62 0.336810045923045 33012 
1309 1340 54 0.2550339550793908 31898 
1310 1340 62 0.31434484052897865 33283 
1311 1343 48 0.18896466003159884 33297 
1312 1343 61 0.3059108481816155 32476 
1313 1344 67 0.08098052262765094 32149 
1314 1348 50 0.4793791748728672 32136 
1315 1351 61 0.26901778433581297 32194 
1316 1351 55 0.3878373366389422 32361 
1317 1355 55 0.37602047872357197 32503 
1318 1356 53 0.5277044041906271 32206 
1319 1358 57 0.7056586991884694 32876 
1320 1358 49 0.8055964888833299 31840 
1321 1358 55 0.834209761092214 32073 
1322 1359 48 0.7586219334678996 33053 
1323 1362 57 0.2486041186321994 32131 
1324 1363 56 0.1697108723594117 32121 
1325 1363 55 0.20016704090724147 32235 
1326 1365 49 0.3840199955377908 33150 
1327 1365 65 0.4323339528196706 33757 
1328 1365 64 0.29345938054678167 32349 
1329 1365 62 0.32021518067776517 32478 
1330 1366 59 0.6691773152110666 31852 
1331 1366 56 0.6127294599768941 31965 
1332 1367 67 0.3550225303254257 32255 
1333 1367 67 0.18053046544012513 31915 
1334 1368 52 0.5657858253510772 33790 
1335 1369 52 0.12345407111972259 32978 
1336 1369 60 0.8443328521384483 32268 
1337 1369 66 0.11664094724993983 32036 
1338 1369 50 0.3230610654338622 31958 
1339 1371 59 0.26554196322787 32371 
1340 1372 54 0.10138797764742578 33165 
1341 1374 54 0.41739669135653173 32258 
1342 1375 51 0.22237632644674335 33092 
1343 1376 49 0.5186131531647826 31828 
1344 1376 65 0.8972881230061357 33388 
1345 1377 59 0.022595457323205254 32290 
1346 1378 58 0.7152087640131691 33651 
1347 1379 61 0.20688818240535187 32334 
1348 1381 61 0.8767362413824809 33330 
1349 1382 67 0.33683867453685484 33335 
1350 1382 67 0.6654131453094612 32352 
1351 1383 62 0.5600954415145641 33157 
1352 1384 51 0.8668774129498641 32067 
1353 1387 57 0.26217619076622223 33020 
1354 1388 53 0.5731567406280833 31998 
1355 1390 61 0.6953051067681638 33059 
1356 1390 48 0.3735066608580215 32829 
1357 1390 56 0.11178060735796583 32506 
1358 1394 54 0.10189191489332577 33228 
1359 1394 59 0.12919885939118272 33160 
1360 1394 50 0.5228600728423488 33615 
1361 1394 47 0.2802736425895195 32251 
1362 1395 64 0.09063197109039146 32221 
1363 1395 64 0.29466914410258016 33518 
1364 1396 47 0.0900378466633356 32940 
1365 1397 53 0.7150936136756878 32660 
1366 1397 62 0.1819199061276912 31923 
1367 1397 50 0.6394384104325399 33356 
1368 1399 47 0.42036247020070855 32624 
1369 1405 59 0.895576891698294 32666 
1370 1406 60 0.2756884382996752 32779 
1371 1407 63 0.14016355250959955 33709 
1372 1407 66 0.5223807827085247 33703 
1373 1408 59 0.2425752775185739 32051 
1374 1409 57 0.30570627611659196 33612 
1375 1410 62 0.7644294733282919 32096 
1376 1412 53 0.02194589841267927 32385 
1377 1412 62 0.4859353963057929 31852 
1378 1412 61 0.4772844692642241 33673 
1379 1413 53 0.45007662332621534 32534 
1380 1414 49 0.7087236810784167 33343 
1381 1416 62 0.24981061889405107 32304 
1382 1418 63 0.09176504417854169 31880 
1383 1419 47 0.653629068961962 33565 
1384 1419 59 0.6561906451126809 32510 
1385 1419 53 0.19995057543774997 32789 
1386 1423 65 0.0736715724527357 32675 
1387 1426 53 0.19596587397686852 32376 
1388 1426 47 0.499307201695614 32687 
1389 1426 64 0.5177479441771963 32843 
1390 1428 63 0.14976148064250652 33539 
1391 1428 66 0.29473160656168756 32770 
1392 1428 59 0.8974822243474858 33446 
1393 1430 61 0.044495618790654674 32959 
1394 1432 60 0.4428208250504066 32722 
1395 1432 58 0.7558320795830603 33754 
1396 1432 57 0.1643599236841512 32557 
1397 1433 56 0.0578417889402297 32272 
1398 1433 59 0.07910076437710156 33702 
1399 1435 66 0.7563868544940384 32821 
1400 1435 66 0.2047289588204301 32609 
1401 1436 48 0.6605892111706846 32647 
1402 1437 58 0.6499117993837518 33005 
1403 1438 61 0.44135999768098805 32498 
1404 1438 48 0.45429909043027683 33313 
1405 1442 65 0.047726948127842325 32409 
1406 1443 56 0.5551382261261554 32125 
1407 1444 50 0.318453084766584 32685 
1408 1444 50 0.5597844825188232 31868 
1409 1444 63 0.401815503947931 33502 
1410 1447 60 0.2088002632034391 33318 
1411 1447 58 0.10710248831095776 31946 
1412 1448 58 0.3354371020198082 33568 
1413 1448 63 0.28370122596590086 33355 
1414 1448 57 0.42104523440740454 32866 
1415 1449 58 0.1916515522897943 32737 
1416 1452 63 0.8219458049750085 33243 
1417 1453 50 0.38276953263583885 33164 
1418 1454 50 0.6515950754347437 32512 
1419 1457 64 0.07435781601932698 32199 
1420 1457 67 0.8698767079468442 32718 
1421 1459 50 0.11723189263137242 32842 
1422 1460 67 0.6240677749965794 33591 
1423 1461 64 0.15419138447652161 33310 
1424 1462 56 0.16144928966100555 32446 
1425 1464 66 0.5850292618700038 33512 
1426 1465 67 0.5251841608581693 32935 
1427 1466 50 0.541047606066163 32863 
1428 1466 66 0.6228444014252018 32780 
1429 1467 49 0.19903758426908114 33771 
1430 1468 65 0.07746045931608397 31994 
1431 1469 57 0.21121052058686224 33621 
1432 1470 51 0.09147019852590892 32227 
1433 1470 56 0.2638856555676485 33748 
1434 1470 49 0.15862094487209796 32846 
1435 1471 52 0.08488617620638285 32672 
1436 1471 63 0.4468197179264918 32851 
1437 1471 64 0.035693635690880056 33786 
1438 1472 52 0.6008187751345915 32191 
1439 1472 67 0.09346356555871024 32591 
1440 1473 47 0.7483888901481569 33185 
1441 1473 51 0.12715160938757986 32346 
1442 1474 55 0.5633852907540564 33542 
1443 1474 64 0.3820629843892364 32448 
1444 1475 55 0.021676758803445554 31950 
1445 1478 60 0.4485663321199369 32288 
1446 1478 66 0.3564648280826931 32509 
1447 1484 53 0.4458534435127294 33327 
1448 1485 61 0.23568768158894568 33706 
1449 1485 60 0.03140753589896229 33748 
1450 1486 52 0.8086633832302788 32953 
1451 1488 47 0.0899414143695867 33351 
1452 1492 64 0.18939328606822228 33604 
1453 1492 48 0.28887887899682296 33069 
1454 1492 50 0.37580011723554024 32845 
1455 1492 67 0.3185857802697768 33388 
1456 1492 57 0.024020765975437654 33625 
1457 1493 47 0.6348045038672251 33213 
1458 1493 47 0.6318332809104926 32835 
1459 1495 60 0.8188295804183375 32711 
1460 1496 64 0.7385291783932131 32603 
1461 1496 66 0.0694580130311996 32517 
1462 1497 64 0.7334982521945517 32436 
1463 1497 59 0.3566880869118625 32678 
1464 1498 65 0.029223740261460032 32776 
1465 1499 57 0.6177004922789292 33113 
1466 1500 50 0.07839620151217773 32577 
1467 1501 57 0.09615426554675166 32235 
1468 1501 53 0.7004382635991766 32950 
1469 1502 60 0.7325562313894113 33259 
1470 1505 54 0.5230394312818029 33540 
1471 1505 57 0.5325153549439611 31911 
1472 1506 66 0.1634928481188977 32773 
1473 1506 65 0.44212222926631956 33514 
1474 1507 47 0.22027453380820153 32309 
1475 1507 64 0.5667239899878362 32222 
1476 1507 57 0.7505979954361963 32682 
1477 1507 53 0.2592613474354642 32092 
1478 1508 63 0.33500867024123654 32603 
1479 1508 49 0.31876325654298737 33736 
1480 1510 53 0.8214576748170952 33542 
1481 1511 60 0.7193678787171176 32084 
1482 1511 65 0.3524823334844983 33571 
1483 1512 65 0.0743143255832979 33603 
1484 1514 52 0.6994044929523731 33781 
1485 1515 67 0.2880912051657259 31995 
1486 1516 50 0.3030910625099115 32142 
1487 1517 58 0.7421296038467065 32898 
1488 1517 59 0.5869439641575386 33467 
1489 1517 50 0.14936294824134436 32458 
1490 1518 49 0.10335907645768484 32966 
1491 1520 64 0.06526226377949995 33257 
1492 1520 55 0.3152328735702031 32713 
1493 1521 54 0.14361895513372008 32806 
1494 1525 49 0.2927510680302922 32944 
1495 1525 59 0.8595261924362584 31876 
1496 1529 59 0.6798626543696146 32625 
1497 1530 62 0.7116016344068993 32965 
1498 1530 51 0.8671205670739005 31893 
1499 1532 63 0.5489250317418065 32109 
1500 1534 62 0.3103573814551258 33012 
1501 1535 53 0.6145199523670508 32995 
1502 1536 51 0.35028870769204334 33341 
1503 1537 50 0.6907235177482491 32766 
1504 1538 47 0.2578420767941155 33772 
1505 1539 53 0.8976554940187844 33673 
1506 1539 52 0.015274949900437339 32942 
1507 1540 54 0.7116231542877554 32611 
1508 1540 61 0.3027826175009635 33360 
1509 1540 62 0.03120101970211188 33784 
1510 1541 55 0.6521657122470765 32223 
1511 1541 57 0.8286533823854576 33261 
1512 1541 56 0.33862230162939866 33661 
1513 1541 56 0.7201768633646248 33353 
1514 1543 59 0.2229152984217927 33702 
1515 1547 63 0.6124086505511748 32317 
1516 1547 67 0.5442409207801621 33326 
1517 1548 51 0.6689470912142077 32819 
1518 1548 47 0.03779213538142993 32842 
1519 1548 54 0.46000509506925186 32435 
1520 1549 50 0.36993314009823325 32322 
1521 1549 60 0.7805992637896557 32722 
1522 1549 48 0.8744471126987429 32004 
1523 1550 57 0.09784023689247069 32590 
1524 1551 57 0.33422606104708447 32535 
1525 1551 64 0.8344679741665688 33496 
1526 1551 65 0.3456990686947415 33318 
1527 1552 52 0.6832468149436662 32959 
1528 1552 48 0.6296864285759047 33561 
1529 1553 59 0.3433362491035529 33479 
1530 1554 59 0.7303355095200113 31879 
1531 1554 51 0.3489737225776615 31999 
1532 1556 65 0.40196533647328564 32058 
1533 1557 60 0.41417196604243584 31958 
1534 1558 66 0.24749331789939322 32433 
1535 1560 59 0.29634994401618436 32890 
1536 1560 56 0.5977167786989668 33046 
1537 1562 51 0.11450890612261422 33326 
1538 1563 59 0.5277111777690354 32108 
1539 1564 61 0.8600351075856258 33774 
1540 1564 66 0.7940193560069042 31956 
1541 1565 52 0.8821394050262858 33815 
1542 1565 56 0.6263649764498982 31852 
1543 1569 66 0.41954630888208383 33303 
1544 1569 66 0.29018280905509236 33420 
1545 1570 47 0.5716664436200711 33689 
1546 1570 66 0.4114370974880558 32150 
1547 1572 50 0.7293926636240067 33509 
1548 1573 55 0.4565892418346573 32596 
1549 1574 53 0.536564062665432 32588 
1550 1575 64 0.4609794565195934 32446 
1551 1575 56 0.8610200333883824 32326 
1552 1585 63 0.8376463905120142 33009 
1553 1587 48 0.19660280410821732 33533 
1554 1589 49 0.8628320444242497 31817 
1555 1589 48 0.30421744576058407 32103 
1556 1593 61 0.6649171232512228 33693 
1557 1593 51 0.7089216904257833 32268 
1558 1594 64 0.6457379237707361 33284 
1559 1594 51 0.4905196120552122 32927 
1560 1601 59 0.6832049551270102 33646 
1561 1601 49 0.1689526159845943 33706 
1562 1601 48 0.7753104511684229 33576 
1563 1606 61 0.8866530027433726 32889 
1564 1607 48 0.24184272799311224 33266 
1565 1607 49 0.7136392743403162 33468 
1566 1607 67 0.13817066873293585 32302 
1567 1607 67 0.06731098046760597 32336 
1568 1607 61 0.8303934977494398 32702 
1569 1609 66 0.23123446396471098 31927 
1570 1609 66 0.5153191629082777 33497 
1571 1610 56 0.3884775901740174 32628 
1572 1611 50 0.2492251339382125 33722 
1573 1611 48 0.6491155455241555 33763 
1574 1615 51 0.4096205064628305 32624 
1575 1615 55 0.6845534405774274 32517 
1576 1616 50 0.4112425703656698 33067 
1577 1616 60 0.8662954710885219 32139 
1578 1617 47 0.2157080892004016 33035 
1579 1617 55 0.5613438739832098 31992 
1580 1617 52 0.48795249532367485 32320 
1581 1618 54 0.02401166408670029 33465 
1582 1619 54 0.4952967126686239 33684 
1583 1620 62 0.2341816347436249 33106 
1584 1621 66 0.31789635532165067 32965 
1585 1624 50 0.1909609136363768 31978 
1586 1626 54 0.5377038526233087 32341 
1587 1628 57 0.7743861784201566 33100 
1588 1629 48 0.38428807723947467 32397 
1589 1630 48 0.0837362592049724 33290 
1590 1631 65 0.6719753046112258 33638 
1591 1632 57 0.6175923024787565 32803 
1592 1633 54 0.6680104635820978 32304 
1593 1633 65 0.8291799861046381 32292 
1594 1635 66 0.4483565711800255 31990 
1595 1635 58 0.6570798515354582 33061 
1596 1635 51 0.3201798233333733 32932 
1597 1635 49 0.28134215819903835 32205 
1598 1636 50 0.8623636908634812 32774 
1599 1637 51 0.6460900134612265 33150 
1600 1638 47 0.7595773680142179 31984 
1601 1639 65 0.7628127756893323 32729 
1602 1639 58 0.20180824409402054 33209 
1603 1639 53 0.815758667483966 33793 
1604 1639 49 0.7555382927099372 33129 
1605 1641 65 0.5219128973161192 32409 
1606 1642 59 0.14497613217597355 33153 
1607 1644 53 0.24648776350004103 32198 
1608 1645 51 0.8879207966340221 32344 
1609 1646 60 0.6746454404740463 33346 
1610 1647 55 0.2658898649180849 32916 
1611 1650 53 0.8281236958134436 33133 
1612 1650 63 0.4806302705248364 31827 
1613 1651 59 0.7725317655398123 31857 
1614 1651 55 0.5055143984326048 31871 
1615 1652 52 0.42352174024802314 32981 
1616 1652 59 0.4843975840753092 32783 
1617 1652 59 0.11344521844137957 32599 
1618 1654 65 0.5655970129154695 32729 
1619 1659 59 0.5398965351118842 32292 
1620 1660 47 0.6205373561615455 31874 
1621 1661 55 0.7222776163223418 32586 
1622 1662 54 0.5951626759559318 32967 
1623 1664 65 0.6485918178329293 32431 
1624 1665 52 0.42262180206216277 32890 
1625 1667 58 0.3703746592912588 33802 
1626 1669 64 0.7945970315337815 32170 
1627 1669 67 0.7153695289985288 33185 
1628 1672 49 0.7248230407327547 33792 
1629 1673 64 0.10171775076642077 32919 
1630 1674 47 0.3807101020779611 32451 
1631 1674 63 0.07326894009764783 32251 
1632 1676 53 0.13343411663541663 32138 
1633 1677 58 0.3780702038777379 32967 
1634 1677 53 0.6303857438434595 32391 
1635 1678 61 0.5863636265639472 33137 
1636 1678 64 0.33319123904479137 32250 
1637 1678 57 0.5942898403998428 33777 
1638 1678 56 0.833440349634608 32723 
1639 1679 56 0.09909661695164741 33513 
1640 1681 63 0.8567409245627536 32231 
1641 1682 57 0.29838614379807915 32039 
1642 1684 50 0.8823284571211059 32223 
1643 1685 54 0.38047729199116814 32208 
1644 1688 56 0.533884559647578 32808 
1645 1688 52 0.6343640119050749 33748 
1646 1689 47 0.8470941028809174 33782 
1647 1690 64 0.16959154881567415 33700 
1648 1690 50 0.05782051222535104 33685 
1649 1690 63 0.011488839186132662 33595 
1650 1693 50 0.18221293611395475 32282 
1651 1693 62 0.3477576627311364 31817 
1652 1694 67 0.4471024828542816 31849 
1653 1695 64 0.587656693386452 31874 
1654 1695 51 0.6721163386385699 32016 
1655 1696 56 0.1442935620779866 33565 
1656 1696 61 0.16269733885544876 32221 
1657 1697 53 0.5064990276728634 33125 
1658 1700 53 0.6636516778905344 32368 
1659 1702 49 0.2043990394970655 33520 
1660 1703 48 0.871169639525926 32622 
1661 1703 52 0.10441488495785102 33421 
1662 1704 63 0.6569657353146534 32659 
1663 1704 61 0.8447115117195537 33388 
1664 1705 51 0.15961313348596612 33250 
1665 1707 50 0.06617250542778629 33056 
1666 1708 62 0.6107705962852076 32526 
1667 1708 66 0.5324006166462762 32257 
1668 1711 64 0.28984101221203845 33283 
1669 1713 47 0.48610796751262225 32268 
1670 1713 64 0.8838582094491487 33815 
1671 1714 65 0.6468672126959353 31992 
1672 1714 56 0.45452126567368306 32863 
1673 1714 49 0.024258977962484718 32564 
1674 1715 47 0.8459566327650593 32988 
1675 1718 54 0.6073280792298658 33563 
1676 1718 60 0.2985926669066324 33129 
1677 1718 49 0.14569487335696335 32817 
1678 1720 58 0.2167558470780768 32950 
1679 1720 50 0.7743541028559775 33250 
1680 1720 66 0.43872973764590417 33690 
1681 1721 54 0.7932418094436173 33049 
1682 1721 61 0.6581761641238124 33432 
1683 1722 67 0.8633559743565475 33426 
1684 1727 50 0.5798190938511788 32159 
1685 1732 47 0.6245230147173262 32813 
1686 1733 57 0.3992087970066024 31947 
1687 1733 50 0.6204356199706109 33456 
1688 1734 56 0.7254920511119443 33121 
1689 1736 61 0.854203905487547 32313 
1690 1739 53 0.6557016730663056 32154 
1691 1739 61 0.8098345996746757 32507 
1692 1739 49 0.2941272329240855 33465 
1693 1742 55 0.8368100616512563 32028 
1694 1743 62 0.719780636368142 32179 
1695 1744 64 0.6795277778162379 33713 
1696 1744 66 0.5459034909816604 32141 
1697 1744 52 0.8640591264157653 33697 
1698 1747 55 0.6795374478297486 32109 
1699 1747 66 0.15975808038525013 32555 
1700 1747 47 0.7040837920761717 33455 
1701 1747 59 0.7208405987732144 32176 
1702 1747 52 0.15906337905333026 32879 
1703 1751 61 0.36794525097198694 33140 
1704 1752 53 0.49514675682184117 33482 
1705 1753 52 0.5342448948449489 32487 
1706 1754 63 0.6519305041780069 32069 
1707 1755 56 0.2547425809644561 33374 
1708 1755 61 0.29168032733234545 32665 
1709 1755 49 0.2910502440394154 32807 
1710 1756 50 0.10193824604438023 33756 
1711 1758 51 0.21047906199159414 32347 
1712 1758 50 0.02181321804968197 32175 
1713 1758 60 0.1888793377065277 33576 
1714 1761 67 0.7095125186168117 33779 
1715 1762 58 0.5991127227679686 33776 
1716 1763 55 0.07659366694285238 33486 
1717 1763 64 0.5286665873911487 32741 
1718 1765 51 0.22718586000576738 33051 
1719 1766 59 0.1200729983227685 33730 
1720 1770 60 0.5098025091880016 33494 
1721 1771 65 0.6661902888642407 33402 
1722 1771 49 0.1694281957564991 33413 
1723 1771 51 0.17257143917091336 33144 
1724 1771 49 0.11847322275729524 33076 
1725 1771 54 0.4180016484896635 33566 
1726 1772 63 0.8483497990398837 32024 
1727 1773 60 0.29847125477798375 33566 
1728 1773 49 0.4134342522933565 32474 
1729 1774 48 0.3213276258232944 32502 
1730 1775 53 0.10103876466884515 33654 
1731 1776 55 0.47047294580052595 32901 
1732 1776 59 0.5399973736361913 32890 
1733 1778 58 0.1434659762127811 32725 
1734 1779 51 0.5378888895516246 32534 
1735 1779 48 0.811434996723705 32873 
1736 1780 52 0.129140552802743 31973 
1737 1780 60 0.3683859901799263 33601 
1738 1780 54 0.3373666203538532 31835 
1739 1781 50 0.2769380270305023 31845 
1740 1781 61 0.28459710903501306 32943 
1741 1782 47 0.08351795576132037 32507 
1742 1783 64 0.408702636088122 33420 
1743 1783 65 0.8240413723025013 31856 
1744 1784 61 0.6219462358145166 33799 
1745 1784 58 0.576963138867839 32157 
1746 1785 63 0.6504206638751069 33533 
1747 1786 60 0.05742052135851743 32285 
1748 1786 62 0.017073213472154784 32704 
1749 1787 62 0.6959986866296273 33310 
1750 1788 58 0.2592759288550891 33377 
1751 1789 66 0.7302929437591341 32413 
1752 1789 51 0.7990273051489754 32425 
1753 1791 53 0.36001157282251395 31819 
1754 1792 59 0.11943199212780989 32247 
1755 1793 49 0.01322083371041847 33629 
1756 1794 52 0.8518739935338223 32356 
1757 1795 52 0.7246524875812237 32243 
1758 1797 47 0.6956735880952998 33713 
1759 1798 55 0.6556992010175555 33712 
1760 1799 47 0.251367132016064 32933 
1761 1800 56 0.8282859433492271 33577 
1762 1800 47 0.6328186437864769 33308 
1763 1801 47 0.33928747426089456 32484 
1764 1801 57 0.1116532517842222 31907 
1765 1803 49 0.25145728174901544 32897 
1766 1803 63 0.3937966894622631 31975 
1767 1806 65 0.10373297746856006 33475 
1768 1806 55 0.8904359424444633 33709 
1769 1807 50 0.12833303026914447 33160 
1770 1808 50 0.262859235480371 32193 
1771 1810 62 0.44801494862018476 32439 
1772 1810 57 0.18856674768248483 32550 
1773 1812 66 0.5887336246766302 33353 
1774 1813 61 0.46159660484984044 33175 
1775 1814 63 0.3932032659276702 33156 
1776 1815 53 0.3070577971346068 31877 
1777 1815 58 0.1490630778316296 33618 
1778 1816 53 0.42354043397219737 33679 
1779 1821 58 0.603580627895524 32250 
1780 1822 59 0.4996687755514859 32016 
1781 1823 64 0.1869600084438226 33763 
1782 1824 51 0.39079498889745545 32096 
1783 1825 55 0.6449173736032285 31949 
1784 1825 58 0.19106409046117143 33654 
1785 1827 57 0.35817654315050707 32090 
1786 1831 59 0.7088590632327514 32408 
1787 1831 64 0.04977997512323873 33407 
1788 1831 60 0.18509821666896206 33464 
1789 1832 57 0.8114218414951768 33062 
1790 1833 56 0.5767747724337557 32433 
1791 1833 49 0.10344317357127089 32744 
1792 1834 54 0.3590622763249322 31900 
1793 1835 67 0.8131471294521264 33063 
1794 1835 66 0.40822873654778075 31850 
1795 1835 50 0.2437819579990143 31954 
1796 1837 48 0.4672525811626107 33007 
1797 1838 54 0.49131884364558237 33802 
1798 1838 60 0.6508265467372498 32493 
1799 1838 52 0.8921312825422845 31912 
1800 1839 51 0.49656714413830433 33172 
1801 1840 58 0.7206794207033902 32180 
1802 1840 63 0.2543872727004083 33414 
1803 1843 50 0.43567821592063094 32031 
1804 1843 63 0.5608599293174505 32453 
1805 1843 47 0.39144582095756536 32333 
1806 1844 67 0.5763339552798967 32315 
1807 1844 60 0.1487207983804679 31893 
1808 1845 59 0.6654518908102217 32028 
1809 1846 63 0.18543021602384407 32896 
1810 1847 54 0.7370169183396632 33461 
1811 1847 49 0.5645649498031294 33303 
1812 1848 61 0.2182098373698717 33534 
1813 1849 53 0.33203028652741673 31827 
1814 1849 48 0.5875740637911829 33498 
1815 1849 67 0.15938565861976842 32839 
1816 1849 47 0.8381550476235143 32831 
1817 1849 67 0.7925243543476804 31974 
1818 1850 67 0.7393145498259692 32428 
1819 1851 55 0.7144447399015513 32088 
1820 1852 50 0.7660923718507717 32264 
1821 1855 55 0.6429507578587695 32245 
1822 1855 54 0.5906308574625465 32612 
1823 1855 63 0.31800403953234124 33346 
1824 1857 66 0.29843060810903804 32297 
1825 1859 65 0.4123323644307386 32026 
1826 1859 48 0.6328027142387439 32243 
1827 1860 63 0.49070370367536464 33100 
1828 1860 63 0.3051719993049706 33738 
1829 1860 57 0.8914446337899264 32809 
1830 1860 51 0.8269357211523929 33411 
1831 1861 47 0.21733744244116818 32935 
1832 1862 49 0.8269400609089086 32032 
1833 1862 55 0.34102191159591666 32717 
1834 1862 55 0.4047484537245372 33310 
1835 1864 54 0.3853274071203079 32629 
1836 1864 49 0.2231667596207489 32096 
1837 1865 59 0.7057429227144387 33615 
1838 1865 65 0.5541602053518171 32317 
1839 1866 50 0.012063080563709926 33000 
1840 1868 64 0.43005869842076344 33743 
1841 1869 47 0.33150903179430996 32275 
1842 1870 47 0.15533100132655533 33698 
1843 1871 58 0.4839931494706057 33478 
1844 1872 65 0.01033568827585721 32418 
1845 1873 51 0.642269618288689 33698 
1846 1873 48 0.26517998660941594 31991 
1847 1874 63 0.6512620313315045 32084 
1848 1875 67 0.8541790641456692 33625 
1849 1875 61 0.34021390658693074 32106 
1850 1875 59 0.2378512428184047 31824 
1851 1876 54 0.3197774949015145 31921 
1852 1878 64 0.729475797951603 32501 
1853 1880 49 0.5714246649383412 33036 
1854 1880 63 0.6924725064950857 32840 
1855 1882 59 0.14308067093828325 33331 
1856 1882 48 0.7500560057779732 32090 
1857 1882 55 0.4423521375722233 33024 
1858 1883 54 0.05886305969227983 32786 
1859 1884 51 0.6004690532845689 33115 
1860 1884 60 0.29678842079426015 33669 
1861 1885 67 0.293536652849062 32894 
1862 1886 55 0.896530061094005 33121 
1863 1886 64 0.6386822247500775 32279 
1864 1888 63 0.37873642391054924 33466 
1865 1889 50 0.01604394999996986 32763 
1866 1890 60 0.0956154327679657 32703 
1867 1890 50 0.8700288801922947 32985 
1868 1892 63 0.2660179070755033 32318 
1869 1894 58 0.8782829411005254 33305 
1870 1895 47 0.22569065633509303 33295 
1871 1896 58 0.41127181442049604 32765 
1872 1896 59 0.3026673553043612 33583 
1873 1897 50 0.7458274937482876 32467 
1874 1897 51 0.4301770415593248 33404 
1875 1898 50 0.35911258422356707 32337 
1876 1899 56 0.6810347394770442 33513 
1877 1900 55 0.7337948544613462 32022 
1878 1901 50 0.19236679872911208 32226 
1879 1905 64 0.6494896660243412 33245 
1880 1905 63 0.13758203494829344 32813 
1881 1905 47 0.4902903421670102 32284 
1882 1907 61 0.8817814491390805 32946 
1883 1907 54 0.10549994587558975 33074 
1884 1909 52 0.1358321027560178 32349 
1885 1909 58 0.37230501626866996 31901 
1886 1910 57 0.17512117838113267 31945 
1887 1911 66 0.24900647373887094 33109 
1888 1912 65 0.12967110615756963 33628 
1889 1912 66 0.04851155959072469 33606 
1890 1914 50 0.14704141484791491 33358 
1891 1914 58 0.6588112527674337 33328 
1892 1917 66 0.3719479509533039 32865 
1893 1917 51 0.0870218977231745 33382 
1894 1918 50 0.8283383009742541 32467 
1895 1918 58 0.3897667872210943 33005 
1896 1920 57 0.03917806545734535 32458 
1897 1920 51 0.4727349788048081 32006 
1898 1920 59 0.42461492892034963 32423 
1899 1920 61 0.04700084460841835 31837 
1900 1920 61 0.6059670583892891 32907 
1901 1921 54 0.7454155594770686 32815 
1902 1921 49 0.43263952889913465 33466 
1903 1922 60 0.13008738622546911 33050 
1904 1924 50 0.6539730763444966 33021 
1905 1927 67 0.7137553502235046 32249 
1906 1927 64 0.6116669923521837 32119 
1907 1928 60 0.8745421857087576 33654 
1908 1928 49 0.2325464130302001 31846 
1909 1929 54 0.21217021987616222 32539 
1910 1929 48 0.4215796838542127 33334 
1911 1929 61 0.30106466231497575 33669 
1912 1932 67 0.23772759618560524 33638 
1913 1932 55 0.34156548831474576 31965 
1914 1933 55 0.011885649796421382 33143 
1915 1933 50 0.8016098281475398 32977 
1916 1933 47 0.3217683229636762 32783 
1917 1934 47 0.7975176514065423 32005 
1918 1936 60 0.4636994611210937 33794 
1919 1936 59 0.4280178283989963 32782 
1920 1937 61 0.777454660362675 32523 
1921 1937 48 0.3446630371716962 32851 
1922 1938 64 0.13768378448050483 32243 
1923 1938 52 0.824654540492521 33079 
1924 1939 53 0.7331397259719933 32750 
1925 1939 62 0.5335594687244295 33348 
1926 1940 51 0.8992532759433608 32702 
1927 1940 52 0.14792911017000784 33308 
1928 1941 66 0.12699229963143208 33625 
1929 1941 62 0.10264803189778174 33253 
1930 1941 64 0.07949078246415081 33225 
1931 1942 62 0.7858516289176347 33410 
1932 1943 58 0.8655089541107769 32717 
1933 1944 50 0.16340930988940522 32930 
1934 1944 57 0.43267013875754823 32685 
1935 1944 54 0.28183988995948106 32665 
1936 1944 59 0.16298688763015287 33232 
1937 1945 50 0.2804887020271114 32073 
1938 1945 62 0.2886965622605679 31955 
1939 1945 56 0.16786501672681234 33105 
1940 1946 61 0.4758747044276391 33199 
1941 1950 50 0.4368222287891405 33300 
1942 1950 62 0.0532948224385408 33260 
1943 1951 54 0.44965566712208 32655 
1944 1952 47 0.05553053107246752 32221 
1945 1953 64 0.5261512448997285 33390 
1946 1953 66 0.21642457672799792 32977 
1947 1954 51 0.07726606421680882 32644 
1948 1957 60 0.6574764460315449 32340 
1949 1958 62 0.5027386354554728 32615 
1950 1959 47 0.4556718823410707 33091 
1951 1959 56 0.28905563157446096 32787 
1952 1960 47 0.23983863380688936 32872 
1953 1961 64 0.7994141949767377 32009 
1954 1961 54 0.07286776567146103 33023 
1955 1961 51 0.4710314437737357 33438 
1956 1962 53 0.20245839566033813 32579 
1957 1963 58 0.0649521485546959 33078 
1958 1963 61 0.060708616800375856 32159 
1959 1964 65 0.019521104889262612 33490 
1960 1965 63 0.4231924515535064 32340 
1961 1966 55 0.11613200323294681 32620 
1962 1966 65 0.39043074352036655 33203 
1963 1967 66 0.5915686160480375 32976 
1964 1969 52 0.6134797109975804 32506 
1965 1969 60 0.5043941203164085 33041 
1966 1970 61 0.03166758499564111 32228 
1967 1970 53 0.482287123034368 32040 
1968 1970 58 0.11114769158945799 32210 
1969 1971 51 0.07203788359485416 31958 
1970 1973 55 0.8487454352329151 32052 
1971 1975 50 0.5638136565640438 32652 
1972 1977 54 0.6945555384839883 32606 
1973 1979 48 0.813567833795246 31911 
1974 1980 62 0.7083215824032782 31938 
1975 1981 48 0.7149886673823556 32697 
1976 1983 50 0.8236425245536871 31959 
1977 1984 51 0.44487777811727375 32193 
1978 1986 65 0.35636506422120084 33196 
1979 1987 67 0.5832802205483005 33018 
1980 1987 56 0.12895830389900695 31918 
1981 1989 59 0.7621423637498441 32731 
1982 1989 60 0.17442845280665248 32111 
1983 1989 65 0.20820072851193258 33439 
1984 1991 49 0.6824390780838441 32110 
1985 1991 59 0.5041069240270423 32104 
1986 1991 61 0.4862133035630622 32186 
1987 1992 60 0.48089102611091145 31915 
1988 1992 64 0.7748892707862007 33437 
1989 1993 58 0.6812180742139652 33483 
1990 1993 56 0.34390597999053296 32320 
1991 1994 48 0.2790036861673715 32014 
1992 1995 61 0.4403782114630692 32874 
1993 1996 53 0.09470903301054494 32754 
1994 1996 59 0.5524868165731999 32750 
1995 1997 51 0.4436301071684137 33631 
1996 1998 64 0.8787590587459672 32992 
1997 1998 48 0.3574097549154604 33195 
1998 1999 56 0.40054468766268597 32329 
1999 2000 53 0.7472761247701001 33573 
2000 0 51 0.1551155981951177 32300 
