1 8 16869 0.31992111002061296 2178 
2 8 16427 0.800274622397384 2202 
3 8 15543 0.6547871471290735 2189 
4 8 15295 0.40195534247150794 2266 
5 9 15382 0.6692858763967291 2160 
6 9 15068 0.223976163775825 2270 
7 11 15306 0.7206342062117929 2209 
8 11 15448 0.6876593439162131 2322 
9 11 16573 0.8821846375452522 2309 
10 11 15100 0.7337166313007343 2296 
11 14 15902 0.6150976247428687 2272 
12 14 15291 0.45298148114047865 2133 
13 15 15155 0.7887107312046046 2201 
14 15 15040 0.4559790607597165 2191 
15 0 16961 0.7160455614484363 2236 
