1 3 18148 31.496162346341944 43134 
2 5 17465 39.16132747733845 44719 
3 5 18526 42.08916277206032 43088 
4 8 18994 20.665995903194023 43074 
5 11 17698 40.97982659448462 44703 
6 17 18741 22.69904527706968 44356 
7 18 18022 12.10220116840437 43814 
8 20 17553 47.63547505331306 43753 
9 21 18443 33.53483668249222 43340 
10 21 18102 37.29961813803619 44472 
11 23 17900 37.52195213222322 44612 
12 23 19215 22.99048640162132 43265 
13 23 18232 46.850555464149494 44599 
14 27 17344 42.49242951484489 43982 
15 27 18066 18.7819988770519 43176 
16 29 17317 28.16435523856598 43634 
17 32 18311 43.92096412206196 44359 
18 32 18692 47.58078145087181 44698 
19 36 19035 25.049306056267024 44789 
20 36 17699 34.53932465196933 44361 
21 36 18306 46.906634298104116 44175 
22 38 17517 18.034047335239723 44826 
23 39 18004 45.86578632388004 44160 
24 40 18776 11.114092334978745 43374 
25 40 19098 18.6617121497762 44743 
26 43 18925 12.610386865904237 43229 
27 44 18402 42.7779485453122 43459 
28 45 18671 22.71968821775117 44407 
29 46 18063 47.813899033706754 44183 
30 46 19163 18.515640144923623 43250 
31 47 18201 32.56312516162313 43857 
32 48 18459 33.4928692108565 44146 
33 48 19203 40.05407558459308 44456 
34 48 18138 31.510656403159526 44659 
35 49 17639 33.37213272301953 44558 
36 50 18603 46.11414027636544 44904 
37 50 17429 14.177917761516454 43682 
38 51 18386 32.74837601213155 44366 
39 53 17521 12.117218033410474 44505 
40 53 18586 18.912046673143365 44365 
41 56 17292 49.980260377511144 44248 
42 58 17867 15.465899644321922 44098 
43 60 18083 29.741494581818454 44328 
44 61 18464 38.70158321077228 44648 
45 61 17922 15.985995985907145 43673 
46 62 17268 42.69681217291432 44736 
47 62 17445 20.973204543969114 43185 
48 64 17932 35.41470278504452 43479 
49 64 17914 15.6373304177419 44441 
50 65 18272 46.80928909532878 44851 
51 65 17760 10.429582062240792 43236 
52 66 18750 47.523470525737736 44211 
53 68 17593 17.820890655484426 44314 
54 69 18260 12.751227573916397 43611 
55 69 18033 39.751202708008165 44581 
56 69 17403 25.941536306897905 44022 
57 70 18349 19.48416308674988 43997 
58 70 19061 33.74940003568736 44257 
59 70 18963 33.14089193072756 44218 
60 71 17488 24.766078677910205 43911 
61 73 17513 47.12225485402658 44381 
62 74 18754 48.68367253254204 43896 
63 75 18340 35.49999102512664 44547 
64 77 17918 34.930999156731005 44292 
65 80 19119 46.485319791962574 44899 
66 81 18741 17.596968948493306 43072 
67 82 18056 11.812408784584964 43021 
68 84 17439 37.58974071622792 43090 
69 85 18515 45.378347459320906 44333 
70 86 17577 21.41992471861796 44546 
71 88 18437 36.25489501573535 44592 
72 88 18905 29.21321982304661 43322 
73 89 17391 17.69101486738434 44224 
74 90 18207 48.62536344998872 44193 
75 90 17609 14.763536006093751 43893 
76 91 18293 34.081583275423526 44368 
77 92 17457 33.694847117390964 44812 
78 93 17318 31.72075427638515 43748 
79 94 18462 13.102354445329404 44076 
80 97 19006 40.52994622319399 43811 
81 98 17563 32.137864211727674 43318 
82 98 18480 11.613557741518274 44412 
83 98 17693 27.578096436356155 43777 
84 100 17615 17.628907898492592 44417 
85 102 17835 22.604044713713684 43507 
86 102 19146 43.970687923444146 43972 
87 102 17652 31.002248922592116 44843 
88 103 18291 31.87559759138518 44655 
89 103 18477 18.145543224954096 43065 
90 106 17792 17.399654076343303 43507 
91 106 18474 26.62862656479872 44353 
92 106 17600 41.195607192140145 44871 
93 108 18274 34.05746492156336 44193 
94 111 19154 43.79336668996669 44780 
95 112 18160 39.278601862385514 44497 
96 113 18893 24.954270760557463 43656 
97 114 18325 48.044718267456666 44812 
98 114 17754 17.11320269676544 44618 
99 114 17966 19.18690551541448 43488 
100 115 17545 21.52858272770462 43188 
101 116 17701 11.873204624873441 44016 
102 117 18748 45.59442049912032 44185 
103 119 17585 28.643767630999456 43090 
104 119 18315 34.54453440537418 44744 
105 122 17559 20.997053634352998 44503 
106 123 18459 40.40846795427868 44295 
107 123 17394 12.17074523285321 43861 
108 124 18867 23.37622205565147 43284 
109 124 17548 33.63197074991159 43057 
110 124 17318 43.31358159714246 44518 
111 125 19186 10.229525136257799 43014 
112 125 17396 40.38674057934293 43754 
113 128 18533 21.1872309712015 43044 
114 130 19086 30.22516543057739 44383 
115 132 19002 18.982586431100312 43272 
116 133 18831 32.30169163573561 43547 
117 134 17590 26.38940002735533 44116 
118 134 18870 48.37988337433884 43647 
119 135 17664 24.580734280035998 43069 
120 135 18555 12.695745888886574 44630 
121 136 17373 47.587549721047296 43392 
122 136 17535 36.05919310562627 43791 
123 138 19066 41.78337418676915 43219 
124 138 19080 15.792352298655228 44494 
125 139 18181 39.69244762384676 43201 
126 140 17233 38.740442172884144 43580 
127 143 18039 25.617774954953518 44955 
128 145 19149 16.1343407765513 43611 
129 145 18691 21.917016725215454 44725 
130 146 17548 41.377012783829755 43305 
131 147 17453 42.62451804683214 43457 
132 148 18734 10.349972868911301 44304 
133 148 18623 20.79233733302161 43283 
134 151 18902 49.479351191008945 43056 
135 151 17987 24.616194648603624 43309 
136 151 18330 23.953460257349587 43509 
137 153 17719 40.45930858774022 44592 
138 155 17509 47.22483032268734 44157 
139 156 18798 19.344801437723905 43419 
140 157 17229 32.38841150524316 44861 
141 157 18008 15.617446496921561 44619 
142 159 18670 41.17565404482255 44287 
143 164 18708 45.67768658040157 45011 
144 164 17620 19.096915772727673 44128 
145 165 18739 27.706985136754266 43943 
146 165 17502 20.144456654938566 44637 
147 166 17577 41.89930261405742 44871 
148 167 18030 33.911469683744826 43024 
149 168 19205 40.149105291453566 44009 
150 168 17491 12.447416722205658 43157 
151 170 18580 44.929237080057966 43925 
152 171 18623 14.034090986048087 44345 
153 171 18445 46.089761217426364 43546 
154 172 19030 44.304778927097885 43738 
155 174 18747 38.91224146855955 43856 
156 174 18336 27.96861868089823 43282 
157 176 18868 20.00794891357989 43043 
158 176 19153 43.72535133134291 43336 
159 178 18794 44.4824478661826 43888 
160 178 19039 10.729318035033245 44927 
161 179 18031 15.927831534813578 44435 
162 179 17666 16.318470861896827 43912 
163 181 18778 32.652095205365995 43287 
164 182 18205 41.138381779993345 44267 
165 187 18710 29.166071396557186 43579 
166 187 18987 33.62097559330313 44584 
167 188 18140 48.02068463510815 44959 
168 190 18958 12.30394270748413 44527 
169 190 17889 36.028063235228956 44106 
170 195 18761 30.869660099378553 44371 
171 195 18467 15.511021602951258 43483 
172 195 17287 19.262469966135008 44621 
173 196 17545 22.32510746942268 44954 
174 198 18699 38.05516159886175 43906 
175 198 17643 48.73638022575336 44698 
176 199 17890 17.750940219417252 44005 
177 200 18499 38.84912263405809 44087 
178 200 17480 16.656562019413418 43240 
179 202 17755 12.204173537841054 43692 
180 202 18496 36.24004868877089 44466 
181 202 18559 20.176913282878225 43568 
182 206 19195 29.227781217280686 44238 
183 207 18885 39.77614416069159 43812 
184 207 17528 48.55105827232718 44007 
185 207 18625 32.19807368842346 44881 
186 207 18848 31.187742215072845 44864 
187 209 18345 49.00907204089988 43285 
188 212 17233 45.50382683389772 43302 
189 212 19171 13.905782484219099 44399 
190 213 17337 25.562751787820012 44570 
191 213 17282 28.337671743247768 43221 
192 214 17914 12.51917792611071 44793 
193 215 19073 31.34792374628274 43523 
194 217 18644 11.439223677747279 44480 
195 218 18936 33.7297493329145 44415 
196 223 17348 43.53511002269476 43553 
197 223 17565 17.85224669547954 44848 
198 226 18398 22.162317104125595 43212 
199 227 17848 32.28446106355454 44524 
200 229 18549 35.48872140520463 43115 
201 230 17716 47.51513743356229 44612 
202 230 18160 21.1033708495697 43733 
203 230 19159 46.69443798965366 44295 
204 231 19057 40.743097434751874 44090 
205 231 18255 49.73947984183557 43477 
206 232 18151 16.089930023864667 44072 
207 234 17850 31.051038795709154 44459 
208 235 18108 40.03448605719396 44753 
209 236 17258 37.165677690535844 43642 
210 236 18591 33.59998071007921 43764 
211 238 18171 32.192540302608705 44873 
212 239 19222 33.40433421807394 44613 
213 241 18765 14.525974481591577 44515 
214 241 18026 20.41389923120142 43364 
215 245 18030 17.68965982877355 43606 
216 245 18431 25.118258736054315 43075 
217 246 18566 25.375373100330716 43362 
218 248 17287 18.16619272568388 44700 
219 249 19114 22.0647755304714 44263 
220 249 17512 28.977973253264615 44595 
221 250 18826 15.105638414557646 44401 
222 251 17812 39.665128837701154 43267 
223 252 19106 23.93541616020718 43627 
224 252 19203 41.71628014603981 44648 
225 256 17974 14.674325603769866 44685 
226 259 17593 44.72604225195143 44209 
227 263 17777 45.01601037098191 44086 
228 263 18774 37.40477231320452 43294 
229 265 18532 21.381961257910124 43812 
230 266 19047 44.19344105579496 44690 
231 266 19077 20.451647994842332 44539 
232 266 17490 42.37405048487278 44203 
233 266 18730 39.56119791177803 44874 
234 268 17571 24.00647060001242 43613 
235 268 17582 13.90502880896966 43411 
236 269 17854 37.00136214361272 44409 
237 270 18887 17.327562360277646 44958 
238 271 17628 45.29512394787143 43674 
239 273 18535 43.78463277488789 43605 
240 273 17390 34.07672333021627 44817 
241 275 18956 11.359429215383138 44113 
242 275 18919 35.33412100351985 44205 
243 275 18006 26.440559462768512 44064 
244 276 17451 44.71333071336034 43308 
245 277 17668 26.30324017181676 43378 
246 277 18239 19.00241293766915 44339 
247 278 18632 27.395914016118773 44942 
248 280 17433 42.165974018313996 43778 
249 281 18420 18.363320352784243 43802 
250 281 18830 46.91679406860344 43956 
251 281 17503 14.86527454202006 43771 
252 283 18986 40.82577287680124 43687 
253 283 17951 28.916585066322995 43163 
254 284 18995 24.717850229112038 43486 
255 285 18695 22.61062891820252 44814 
256 286 18783 36.38482876801123 44438 
257 286 17602 45.29216384463655 44500 
258 286 17730 47.59320905144313 44349 
259 288 17960 39.3720309785341 44575 
260 288 18396 40.807889488020415 43808 
261 288 17385 44.88111342157851 43261 
262 288 17810 31.004490667475032 43724 
263 289 19218 39.2160943008682 43027 
264 290 18218 20.502101748508146 43767 
265 291 17639 47.0736010319108 43520 
266 292 18706 22.43092529562352 44265 
267 292 18473 46.19450358573943 44548 
268 293 18723 37.70956763470622 44926 
269 293 18945 43.712036665060765 44405 
270 293 18306 33.83476380529789 43980 
271 293 17821 37.230805759671476 44178 
272 294 18737 33.164548818685084 44872 
273 295 18990 31.11762991954499 43085 
274 295 18503 32.13943286637483 44819 
275 296 18531 19.743247789488684 44458 
276 296 19067 42.19683235755471 44858 
277 297 18718 18.51014136262465 44919 
278 298 17976 11.446010432935045 44081 
279 298 17268 22.041495598698553 44193 
280 299 18827 29.184152075899664 43087 
281 299 18010 39.660821092045126 43590 
282 301 17606 11.741913098560692 44003 
283 302 18659 12.256658014901237 43705 
284 303 18052 11.42809715215757 44831 
285 307 18060 24.463016544977513 43660 
286 308 17617 29.041071929593482 43711 
287 308 19143 24.66288515255475 43885 
288 309 17945 16.492855218263625 43946 
289 310 17257 32.15610415214064 43863 
290 310 19044 28.515766600427245 43094 
291 313 18194 31.82086506749514 44559 
292 319 17492 41.76066933166761 43775 
293 319 18290 35.936088695188 43554 
294 319 18665 19.603074313847838 44706 
295 319 18988 29.402943621974273 44951 
296 321 17927 13.076140821137017 44953 
297 323 18074 34.907335925576156 44611 
298 324 18920 14.212395322127342 43414 
299 325 17547 14.74760117766352 43707 
300 326 18282 30.487539291668725 43661 
301 329 18319 48.22969081787826 43326 
302 330 17977 33.69117724821894 43262 
303 331 18184 13.899502453557396 43401 
304 331 19018 22.003175653758685 43974 
305 331 17511 17.337442325501414 43930 
306 333 17249 29.090145558457653 44815 
307 333 18182 47.038328918471485 44731 
308 334 18068 15.732364293406427 44247 
309 338 17759 17.409371777710092 44874 
310 338 18652 48.69474239755946 44144 
311 339 17824 41.38741356794126 43975 
312 340 17476 49.329033056633385 43754 
313 340 18193 22.343128805233405 44804 
314 340 18196 10.180391651748648 44144 
315 343 18018 33.3553351383781 43839 
316 343 17870 49.28433304168396 43047 
317 345 17519 37.900778512546204 44793 
318 346 18354 28.558692918664246 44524 
319 349 18705 24.312669055455814 43577 
320 350 18686 24.742133740424237 43158 
321 350 18538 20.59435841107778 43275 
322 351 18554 38.851241602405786 43302 
323 352 18889 49.15199955178069 44143 
324 353 17541 10.994656454217612 43414 
325 354 18757 36.871787599276374 43971 
326 354 17728 47.754531485328975 44269 
327 355 17758 27.485917663221354 44558 
328 356 18239 18.597309536440335 44154 
329 357 18931 33.05579352906686 43356 
330 358 18784 30.29096181818855 44027 
331 360 17645 28.092802461309553 43758 
332 361 18839 28.153634233096433 44825 
333 362 17335 16.298158310302973 44993 
334 363 17685 43.19046380995124 43026 
335 363 18949 45.58516896130838 44745 
336 364 17854 12.850841507932746 43370 
337 366 18826 35.07588676602687 43429 
338 370 17665 35.228355702313294 43728 
339 371 18125 28.076393168804383 44520 
340 372 19055 17.29883070868826 44135 
341 372 19003 20.2169190367053 43682 
342 374 18011 12.995245914092287 43503 
343 375 18139 37.97915248224415 43279 
344 375 18055 35.02020371951953 43861 
345 375 17494 45.21007346686491 44965 
346 376 18060 28.666169578182114 43727 
347 378 18257 47.08675980964222 43524 
348 379 18752 26.852561441007346 43242 
349 381 17592 19.015495831660573 44583 
350 385 17957 24.996546540987815 44274 
351 385 17501 32.58798819628193 43380 
352 388 18767 37.154510626002875 44638 
353 388 18188 36.02419377394936 43233 
354 389 18300 17.064450697788622 43108 
355 389 18596 16.482273047719495 43834 
356 389 18640 23.224090903137483 44901 
357 390 18671 34.186582131258376 44002 
358 391 17755 15.992705246100552 44928 
359 395 18545 19.969909737357 43601 
360 397 18534 45.80516713576843 43585 
361 397 18703 46.432792380928724 43013 
362 399 17510 30.22113034373365 43267 
363 399 18755 20.592586290897984 43330 
364 401 18171 23.1356108682067 44746 
365 401 19046 22.77829777897885 43584 
366 401 18390 38.37939224201406 44036 
367 402 18362 44.051155799353346 43335 
368 403 17867 45.24488099416083 43972 
369 403 18961 49.289628024540505 44285 
370 406 19169 29.889626562328683 43218 
371 406 18712 15.050634743055177 43767 
372 407 18004 37.6594800062784 43221 
373 407 18959 26.312876085388215 44279 
374 407 17604 47.635428759517865 44242 
375 407 19076 34.795974514381506 44304 
376 408 18166 16.667587033674334 44247 
377 408 18930 36.47818677363581 43504 
378 409 17839 12.846209361968155 43655 
379 409 18715 33.76667027123358 43960 
380 409 17324 32.420715756771784 43958 
381 410 17455 13.936277445577087 44947 
382 411 18639 17.710064684523985 43663 
383 411 19056 27.479923808248934 44998 
384 412 17849 36.995935632295925 44018 
385 413 18341 38.80755786324907 44184 
386 414 17408 25.574448501247858 44147 
387 417 18088 28.115065526721995 44612 
388 418 18371 18.717924598300545 44420 
389 419 18221 40.07689978830112 44987 
390 419 19017 49.701585057455226 43257 
391 422 17870 43.37494584474169 43843 
392 424 17682 30.959109249417796 44882 
393 425 19202 43.00100522889987 44757 
394 425 17338 45.66422435315498 43474 
395 425 17859 10.681314714794174 43206 
396 426 17588 40.96079051038212 43122 
397 427 18720 43.39442413049498 44191 
398 434 17695 32.93844376227932 44383 
399 437 18025 19.164550678546387 43119 
400 437 18585 15.249444182647697 43459 
401 438 19113 28.844938345116816 44019 
402 438 18913 19.723921396390978 43835 
403 439 17494 44.4094984158642 44904 
404 439 18904 20.41885867982436 43257 
405 439 18265 33.552000301179014 45012 
406 441 18384 27.868607518854525 43693 
407 441 17225 18.144377164523448 43694 
408 441 17417 28.941225255655016 43098 
409 441 18209 41.69491728949737 43716 
410 447 18980 12.383680471167535 44306 
411 450 18410 10.952743966084007 44071 
412 450 19038 24.541029161577978 43284 
413 451 17982 45.971724143627014 43552 
414 451 17576 15.816747996119798 43222 
415 452 18557 17.360503565465134 45011 
416 452 19204 20.975638284721594 43274 
417 453 17951 29.26681937073914 44594 
418 453 17251 14.475561353277083 43497 
419 455 17339 27.265772632276274 44899 
420 455 17395 36.767623581781905 43104 
421 455 18564 40.2929336810965 43873 
422 457 17797 13.447956936469406 44859 
423 457 18519 17.995444996604814 44949 
424 457 18854 23.256850139088257 43821 
425 458 18141 49.54864305594527 44284 
426 458 17384 39.614820635913546 44857 
427 459 18338 12.848906582339609 43429 
428 459 18164 19.223536562717186 43017 
429 459 17667 15.440515496984336 44861 
430 467 17653 44.279181037309876 44200 
431 467 18907 20.19803781786179 43349 
432 467 18022 21.335352524602456 44445 
433 467 18473 29.277946181398097 43038 
434 469 19188 44.30692623085907 44462 
435 470 19051 28.387679393949583 43365 
436 470 17584 27.402284262978345 44352 
437 474 18312 48.371420559468554 43654 
438 474 18627 35.50166298548653 44730 
439 475 17594 46.09624096271859 44963 
440 476 18669 48.29111770272957 44132 
441 478 17922 47.16534201879878 43265 
442 478 18536 35.52141640020982 43744 
443 478 17369 47.649654967164516 43488 
444 478 18380 48.53541300588774 43196 
445 479 17391 49.12313591123758 44549 
446 480 17756 25.147344801013602 43819 
447 481 18150 12.284112485696856 44659 
448 481 17902 12.073327404832153 44819 
449 481 18418 19.99333759179589 43549 
450 483 18981 42.92892421628099 43293 
451 484 17537 11.276294908047646 44557 
452 486 18527 34.70458145200342 44758 
453 488 17281 11.68808716289691 44789 
454 489 18267 15.98849379273613 44445 
455 490 18492 21.9919978881191 43684 
456 490 18954 48.03588414732948 44291 
457 491 18846 41.03758505010637 43377 
458 491 18275 33.85569250427402 43147 
459 491 17898 43.39847826379096 43312 
460 491 19026 42.89334589296269 43462 
461 493 19044 45.09259528274469 44267 
462 494 17656 44.75564871861786 43079 
463 494 19190 19.33456553787579 44912 
464 494 17783 46.62202851506252 44583 
465 494 18522 31.091339844993477 44564 
466 494 18658 26.576327924652038 43140 
467 495 19076 17.296762230414487 44232 
468 498 17712 22.90897539799788 44130 
469 500 18893 16.206302640937693 44446 
470 501 18078 18.586560211418472 43054 
471 501 18282 45.57582886064615 44088 
472 502 17401 44.59433827348674 44375 
473 502 18962 37.86592712679982 44521 
474 503 18683 22.969898398349677 44411 
475 503 17898 14.243502409419104 43869 
476 504 17395 22.3254749678253 44853 
477 505 18189 20.949955068721327 43403 
478 507 18971 47.32786179229739 43026 
479 507 19142 47.36316419323689 44715 
480 509 18866 31.12663102159512 43460 
481 511 18125 25.62742086186498 44287 
482 512 18470 14.582096104436864 43106 
483 514 17673 23.043648833358823 44802 
484 515 18144 47.95734843143501 44787 
485 517 17383 10.031145185194497 44526 
486 518 17619 29.798007010774647 43346 
487 518 17696 44.03144076020944 44309 
488 519 17397 43.27367693002661 43991 
489 519 17760 25.195868171017317 44313 
490 520 17394 25.486534995432702 44854 
491 521 18196 15.272247548029823 43775 
492 521 17781 16.531507132079795 43983 
493 522 18896 33.393104675770005 43983 
494 522 18576 27.957424893762884 44339 
495 523 18018 20.48556990868864 44718 
496 523 19044 39.59792874499115 44538 
497 523 17366 18.77017881999169 44268 
498 528 17885 33.21009243864464 44708 
499 528 19129 21.247359051829484 44304 
500 528 17401 17.038606133632115 44895 
501 529 17497 35.94725075518228 43238 
502 529 17835 18.063219012885455 44606 
503 532 17253 47.99546336525541 43986 
504 533 19143 46.856339118897154 43830 
505 533 17758 45.0633635919293 43952 
506 533 18063 22.415576426261193 43148 
507 534 18283 29.94642969325205 43267 
508 534 17797 41.463849865377085 43641 
509 537 17578 48.21147860596242 43746 
510 540 17478 28.2701078647402 44942 
511 542 18637 10.956901967709992 43033 
512 542 18319 44.960463737847064 43909 
513 542 17533 16.464480933072437 43104 
514 543 18043 36.12273495938464 44108 
515 543 17256 47.374395139161955 44221 
516 543 18297 27.99604370026486 43839 
517 544 17555 15.675815480411174 43430 
518 546 18139 38.709135969106256 44023 
519 548 18639 19.24079038492718 44652 
520 549 18177 42.2022468446032 43661 
521 549 18693 37.081202815091515 43236 
522 549 19011 46.99202768996241 44675 
523 549 18465 18.08769060195804 43177 
524 551 18597 26.702130876144004 43678 
525 552 18716 28.220908150380044 43669 
526 553 17398 42.00992977814757 44580 
527 553 17536 22.170168175244566 44218 
528 555 19014 29.45841155527669 43925 
529 555 18472 34.74615537882401 43043 
530 555 17935 25.506410565284078 43319 
531 556 17665 23.157730861656592 44906 
532 558 19133 40.06646685534663 44995 
533 558 18383 32.10622058572268 43400 
534 559 19169 13.990362977019952 43371 
535 559 19138 47.72057190590199 43517 
536 560 17380 25.329604241040727 43644 
537 561 17277 20.510253782807197 43045 
538 561 18460 17.368361756282333 43356 
539 562 18256 44.78387366586439 44756 
540 562 17760 36.5904769270002 43248 
541 562 18366 14.863410776944267 43738 
542 563 18003 22.870509871948958 43355 
543 564 17313 28.39038701895958 43764 
544 565 18904 23.76739578210489 43039 
545 567 17736 48.6766453528635 44454 
546 568 18585 34.384261130752456 43050 
547 569 17612 15.425815592113974 44801 
548 570 18842 20.73866862775183 43280 
549 570 18385 48.965872187796606 43817 
550 572 18774 24.118557966927913 44513 
551 573 19028 48.55829298370057 44067 
552 573 18457 32.81488241061465 43776 
553 574 18496 22.367754745914638 43445 
554 576 18458 16.491731579630713 44066 
555 577 18667 23.79964036785165 44434 
556 577 17652 11.065616632331796 43109 
557 577 18071 15.505112618565061 44642 
558 580 17509 48.221567658923604 44503 
559 580 18556 47.58079506158138 44408 
560 580 18050 30.83806147851599 43537 
561 581 18267 45.587819790038026 44116 
562 581 18684 20.040175937840154 43247 
563 583 18804 36.19754755504917 43460 
564 584 18092 10.87831817705856 43849 
565 584 17515 37.70995951670609 44249 
566 584 18006 41.83314395487116 44906 
567 587 18101 33.22860379002029 44872 
568 590 18351 45.08965785204833 44833 
569 593 18807 43.07716551442841 44204 
570 594 18831 29.166408428752607 44106 
571 595 17778 27.245807234837798 44993 
572 595 18787 41.27206990009731 43949 
573 596 19088 47.41861573024884 43087 
574 596 18242 35.88727800373326 43429 
575 598 17714 47.44329444884072 43316 
576 599 17635 42.46607470039852 43372 
577 604 18937 44.79609969528339 44924 
578 604 19217 17.30731481913309 43204 
579 605 17704 31.042870253282175 43042 
580 606 17688 40.245482420857854 44995 
581 606 18993 23.083758548847197 43355 
582 606 18674 12.796684500532386 44275 
583 608 18755 18.197441941594935 43041 
584 608 17470 35.456116437881434 43483 
585 608 18330 31.639598565034635 43701 
586 609 18991 48.016904200366554 44832 
587 609 18650 49.95063865981719 44450 
588 610 19189 26.399850034887407 43596 
589 610 18599 28.46623347634328 44568 
590 612 17449 13.881823728001832 44681 
591 612 18238 40.89373835934578 43661 
592 613 17337 41.167920950336836 44958 
593 614 18492 15.3935648647273 43667 
594 617 17692 37.75607247248313 43141 
595 617 17279 37.945854782395244 43901 
596 623 18686 19.92854993179723 44886 
597 623 19014 47.13915843507952 43566 
598 623 18883 46.11145567161072 44035 
599 624 18232 48.490696255418364 43817 
600 624 19059 46.88584597057999 43941 
601 624 18341 42.155256239262535 43722 
602 626 17677 25.481866105286425 43207 
603 627 19099 30.742809580886995 44325 
604 629 18643 49.031085626265856 43436 
605 629 17898 15.083863423007106 43580 
606 636 18716 25.902728124142378 43143 
607 636 18177 43.38423905472989 43379 
608 637 18374 15.360268079373839 44991 
609 640 18256 45.69677473166077 44616 
610 640 17513 15.77722403197031 43322 
611 643 17889 36.28084645626238 44462 
612 644 18292 33.47638871762547 44102 
613 645 18273 14.741182099876472 44917 
614 645 18653 21.153124789117474 44193 
615 646 17264 11.916604547970016 44082 
616 649 18371 24.624859273020824 44699 
617 650 18213 29.727171796135828 43304 
618 651 18475 20.01638164254425 43386 
619 652 17619 46.2212481099823 44426 
620 653 18193 27.977536184810997 43228 
621 653 17542 34.45259711843357 43251 
622 655 17261 41.90498931428333 43199 
623 657 18711 21.938715394238194 43407 
624 659 18853 10.015873061573792 44272 
625 659 19206 32.96289822118897 43191 
626 659 18390 41.20960810421632 44926 
627 661 18135 15.974162278074493 43264 
628 663 19191 24.08127333399268 43015 
629 664 18198 29.099931507036302 43859 
630 664 18016 41.504969358409504 43396 
631 665 17916 22.58166071198882 44479 
632 666 17832 28.50619980090787 43875 
633 666 17747 47.6705638031146 43849 
634 666 17312 38.49138240952586 44209 
635 666 17975 10.110961899448828 44227 
636 670 18241 24.61241555905802 43303 
637 670 17517 30.09448129704075 43242 
638 670 17627 36.98340095372614 43759 
639 671 17718 24.22922666622004 43634 
640 673 18414 22.041164880390603 43695 
641 674 18628 17.66174995758476 44832 
642 674 19065 13.467692433567278 44537 
643 675 19149 42.85147387080406 44058 
644 675 18264 27.88713636662884 43490 
645 677 18748 24.74323641760495 43860 
646 678 18605 19.383312927906836 43144 
647 678 18783 19.970901676049394 43722 
648 679 18121 23.5046530749279 43613 
649 681 17658 43.75051092879709 43425 
650 682 18945 32.095981295257296 43745 
651 685 18024 22.53580925792765 44296 
652 686 18076 11.766644770888078 44732 
653 686 17390 17.909258539791853 44209 
654 687 18338 34.42697827426474 43930 
655 687 18886 44.56124246665576 44994 
656 688 18943 42.71681963694326 44588 
657 690 18750 49.575115164442536 43919 
658 691 17797 24.05791944491639 43339 
659 692 19215 14.057880382657126 43603 
660 692 17655 19.040849734301997 44924 
661 692 17843 39.85705175953237 44315 
662 692 18083 43.81529748789663 44241 
663 695 17772 11.083724353474782 44672 
664 698 18507 39.15733118732952 44678 
665 698 18076 21.34042557752985 44054 
666 698 17616 21.68773922023111 43946 
667 698 18404 20.310121880875613 43449 
668 698 18696 36.09769668160148 43489 
669 698 17379 43.08373159169027 44620 
670 699 17976 33.51844174888129 44953 
671 701 18185 42.11156898489297 43852 
672 701 17821 30.640990838701324 43987 
673 702 17796 46.17848738143981 44265 
674 702 18770 15.430049915775882 44373 
675 703 19186 23.405977021517423 44679 
676 704 18088 14.36710977969867 44368 
677 704 18668 38.01875487269096 43317 
678 704 17278 35.13248267386561 44306 
679 705 17435 13.663517850629837 44221 
680 705 18094 30.78473827743104 44739 
681 708 17807 15.284805892926254 44268 
682 710 17932 34.491987765387535 44399 
683 710 17264 48.052698021831695 43054 
684 710 17784 42.486493364135605 43672 
685 711 18283 39.454102741837616 44511 
686 713 18453 43.250262785057835 44719 
687 714 18234 37.72719229707732 43081 
688 714 17708 23.069991035538777 44814 
689 714 18338 35.02899471860955 43076 
690 716 18147 21.33307923956716 44423 
691 716 17856 39.885720457514154 44008 
692 717 18054 25.80679896029337 44621 
693 718 18411 20.267177947743985 43718 
694 718 17935 33.74700649283082 44340 
695 719 17683 39.16912160366974 43444 
696 719 18055 16.724402037462518 44974 
697 719 18927 22.74414020548661 43254 
698 722 17641 17.958742775672466 45005 
699 722 17958 21.050918843279312 43641 
700 722 19169 14.546232568035435 43790 
701 722 17789 37.7235464063462 43212 
702 723 18566 17.616943367283536 44182 
703 724 17820 48.418550879725466 44612 
704 724 18815 25.299902659424752 44443 
705 725 17746 38.99114080527086 44137 
706 725 17762 27.845253631080773 43889 
707 725 17645 17.669654203950135 43355 
708 726 17877 26.35788552430008 44291 
709 727 18069 40.11637783147171 44385 
710 728 19032 21.036235185244813 43159 
711 728 18219 24.359667257301105 43821 
712 728 17819 34.51577125874809 43919 
713 730 17650 10.783217183137204 43190 
714 734 18842 20.14455646675811 43594 
715 736 18724 21.602882439656543 43650 
716 741 18552 36.89350183658329 43639 
717 741 17285 26.491791837024476 43254 
718 741 17747 27.2538683464483 43803 
719 744 18933 36.7129724709514 43778 
720 744 18268 34.79853549557088 44662 
721 745 17529 25.31309438130024 43771 
722 748 18514 35.939006594260505 44175 
723 749 19004 11.523415209502028 43352 
724 750 17564 32.4755293042332 44316 
725 750 18676 16.859070775906993 43391 
726 750 18678 38.52329501756041 43969 
727 750 17539 41.71199038811622 44378 
728 751 17690 39.29969442063726 43142 
729 752 18942 26.196562103904768 44054 
730 753 19053 48.57764180328721 44932 
731 753 18055 28.530263116918377 43289 
732 754 17943 31.841805852856325 44959 
733 754 18882 29.64727613115983 44315 
734 756 19193 43.96987528207238 44384 
735 757 19117 12.702572177034174 43482 
736 757 17714 39.771894139402306 44694 
737 758 18377 10.912161282887642 44050 
738 758 18131 37.57304174060443 44766 
739 758 18559 47.508073750409324 44338 
740 759 17690 35.85144900419351 43236 
741 760 18621 45.12102665960973 43052 
742 761 19027 22.658688528658992 43686 
743 761 18725 43.02925399799295 43771 
744 762 18335 45.28598414458318 43501 
745 762 18826 18.10898123823283 43354 
746 762 17685 32.90631612183425 44607 
747 767 17335 46.08926358608781 43458 
748 769 18885 34.868158769433194 44045 
749 770 19023 45.5297494973391 44225 
750 772 17992 12.827523166501948 44715 
751 773 18848 38.76920133362764 44670 
752 773 17236 25.710668580249376 44584 
753 775 18721 33.73268280466027 44671 
754 777 19212 22.172057715538305 44186 
755 777 18639 15.657757259060539 44964 
756 780 18477 34.288990325513915 43838 
757 781 18297 34.80201817729619 44049 
758 781 18009 40.95606721600815 43793 
759 782 19212 25.64384445384262 43613 
760 783 18809 25.877661511718898 44618 
761 784 17867 38.55080582857563 43809 
762 784 18338 26.63743159696217 43738 
763 784 18907 47.436155344111086 44576 
764 784 17729 36.714397550022056 44594 
765 785 19078 47.592132781750095 43992 
766 788 19154 43.21968240532758 44427 
767 789 19088 34.1490635471244 43786 
768 791 17320 21.98791651865401 44141 
769 793 19048 42.35651088811164 44127 
770 793 19136 25.83667943575918 44737 
771 793 18736 48.14475211246917 44127 
772 794 18330 23.558921376085017 44462 
773 797 18391 25.6822124421833 43363 
774 797 17899 16.08306439564767 44322 
775 797 17507 25.7574977218734 44049 
776 797 18688 40.12343857309776 43897 
777 800 18129 48.103477579424606 44192 
778 802 18903 15.909841707580213 43790 
779 803 18223 36.44854118273803 43590 
780 805 18120 46.14058694898723 44499 
781 805 19153 18.1646729999636 43623 
782 806 18013 29.85529342280502 44990 
783 808 17975 49.4050768313932 44690 
784 809 18927 24.36718251507337 44036 
785 809 19068 22.45424474580261 44084 
786 809 17864 22.481826285269495 43515 
787 811 18793 17.453100256479605 43585 
788 812 18439 15.766301395110599 43622 
789 813 18436 20.66682250595823 44861 
790 814 17535 30.931459946958082 44468 
791 815 18640 23.478050906127365 44039 
792 815 17562 34.98272498482625 43578 
793 818 18322 30.299515060176997 44945 
794 824 17694 48.241510083787134 43549 
795 824 18156 48.47783499469058 43226 
796 826 19000 12.09370518311831 43519 
797 829 18976 25.1547705179605 44501 
798 829 18075 24.3522985561393 43204 
799 829 18260 41.47075964143006 44656 
800 830 18736 10.643818825412058 44120 
801 830 18906 15.850260429077071 43943 
802 831 18185 40.84684887051341 43823 
803 831 18114 14.724521486380526 43725 
804 832 17791 22.94541121418655 44775 
805 834 18199 11.247741068055985 44235 
806 835 17816 28.60215166828717 44417 
807 836 17756 21.623802007368944 44793 
808 837 19019 21.897404667984894 44220 
809 840 18019 39.90609623447661 45009 
810 840 17633 45.97371588048676 44560 
811 840 17512 16.944884136365282 43623 
812 841 18804 38.21866452535461 43315 
813 844 18428 10.522631607688755 43342 
814 845 17757 49.58528661736763 43363 
815 845 17863 30.880097485726065 43458 
816 846 18161 26.407653778792785 44059 
817 846 18585 18.36491948981387 44882 
818 847 18963 15.83005150838449 44643 
819 847 19165 23.920803484156675 43749 
820 848 19058 47.36587831711909 43286 
821 851 17914 28.40175327092911 44418 
822 852 17255 36.52132005816016 44237 
823 853 17615 31.68425639092415 44856 
824 856 18945 16.763618192199168 43456 
825 857 17694 47.68012248340926 43321 
826 858 17576 16.16594414061845 44732 
827 861 18953 34.53431241407284 44681 
828 861 17682 39.66185938033921 44232 
829 862 18084 18.89987191360128 44241 
830 862 17672 35.84094329680334 44008 
831 862 18933 28.171255249835813 43615 
832 863 18201 28.923249726747233 43445 
833 863 18399 47.259992275558425 44005 
834 867 18323 20.43726822708883 43284 
835 867 17590 11.917141576032018 44281 
836 870 19216 16.029415881123313 43107 
837 872 17525 35.30850306193063 43269 
838 873 18929 16.671175777776938 44955 
839 873 18473 29.331984423017982 43401 
840 875 18482 11.454775963122316 43455 
841 875 18528 19.459204814446768 43581 
842 875 17317 38.35917173094741 44823 
843 876 17293 47.517965665511916 44649 
844 877 17295 48.52600584899383 43062 
845 878 18216 36.657961651134116 44376 
846 878 17415 20.651819519533664 43930 
847 880 17360 21.0902856103321 43039 
848 880 18283 30.57796179309633 43142 
849 880 17226 45.63004966633295 44927 
850 880 18705 44.327658943299404 44037 
851 881 17666 25.47328614113679 43884 
852 883 17888 26.034038476147117 43180 
853 884 17629 27.947148010276983 44326 
854 885 17419 38.00431583219909 43037 
855 885 18334 36.74735220044546 43448 
856 886 17336 10.015522757380516 43735 
857 887 17905 46.26368996736455 43660 
858 888 19180 25.757522860337755 44253 
859 889 18579 39.416153181310676 43217 
860 890 18519 47.22173146727585 44953 
861 891 17626 18.841734605830325 44209 
862 893 17748 17.254180881822943 43104 
863 893 19199 43.991557863994224 44860 
864 893 17689 46.443653793254086 43465 
865 893 19043 40.39702326067371 43638 
866 894 18157 31.34169066990838 43653 
867 897 17529 32.21168885287046 44821 
868 897 17816 20.35117390678346 44001 
869 897 17796 18.525150852301543 44884 
870 898 18359 20.8360948148783 43365 
871 899 17775 11.259012245633858 43956 
872 904 18174 37.488681053651334 44195 
873 905 18350 35.98817856044558 44246 
874 906 18561 19.423371749814628 44880 
875 908 18805 38.334793412801226 44308 
876 908 19030 45.531194170116585 44922 
877 910 19174 43.775719505085185 44532 
878 912 18966 17.211239156785687 44492 
879 913 17783 34.823790947748265 43148 
880 914 18682 25.440095094605976 44784 
881 914 18379 48.7683683267494 43365 
882 914 18245 12.049544079443603 43612 
883 915 17987 33.033161680419056 43460 
884 915 18584 14.297056986394754 44417 
885 916 17829 48.92052367579706 44391 
886 917 17431 36.15637620470421 43424 
887 917 17706 21.993226473196653 44258 
888 922 17338 25.63884835317923 43788 
889 923 17704 30.05240804885378 43574 
890 923 18381 11.51023998037671 43373 
891 925 17436 45.274474603112125 43661 
892 925 18286 38.29771076001863 44999 
893 926 18951 49.25142713284241 43712 
894 926 17242 24.903678642035256 43200 
895 926 18534 32.33224293770162 44488 
896 926 19181 31.008645154158177 44998 
897 928 18324 48.185749671761 43731 
898 928 18915 31.76441151937716 44210 
899 929 19140 13.030802100612142 44123 
900 930 18427 12.060326689880508 43286 
901 930 18830 20.731119450782238 44239 
902 930 18599 48.34680737691953 43392 
903 931 18400 42.15177335079469 44919 
904 932 18669 30.997223702263415 43625 
905 932 18076 48.37264624444715 44489 
906 934 18675 24.817769515955817 44567 
907 938 18851 22.141534875123554 43735 
908 939 19019 28.54952596057683 43950 
909 940 18548 44.77464759991112 44417 
910 941 18711 48.373073528106524 44906 
911 942 17797 16.587408359337488 44010 
912 944 17840 24.299338917549193 43667 
913 945 18157 32.29272081581356 44613 
914 946 17452 49.81244449649902 43415 
915 946 19105 38.66538402812547 43719 
916 947 17754 26.103607475062496 43872 
917 948 18454 36.038884094000736 43214 
918 950 17448 11.25325206235428 44849 
919 952 18198 26.329106738281638 44303 
920 953 17235 42.737630990402366 43429 
921 955 17708 18.8669086620332 44493 
922 955 17850 41.91057347065983 43425 
923 956 18582 26.070488070111804 44658 
924 956 18022 33.65746546604085 43076 
925 957 17300 17.96884613640743 43354 
926 962 18066 12.010502345378061 43853 
927 963 18515 34.06630275061676 44778 
928 963 18310 14.053667809513088 44429 
929 964 18633 12.703131157987775 44670 
930 964 19038 16.554438488371744 44226 
931 964 17440 34.556113867326765 44665 
932 966 17695 36.00248900410092 44386 
933 966 17656 39.2592246961552 43588 
934 967 18903 49.169360471321866 43962 
935 968 18568 40.88900852706328 44812 
936 970 18403 47.80828378636893 44066 
937 972 18943 40.31896776793208 44747 
938 975 17600 30.645853763045157 43551 
939 978 18054 19.830076103395292 43521 
940 979 17713 39.621683426917855 44633 
941 979 19150 12.159085538956006 44406 
942 982 18006 19.066798101877744 44928 
943 983 17926 43.44628897308042 44973 
944 985 17488 30.439135830339957 44467 
945 985 18595 32.28883383067691 43180 
946 986 18859 33.49042021589521 44036 
947 986 17262 37.23517016663883 43254 
948 987 17807 39.394725441395124 44633 
949 987 19181 29.09274454530708 44651 
950 988 17669 38.02258760128545 44730 
951 988 18688 12.93220813342538 43179 
952 989 17225 20.116492094750523 43519 
953 992 17739 23.096317791748362 44194 
954 994 17322 13.934736492669174 44786 
955 996 18094 35.092112447265635 44203 
956 997 17812 37.377444474427975 43793 
957 998 19137 14.933966553701632 43049 
958 998 17785 13.69055583493083 44885 
959 999 17497 12.388385394526619 43215 
960 1000 17796 10.194395052063761 43060 
961 1000 18973 21.599725482963862 44063 
962 1001 18157 11.39475220186657 44904 
963 1002 19197 13.483411280113238 43223 
964 1003 18528 25.95044717692682 43505 
965 1003 18759 43.738457242035864 44959 
966 1008 18336 27.519454621073812 43654 
967 1008 19010 12.318358413680212 44544 
968 1008 17985 14.392633786756225 44041 
969 1009 17584 46.125944138753134 43226 
970 1010 17235 47.62164300019448 44020 
971 1011 18606 36.473765560127035 43908 
972 1011 18206 22.301268429366043 44421 
973 1012 18080 14.00757553633527 44797 
974 1013 18441 24.44421964252389 44851 
975 1013 18571 39.37681964244181 43121 
976 1013 18811 44.00998901359114 43608 
977 1015 18953 16.184478554589916 44748 
978 1016 17371 36.90963346986584 43741 
979 1017 18795 47.35577107544371 43344 
980 1017 17780 14.097371410779601 43155 
981 1018 17817 29.890848937261246 44471 
982 1020 18521 35.909164422144954 43743 
983 1020 18963 26.45399189138802 43365 
984 1022 18840 37.21282764290295 43177 
985 1023 17577 22.549613074011937 43212 
986 1024 19189 21.11415089240717 44371 
987 1026 18916 45.493719627010556 43689 
988 1026 17267 11.876796944401033 43526 
989 1027 18436 39.62832912099791 43252 
990 1027 17302 14.522394283061102 44749 
991 1029 18593 17.83134761489648 44402 
992 1031 17421 12.180148988657272 43205 
993 1031 18093 47.69597933425113 43870 
994 1032 18695 21.114125262220476 43023 
995 1032 18275 26.637867217331866 43276 
996 1034 18716 15.554391702104535 43533 
997 1034 17439 25.989573068940448 44594 
998 1035 19171 41.75444535411266 43131 
999 1035 19098 30.473537748011456 44482 
1000 1035 18695 30.913879840522767 43573 
1001 1038 19160 13.312046120337193 43443 
1002 1038 19024 33.486777446889974 43393 
1003 1039 18886 26.025731327599605 43176 
1004 1039 18786 28.301609138842174 44102 
1005 1040 17702 30.94309836719019 43812 
1006 1041 17818 39.58331236795041 43327 
1007 1042 18172 43.624833048282746 44125 
1008 1043 18719 44.59377114648853 44209 
1009 1043 19182 42.20349859236228 43661 
1010 1043 18853 23.56162238718676 43490 
1011 1044 18513 21.418479095843267 43076 
1012 1044 17432 16.349913463529383 44256 
1013 1045 18122 14.653022757994023 44757 
1014 1045 18211 39.3658830779667 43371 
1015 1046 17598 27.48946990161905 43728 
1016 1047 18414 37.6719966498486 44924 
1017 1047 18746 16.72652726358813 43899 
1018 1047 18955 20.034284213930537 43660 
1019 1048 18165 14.3601447908806 44586 
1020 1049 18272 39.621603705982636 43879 
1021 1051 17676 41.562143122557345 44100 
1022 1052 17446 14.009117353708177 43560 
1023 1055 18528 47.082814421766486 44856 
1024 1056 17704 26.62525789896048 44197 
1025 1057 19195 48.08781799972 43698 
1026 1058 18900 46.78378514793148 45010 
1027 1060 18043 10.659768970909616 43449 
1028 1061 17764 15.67836287246295 43727 
1029 1063 17985 48.252742824458025 43997 
1030 1064 17657 35.96429765404431 44940 
1031 1066 18320 12.131520350082887 44981 
1032 1068 18823 22.01067934806051 45003 
1033 1068 17877 44.235683794897504 43536 
1034 1069 18023 38.74578947524751 43874 
1035 1070 18512 41.509531174714226 43098 
1036 1072 18157 30.318211772392413 43243 
1037 1073 19112 27.77162043142856 43525 
1038 1075 19181 18.839026099767715 43416 
1039 1076 18161 32.89881351400648 44534 
1040 1077 17863 11.262345800390303 44995 
1041 1079 17488 46.09458105232954 43771 
1042 1079 19139 21.812988723094957 45008 
1043 1080 17469 44.913339840897756 43310 
1044 1083 19091 36.60197033214679 43921 
1045 1083 18333 48.47487095087133 44382 
1046 1083 18940 31.353093813324683 43140 
1047 1084 18899 33.05031943506009 43516 
1048 1084 18646 18.564804742498474 43527 
1049 1085 17645 13.112500538166207 43243 
1050 1085 17708 46.07834555511273 44092 
1051 1086 17845 24.17352806096985 43808 
1052 1087 18638 45.454300945540076 44521 
1053 1088 17760 14.81322889542179 43138 
1054 1089 18873 16.06420866151541 43046 
1055 1092 18367 36.97405766994871 44839 
1056 1093 18936 21.275803869430227 43560 
1057 1093 17883 31.823127562815454 43528 
1058 1094 17737 15.259758507057683 43926 
1059 1094 17493 10.381715561791104 44579 
1060 1094 18342 29.219998475705587 44148 
1061 1094 17296 46.507790137721436 44690 
1062 1094 18570 38.27083296523103 43623 
1063 1096 18432 37.60592870423537 43050 
1064 1096 17707 34.14218344154917 44502 
1065 1096 17914 30.60442972342176 43061 
1066 1099 18237 26.78960562565171 43599 
1067 1100 18975 44.392004560612186 43472 
1068 1101 18132 27.72121653274062 44816 
1069 1103 17317 49.70650392132116 43460 
1070 1104 17516 46.63381916776184 43934 
1071 1106 18722 41.397943212712406 44175 
1072 1109 18201 23.428382438223686 44221 
1073 1111 19139 11.848586138979119 43273 
1074 1111 17681 28.80288820574342 43451 
1075 1113 18574 13.319872738568336 44821 
1076 1113 18113 33.75611224746348 45007 
1077 1113 18646 25.50481841574581 43524 
1078 1113 17913 45.09525236801483 43427 
1079 1115 18863 11.118159674626963 44756 
1080 1117 18814 10.495242375660059 44059 
1081 1117 18516 39.60561516366218 44441 
1082 1117 17961 21.009726214648005 44990 
1083 1119 17466 34.97434660190444 44934 
1084 1119 17429 38.88196818412066 43027 
1085 1119 19059 36.07823008060575 44832 
1086 1121 18569 27.87987453588611 43054 
1087 1121 17895 25.261609724108226 43835 
1088 1121 17691 49.873584201555296 43048 
1089 1122 17250 47.36756720550419 43078 
1090 1122 17290 11.632208359031289 44589 
1091 1125 17695 29.66981125765279 44234 
1092 1128 18279 19.65168644464694 44742 
1093 1129 18252 27.069510879340744 44321 
1094 1129 19036 15.93065316192057 44766 
1095 1130 17799 31.790955664479633 43212 
1096 1132 18196 17.782297024085768 43465 
1097 1133 17941 28.326163961577535 44872 
1098 1133 18070 35.24161194728006 44732 
1099 1134 17542 17.934993779245016 44695 
1100 1135 17240 21.290058612525975 44844 
1101 1137 19040 45.12905583207133 43096 
1102 1137 18186 27.520537567072246 44719 
1103 1139 18090 37.058420010033345 44975 
1104 1141 18624 36.28515989975901 44586 
1105 1141 18207 38.08509546660761 44626 
1106 1142 18108 49.65817477413585 44345 
1107 1143 19130 33.29380639283387 44079 
1108 1143 17511 41.83800767969328 44909 
1109 1145 17951 24.92940873351301 43250 
1110 1146 17360 34.09691490839456 44244 
1111 1147 18869 31.69847643128717 44643 
1112 1149 17987 38.33543551679621 44894 
1113 1151 18015 36.41479499780828 43980 
1114 1151 17997 32.35705880878097 43414 
1115 1152 17756 49.784572057813556 44943 
1116 1153 18317 25.858502766589652 43490 
1117 1155 17695 29.56527808053087 43661 
1118 1158 17468 28.541164706263416 44561 
1119 1159 17917 31.43527454757677 43895 
1120 1159 17607 16.162766157805013 44636 
1121 1160 18017 30.99966905609267 44863 
1122 1162 17477 17.976829202143914 45002 
1123 1162 19155 26.83816658106243 43869 
1124 1163 17887 34.26209785774642 44511 
1125 1163 18790 31.93277113122958 44376 
1126 1163 17908 24.794365129003154 44247 
1127 1163 19082 47.52404704172831 43194 
1128 1164 18402 17.195119072112902 43746 
1129 1168 18388 35.771043520476844 43819 
1130 1169 17850 44.95727595275128 43427 
1131 1169 17493 14.136577433371977 44942 
1132 1170 17337 18.576281818206525 43569 
1133 1171 17465 48.2118266747876 44475 
1134 1172 17448 24.01113922530803 44672 
1135 1174 17737 18.997623036118938 43981 
1136 1174 18912 14.737511702188542 43647 
1137 1175 17779 25.993111733220637 43957 
1138 1175 18061 39.14565104051564 44010 
1139 1176 19110 47.62066616523622 43948 
1140 1176 18526 36.548133292671565 44959 
1141 1177 18788 21.207669784790358 44275 
1142 1178 18225 42.2422230963536 43859 
1143 1180 17494 30.623036246099534 44931 
1144 1181 17577 42.331364690570915 44856 
1145 1182 18765 45.49301405290016 44428 
1146 1182 18083 34.873273865753774 44742 
1147 1182 17266 23.38861773493378 43040 
1148 1182 17685 19.1292433425939 43783 
1149 1183 19207 30.92901987570773 44278 
1150 1183 18303 12.702346405375188 43481 
1151 1186 18611 18.146664907030058 44842 
1152 1187 17702 39.68276511188348 44976 
1153 1189 17901 33.37838379946688 43090 
1154 1191 17391 29.70375043135151 43603 
1155 1192 18531 45.303645604178854 44971 
1156 1193 18404 21.036481500408417 43165 
1157 1194 18982 29.673951874682317 43209 
1158 1194 18837 17.42137590711845 43329 
1159 1195 18127 26.340743366566812 44520 
1160 1196 17691 35.327463289135 43424 
1161 1197 17240 21.509820913840763 43265 
1162 1197 18186 15.35413156519217 43466 
1163 1199 18462 41.400782869004445 43748 
1164 1200 17984 12.992846923990875 43825 
1165 1200 18718 16.555610824100327 43042 
1166 1201 18300 26.54290406307855 43211 
1167 1202 18367 41.27435851455783 43570 
1168 1203 18699 22.274406366835994 43463 
1169 1203 18620 47.460362784891444 43218 
1170 1204 18480 39.837505735671115 44467 
1171 1204 18636 48.37935802290626 43492 
1172 1206 18209 45.49287346565092 43062 
1173 1206 18345 15.367565604494636 44495 
1174 1207 17795 21.663985807646288 44894 
1175 1208 18003 46.16935159837575 44376 
1176 1208 18049 12.946191868583128 43321 
1177 1208 17276 35.93635300103482 43132 
1178 1209 18238 42.10083517205532 44476 
1179 1210 19075 38.81251355031999 44721 
1180 1211 17708 14.321965664024944 43397 
1181 1211 17532 19.223176336001092 44768 
1182 1214 17604 17.218674673927698 44005 
1183 1214 17636 25.43913379786528 44767 
1184 1214 18185 24.448730758252747 43293 
1185 1215 18769 17.81312609317507 43809 
1186 1218 17800 43.60563303066772 43986 
1187 1219 18826 42.620412193991484 43925 
1188 1219 17907 33.54874820543891 44559 
1189 1220 18948 42.72689144878168 44935 
1190 1221 17830 22.10525174282484 44123 
1191 1222 17662 14.819777072035967 43316 
1192 1223 18219 42.25669846659506 44013 
1193 1223 19133 44.96416365445265 43678 
1194 1223 18660 10.823952140287334 44240 
1195 1224 18355 46.68310769192671 43693 
1196 1224 18200 34.29284368603838 43204 
1197 1225 17421 45.2100601176891 43428 
1198 1225 18899 31.777505133767043 44416 
1199 1225 17750 37.99374640737759 43666 
1200 1225 17599 29.84376921812029 44763 
1201 1225 17477 14.934713492579945 43770 
1202 1226 17445 47.731380457491966 43273 
1203 1227 18131 29.876100484052238 43640 
1204 1227 18926 48.380935158088604 43605 
1205 1228 18680 19.460211182402553 44376 
1206 1229 17433 15.29810665200435 43046 
1207 1230 19085 22.582591759162682 43365 
1208 1232 18175 41.99014914501881 43321 
1209 1232 18031 30.166907953787508 44366 
1210 1233 18698 36.2820854623793 44252 
1211 1234 17635 16.918563523289553 43069 
1212 1234 17232 20.595930513162067 43406 
1213 1234 17721 33.53699663615182 43976 
1214 1236 17410 49.8868194350598 43820 
1215 1238 17733 13.51445500376279 43867 
1216 1238 18562 18.114549584135414 43232 
1217 1239 17469 10.982901218818304 44207 
1218 1242 17818 19.861173985810495 44245 
1219 1245 17901 22.348467787329763 44277 
1220 1246 18688 14.525113760019558 44849 
1221 1247 17628 39.60743953292797 44368 
1222 1248 18196 41.151999371642745 43036 
1223 1251 17413 49.494701770546946 43745 
1224 1251 17558 25.166894329291022 44406 
1225 1253 17904 42.86505869489896 44002 
1226 1255 19090 45.97267666600867 44763 
1227 1256 19038 20.872400474356102 43676 
1228 1256 18100 38.374704752231025 43370 
1229 1260 18185 15.544546617697508 43810 
1230 1262 18569 16.96605665595538 43647 
1231 1262 17342 26.766032020114746 43971 
1232 1263 18753 36.653361216495995 43128 
1233 1266 18383 20.433452510475828 43848 
1234 1268 17747 37.19472551885758 43594 
1235 1268 17637 19.38403965669144 44962 
1236 1270 18473 30.73127275126032 43143 
1237 1271 18567 13.549094231646258 43513 
1238 1273 18337 24.981305536062543 43122 
1239 1273 17384 17.639913850918994 44559 
1240 1275 17535 28.879312423104345 43081 
1241 1275 18374 28.977111447550005 44201 
1242 1277 17287 45.25869797153337 43868 
1243 1277 18545 25.177306619670247 43754 
1244 1278 17363 12.378145759270943 44576 
1245 1279 18024 39.94220373294188 44200 
1246 1281 18076 39.64083146893495 43295 
1247 1281 18049 40.01868391418473 43236 
1248 1282 18100 49.15431423274371 43956 
1249 1282 17622 33.928480863151826 44375 
1250 1283 18560 11.612985847830771 43910 
1251 1284 18814 29.01432372709276 43238 
1252 1284 18500 21.695707209392708 43619 
1253 1285 18752 35.007407663801544 43919 
1254 1285 17457 21.114787804834712 44709 
1255 1286 18287 38.45810581040344 43268 
1256 1288 17538 44.37160179766878 44832 
1257 1289 17912 26.826264678966304 44506 
1258 1290 18331 15.16994854000609 44384 
1259 1292 18947 14.053176400534749 44036 
1260 1292 19204 41.217619359893334 44292 
1261 1292 18298 37.472060821043186 43978 
1262 1293 18662 30.936312678308294 43827 
1263 1295 19031 12.185182918486252 43093 
1264 1295 18143 15.466461262359005 43192 
1265 1296 17886 34.84541009843983 43987 
1266 1297 17327 11.849688340850872 44689 
1267 1297 18762 42.973608016446136 44914 
1268 1298 18419 35.90609194689205 44011 
1269 1299 17392 15.960783456306075 44629 
1270 1301 18913 40.28040816807459 44886 
1271 1302 19213 15.284274215257776 44807 
1272 1306 18054 12.54835884472925 44778 
1273 1309 18987 44.891097074601255 44856 
1274 1309 18391 34.36903358362863 44335 
1275 1314 17370 39.80200255411624 44307 
1276 1315 19006 19.25121244879677 43948 
1277 1316 18328 14.66723700911674 44241 
1278 1316 17742 28.906413290629942 43370 
1279 1317 18067 45.09045666565589 43650 
1280 1317 18002 18.425563916633724 43682 
1281 1318 17835 46.21022192879464 44867 
1282 1319 18331 35.09945385456838 44535 
1283 1320 18936 41.151156018144476 43603 
1284 1324 18875 46.99683886488756 43592 
1285 1325 17647 29.384993227737546 44876 
1286 1326 19093 20.365324068059806 43349 
1287 1327 18269 39.37757221814575 43206 
1288 1330 17276 13.87475448690573 44668 
1289 1330 18027 38.320844718647095 43705 
1290 1330 17766 16.148602669701866 43355 
1291 1331 17853 42.22536702418492 44421 
1292 1333 17250 22.574228737318954 43234 
1293 1333 17226 25.389330266483952 43812 
1294 1334 19025 39.77744076469993 43615 
1295 1335 17767 39.772407349116826 44604 
1296 1336 18985 28.959975477076917 44790 
1297 1337 17413 45.187259914647335 43140 
1298 1338 18330 44.381291533128135 43933 
1299 1338 17672 26.05842329908748 43093 
1300 1338 17525 23.868210957145198 43612 
1301 1339 17996 37.435603636146396 44229 
1302 1339 18270 15.630304678953376 43896 
1303 1342 18725 37.04126398292266 44607 
1304 1343 19094 28.04149599602358 43885 
1305 1344 19098 16.085082929055645 43617 
1306 1345 18021 36.63487804535975 44311 
1307 1347 18136 16.875952162474825 43195 
1308 1347 18285 46.22732059316479 44684 
1309 1349 17665 45.25442465061231 43468 
1310 1350 17667 28.762086146572273 43477 
1311 1350 17766 36.426942558129326 44602 
1312 1351 18630 14.312266147076986 43522 
1313 1352 18382 36.85072415032465 44357 
1314 1352 17879 18.487848228213743 44858 
1315 1352 18298 14.734998876279537 44703 
1316 1360 18095 10.103172347483223 44725 
1317 1361 18972 10.437549884316368 44797 
1318 1362 17927 11.63635378371871 44329 
1319 1362 18844 26.18857801467061 43904 
1320 1363 17696 37.60825680016262 43775 
1321 1364 17763 37.19811149703809 44370 
1322 1364 17530 33.504117635907846 43573 
1323 1364 19067 35.79543030246517 44357 
1324 1365 17794 37.13259914214966 43684 
1325 1366 18771 34.155178776285595 44839 
1326 1369 17602 35.948204983273676 43730 
1327 1369 18171 18.800924333759657 43133 
1328 1370 18543 42.14323054464282 44008 
1329 1371 17837 34.69691682662105 43652 
1330 1372 18395 46.11117288860489 44112 
1331 1372 18966 30.795995469382447 44276 
1332 1373 18352 40.10483373239997 44883 
1333 1374 17977 31.098058854519998 45013 
1334 1374 17561 11.896794756538576 43185 
1335 1375 18909 39.84075765824801 44304 
1336 1375 17758 38.943838033612444 44279 
1337 1375 18359 48.36665880596367 43628 
1338 1376 19143 36.98246169213831 44723 
1339 1377 17337 36.73168086246534 43661 
1340 1377 18243 22.468359631409854 44091 
1341 1380 17765 45.619246336377145 44362 
1342 1380 18711 49.635578068196665 44975 
1343 1381 19043 11.002347256807381 44846 
1344 1381 19158 45.41837094797721 44255 
1345 1383 17525 46.12047099176429 44792 
1346 1383 18817 41.360971553219876 44115 
1347 1383 19069 31.022940050245104 44023 
1348 1385 17912 14.205625805316583 43382 
1349 1388 18302 24.232061748262367 44093 
1350 1388 18074 34.30490191982078 44760 
1351 1388 19106 25.41963417975048 44824 
1352 1389 18479 43.90599401502276 43388 
1353 1390 18721 17.178487601673204 44436 
1354 1391 18043 33.51649591231247 43539 
1355 1392 17355 17.304777136186956 43613 
1356 1392 18735 34.813305153269056 43027 
1357 1393 18296 30.333371351284626 43657 
1358 1394 18972 45.963079518428714 43521 
1359 1396 18071 26.052609860793904 44828 
1360 1398 19050 27.906959969527385 44824 
1361 1399 17931 22.836673238264375 44933 
1362 1400 18930 41.71480210635211 44786 
1363 1401 17396 38.65670352252266 44637 
1364 1405 17389 48.89240661202008 44597 
1365 1407 18763 36.0059011437065 43751 
1366 1408 17683 12.033265422003087 43291 
1367 1408 17539 35.862206866991116 43779 
1368 1408 17919 31.14276898803983 44917 
1369 1409 17795 23.759692302116218 44707 
1370 1411 19136 45.181854277756244 44727 
1371 1412 17869 17.09669573975026 44171 
1372 1414 18134 39.667339379673315 43477 
1373 1415 18156 25.82561343247808 43720 
1374 1417 17904 29.38272548010573 43978 
1375 1418 18303 24.84291390614302 43133 
1376 1418 18601 39.92606933258703 44962 
1377 1418 19163 38.81762524975174 44786 
1378 1418 17875 45.23465624557314 43667 
1379 1419 18321 31.094946101528418 44925 
1380 1423 17558 38.188777562616615 44541 
1381 1423 17566 32.67980651524481 43948 
1382 1423 19097 37.41224376436199 44680 
1383 1424 19039 28.738329158735652 44893 
1384 1424 18335 28.11443449751268 43016 
1385 1425 19207 22.34174293090051 43095 
1386 1428 18865 29.933519984509704 43647 
1387 1429 18500 34.66083998440589 43400 
1388 1430 17267 34.75432984604962 43691 
1389 1434 18213 45.58354313070802 44215 
1390 1434 17355 25.792105395056968 44720 
1391 1435 17407 14.471886264064157 43719 
1392 1436 18511 34.94411910541427 44607 
1393 1436 19168 40.7826567243181 44146 
1394 1436 18542 49.23485676882055 43621 
1395 1438 19003 17.951919660389027 44035 
1396 1438 18131 35.75147870484729 43165 
1397 1439 19084 41.38579512755301 44958 
1398 1440 18513 17.646636702472275 44843 
1399 1440 19142 42.93608849727151 44433 
1400 1440 18786 40.67426821256947 44852 
1401 1441 19010 18.49763042780551 43441 
1402 1441 17644 40.45873651683439 43728 
1403 1443 18011 18.10346455482562 44551 
1404 1443 18716 44.63669666419561 44954 
1405 1444 17711 41.76914859321551 43961 
1406 1444 17309 46.767204894052995 43167 
1407 1446 17521 41.66670502358453 43601 
1408 1447 18100 45.76805444715853 43891 
1409 1447 19166 48.19920529417155 43988 
1410 1448 17338 38.97955640046092 43785 
1411 1448 18268 18.216952210395544 44462 
1412 1449 17798 46.33363334390804 44775 
1413 1450 19160 36.1399353088091 44880 
1414 1451 18919 36.590115552956 44088 
1415 1451 18633 22.24693183690548 44331 
1416 1451 19158 32.98705133100114 43909 
1417 1452 19044 27.88247137680516 44862 
1418 1453 18902 20.133776233803076 44223 
1419 1453 19030 22.160979677549708 44926 
1420 1453 18523 22.74819012584595 43219 
1421 1453 18769 47.17460425835073 43169 
1422 1454 18970 16.20251870720168 44113 
1423 1455 17346 23.965621257597803 43492 
1424 1455 18405 31.74348406682357 43587 
1425 1456 17625 14.895589864816202 44222 
1426 1460 17547 22.349775495302353 44401 
1427 1463 18630 32.644782351448725 43313 
1428 1464 17941 37.18844657367647 45011 
1429 1465 19062 14.330364877471036 43413 
1430 1466 17442 29.87456916782778 43647 
1431 1467 18996 34.946167417665336 43904 
1432 1468 17500 46.00004514416401 43267 
1433 1468 18205 27.77485300251749 43762 
1434 1469 17228 48.63495497058089 43406 
1435 1469 18080 14.400157859296407 44063 
1436 1471 17524 32.37639370852928 44890 
1437 1471 17792 40.21949889449454 43614 
1438 1472 18598 26.258984705703142 43762 
1439 1472 17251 43.73897057393994 43619 
1440 1473 19005 37.881091399084085 43477 
1441 1474 18830 30.292857156504805 43826 
1442 1475 18333 46.537767447072106 43319 
1443 1478 18833 47.60671217331949 44340 
1444 1478 19133 48.12886603182858 44786 
1445 1481 18248 14.147577058759278 44490 
1446 1482 17477 28.362644597305238 43151 
1447 1483 17776 12.968758836257926 44660 
1448 1483 17577 43.53550488457059 44759 
1449 1487 17529 49.95359783011738 44003 
1450 1487 18244 42.27238163513958 44385 
1451 1489 17299 40.313287129371524 43496 
1452 1490 18356 48.97044895416124 44865 
1453 1492 17492 48.32410144846504 44234 
1454 1493 18288 39.621496534092174 44737 
1455 1495 17984 25.384438918956846 44640 
1456 1495 18529 49.897735089942486 44273 
1457 1496 18853 24.60693072174825 44805 
1458 1497 17908 14.01942215392397 44703 
1459 1497 17892 31.016317493724284 43166 
1460 1498 18306 30.99037597973666 43423 
1461 1498 18286 28.081921979902752 43048 
1462 1500 18487 39.51514605772875 44759 
1463 1500 18601 23.90145925382069 44573 
1464 1502 18703 11.901809237185127 44552 
1465 1503 18280 42.93177472719075 44295 
1466 1503 18687 19.139328439477353 43357 
1467 1505 17328 15.364160993772757 44350 
1468 1505 18340 32.92047059691099 43798 
1469 1507 17747 32.73287297726431 43339 
1470 1507 17667 15.067615141305506 43292 
1471 1508 17497 28.555915787584674 43752 
1472 1508 18270 40.821401001277806 44768 
1473 1509 18266 30.738984006539155 44409 
1474 1509 17308 36.993804613210365 43076 
1475 1511 18543 16.547947075520256 44275 
1476 1514 19213 18.728872898483214 43156 
1477 1515 19071 22.050344042305415 43494 
1478 1516 18464 20.00193022355702 43803 
1479 1516 19170 31.9529279319608 44737 
1480 1516 17376 25.636306126064422 43447 
1481 1519 18748 12.988056959697683 44527 
1482 1521 17295 32.50005574081895 44488 
1483 1522 17570 36.284117048214114 43524 
1484 1522 18268 32.2167265523251 44862 
1485 1522 18162 21.175035600787183 43297 
1486 1523 18920 22.686094197856047 44027 
1487 1523 18652 49.82885505744604 43717 
1488 1523 17896 11.604948302692137 43775 
1489 1527 18910 17.65697710843724 44725 
1490 1527 17693 10.078797411405844 43164 
1491 1528 18725 49.83069678576038 43196 
1492 1529 17659 36.95245702889423 44667 
1493 1529 17233 46.87991636557565 44142 
1494 1529 18782 43.72103055847717 44909 
1495 1530 17908 47.420192423424595 43291 
1496 1530 18543 40.74223859640552 43697 
1497 1530 19057 41.12913796644713 43723 
1498 1530 17327 34.57478971026646 43889 
1499 1531 18679 14.486711468687691 43544 
1500 1531 18356 29.914444526276874 43273 
1501 1532 17468 11.172736654457815 44685 
1502 1534 18381 24.498389791546117 43451 
1503 1535 18092 24.668492895325326 43280 
1504 1535 19077 16.401693149273903 44953 
1505 1535 18897 12.980566848194318 44845 
1506 1535 18848 13.051489295708274 44100 
1507 1536 18515 28.696117044088645 44879 
1508 1538 17922 29.389492253037822 43987 
1509 1538 18831 30.033195737941917 44403 
1510 1538 18250 26.441258424761507 44989 
1511 1539 17436 21.715187867810172 43071 
1512 1539 17620 10.618436220730487 44393 
1513 1543 17845 20.475735023598432 44998 
1514 1544 17901 37.02666900569863 43407 
1515 1544 17828 12.71622513523798 43380 
1516 1545 18927 28.31840481125241 44834 
1517 1545 18519 34.587567812754976 43077 
1518 1545 17844 45.361532243097635 44640 
1519 1547 18881 10.629883936450009 43107 
1520 1548 17714 36.36554531261747 43887 
1521 1549 18307 30.465861377185547 44192 
1522 1549 17754 45.8383018224525 44751 
1523 1551 17283 16.38190302944647 44689 
1524 1552 17827 16.90089617712409 43910 
1525 1553 18464 27.843833883938537 44171 
1526 1555 18147 40.05659358876714 44196 
1527 1558 18762 11.21740336246253 43426 
1528 1559 17720 13.34653566721161 43223 
1529 1560 17808 42.18048403179198 44204 
1530 1562 18988 45.778323640522146 43711 
1531 1562 19049 17.992283472872963 44497 
1532 1569 18285 39.98889376994595 43832 
1533 1569 18011 33.51054786532316 44689 
1534 1571 18141 49.837221245020295 44064 
1535 1572 18605 32.609013944093014 43534 
1536 1572 18140 40.62152584568656 43178 
1537 1573 17888 45.65102435308947 44586 
1538 1574 17310 35.09316947630573 44711 
1539 1576 19083 35.2727372952608 44765 
1540 1576 18326 28.410430284042555 44499 
1541 1576 18396 22.758469247501644 44033 
1542 1577 19141 45.61311040451922 43240 
1543 1577 17368 24.078164918912496 44626 
1544 1580 19076 18.570720683793517 43324 
1545 1580 18504 31.99170093418646 44109 
1546 1580 17264 14.223409115108119 44643 
1547 1581 18953 34.550957699020024 44210 
1548 1582 17891 44.941221155402715 43952 
1549 1584 18184 30.84527956567336 43017 
1550 1584 17813 24.635873286021358 44328 
1551 1585 17289 36.204928557411456 44943 
1552 1586 18947 12.01355693681576 43684 
1553 1586 18145 15.667010005528397 44928 
1554 1587 18303 32.55441868795154 43974 
1555 1587 17702 18.00821392388919 44012 
1556 1587 17228 12.911703688668418 44576 
1557 1589 18596 23.757954997031344 43366 
1558 1590 18565 37.5868188297017 43826 
1559 1591 18705 31.248273622424733 44744 
1560 1592 17925 32.045895972484246 43026 
1561 1593 19169 43.91977672563569 43909 
1562 1594 17790 21.0390904166352 44622 
1563 1595 18891 21.809608604471357 43737 
1564 1595 17993 16.049494581961582 43215 
1565 1597 18910 16.653407621759047 43339 
1566 1599 18132 39.73009135675769 44310 
1567 1601 19001 48.011597297342824 43117 
1568 1603 19064 29.5554296724901 43101 
1569 1605 18781 16.5422283164437 44147 
1570 1606 17665 27.78084068165466 44350 
1571 1608 18518 21.499409068815496 44995 
1572 1610 19183 41.605351021844996 44385 
1573 1611 17531 29.518751434211335 43362 
1574 1617 17369 20.73826480614935 44460 
1575 1617 19190 45.85382585430336 43857 
1576 1618 19200 31.057394462079756 43663 
1577 1618 18817 10.356432379151519 43624 
1578 1618 18395 41.370750264820046 44772 
1579 1618 18654 43.88606522855936 44548 
1580 1620 17602 41.401818772410834 44250 
1581 1622 17620 26.03026157002423 43348 
1582 1623 17817 49.648629471483204 44896 
1583 1625 17603 27.13596495480051 43733 
1584 1626 18735 43.81551362698855 43686 
1585 1626 17236 26.733639532879792 43691 
1586 1626 17534 29.67595871538611 44984 
1587 1627 18172 19.5625568119727 44727 
1588 1627 18520 34.676721294850225 44211 
1589 1627 18301 43.71285570052477 43136 
1590 1628 18650 33.56559723078523 45001 
1591 1628 18955 22.412564679758376 44950 
1592 1629 18168 16.538935156408034 44831 
1593 1630 19033 37.94829302331962 43095 
1594 1631 18534 21.67807653111381 43579 
1595 1631 18947 40.259965303858515 43826 
1596 1632 18362 40.50809291966108 43939 
1597 1632 17867 43.09004204406182 44148 
1598 1633 17429 43.543180465955594 44148 
1599 1633 18650 45.14192706911395 44391 
1600 1633 18184 27.52151576390517 44526 
1601 1634 19020 24.71934207373147 44748 
1602 1634 19056 49.73730565935645 43098 
1603 1637 18630 38.778512733041836 43949 
1604 1637 17609 44.12480217434322 44757 
1605 1638 17656 26.464872072947905 44497 
1606 1639 18014 32.56366228695552 44881 
1607 1640 17756 46.50757938669369 43202 
1608 1641 18510 35.46840761484387 43761 
1609 1641 18736 46.38983720254376 44197 
1610 1643 18409 38.600779978200315 43042 
1611 1643 18276 13.236640521990664 44575 
1612 1644 18932 49.58481238329849 43923 
1613 1644 19030 36.24333944116264 44218 
1614 1646 18307 43.18566474711976 44891 
1615 1646 18286 44.96068902006605 43708 
1616 1647 18378 31.551134275817965 43346 
1617 1648 17783 43.63529263172929 44087 
1618 1648 17269 20.836450880667346 43358 
1619 1649 17259 34.05976715332358 43478 
1620 1653 17971 18.082014031713154 44975 
1621 1653 18276 21.534664930016053 43164 
1622 1654 17918 12.566016729725721 43761 
1623 1655 18249 41.13939678649609 43955 
1624 1655 17400 14.567352670704503 44284 
1625 1656 18799 24.698793336078076 44987 
1626 1658 18308 13.692012225686291 44959 
1627 1658 19153 33.23348169366639 43926 
1628 1659 19050 23.70353212775563 44725 
1629 1660 18404 38.49558136580171 43858 
1630 1660 17498 22.251890015436565 43257 
1631 1661 19005 15.256587317904863 44678 
1632 1662 17419 12.289904632692053 43557 
1633 1662 18562 28.866303262973144 44202 
1634 1663 17588 14.899044281595991 44824 
1635 1665 17707 34.03792507900798 44820 
1636 1666 17508 30.73530270385699 43132 
1637 1667 18564 26.276605233368436 44759 
1638 1667 18552 49.72458911289015 43573 
1639 1668 17889 48.76282679969886 44041 
1640 1668 17986 10.76223767061261 43465 
1641 1669 17808 49.646337664957024 43693 
1642 1669 17633 42.931526610266936 44421 
1643 1671 17327 31.333551452739844 44470 
1644 1674 18293 36.196189023613144 43255 
1645 1675 17817 45.72771162340785 43148 
1646 1675 17739 16.918432878287838 44022 
1647 1677 17688 11.770461109847044 43149 
1648 1678 17630 41.73537827088638 44031 
1649 1679 18533 13.15235463578611 43531 
1650 1680 17887 43.40157470512044 44086 
1651 1680 17426 37.839353062102845 43517 
1652 1681 18889 45.95387340125391 43279 
1653 1682 17402 43.13586989072388 44475 
1654 1684 17581 15.711717479857867 43437 
1655 1684 18495 17.85127835953346 43826 
1656 1684 18053 22.363900227508363 44930 
1657 1684 18228 34.94322703181989 44346 
1658 1688 17441 15.25405442773513 43398 
1659 1688 18911 13.392656477064776 43145 
1660 1689 17720 45.65769485740602 44475 
1661 1689 19098 29.79741136637697 43653 
1662 1690 18584 28.638134704424772 44076 
1663 1690 17247 31.559372320122485 43926 
1664 1690 18822 49.91418719415662 43742 
1665 1691 17892 19.152960221045365 43219 
1666 1691 18608 45.395580017918434 44336 
1667 1692 17410 30.258637793983695 44871 
1668 1692 18815 38.76627232233908 44057 
1669 1695 17324 31.927994564293098 44643 
1670 1696 17825 23.408381297779496 44380 
1671 1697 19051 34.22822027386671 44393 
1672 1698 19003 19.18671260852626 43201 
1673 1699 18359 18.90959985663384 44219 
1674 1700 18471 42.706575014611914 43145 
1675 1700 18055 16.67820572204725 43289 
1676 1700 18390 45.737257243499855 44591 
1677 1701 18987 11.569653387837114 43589 
1678 1703 18586 15.920105716720698 44054 
1679 1709 18259 16.21635891732754 44498 
1680 1709 19128 47.429625635594576 43134 
1681 1714 18672 42.82505840368979 44975 
1682 1716 18764 46.99013970888073 44301 
1683 1716 18360 45.420920284194295 43119 
1684 1717 19060 47.68392436232586 43959 
1685 1717 18120 14.434906956117256 43650 
1686 1718 18299 34.65036312040469 44168 
1687 1719 18696 25.31986259839502 44427 
1688 1721 18284 40.261574034478215 43269 
1689 1721 19162 36.02391092584796 43247 
1690 1721 19154 39.35099564159792 44168 
1691 1721 18823 32.448110821507754 43796 
1692 1722 17306 10.822027131014282 43800 
1693 1722 18921 43.047672087573446 44761 
1694 1724 18881 40.199048682568275 44889 
1695 1724 17960 46.03068947159676 43043 
1696 1724 18699 47.9740141360911 44845 
1697 1725 17921 23.40836560699515 43714 
1698 1725 19002 47.002880817415786 43579 
1699 1725 18448 32.50019646897843 44236 
1700 1726 19029 42.46661603105152 44934 
1701 1726 18375 20.176858000065465 44187 
1702 1729 17576 41.783240950394344 43831 
1703 1730 17393 33.38783091824587 44536 
1704 1730 17884 13.863885175377284 44949 
1705 1732 17547 11.535659706741095 43456 
1706 1732 17348 23.97650869597078 43372 
1707 1734 18361 32.719528373202 43250 
1708 1734 17729 49.59750984121227 44102 
1709 1735 18190 23.091817323393762 43428 
1710 1735 18400 12.362478818241849 44621 
1711 1738 19071 17.249426115882166 43368 
1712 1740 18774 19.91469321124006 43073 
1713 1740 17517 41.291131162169975 43026 
1714 1740 17265 12.532581781900557 44653 
1715 1741 18246 30.052770239961703 44058 
1716 1742 18437 23.783999603022746 44510 
1717 1742 17761 37.66157899446018 44809 
1718 1743 17601 16.764782621871728 43835 
1719 1744 17663 38.02002872832558 43309 
1720 1745 18860 27.05963530231744 43351 
1721 1747 18471 39.076807720914104 43559 
1722 1748 17999 49.19149857045437 44398 
1723 1750 19202 19.14820466526033 43030 
1724 1751 18800 23.473515159433926 43212 
1725 1752 18017 41.68884061233483 43638 
1726 1752 17791 13.162935089109627 44760 
1727 1753 18225 31.50978578181498 43995 
1728 1754 18395 14.875359986872141 44411 
1729 1755 17611 37.98180482542446 44775 
1730 1756 18674 36.37277226419435 44079 
1731 1756 18458 36.0777687344774 44134 
1732 1756 17863 20.743511270278038 44953 
1733 1756 18002 21.160703095432552 44200 
1734 1757 17880 11.251517955861745 44445 
1735 1757 18472 16.465187982007027 43756 
1736 1758 18512 12.706323282378712 44202 
1737 1759 18404 10.640470948602845 44614 
1738 1759 18648 15.359116579208948 44085 
1739 1759 18201 17.594803517671448 44609 
1740 1761 18515 20.781644082658353 44018 
1741 1761 19177 12.384835100499686 44464 
1742 1762 17873 12.840361138725296 44662 
1743 1765 18404 13.52060212696157 43967 
1744 1765 17946 15.04850318883728 44755 
1745 1766 17322 26.871930497804314 44013 
1746 1768 17235 27.074633685948328 43476 
1747 1769 17995 22.64390192424221 44967 
1748 1769 18059 47.67193197802497 43702 
1749 1772 17369 36.04428516291834 43405 
1750 1773 17874 13.214318756206582 43344 
1751 1773 18869 20.552030738728135 44788 
1752 1774 17859 11.288385378666446 44559 
1753 1774 17980 23.741564810272337 44030 
1754 1774 17492 42.033398883333895 44457 
1755 1776 17535 24.994353197118958 44217 
1756 1780 19029 21.566475921084574 43409 
1757 1780 18200 13.924637453682145 44358 
1758 1781 18333 20.47366218368365 44512 
1759 1781 18521 41.36272579676506 43389 
1760 1783 17569 38.262747774061744 43520 
1761 1786 17946 23.67638492483682 44105 
1762 1787 18196 14.898015217885137 43728 
1763 1787 18776 12.53583344275298 43468 
1764 1787 17293 13.23611727936254 43816 
1765 1788 18120 22.18722787254545 44233 
1766 1789 18833 43.12471523162843 44574 
1767 1796 17234 35.66430915482218 44488 
1768 1797 18215 35.54286208279783 43688 
1769 1800 18666 15.936202215212285 44370 
1770 1800 19101 47.31676771734937 43386 
1771 1800 18686 40.16725985173126 44664 
1772 1801 17554 43.34248178057912 44652 
1773 1802 17376 18.98417607088955 44141 
1774 1803 18853 49.33436078480129 44453 
1775 1804 18848 11.456395088120184 44130 
1776 1804 18777 28.81483251806667 44175 
1777 1806 17946 48.834225162282905 44328 
1778 1807 17556 33.47460362521967 43304 
1779 1807 18492 46.41349111916171 44190 
1780 1808 17589 11.755557240409695 43517 
1781 1809 18126 32.65648480603529 43924 
1782 1809 18178 48.49452365094364 44448 
1783 1809 18277 10.12518773347091 44866 
1784 1810 17739 31.347204096083928 44414 
1785 1811 18439 34.05091218419497 44244 
1786 1813 17612 29.33533610859605 44650 
1787 1814 18196 10.978531022651321 43241 
1788 1815 17551 27.032020389730146 43172 
1789 1815 17279 23.2106206488113 43368 
1790 1815 18382 42.31021307282092 44785 
1791 1815 18034 42.676945803458054 44470 
1792 1816 18357 18.881996844236525 43624 
1793 1816 17269 37.323297796634904 43366 
1794 1816 17539 48.54081476406633 43385 
1795 1817 18876 28.32800183138126 44440 
1796 1817 17837 31.14180435839468 44268 
1797 1817 18110 32.41785749891809 43739 
1798 1819 18254 16.449705205322765 44081 
1799 1820 17599 36.36800177739144 44759 
1800 1821 17620 45.74828544235129 43554 
1801 1821 17823 10.065620286671596 43467 
1802 1822 17926 42.93859290846373 44973 
1803 1823 18033 48.24760215476003 43335 
1804 1823 18156 13.796898298455087 43409 
1805 1824 17576 44.23668960139006 43474 
1806 1827 18710 49.52412127774389 44383 
1807 1827 18351 46.429666684750515 43848 
1808 1828 18877 10.648781193015937 44592 
1809 1828 19045 38.028810984059646 43185 
1810 1829 18984 25.463668810367743 44816 
1811 1829 18207 16.417140819457327 43900 
1812 1830 17584 31.970706757982043 43254 
1813 1831 17544 25.49022576074853 44140 
1814 1833 17476 16.05377397663732 43567 
1815 1833 18212 16.558577852051837 43898 
1816 1834 19102 15.914337516489931 43482 
1817 1838 17292 15.596073520723985 43702 
1818 1838 18098 29.8266183939104 43148 
1819 1840 18848 38.59978209547532 44574 
1820 1843 17813 42.851208371210994 43448 
1821 1844 18526 17.999595588323096 44093 
1822 1844 18211 30.372746720345667 43872 
1823 1844 18468 26.13605908556705 43637 
1824 1844 19019 32.980744207555475 43847 
1825 1844 17960 16.425111720848324 44851 
1826 1844 17904 20.78248680221077 43017 
1827 1845 18207 35.743518030233396 44554 
1828 1846 17906 41.074277662651504 43861 
1829 1846 18619 47.96933497107994 44982 
1830 1847 18621 48.39030035565455 43595 
1831 1849 17520 47.28408631843866 44262 
1832 1850 17691 39.91335456052172 44939 
1833 1852 18692 43.82731432987025 44688 
1834 1852 17405 43.31771673497472 44387 
1835 1853 18717 28.58678248395917 43904 
1836 1853 18145 14.669989762100037 43269 
1837 1854 18477 48.072722711398285 43783 
1838 1855 18500 45.82259297867483 43400 
1839 1859 18474 43.15808129898548 44325 
1840 1860 17306 49.26329657529767 44553 
1841 1861 18191 48.03339002124489 43135 
1842 1864 17745 21.623715841103973 43210 
1843 1865 17695 45.76801394037269 43684 
1844 1866 18785 29.985397629513994 44998 
1845 1866 18893 43.696519931500994 43414 
1846 1867 17229 35.32109282398085 44240 
1847 1867 18258 22.044719539259553 44335 
1848 1868 17350 19.913458102355342 44278 
1849 1869 17838 10.121769509510523 44520 
1850 1869 18525 34.08884833985516 43151 
1851 1869 17319 47.27049216433706 43163 
1852 1870 17497 22.78358588446974 44815 
1853 1871 18666 29.468961629434478 43836 
1854 1871 17918 25.426234066950894 43032 
1855 1873 19004 38.466468751202335 43443 
1856 1874 19170 39.76993227114598 44803 
1857 1874 17551 35.07542224459499 44763 
1858 1876 17826 26.345027438078095 43401 
1859 1878 17732 10.282584450817588 43458 
1860 1881 17695 27.77209316639375 43247 
1861 1882 18514 16.64462004203437 43751 
1862 1882 17394 19.24787323452627 44730 
1863 1883 18291 45.50211701211799 44171 
1864 1887 17359 15.442738622673033 43449 
1865 1887 18294 13.202158400654213 44129 
1866 1889 17414 11.023115660819233 44601 
1867 1889 19049 36.4112652914997 44600 
1868 1890 18755 37.51611475002156 43988 
1869 1893 18274 29.032738995751004 44894 
1870 1894 17677 37.54245005703132 43063 
1871 1897 17934 18.633525350924526 43752 
1872 1898 18460 14.501428929675377 43814 
1873 1899 18329 36.384741759648854 43718 
1874 1899 18254 15.47974776373815 44598 
1875 1901 19168 42.63048218993275 43483 
1876 1903 19096 17.480746800575023 44606 
1877 1903 19132 24.786751278174467 44740 
1878 1904 18936 41.25489485207106 44119 
1879 1904 17798 16.780005360576954 44939 
1880 1904 18253 42.238290934461 44356 
1881 1905 18937 34.41373449303568 44532 
1882 1907 17670 41.06093557983867 44505 
1883 1907 17352 43.73912661328548 43449 
1884 1907 18021 19.576684698159227 43592 
1885 1908 17403 27.83115383273314 43183 
1886 1910 17848 36.893280386768645 44209 
1887 1910 18338 27.48542081588144 43940 
1888 1910 19084 17.193466357705248 43830 
1889 1911 19184 42.50342419998803 43664 
1890 1911 17448 37.01971014082675 44781 
1891 1911 17665 20.513225871361062 44720 
1892 1911 17721 15.580405999402313 44909 
1893 1912 18713 37.85092266781859 43770 
1894 1913 17819 37.98382710283238 43328 
1895 1913 18448 32.20322970321567 44498 
1896 1913 18255 40.13024232677697 44226 
1897 1915 17933 28.67058226987006 43122 
1898 1917 17997 17.57363262687878 44194 
1899 1918 17768 20.18730688538604 43448 
1900 1918 18244 25.555368949114637 44721 
1901 1919 18100 30.185989065536294 43551 
1902 1919 19050 24.285748605251484 44720 
1903 1919 17616 13.887818733822389 43881 
1904 1920 18898 20.83514569011619 44078 
1905 1920 17484 29.328579248291234 44712 
1906 1920 17771 34.51453536075971 43062 
1907 1922 17411 12.119094724561483 44005 
1908 1922 17492 35.27313337039415 43799 
1909 1922 17408 27.26702408836819 44029 
1910 1923 18947 44.64234257551658 43203 
1911 1925 18556 19.64556656438557 43687 
1912 1925 18060 48.60281184479839 43710 
1913 1926 18125 37.92420167178115 44586 
1914 1926 18618 16.52607376726086 43218 
1915 1927 18698 43.507525963404404 44485 
1916 1927 17286 27.250553942218062 44308 
1917 1929 18801 31.623339920585014 44132 
1918 1930 18717 41.270324882302994 44591 
1919 1930 17761 36.40468108962514 44762 
1920 1931 17388 24.17922643428848 44472 
1921 1932 17673 23.308538332563508 43083 
1922 1932 17810 21.782293611058613 44055 
1923 1932 18406 28.6849247633608 44454 
1924 1932 18087 40.82634653274101 44269 
1925 1935 18618 34.852527610859596 44493 
1926 1936 18390 12.15575262090736 43891 
1927 1937 19161 44.22913056370646 44495 
1928 1938 17608 21.584036340314437 44610 
1929 1939 18976 16.8584609871415 44084 
1930 1940 17311 32.04954210749007 44615 
1931 1941 19035 44.74607339280261 44633 
1932 1942 17788 41.535970530450385 44654 
1933 1942 18998 22.75859532574914 43493 
1934 1943 18643 17.423140895043407 43961 
1935 1944 17591 19.689782551889664 44922 
1936 1945 18006 41.32863680427148 44903 
1937 1946 17973 42.34923499494566 43081 
1938 1946 17447 22.107952251696116 44094 
1939 1946 18244 39.71646642365523 43678 
1940 1947 19156 31.525169594764325 43131 
1941 1947 18579 37.45820309258051 45010 
1942 1947 18175 48.10970874870242 45003 
1943 1947 18518 25.933966627882008 44835 
1944 1948 18613 20.974563658698955 44730 
1945 1949 18880 40.77172875491662 44617 
1946 1949 18292 10.145270883500842 43334 
1947 1953 19079 45.18390753043433 44847 
1948 1954 17459 36.19882341633314 44054 
1949 1954 19112 28.028736573443013 44258 
1950 1955 18582 33.767436596358124 44753 
1951 1957 17915 38.47174324509554 44836 
1952 1957 17649 10.569501218316045 43889 
1953 1958 18742 24.607678013592245 44829 
1954 1959 17796 49.353118968629765 43849 
1955 1962 18390 28.871971743173006 44903 
1956 1962 18409 28.67654133066081 43151 
1957 1962 17730 34.88531155623138 43425 
1958 1967 18392 30.002180484465363 44098 
1959 1969 18244 30.95269608294981 43732 
1960 1970 18856 42.58070195605458 44154 
1961 1970 18656 18.11565250899065 44669 
1962 1970 19148 21.122185616650277 43742 
1963 1970 17851 29.380058403030084 44884 
1964 1971 18445 47.62003938385088 43476 
1965 1971 18812 27.004294684752608 44563 
1966 1973 17668 20.342827920033606 44880 
1967 1975 18042 26.921921159448182 43891 
1968 1975 17878 44.33783461654533 44588 
1969 1977 18644 14.853175953754437 44829 
1970 1977 17974 38.073190010462994 43235 
1971 1977 17841 11.429214165673347 43014 
1972 1980 18756 42.24288021283692 44851 
1973 1982 18538 31.29137213417378 43366 
1974 1982 17531 20.74256550908034 44739 
1975 1983 17870 13.189663465979852 43589 
1976 1984 18989 35.88252421979736 44333 
1977 1985 18738 34.71485320648842 43760 
1978 1985 17329 25.200026845819327 43463 
1979 1985 18323 42.48322525800954 43760 
1980 1986 18358 16.027969927534013 43627 
1981 1987 18193 33.507759288346705 44191 
1982 1987 18774 20.00301727691675 44479 
1983 1988 18665 49.91672060021465 43251 
1984 1988 17742 43.01770744264114 43693 
1985 1990 19171 42.92716700805963 43771 
1986 1990 18911 41.1241906796386 43724 
1987 1991 18079 38.77304349299326 44891 
1988 1993 18552 11.056884578898408 44570 
1989 1993 18333 22.42626147368863 44427 
1990 1994 18975 10.534420848206274 43380 
1991 1994 17545 35.13236363133986 44457 
1992 1994 18338 48.29384653042973 43894 
1993 1995 17814 47.840145405438314 43350 
1994 1996 17778 31.152106868556935 43141 
1995 1996 18361 31.118368280673483 43979 
1996 1997 18219 12.40727885420517 43917 
1997 1998 17407 31.50379802445705 43355 
1998 2000 18144 47.567903081057004 43077 
1999 2000 18510 18.07429823061843 44472 
2000 0 17456 32.067725283639916 44532 
