1 5 15432 46.23984666979084 45634 
2 5 14682 33.93037895703256 45079 
3 6 14863 20.547125511637034 45022 
4 7 14393 21.102735428516066 44812 
5 8 14611 11.755321385134145 44923 
6 9 14930 20.15524132376836 45565 
7 9 14295 12.584356230043214 45467 
8 10 15157 18.024243080120716 44620 
9 10 14225 10.083746560688208 44506 
10 14 15260 41.243023121432955 45904 
11 16 15191 48.319948542511156 44595 
12 17 14530 17.84731788997959 45932 
13 17 15082 36.23561575069812 44335 
14 19 13925 24.506662811314122 46001 
15 21 14700 13.295288922851096 46018 
16 22 14809 45.10984913834748 45181 
17 23 14370 20.5913763264947 45513 
18 23 13787 34.632985116290214 45391 
19 25 14260 36.94509518166805 45334 
20 26 15096 46.579980618115755 44962 
21 27 14519 47.3477185793491 46096 
22 27 15366 39.74298376034787 44222 
23 28 13663 40.73821157684817 45592 
24 30 14098 41.80928756291684 44368 
25 32 14062 43.35658058185289 45612 
26 32 13841 16.132783156796737 46110 
27 33 14087 10.564604447361067 44505 
28 35 14119 40.42766797862976 44806 
29 36 13859 17.17604615840156 45584 
30 38 13712 27.288893929742713 44429 
31 42 14274 18.048841345708347 45612 
32 43 15371 21.431775381345478 45643 
33 43 15211 22.195622647418567 45570 
34 45 14922 46.31392460080246 44147 
35 46 15040 16.71290254667879 45666 
36 46 14281 35.60146758159375 44763 
37 47 13971 12.399438018883044 46037 
38 49 15417 19.17909284786306 45518 
39 49 13991 44.37859825345826 45241 
40 50 15014 37.001087932131576 44795 
41 51 13916 26.98060728962412 45514 
42 52 13625 36.71072825285633 45392 
43 53 13773 17.614517977420412 44372 
44 54 14770 12.832604037442078 45296 
45 57 15431 29.745524433563602 44151 
46 58 13579 48.88667122505686 44675 
47 58 13757 14.903316274211505 46051 
48 59 14280 30.67063639742169 45543 
49 61 14273 14.96107780621346 44920 
50 61 13821 18.9693964726482 44247 
51 62 15036 12.594755372463231 45937 
52 62 15465 38.084316717799304 44966 
53 63 13663 27.61541114843999 44654 
54 63 15075 45.06278393490364 44760 
55 64 13714 36.119145351738574 44669 
56 68 15015 27.57625454128821 45334 
57 69 13701 49.65658412221216 45221 
58 70 14589 27.44701887739121 44310 
59 71 13867 32.884379812143635 44981 
60 74 13755 43.025114372868615 44516 
61 74 15020 43.85286204394057 45894 
62 74 13654 34.460876040702644 45849 
63 76 14902 34.094452904662965 45350 
64 77 15081 28.53929192963804 45726 
65 77 15326 10.100140792960492 45616 
66 79 14243 27.064997062196078 46117 
67 79 14915 35.21358149851971 44716 
68 80 15234 40.57242021382815 44301 
69 83 14508 37.4968846732051 44343 
70 85 14812 34.60074919733838 44614 
71 87 14986 12.54160552890303 45750 
72 87 13891 18.925608976168306 45399 
73 87 15008 10.435276864330735 45432 
74 88 15462 27.95913983256215 45950 
75 91 15270 39.50087571660383 45661 
76 92 13739 21.238518783322277 45675 
77 93 14988 17.743131661467622 45560 
78 93 14075 24.93537947054596 44847 
79 94 15256 33.010521022901045 44510 
80 97 13647 45.103523872955044 44552 
81 97 15138 40.837060615306356 44123 
82 97 13692 26.249005645122118 44760 
83 100 15274 43.53220753499564 45277 
84 100 13961 33.67415039782148 44268 
85 100 13857 23.728176463535668 44622 
86 101 14431 46.56089078986059 44216 
87 103 13822 32.45211731768324 45982 
88 104 14502 43.59468469346199 44130 
89 104 13890 28.64341610334612 44552 
90 106 14365 33.73600333809935 44832 
91 107 13594 29.254535239083967 45128 
92 108 14407 15.48415968620219 44213 
93 109 14940 29.99164461676406 45991 
94 110 14406 19.9190509251973 45727 
95 112 13614 46.271975249003106 45435 
96 113 13827 33.14523135058397 45961 
97 115 13747 26.120922244904623 45039 
98 118 15443 14.602972766019825 45329 
99 120 14763 24.203046605648247 45601 
100 121 13673 19.23606927484393 45896 
101 121 15441 39.88313746669945 45542 
102 121 15422 31.568305580383186 45809 
103 122 14305 16.273259511348318 46102 
104 122 14500 32.68073073972771 45677 
105 122 13871 18.468875212439077 45271 
106 123 14703 25.596517146517748 44396 
107 124 15428 13.144201844366235 44639 
108 125 14401 44.538390191348235 44758 
109 125 14010 17.209062821339867 45383 
110 126 15427 31.63972896792955 45879 
111 126 14372 29.130338679463602 45094 
112 127 14609 32.62834102714594 45780 
113 127 13859 31.263139101315023 46089 
114 131 14067 25.48332391261958 45851 
115 133 14414 23.557010407914596 45463 
116 134 13819 29.415703819486883 46028 
117 134 14104 48.915313724354085 44466 
118 140 14165 40.530736541626695 44911 
119 140 14045 28.84216466327096 45715 
120 140 15358 26.92821597833225 44154 
121 142 13670 12.16386502106059 45864 
122 142 13715 35.73772351634837 44442 
123 142 15028 14.608427114636516 46045 
124 143 14832 14.704325986992082 45858 
125 146 13799 30.71455381388266 44585 
126 146 14934 23.104090927416806 45223 
127 147 15017 20.896739438374254 46087 
128 147 14253 14.860099037760094 44192 
129 148 15387 33.16334255475695 45632 
130 148 14317 47.505232355538624 44977 
131 149 14488 12.101611326533913 46101 
132 150 13925 26.6829575147651 44806 
133 151 13711 45.82422862965587 45914 
134 151 15428 20.610623155442767 44145 
135 154 13594 27.06458056504055 44781 
136 154 14705 13.15522116331811 45179 
137 154 15291 15.552310020119613 46077 
138 154 13709 15.937330430855873 45349 
139 155 15038 21.586611618636265 45718 
140 156 13912 18.53028279553697 45481 
141 156 14800 49.53576910923994 45365 
142 157 15452 38.22782298615877 44235 
143 157 13846 35.47917190940223 44701 
144 157 14835 35.64352270277557 44408 
145 157 14477 19.54842020857463 44408 
146 160 14826 34.68062381210519 45002 
147 160 14347 40.22357900122887 44470 
148 160 14409 46.25973719693488 46058 
149 160 13933 18.832754985309297 45939 
150 162 15170 20.194730549715516 45643 
151 164 14617 48.29613234450697 45426 
152 164 15300 18.977721030996104 45809 
153 164 14233 23.050471573882604 44803 
154 164 15082 13.531984700649268 45136 
155 164 14463 41.48991696190345 45677 
156 168 14605 28.78988980176148 44786 
157 168 14228 28.472606670100507 44161 
158 171 15289 41.775237884094494 44931 
159 172 14701 40.05473787117575 45535 
160 173 14488 41.901656938143724 45193 
161 173 14802 12.95955017828868 45750 
162 175 14984 11.781288996975583 45075 
163 176 14031 28.415926352320852 45230 
164 179 15187 35.669372632158826 45764 
165 180 14998 24.773728809303577 45589 
166 180 14512 44.574984548105945 44815 
167 181 15232 22.03217492749736 44601 
168 182 14236 41.276477910856 46022 
169 183 14166 34.153047013696316 44948 
170 185 14445 37.75256364376494 45192 
171 185 14689 15.677860565409794 46065 
172 186 13506 48.216616464903026 44143 
173 189 13786 42.056654868819344 46090 
174 190 15308 18.117029836530946 45462 
175 191 14490 18.042769622537172 45724 
176 191 15042 39.1902348349599 45940 
177 193 13506 19.458897514682782 45795 
178 195 15323 10.804903015810172 44742 
179 197 15435 25.919273007544852 45004 
180 198 14088 19.606911706307777 45682 
181 198 15012 35.07522397109851 44530 
182 200 13974 31.281711287513154 45857 
183 202 14259 10.320005613988368 44569 
184 202 14988 11.489105195023996 44377 
185 203 15053 11.037477291752985 44330 
186 203 14985 11.157314008311703 45342 
187 203 14782 47.75075779774573 44825 
188 205 14666 31.751384444666634 44745 
189 206 15439 31.51937904532752 45203 
190 209 15088 23.672796617023515 44876 
191 211 13826 48.136949251075876 45948 
192 211 13605 18.33061782865428 44788 
193 216 15467 21.13349085242771 46004 
194 219 14846 47.845407056793235 45119 
195 220 15224 45.0988370060714 45534 
196 220 14560 11.123998865160761 45820 
197 222 14548 36.90021507895949 44716 
198 222 14940 35.935976033124945 44670 
199 223 15345 44.03436099500064 45170 
200 224 14494 46.97591635971736 44631 
201 224 15465 28.5280056806492 45361 
202 225 15214 25.36213953024948 44632 
203 227 14467 24.313906379516645 44525 
204 227 15199 34.4618749474037 45713 
205 227 14987 27.445186857621763 45120 
206 229 14882 26.267910379966356 44638 
207 229 14472 47.8821140758521 45960 
208 230 14641 36.21606672196535 44195 
209 231 14968 36.49058552436898 44611 
210 231 15457 14.46989440092944 45228 
211 233 15145 43.46687311078132 45974 
212 234 13686 37.06019257747407 45564 
213 236 14101 18.315565921885973 45586 
214 237 15312 35.6265672492312 45427 
215 240 14470 29.769657428928756 45608 
216 240 15086 10.712838693119021 45475 
217 242 15148 39.85291549131322 44457 
218 244 13941 39.668843226793356 44253 
219 246 14271 46.92461221681662 44403 
220 248 14076 28.93184707620015 44369 
221 248 15228 36.02287352156249 44613 
222 248 13590 38.30096150339748 45550 
223 250 14616 32.5044473629068 45291 
224 250 14482 34.71785305044405 45531 
225 250 14945 45.32380308812804 46065 
226 250 14388 24.886128878677 45235 
227 251 14552 14.026603741294625 45986 
228 253 15077 16.788585478138195 45605 
229 254 13850 42.74847087997327 45471 
230 254 13786 45.0679526795492 45442 
231 256 13776 12.036626683355141 45462 
232 257 13597 44.64490380726619 45178 
233 260 13744 37.894433041486664 45058 
234 260 13577 28.59906094758218 45672 
235 261 14492 34.32911544742743 44986 
236 261 15345 14.4822812925119 45836 
237 265 15238 35.287316923319665 44889 
238 265 14066 44.87850968020784 44378 
239 267 14341 37.73956217418008 44925 
240 267 14076 36.40903498406442 45910 
241 269 15400 16.364546019289662 44185 
242 269 13933 47.53150845175664 44202 
243 269 15423 26.73055445947527 44916 
244 269 15433 45.25086409029315 46039 
245 270 15461 10.350819336347609 44266 
246 274 14705 15.137821681534493 44366 
247 274 14652 45.9464712289199 45895 
248 277 13587 16.239946924137637 46014 
249 277 14629 28.823309067560004 46068 
250 278 15378 26.320606814749162 45644 
251 278 14981 45.47381285551981 44149 
252 278 15007 12.269582759263935 44791 
253 280 14335 34.63859047550258 45999 
254 284 15247 34.49558535713939 44160 
255 284 14104 44.98926699330664 45796 
256 285 14294 38.70041558225317 45153 
257 286 14114 27.160720846091163 44357 
258 286 15262 18.967688940906054 45572 
259 286 13800 39.59633280965775 44646 
260 287 14040 35.56848065004175 45985 
261 288 15136 12.554285702641753 45248 
262 288 14724 44.9833868075943 44194 
263 288 15043 37.973680898316076 45841 
264 288 15463 35.684296669668726 45253 
265 289 14003 39.84417057487605 44494 
266 289 15427 46.06368153689853 45687 
267 292 14664 27.802710068336545 45482 
268 293 14679 37.301958866817394 45968 
269 294 14364 49.74904046577964 45001 
270 295 14089 21.00056388534483 45985 
271 295 15307 11.536425051677677 45383 
272 296 14891 41.63277940340761 45351 
273 297 15415 45.904974800220685 45040 
274 298 13614 26.77073002916525 45354 
275 298 15017 40.85754884772512 44270 
276 304 14077 13.023659364327532 45696 
277 309 15450 17.514858053987293 45061 
278 309 13907 46.629942749989276 45908 
279 309 14083 39.00978080275023 44512 
280 309 15239 49.67594645168922 45686 
281 309 13583 35.82030985327446 45312 
282 310 14238 36.73693105713667 45378 
283 312 14496 17.053754743167637 44635 
284 313 15202 49.37274523587808 45738 
285 313 14463 14.232792900909006 44655 
286 314 14985 39.48284987847095 45819 
287 315 15103 46.79548854378888 44448 
288 315 14897 47.03183906626927 44987 
289 315 13501 42.95933798523493 45816 
290 315 13775 31.28960724823675 44850 
291 316 14252 34.73565501133756 45770 
292 317 13910 14.878280027320741 45464 
293 318 15155 28.30576506890376 45218 
294 319 15431 41.04397989204503 44969 
295 321 13623 29.341049482836755 46101 
296 321 14402 11.887819233237632 45186 
297 322 15484 13.338748502794648 45426 
298 322 15448 11.55820179383047 44668 
299 324 15104 29.966223053139007 45218 
300 325 15387 33.615198028562816 44969 
301 325 14802 20.18170496985435 44782 
302 328 14900 28.489393300175017 44828 
303 330 13941 16.626883272789733 45668 
304 330 13565 47.73804535295413 46022 
305 333 15154 19.772962534570958 45491 
306 334 13744 24.054793123253507 45961 
307 335 14659 41.96586401401753 45089 
308 337 14822 47.673576924940036 44535 
309 338 13526 48.910224885919845 46035 
310 339 14356 19.76601383387752 45068 
311 341 13554 17.670683231885015 45107 
312 343 13754 12.483659470706115 44798 
313 345 13778 33.81794014500274 45955 
314 348 15129 12.109015065471848 45235 
315 348 14135 39.32860155872028 44678 
316 348 14485 26.9467508578712 45174 
317 349 14578 30.0552736817447 45040 
318 350 15115 43.06128326548967 45122 
319 350 13562 46.636634871749365 44142 
320 350 14118 43.13155762727322 45212 
321 351 13920 29.066037148494065 45409 
322 355 13498 26.34308611277382 44661 
323 358 13601 24.74208551424144 44513 
324 358 14101 13.961765183936631 45096 
325 361 14626 11.039480603265135 44759 
326 361 15104 40.62594784000295 44397 
327 362 13948 24.061172259348737 44916 
328 364 13931 10.033527199288379 45645 
329 366 14039 46.541109147275016 44888 
330 367 15468 11.032686433617913 44324 
331 370 13942 16.089182075084437 45273 
332 371 15320 40.79589565153011 46086 
333 374 15299 29.454180293489884 46092 
334 375 13702 12.751931130071608 45010 
335 376 13558 47.50914940716918 45098 
336 377 13987 13.473376103533766 44371 
337 378 13640 25.68550084089037 44900 
338 379 14232 28.421433645879244 45331 
339 379 14696 39.5206713451267 46109 
340 380 15223 16.79535469961415 45177 
341 382 15118 15.393595219189606 45002 
342 383 13936 29.321395071323387 44964 
343 384 14995 16.783387670145782 45018 
344 384 14650 44.796036335818584 45118 
345 385 13611 22.366477495842986 44331 
346 385 13863 31.87466443246446 45901 
347 385 14841 45.93549863506429 45391 
348 386 14710 49.10774308755363 45503 
349 388 14158 13.492739171565855 45592 
350 388 14845 47.060825972922984 44525 
351 389 15238 41.64847556516963 45334 
352 389 13754 37.920089515871695 44936 
353 392 14693 34.4692754260864 44280 
354 392 14295 13.027623521175489 45989 
355 393 13960 30.290276909171155 45133 
356 393 14169 20.467237813063115 44401 
357 394 14566 37.73140757631244 46073 
358 395 13540 27.459753387558212 45688 
359 396 14245 29.685826939877362 45443 
360 397 14852 40.65863511322258 45133 
361 397 13917 48.8073623367798 45014 
362 398 14723 34.41796181990864 45501 
363 398 13688 17.474507393862435 45928 
364 400 14371 30.764520498943327 45205 
365 400 15414 33.83011563286939 45504 
366 400 14169 48.68741664387077 46005 
367 401 14592 21.61724396068276 45479 
368 401 15203 31.693397430570162 44927 
369 401 13533 38.88129062963553 45034 
370 403 15242 26.85931161534739 44580 
371 404 14551 35.91615005833165 45408 
372 405 14271 12.814545686858212 44700 
373 405 15331 27.432286658555647 46070 
374 406 14001 10.930441423227485 44733 
375 406 14013 49.63451191876911 45125 
376 407 13843 24.573244496168734 45079 
377 408 13999 36.88790059537642 45723 
378 410 13879 42.60376923790187 46031 
379 413 14313 46.433985220062524 45039 
380 413 13776 17.96007199820488 45951 
381 413 15167 39.10668371319367 45065 
382 414 13534 14.61086146395418 45334 
383 415 14281 25.9602884102941 45890 
384 417 13914 11.507589588171015 45419 
385 418 15277 26.684845175878888 44849 
386 418 13881 46.80943943409483 45335 
387 418 15144 43.27608484157984 45089 
388 419 15403 21.63426308060098 45879 
389 420 13672 47.142059481937935 44917 
390 421 14887 37.52822992895565 45177 
391 421 13761 15.932580531048139 44301 
392 423 13615 40.48953248734452 44677 
393 423 14620 45.252859002499754 45514 
394 424 13865 31.251656278416306 46033 
395 426 15341 27.309362226492265 45776 
396 429 14576 45.13342219502651 45838 
397 430 13986 40.00946269031424 45115 
398 430 13491 42.88458008563593 45225 
399 431 14996 32.33570861121555 45872 
400 432 13649 49.70556747453759 45187 
401 433 14927 38.98069436403037 44497 
402 433 14802 45.146256429858546 45768 
403 436 15067 40.90703611113087 45816 
404 437 13557 45.93133605321856 45213 
405 438 13575 43.85971878858682 45358 
406 438 14469 39.80010627795721 45401 
407 439 14188 15.750105592542635 44942 
408 440 15020 32.69646176947538 45230 
409 440 14337 32.30860306787143 44257 
410 441 15073 45.471511789377004 44991 
411 442 13995 25.443455664074715 44697 
412 443 13907 16.178668225570178 45053 
413 445 15080 31.907907924037215 45668 
414 445 15172 44.60375916407099 45743 
415 446 13617 35.4266817192208 45621 
416 446 15201 10.043080852949103 46116 
417 448 15099 38.67324724545817 44301 
418 449 14247 42.867240269641016 45855 
419 450 13673 22.535562149408392 44609 
420 450 13615 38.440721429441425 44471 
421 450 14054 14.356420451557717 44549 
422 450 15100 18.882916933820916 44942 
423 453 15142 39.95513620963973 44478 
424 453 14428 16.614692146297834 45180 
425 454 15210 48.22185141934256 44429 
426 455 13555 35.08316968477959 45333 
427 455 14329 34.75921765010558 44491 
428 456 15091 29.772859547014463 45945 
429 456 14552 28.9486122912035 45714 
430 457 14975 23.804942972011183 44534 
431 457 14676 41.97208909762092 44224 
432 458 14074 46.039130922952666 44191 
433 459 14567 12.791709269543286 44164 
434 459 13925 33.832346268737666 44628 
435 459 15264 11.642315997554 45674 
436 461 15295 46.554140145197856 45040 
437 461 15115 32.83873747679628 44844 
438 462 14991 38.11063110433526 45815 
439 462 14845 27.659254052033695 46116 
440 462 15329 14.114904602459042 45053 
441 464 15486 17.570021837708644 44487 
442 464 14290 15.447639241928739 44433 
443 465 15231 15.880073252748797 44368 
444 465 14727 21.055187281531587 44347 
445 466 15266 27.58988902866685 44667 
446 466 14813 15.116445930056646 45595 
447 467 14100 32.494997684467236 44554 
448 471 14694 21.45429322958463 45972 
449 474 15426 17.74361178125682 45964 
450 474 14059 44.71180073657225 45156 
451 474 13973 38.63948726106969 44231 
452 474 13982 40.79339513336856 46017 
453 475 15138 46.605629806549096 46054 
454 475 15403 23.498198562788662 44263 
455 476 15125 22.67750862553617 44184 
456 476 15092 14.557076823085309 44373 
457 479 14798 20.358223722975044 45019 
458 480 15477 13.9822502357634 44174 
459 480 13525 23.74565154863591 45211 
460 480 14511 46.56833013785289 44482 
461 482 15245 19.91785166389944 44337 
462 485 14846 26.82153826363363 45931 
463 485 13980 23.07643944232288 44735 
464 486 15088 34.000539073479786 44474 
465 486 15344 33.89334780758494 45146 
466 487 14817 15.069195794019867 45458 
467 487 15298 38.24899480589088 45030 
468 488 13568 42.328382286845155 45349 
469 488 14205 38.25937889531794 45218 
470 489 14953 22.035478217217303 44131 
471 490 14480 48.856024133011935 45695 
472 490 14618 35.13609650130342 44206 
473 491 14934 13.471185769210173 46000 
474 494 15449 15.28447122962218 45562 
475 494 14253 13.366432531782383 45079 
476 495 15010 44.217232630691775 45540 
477 495 15230 14.381221835433138 44819 
478 495 13827 20.446484251040232 45472 
479 498 13902 27.00718776932223 44731 
480 500 13993 14.756751201988049 45707 
481 501 14793 14.410390575348044 45743 
482 502 14410 11.153323964992751 44661 
483 502 14628 24.420342544922583 45444 
484 504 14490 30.23091911447761 45364 
485 505 13799 23.920344948601983 45936 
486 505 14069 26.5755984217286 44698 
487 507 14873 49.41809229518314 45208 
488 507 14680 49.27866253057155 44193 
489 507 15154 14.087127644772227 45691 
490 508 13531 13.982990289722554 44686 
491 508 14560 26.703071223006575 45102 
492 509 14835 39.8313669418969 45387 
493 511 14357 18.068764455451763 44973 
494 512 14388 23.137997735210725 45131 
495 513 14744 33.80853169028379 46058 
496 513 14217 43.150295021777254 45133 
497 513 13886 36.875280900055806 45793 
498 514 14991 18.29009835023268 45915 
499 514 14913 38.91503367775253 44323 
500 516 14657 11.046014676505553 44418 
501 516 14547 17.656666510521223 44336 
502 517 13991 49.367071654157925 45480 
503 517 14109 43.719466430919624 44616 
504 517 15157 39.99575467854224 45590 
505 520 15002 15.901816340638968 44294 
506 520 15079 23.19814744337298 44697 
507 521 14394 30.661521969122894 44175 
508 522 15072 16.468735509512396 45016 
509 522 15138 23.169451227017312 45914 
510 522 15352 26.943943372670844 46114 
511 524 13845 47.67618181211923 44766 
512 526 14244 47.20931651446047 44506 
513 527 14870 45.885624035113864 44329 
514 528 13733 32.86966743404208 45133 
515 528 14321 49.201584332209684 44319 
516 534 14389 47.456875729775625 44463 
517 535 15256 21.720670189100744 44471 
518 535 15479 30.964991741666115 44783 
519 536 14266 11.395635443581305 45721 
520 536 14995 19.582649408586363 45943 
521 539 14194 25.61149011017488 45197 
522 539 14279 48.3918581643581 44714 
523 539 15448 40.50166324747824 45379 
524 540 14342 45.589734738052854 44143 
525 542 15321 15.401223390782652 45439 
526 545 15067 36.935506672985085 45033 
527 545 13682 18.05629615028137 44779 
528 546 13709 42.09681583066009 45733 
529 546 14012 49.696842277187244 44700 
530 547 14503 19.978340727454494 45464 
531 549 14821 18.60199449003091 44689 
532 550 14484 36.40420331820274 45289 
533 551 14267 36.37512997076989 44730 
534 556 14573 31.312729445651858 46078 
535 558 15027 10.528526572366177 45345 
536 559 14092 32.76022114954638 45805 
537 560 14048 39.355961385407696 45587 
538 562 14359 39.12198369709969 45414 
539 563 13879 27.251483701890464 45740 
540 563 14429 42.88678022148321 45589 
541 563 15365 46.65189736823356 44851 
542 564 14163 48.36249826327845 45727 
543 564 14337 32.11417387972245 44850 
544 565 14165 33.680857967974475 44743 
545 569 14383 44.52802084367923 44144 
546 569 15199 10.902291940386561 45513 
547 569 14833 14.629126434623817 44334 
548 569 13898 19.717487868950677 44614 
549 570 14230 12.580382253792557 44446 
550 572 14676 15.399585313557612 44483 
551 575 13740 30.170315623138755 44701 
552 575 13872 20.44519732005313 45361 
553 576 14492 16.896419268519104 45859 
554 576 14772 28.433548459086797 46029 
555 577 14971 20.444613535070072 45637 
556 578 13540 36.47364561689482 45190 
557 580 14071 16.39554214401278 45815 
558 581 14927 13.789156496008985 45701 
559 582 14251 35.187486232255054 44193 
560 582 14488 34.86284141397123 44605 
561 584 13798 17.94705520007808 45225 
562 584 15024 30.999751476683187 46053 
563 585 15408 21.589041849836196 45124 
564 585 14236 12.42051013430791 45014 
565 585 13922 40.892198753873444 44599 
566 586 13834 11.352942441570232 45568 
567 589 14052 43.57542964612882 44573 
568 589 15423 37.48643620176898 45567 
569 590 13806 31.5776162093201 44522 
570 590 14275 30.40038971094715 44857 
571 592 15317 35.132882299645544 44935 
572 592 15263 21.799890420255398 45398 
573 595 13662 19.480508570946927 45372 
574 596 15419 17.359298431465167 45574 
575 599 15070 40.4239077960266 45551 
576 599 14465 16.829280208869363 45227 
577 600 14719 13.114176304372274 45219 
578 601 13903 16.648350370573624 44988 
579 603 15351 40.319164945109634 45486 
580 603 15342 35.828556308285215 46110 
581 604 14209 38.1495888544284 45010 
582 605 14283 11.839546488754 45371 
583 607 15116 16.07815829295931 45511 
584 607 14954 10.106203780619435 45007 
585 609 13934 47.153743372171206 45227 
586 610 13511 29.516649716361627 45261 
587 610 14543 18.334319404715448 44348 
588 610 15472 40.74145043346384 45559 
589 611 14078 46.628285886444786 45837 
590 613 13938 30.19577741036638 44141 
591 614 14078 19.72629874663162 44971 
592 615 15445 30.959345875728502 44392 
593 615 15378 44.645781618743364 45714 
594 616 14530 47.327567834990404 44458 
595 616 14121 28.242871319472684 45099 
596 616 14602 22.908468416169747 45201 
597 616 14169 19.95464526276512 44464 
598 617 14152 38.35484962571438 44670 
599 620 15486 13.851808551533352 45959 
600 620 13752 23.960331051537864 45919 
601 622 14201 13.263406999584033 44323 
602 622 14497 24.12805338123767 45681 
603 623 14196 43.57731585606067 45255 
604 625 14630 46.79570828737516 44199 
605 627 15312 18.26024486476635 45761 
606 630 15346 29.310679885317207 45816 
607 631 14778 47.4770249805169 45654 
608 633 13921 20.816891998120983 45315 
609 635 13820 21.59556052365592 44845 
610 637 14041 30.19695820631128 46060 
611 638 15295 34.45329603290135 45733 
612 638 14492 15.640036115405213 44372 
613 639 15385 36.69351887128427 44228 
614 639 14467 36.350742374293226 44864 
615 644 13824 38.66779574885088 45085 
616 645 15127 46.61848789412086 46079 
617 646 14510 12.76064802278864 45864 
618 647 13988 33.49830691874287 44601 
619 649 14928 30.238427539280877 44247 
620 650 13681 21.275835024135436 44883 
621 651 14741 49.70090308139006 45975 
622 653 15005 39.66041234903713 45900 
623 654 14537 45.566089317510084 45213 
624 654 14357 43.521353955752645 44601 
625 655 14265 22.40874207762711 44569 
626 657 13892 16.331340044579306 46076 
627 662 15090 36.61851537342443 45538 
628 662 14930 43.678377371391754 44777 
629 663 14184 29.88265936812876 45135 
630 664 13911 15.85719131640765 45647 
631 664 15127 12.232194873276931 44878 
632 665 14312 44.347131771802786 45326 
633 668 14948 17.223099484125957 45724 
634 669 15466 47.83082216603892 44369 
635 675 14190 23.779537124164747 45728 
636 675 14173 19.025390564476243 45283 
637 676 13631 10.741400303677535 45190 
638 677 15483 40.81441731908201 46113 
639 678 15182 17.52305896280816 45855 
640 678 13577 16.549941389934943 44452 
641 682 13657 37.64392774592584 45293 
642 683 14413 43.40400468989775 44344 
643 684 14327 33.40445244844467 45944 
644 686 13837 13.9976824410404 45290 
645 687 14016 39.77421812422705 44609 
646 689 14669 33.59078786364386 44368 
647 690 13489 42.10343960545967 45144 
648 691 14013 49.956091930220474 44931 
649 693 14734 47.56928173192279 45609 
650 693 14005 22.356162269560738 45491 
651 693 14267 49.79437294596397 44271 
652 693 14748 42.7144048604807 45023 
653 694 14010 12.95622660143053 44128 
654 698 13761 32.59100493242863 45098 
655 699 14790 41.68710049494649 45145 
656 699 15137 20.378418017556257 44135 
657 700 13537 21.566260801342658 44465 
658 700 14105 32.19009773592769 45293 
659 702 14515 15.646013294644758 45680 
660 702 15075 22.262911824317293 45140 
661 702 15044 29.919417778068844 44258 
662 704 14187 32.56767997356115 45009 
663 704 13560 43.93865489483081 45718 
664 705 14237 39.69564829430963 45634 
665 706 15057 41.69839793585524 45751 
666 706 14211 14.579690230599457 44615 
667 706 14920 44.0692052580506 44631 
668 707 15310 11.11529841666503 46085 
669 707 15075 40.12405981729298 45305 
670 710 14644 40.87881471754149 44876 
671 712 14177 30.900379639611977 44752 
672 712 14425 11.384596875391622 44181 
673 712 14570 17.69346638731102 45871 
674 712 14199 48.96040139965807 44237 
675 718 14740 35.73139274293355 44526 
676 718 14625 12.304574133724305 45954 
677 719 14695 22.685452452922675 44312 
678 720 14362 24.802296455499693 44804 
679 721 14170 24.17228241122979 45020 
680 722 15462 25.680789033821654 44546 
681 722 14565 14.646904978415876 46024 
682 723 15000 38.02793758521524 45699 
683 724 15468 44.854664501653744 44743 
684 727 14479 40.1639257583717 44764 
685 727 13858 27.749153032448305 45376 
686 728 13758 24.571973180571 45363 
687 728 14905 14.564992887634673 44790 
688 728 13800 38.693678052527865 44474 
689 730 13546 28.526684350073186 45409 
690 730 15113 14.864530069643735 45693 
691 730 14924 10.379614613638042 46041 
692 730 14895 46.50076445526341 45614 
693 731 14971 21.455591424969764 46015 
694 733 14362 39.58774791327975 45002 
695 735 14387 25.313161164856652 45305 
696 736 14921 45.97474871745092 44193 
697 737 15287 49.80538192246543 46061 
698 739 14988 17.181554785743018 44235 
699 739 15131 16.704749073523644 44345 
700 739 13935 39.11777164557222 45357 
701 740 14365 15.439774138143036 44322 
702 740 14377 32.7896672546904 44348 
703 740 14865 48.12589264628162 44659 
704 742 13604 13.26337170892816 44307 
705 743 13932 32.77331337023283 45739 
706 743 14973 39.77468622476877 44953 
707 744 15308 45.11872233813658 45925 
708 745 14635 31.257278942620694 45027 
709 745 15044 30.900404989477238 45227 
710 747 13783 24.89901551210453 45809 
711 748 13865 17.11278146869548 44828 
712 751 15350 24.768010008775406 45264 
713 752 14851 13.695007937641318 45930 
714 755 14864 49.43173395076133 44561 
715 756 14531 13.010696727421859 45905 
716 757 14091 36.00923708226612 44684 
717 760 14913 17.267650999098358 45254 
718 761 14934 16.13595205458872 44476 
719 762 14965 27.427181273306225 45491 
720 764 14684 35.08637133575789 45009 
721 764 14508 44.52653207771148 44205 
722 765 15431 46.356307804245475 44746 
723 766 13871 44.04236213622561 45662 
724 767 14356 29.22756970589542 45780 
725 767 15449 32.3538752998266 46043 
726 768 14620 44.97214524645886 45211 
727 769 14375 32.83658740398742 44475 
728 770 13936 29.600625805901963 45073 
729 770 14158 27.72453912679762 44379 
730 771 13689 37.51787110539528 44369 
731 771 14135 40.667459373977195 45120 
732 771 14615 11.386884371410929 45168 
733 774 14868 40.549641390884666 44808 
734 774 13582 42.098972016515944 45610 
735 774 14166 15.67276206030948 44871 
736 774 14062 30.565593273345236 44846 
737 774 15312 47.386400461522804 44847 
738 774 15072 28.218952083495896 45740 
739 775 13883 28.28770610255471 44863 
740 780 14910 22.706107602951647 45108 
741 780 13768 29.881059516907357 44654 
742 781 13789 36.698327965560594 45515 
743 783 14484 42.142692304079944 45481 
744 783 14336 29.480157142891397 45386 
745 783 14547 33.69542820462563 44817 
746 784 14655 31.519292835802016 44138 
747 784 14195 29.001493074579617 44718 
748 784 15201 32.914433123801345 45678 
749 784 14349 11.427812575326861 45144 
750 785 14669 46.70389042906385 45015 
751 786 14020 45.18488344469844 45731 
752 786 13811 30.868225418436413 45502 
753 786 14566 20.70860148524805 45711 
754 788 13552 38.68334926812743 44366 
755 791 15066 16.231177800989695 44801 
756 792 14768 21.763604886369563 44546 
757 792 14981 19.89451590869953 44743 
758 798 14207 26.68376409168325 44746 
759 798 13547 38.477102880123724 45175 
760 800 14171 42.69975062342458 44374 
761 801 14557 40.52396295011532 44410 
762 802 14398 46.9799569714459 44822 
763 803 14609 41.254205400545345 44845 
764 804 15316 47.804912343134816 45482 
765 805 15123 30.30724221944331 45698 
766 805 14989 47.05437523703702 44243 
767 805 14331 18.08392393611188 44796 
768 805 14808 49.40378019267635 44771 
769 806 14627 26.15304051423201 45154 
770 808 13685 11.12651899750733 44706 
771 809 14065 36.63011179757646 44176 
772 809 15093 21.36141318752035 45106 
773 810 13695 40.4026730771146 45733 
774 811 13969 10.344541125925577 44313 
775 812 15482 39.518300318931644 44585 
776 812 14075 31.283883068824977 44639 
777 812 14839 34.99565627084216 44240 
778 812 15035 42.03203308459712 45936 
779 814 15364 33.91192904267178 45328 
780 815 13595 21.703856221491428 45230 
781 816 15144 23.05329040742887 44593 
782 816 15422 10.749149614314266 46062 
783 818 13693 39.06532076562236 45782 
784 821 14939 19.445520232037868 45755 
785 821 14110 14.232910785480094 45918 
786 822 15211 34.58269109016513 44225 
787 822 14713 48.80437113676639 44155 
788 824 15346 24.410829200348285 44856 
789 824 13503 30.45647082973703 45287 
790 824 13993 45.355284281323286 44706 
791 827 14338 17.8110598911238 44181 
792 828 13942 29.107731281835484 44819 
793 828 14906 16.680553770936445 45944 
794 829 13671 22.81634143843879 46040 
795 829 14936 20.18437247620668 44183 
796 831 15344 16.33192621329308 45661 
797 831 14284 39.24868703861219 44985 
798 833 15278 15.891654826827718 44991 
799 835 14404 28.664465081898637 46026 
800 838 14321 34.455117472094386 45224 
801 839 15235 12.013773253412193 44687 
802 839 15110 17.917581609579422 45984 
803 839 14642 25.603091059982862 44410 
804 840 14816 44.482185889685645 44228 
805 841 14441 22.047639934080973 45609 
806 841 14130 40.606581243535736 44679 
807 842 15369 32.256368004103564 44738 
808 843 15445 36.436074520453445 45226 
809 844 14461 45.37298045192608 45166 
810 844 15060 10.546314500257989 44429 
811 846 15341 30.09410360820256 44576 
812 847 14987 47.08254071580826 45236 
813 847 14996 23.471944455801086 44858 
814 848 15472 37.50359025790077 44934 
815 850 14839 24.293868234673806 46024 
816 851 14079 41.74502404706921 44823 
817 852 13658 28.67818355579818 44376 
818 853 14304 17.758811094980107 46064 
819 855 14206 37.565091241116875 44757 
820 856 14087 30.775334179415328 44898 
821 857 15098 37.5538312523396 44974 
822 859 14549 43.847270621051265 44527 
823 859 14437 31.534491659793908 45463 
824 860 14755 18.16444349947403 44725 
825 862 13540 20.208385354800228 46027 
826 863 13851 33.220155883184276 45571 
827 864 13940 30.96456333324258 44803 
828 865 15007 16.76564152213587 45165 
829 865 14280 21.605975869671465 45845 
830 865 15078 21.034942375828948 44396 
831 866 14346 21.2803877333195 45256 
832 868 14555 34.79366442991848 44421 
833 870 14376 41.226074064620036 45972 
834 871 14831 34.11608459867199 45354 
835 872 13680 48.87407159251593 45360 
836 872 14167 43.67617764638729 46010 
837 875 14607 22.52040037648531 45076 
838 878 15392 14.653265482264718 45712 
839 879 15363 21.762654982887938 45842 
840 881 13769 34.263167056045305 44317 
841 882 14658 45.88974600783669 45444 
842 882 14750 20.482282150245553 45455 
843 882 15253 31.592549103824716 45600 
844 883 15107 33.10991461567438 45214 
845 883 14461 49.2097233866849 45629 
846 884 14801 24.05951256552939 45661 
847 885 14891 25.751961685905066 45658 
848 885 14945 16.631597726928785 45978 
849 885 15054 32.275592465046444 45879 
850 886 15136 25.85092282522514 44519 
851 888 15195 11.219497466390074 44756 
852 888 13760 11.656860817206645 46111 
853 890 14069 17.95883366466346 45561 
854 890 13671 31.52247092454525 44631 
855 891 15063 39.83513917961492 45715 
856 891 15472 13.988826897204225 44999 
857 892 14894 15.567944318049749 44425 
858 892 15153 42.95914193848871 44580 
859 897 13814 41.46415936206361 45588 
860 897 14164 28.890628122314972 44121 
861 899 15222 21.8822957261995 46009 
862 900 15165 13.988393929194118 44673 
863 902 14701 14.688396071366018 45658 
864 902 13714 47.051453940811776 44343 
865 903 14636 18.514607900319223 44542 
866 904 14889 26.86373820503011 45708 
867 904 14347 30.920901146159036 45775 
868 907 13746 20.760065101806056 45918 
869 908 13594 19.35569336566376 44285 
870 908 15227 14.46173117507918 44830 
871 908 15350 40.367214921597586 44950 
872 911 14251 48.43602693611974 45481 
873 912 14887 16.761668688980834 44782 
874 912 14527 45.841222213692106 44245 
875 913 14490 19.071241746886024 45081 
876 913 14277 18.064660928702637 44711 
877 914 14027 41.752498884981016 45461 
878 918 14498 29.333025018774354 44313 
879 922 14783 33.47863845242264 44973 
880 922 14643 38.394615763998786 44241 
881 924 13633 10.23519193582494 45288 
882 925 13821 44.885274156585005 46054 
883 925 13697 11.363913680583293 45315 
884 925 15033 27.49029061018348 44618 
885 925 14744 29.326854965982587 44925 
886 926 14241 46.64720388722503 44976 
887 926 14656 29.327132898322063 44302 
888 927 14042 36.881123480695834 44902 
889 928 13611 15.6819019776114 45183 
890 934 15419 47.975517065046255 45064 
891 934 13613 49.18686315116347 45669 
892 935 14075 31.455089419019874 45343 
893 935 14333 14.959845375326388 46000 
894 936 13643 27.427099788441026 45180 
895 937 14459 15.9472698111407 44257 
896 937 14687 43.431084776514496 44202 
897 938 14006 19.567592327469583 45219 
898 938 14094 17.152343228222794 45303 
899 942 15112 36.35321977044007 45974 
900 943 15343 44.665220560982334 45571 
901 944 13701 15.53206137577931 45805 
902 945 14299 23.934967847851002 45652 
903 947 14691 36.45128953232721 44382 
904 948 13528 41.817383415542736 44195 
905 948 14223 21.404423502691685 45274 
906 950 15220 41.080257299140186 44485 
907 950 13950 40.96054499534219 44478 
908 950 14133 22.68740480628637 45829 
909 950 14128 14.117248877886057 45363 
910 950 13539 42.88565326898447 44278 
911 951 14311 46.59794628929038 45116 
912 951 13697 27.006086746252453 44654 
913 952 14189 18.05689614455784 44907 
914 953 14876 35.26351329669798 45214 
915 953 14006 35.64430211190685 44967 
916 954 15208 17.168715417559234 45957 
917 956 14300 29.467554198093183 44404 
918 957 14886 45.09126239624194 45223 
919 957 14875 31.80752469954974 45084 
920 958 13872 32.06624535147751 45359 
921 958 13957 38.57734710844454 45040 
922 960 15429 42.36743960079624 45255 
923 960 13981 19.71947928770099 44297 
924 961 13561 44.024725305831105 45177 
925 962 14951 22.426673667660964 44435 
926 963 14896 22.08255948869325 44146 
927 964 13764 37.11177849257734 45651 
928 964 14371 27.509091854685185 45628 
929 965 14450 22.557885637532085 45198 
930 965 14157 24.9763350507012 44590 
931 968 13827 30.031541973451237 45349 
932 968 14294 44.55299524348071 44738 
933 969 14820 39.430961249697546 44338 
934 970 15135 27.972945051702176 44163 
935 971 14965 10.21925019532616 44667 
936 971 14687 11.546178274600694 45726 
937 972 15197 10.856803189885209 46038 
938 973 14677 23.086323289871657 44535 
939 973 14439 23.55490927935884 45399 
940 974 14431 22.80303471449258 45222 
941 974 13673 30.147232705120484 45976 
942 976 14552 28.662356863111583 44819 
943 976 15200 30.56995856233151 45454 
944 976 13588 15.18947047291821 45602 
945 977 15119 48.51826311940794 45108 
946 977 14145 20.245605484516634 45726 
947 978 13781 39.61730666700945 44389 
948 979 14672 15.064554561892285 44850 
949 980 15389 12.484425697433776 45218 
950 984 14786 48.43837803776026 45994 
951 984 14354 30.940044265128044 45229 
952 984 14569 33.69280543730901 44959 
953 985 13696 49.16947025673962 44864 
954 988 13989 24.0122541704094 45591 
955 988 13595 39.35210533040748 45163 
956 988 14046 24.679429830245567 45536 
957 991 14437 10.90998169620267 44237 
958 991 14061 16.50828499852731 44331 
959 995 13676 30.118117598423673 45679 
960 996 13921 39.323756337497386 44118 
961 996 13490 32.90554835957656 45574 
962 999 13498 41.134748460718455 44727 
963 999 14010 24.918746905805513 44536 
964 1000 13554 28.26241219627656 45420 
965 1000 14757 35.29517075760849 44876 
966 1001 13822 36.18998661396916 45402 
967 1001 15471 23.17560912296594 44668 
968 1003 14499 39.822537593585096 45713 
969 1003 14260 25.202981418545498 45958 
970 1004 14771 38.12385625669514 44199 
971 1004 14929 21.026400689780075 45289 
972 1004 15411 34.0683337113888 45521 
973 1005 13659 27.368998151368604 46083 
974 1005 13891 34.06622622712064 44450 
975 1006 13560 11.078162334537565 44783 
976 1007 13934 49.11553369091485 45332 
977 1007 13924 31.128768435042673 45322 
978 1008 13914 11.158688689292662 44762 
979 1008 13691 12.23256587353886 44835 
980 1008 14405 48.51394808263986 45577 
981 1008 14284 34.02657725648368 44339 
982 1011 14245 19.508096996033114 45548 
983 1012 14629 28.31425661645421 45739 
984 1013 15261 47.276430711436426 46115 
985 1014 13860 48.636212448727264 45605 
986 1014 14633 22.989546513957116 44346 
987 1014 13745 22.432619912589644 44695 
988 1014 13771 43.40660189297573 44182 
989 1014 13694 43.82475986486789 45823 
990 1016 14481 46.13160093370473 44366 
991 1017 14357 15.464367549613174 46082 
992 1017 13919 36.04451353606593 44590 
993 1018 14861 44.07543085309515 44656 
994 1018 14595 39.89117027262996 45227 
995 1024 14754 33.6614237117312 45885 
996 1025 13847 42.95629346539859 45336 
997 1025 14365 18.69348513952568 44233 
998 1026 14237 11.89456124398529 44528 
999 1031 14890 30.23658485965361 44617 
1000 1031 13814 17.537755632069295 45870 
1001 1032 15296 49.93787337408878 44380 
1002 1033 13860 46.58987742801918 44934 
1003 1034 15479 12.217913474087808 44989 
1004 1035 13573 28.58015354163331 44235 
1005 1035 13541 15.513861339712566 44865 
1006 1036 14268 12.814677932475949 44236 
1007 1039 13612 38.57835330249616 44983 
1008 1041 14192 30.54996365507687 44949 
1009 1041 14576 46.604413529079686 45793 
1010 1044 15282 15.387223603848534 45833 
1011 1046 14969 33.59311805762374 44480 
1012 1047 14629 27.950433129757354 45633 
1013 1048 14523 22.167766571707148 45967 
1014 1049 15080 48.328798516512435 46075 
1015 1051 14542 31.291537648949443 44959 
1016 1051 13780 30.896860803044838 45744 
1017 1052 14792 23.278262209271436 44411 
1018 1053 14678 48.20919064258 44306 
1019 1054 15437 20.139873659086504 45540 
1020 1056 13705 22.4529561615589 44577 
1021 1056 15413 29.13882006236612 44965 
1022 1058 14357 12.100555324860625 44672 
1023 1063 14194 38.10976592804436 45251 
1024 1063 15349 15.580914002405034 45681 
1025 1067 15045 49.69891928289175 44594 
1026 1069 14293 17.17961756899784 44358 
1027 1069 14596 41.48515772792463 45016 
1028 1070 14772 21.13031970086196 44149 
1029 1070 13776 46.40465612433685 45493 
1030 1071 14550 48.74248476314554 45181 
1031 1074 13681 14.093440920153618 45757 
1032 1076 13628 18.460142880312794 44399 
1033 1077 14414 15.929461867401224 44577 
1034 1078 14036 43.50864672739326 45358 
1035 1079 14403 35.35923741113208 44141 
1036 1080 14357 17.6301578256263 45582 
1037 1081 13949 20.15437705684264 45294 
1038 1081 13576 11.778461041104995 44444 
1039 1082 14326 17.17959504767643 45344 
1040 1082 15090 12.58902455874706 45632 
1041 1083 15006 20.44375079655756 46048 
1042 1086 15450 39.999540004563976 44420 
1043 1087 14294 20.04725261309037 44483 
1044 1090 13598 19.77476694103786 44744 
1045 1090 15265 49.07474733554905 45317 
1046 1091 14855 49.44952134210935 44192 
1047 1093 15270 18.902037550322206 45085 
1048 1093 13816 13.03507954501724 46033 
1049 1093 14233 27.19382818629149 45474 
1050 1093 14799 16.627337343139747 44723 
1051 1094 13918 29.94749587485142 45336 
1052 1094 14303 15.491924164195607 45646 
1053 1096 13976 34.55519794168886 45594 
1054 1096 14389 24.69300429744559 45488 
1055 1096 13838 20.877610483742004 45314 
1056 1097 14974 49.1857401198936 44916 
1057 1098 13834 15.04171744403424 44625 
1058 1099 13932 38.26814520244828 44447 
1059 1099 13627 37.30468846387898 45511 
1060 1099 15367 42.883323607637344 46036 
1061 1100 14497 19.84724746973502 44434 
1062 1100 14500 46.658781874083175 44765 
1063 1102 15351 10.988342181565557 44761 
1064 1104 14096 45.10031060730283 44680 
1065 1104 15208 37.07815971641226 44129 
1066 1105 15382 18.097562291136548 45920 
1067 1107 15470 37.71284103706252 45068 
1068 1107 14071 48.86456551047662 45379 
1069 1108 14838 38.85365924927358 45172 
1070 1109 15329 42.87692304136299 44232 
1071 1110 14141 10.539828560128743 44298 
1072 1112 14786 42.94649291469821 45649 
1073 1113 14090 14.201520576878623 44769 
1074 1115 14053 17.6314073449166 45287 
1075 1116 14410 20.148630283529737 44492 
1076 1117 13718 23.174851076775624 45315 
1077 1118 15055 37.869475663604646 46038 
1078 1119 14604 35.04968052176535 45262 
1079 1122 14001 12.339646859415723 45101 
1080 1123 14274 12.813435887883378 44713 
1081 1124 13744 16.72550707561382 44908 
1082 1127 14459 44.18395196095055 44938 
1083 1127 13778 25.097675721709788 44440 
1084 1127 15000 25.607756401090512 45691 
1085 1131 14119 16.164064684995786 45222 
1086 1133 14643 37.9801556150127 45216 
1087 1133 14502 14.162960868917569 46043 
1088 1134 14974 12.99607052883411 45580 
1089 1134 15116 42.51523317418831 44960 
1090 1136 14767 17.355977583938568 45269 
1091 1137 13588 14.387585428407096 45979 
1092 1138 14392 48.497234972146614 44675 
1093 1139 13521 44.4764230609264 44241 
1094 1139 13889 26.622254990801594 45237 
1095 1139 15442 18.274934594531523 44970 
1096 1140 14700 41.315238904569384 45681 
1097 1140 15027 18.78307265240253 44509 
1098 1141 13978 15.37912004615167 46068 
1099 1143 13695 36.31405268395821 45354 
1100 1144 15384 13.134736539536153 45331 
1101 1145 15374 49.955432913052746 45796 
1102 1147 15324 41.41629080402229 45117 
1103 1148 14163 47.830437332068264 45419 
1104 1148 14720 17.37678205201773 45252 
1105 1149 14629 13.95000513710913 45381 
1106 1149 13803 20.24753200501669 44137 
1107 1152 14004 46.571793622345446 44224 
1108 1155 13606 38.669906171730815 45102 
1109 1157 14386 22.783922723146752 45322 
1110 1157 15485 35.32953053722908 44364 
1111 1157 15023 22.21693236153147 45360 
1112 1158 15253 31.684634419713845 45870 
1113 1160 15110 10.390453306399095 45852 
1114 1162 13712 41.92838778879113 46040 
1115 1163 15475 41.31671971611952 44286 
1116 1164 14222 25.640301957474083 44764 
1117 1164 14975 45.7763197631573 45487 
1118 1166 13952 16.108672389873316 45491 
1119 1168 14876 11.644941355823008 45061 
1120 1168 14570 48.20236417768905 44267 
1121 1168 14893 33.63066217002009 44223 
1122 1169 13993 17.463297646844435 45140 
1123 1169 15330 24.659587362298623 45009 
1124 1169 13839 24.98073941789917 45105 
1125 1170 13619 15.821443693560461 45981 
1126 1171 14229 46.16500870412242 44125 
1127 1172 14659 42.71348565037965 45431 
1128 1173 13615 14.373233291860519 44971 
1129 1173 14731 42.016566167426504 44961 
1130 1174 14265 21.180592152887264 46057 
1131 1174 14142 26.335070300937605 45597 
1132 1174 13687 34.348742164075176 45590 
1133 1175 14733 41.14399220939782 45648 
1134 1176 14594 24.78565083945696 45692 
1135 1178 15245 36.900530767521815 45243 
1136 1178 13675 26.37496763369836 44444 
1137 1179 13640 13.007311923330644 45560 
1138 1180 14183 40.906411061976385 45491 
1139 1180 15447 22.521990509089417 45389 
1140 1180 15262 20.707404428953463 44849 
1141 1180 13908 43.49306274836225 45875 
1142 1183 14015 34.944986784711915 44952 
1143 1183 13732 38.2459457630938 44522 
1144 1184 15229 20.279623641587897 45859 
1145 1184 14048 43.10762423379884 44394 
1146 1184 14224 13.870796350380816 44976 
1147 1186 14637 45.515702519150054 45601 
1148 1187 14905 20.51664649930205 45587 
1149 1188 14040 46.85248120761301 44595 
1150 1188 14579 18.787352925273026 45100 
1151 1188 15028 18.641267956805358 44456 
1152 1189 13663 24.639718945972376 44889 
1153 1193 14750 30.797519604968304 44193 
1154 1194 14650 39.05385055241304 45837 
1155 1194 14032 27.776412669603804 44258 
1156 1196 14688 49.5789987619419 44755 
1157 1199 14807 14.025645123062048 44231 
1158 1199 15312 20.691068001169125 46067 
1159 1200 13664 26.982305415817546 45431 
1160 1204 13660 25.24828431166512 44979 
1161 1204 14372 46.597123558636355 45260 
1162 1206 13658 48.83090412472498 46112 
1163 1207 15294 15.876151427966668 44185 
1164 1209 15355 29.795669672494675 46018 
1165 1209 13659 37.61934043376458 45677 
1166 1210 14634 37.579698080154174 45291 
1167 1211 15254 41.28868196860384 44813 
1168 1212 15218 37.19539329831895 45995 
1169 1214 14667 12.341115276721935 44743 
1170 1214 15294 43.521785395047424 44234 
1171 1215 14077 24.519119076915054 44210 
1172 1217 13740 44.170025373410745 45780 
1173 1217 15011 35.949506064961994 46111 
1174 1218 14033 42.73409572950647 44700 
1175 1219 15154 11.705786210595397 45334 
1176 1222 13631 18.34585937881083 45823 
1177 1222 14524 13.148655120774201 45162 
1178 1224 13487 19.052565296411625 46091 
1179 1224 15304 41.63674062468274 44748 
1180 1225 15346 34.07147944974819 44237 
1181 1225 14261 33.643854240462936 44793 
1182 1225 13517 34.20547275485675 45002 
1183 1226 14072 38.58455520909534 45418 
1184 1226 14770 14.739031369352169 45096 
1185 1227 15170 38.18215615071219 44546 
1186 1229 15375 14.656654197788708 44554 
1187 1230 14768 20.412390278171742 45133 
1188 1231 13725 30.512215674751598 44166 
1189 1235 15131 32.45714180791025 45970 
1190 1235 15301 19.623304710631402 44371 
1191 1235 14887 38.012943717968284 45100 
1192 1236 15484 25.5055120038761 44689 
1193 1237 14595 26.396426124339275 45647 
1194 1239 14293 45.651700949213755 45065 
1195 1239 14437 18.778126346887795 46065 
1196 1239 14492 33.32380404139927 44444 
1197 1240 14208 49.07118321739023 46113 
1198 1241 15108 39.180243922955384 44780 
1199 1244 13906 39.77076726323915 44651 
1200 1244 13490 38.006995281205754 45967 
1201 1244 15358 19.129948496055164 44180 
1202 1244 15164 29.112294958656854 45146 
1203 1244 15451 23.17464938695697 45808 
1204 1245 14651 28.86760373645393 44188 
1205 1245 14859 48.90416864972051 44632 
1206 1246 14398 31.625341328921294 45042 
1207 1247 15034 22.140644479558876 44796 
1208 1248 15085 39.206106182220466 44718 
1209 1249 14546 27.37473691021799 45066 
1210 1250 14650 40.362249531049315 44881 
1211 1251 14415 23.603322960558568 45780 
1212 1252 15170 13.070735746607664 44545 
1213 1252 15004 25.41466061873659 44152 
1214 1254 13822 14.15140917551657 45800 
1215 1254 15153 34.15268285983314 45434 
1216 1256 15269 35.10104958717981 45716 
1217 1260 14270 11.855929676236293 46096 
1218 1260 15279 36.35171909837793 45566 
1219 1260 14167 37.13322665340255 44179 
1220 1260 14115 27.656679759205286 45011 
1221 1261 13888 47.238488244083065 44798 
1222 1264 14767 11.670753505175355 44413 
1223 1264 14617 42.59668184463351 45194 
1224 1265 15390 43.569301536639124 45509 
1225 1266 15457 36.28461049612789 45277 
1226 1267 14654 47.76146160462005 44129 
1227 1267 14082 19.334204101742962 44198 
1228 1268 13705 21.84499980897362 45635 
1229 1271 15145 45.9646929514486 45721 
1230 1271 14300 42.256091628448324 45837 
1231 1272 14573 30.039892196283375 45505 
1232 1273 14031 27.241224246792758 44703 
1233 1273 15262 29.67283294963394 46101 
1234 1275 14801 11.249300165629075 45379 
1235 1279 14613 42.52424466020059 44401 
1236 1280 15418 29.47642154308721 44690 
1237 1280 15021 25.5791742219434 45402 
1238 1281 14029 30.407861642796238 45979 
1239 1285 13954 23.5154502861991 46015 
1240 1285 15455 49.472620468074446 45606 
1241 1287 15062 44.161282277254024 45538 
1242 1287 14686 11.299495548533436 45323 
1243 1288 15131 28.662934443236388 44390 
1244 1289 13793 33.87412153430428 45957 
1245 1290 15140 38.22133992328415 45388 
1246 1290 14827 35.553057847731715 44909 
1247 1294 14003 28.482517507253352 44799 
1248 1294 14550 33.49582916511498 44871 
1249 1296 15055 34.675994383372824 45940 
1250 1296 14338 17.819491557934676 44496 
1251 1297 14074 10.699478030142053 46004 
1252 1299 15206 11.207438873402813 45781 
1253 1299 13803 29.364369846134846 45898 
1254 1300 14611 33.61730382491605 45261 
1255 1300 14036 48.23309748594226 45792 
1256 1302 13681 15.942850322077309 45315 
1257 1302 14110 17.328693411448594 44152 
1258 1302 14661 49.74037126827788 45287 
1259 1303 14175 15.701158304474493 44780 
1260 1304 14024 29.219664965521005 44374 
1261 1304 14395 17.43763165514214 45891 
1262 1304 15021 40.89388830965688 44783 
1263 1305 13736 24.568390795615787 44899 
1264 1307 14893 18.89114622425764 44855 
1265 1307 13880 47.230754844168736 45214 
1266 1308 14449 34.3962016079263 44637 
1267 1308 15475 21.68219870815443 44555 
1268 1308 13500 15.310227900177233 45097 
1269 1310 13802 15.925644797310298 44553 
1270 1310 15079 11.653717390683225 44906 
1271 1311 13552 10.46418863286739 44920 
1272 1311 15195 47.62359717748967 45474 
1273 1311 13670 35.67815855764961 44432 
1274 1312 14867 37.41599600893616 45539 
1275 1313 14009 28.777016866369728 44418 
1276 1315 15394 27.573092448543996 45533 
1277 1316 14791 33.52752355434113 45592 
1278 1320 15321 22.607172177516762 44281 
1279 1321 14708 10.104947433006629 45617 
1280 1321 14815 33.76409090444041 44341 
1281 1321 14678 41.791395042948714 45510 
1282 1321 15336 42.228129707522356 45400 
1283 1323 14459 25.092363012223657 45786 
1284 1323 14994 44.98224808638566 44517 
1285 1328 13852 31.2535739129137 45514 
1286 1328 13724 28.129247197210532 46068 
1287 1329 14073 35.89584817539442 44466 
1288 1329 14896 19.967345755696137 44118 
1289 1330 15099 22.365250705689583 44496 
1290 1330 14286 42.90760137346219 44492 
1291 1330 15334 25.894743410749737 44490 
1292 1331 15060 22.104303957569446 45358 
1293 1333 13659 46.313549380869155 45228 
1294 1337 13804 49.28491396051379 44787 
1295 1338 14780 29.677069855091457 46056 
1296 1341 15055 20.294253546311126 45331 
1297 1344 14667 22.723410971919083 44451 
1298 1345 13875 16.531140730980788 44726 
1299 1346 15081 25.600744866724618 45310 
1300 1348 13823 31.077570572127044 46038 
1301 1349 15445 26.89460771665766 45289 
1302 1351 13544 24.17363088135105 45459 
1303 1351 14880 18.779520761315204 44145 
1304 1352 15081 32.94003331420009 45490 
1305 1352 15250 49.8120708146737 45774 
1306 1352 13661 18.81047817270643 44307 
1307 1353 15443 32.4417141895853 45737 
1308 1354 14782 28.775669448340228 45477 
1309 1354 14006 44.155372432266304 44638 
1310 1355 15249 39.140622215510774 46055 
1311 1359 14998 27.95698848957393 44926 
1312 1359 14803 40.672056968538826 45242 
1313 1359 14839 33.64578637326974 45785 
1314 1365 14561 24.172591870345194 44936 
1315 1366 13663 18.5915302116203 45073 
1316 1366 14976 22.502944383820456 44543 
1317 1366 13710 47.753996273521075 45405 
1318 1368 15058 31.027399261105852 45118 
1319 1369 15353 34.54056576103163 45498 
1320 1370 14639 27.40873162314366 45814 
1321 1372 13756 15.998106648540507 44621 
1322 1372 15238 19.86200994983237 44857 
1323 1373 13778 41.12690057846744 44528 
1324 1374 15313 37.996721856133625 44838 
1325 1378 13997 15.488380550449424 45925 
1326 1379 15202 15.48579249582771 45121 
1327 1379 13715 31.224647794951732 44155 
1328 1381 13877 48.37597815117624 44151 
1329 1382 13526 49.47374976783597 44215 
1330 1384 14120 46.030894038657 45057 
1331 1384 14079 11.61685078353791 46032 
1332 1386 14564 19.845166957366477 44398 
1333 1388 14018 44.846674645196735 44828 
1334 1389 13843 24.7575704996783 45609 
1335 1389 13806 22.56761634526791 44200 
1336 1389 15355 48.82169444354645 45115 
1337 1390 14614 17.175520001941234 45310 
1338 1393 14522 18.984557521772665 45149 
1339 1393 15383 48.9139576944812 45631 
1340 1396 15201 26.54168105929216 45149 
1341 1397 14389 38.80871626223556 44272 
1342 1397 13867 12.366963779958198 45936 
1343 1397 15441 43.45802554975065 44412 
1344 1398 14080 41.77773900355497 45482 
1345 1400 14216 10.333750522364596 45007 
1346 1401 14981 22.2082822130444 44175 
1347 1403 14757 29.812947858442303 45280 
1348 1405 15214 11.300187051769988 45454 
1349 1405 14687 40.809925852373496 45494 
1350 1407 13696 21.072532209576945 45487 
1351 1408 14092 11.101939733633138 45769 
1352 1409 14683 10.012834078393137 44677 
1353 1410 14640 27.474647456951224 45399 
1354 1411 14338 29.641362796738786 45939 
1355 1411 15409 28.261267086029417 44376 
1356 1411 13903 17.926056338824576 45927 
1357 1411 14557 37.55650242530767 45112 
1358 1412 14780 38.90786644543668 45622 
1359 1415 14795 23.430944546804145 45892 
1360 1415 14662 40.551171670825696 44499 
1361 1415 15041 40.45068932424171 45916 
1362 1416 13560 12.246405411575477 45754 
1363 1420 14841 36.50346225081746 44232 
1364 1421 14138 41.425965196727816 45078 
1365 1421 13857 11.125215636274959 44123 
1366 1423 13605 34.84258085777709 44218 
1367 1424 13883 49.70392656652124 45633 
1368 1425 14195 13.381456768684355 45952 
1369 1425 13908 30.225064786608492 45303 
1370 1425 15462 20.583519553799956 44674 
1371 1426 13672 46.74241141194698 45747 
1372 1427 15423 47.88946546749996 46094 
1373 1428 14531 39.56940568618583 44956 
1374 1428 14578 47.44862444392052 46044 
1375 1428 13828 27.92869746642669 44563 
1376 1430 14811 19.352484192426893 44508 
1377 1431 14806 47.148203569730846 45024 
1378 1433 14341 25.679032966394875 44275 
1379 1434 14572 16.32855340718267 45976 
1380 1434 13569 26.344658710391485 45806 
1381 1435 14479 22.669557077924523 44487 
1382 1435 14765 39.62313301989062 45363 
1383 1435 13577 27.580523331727104 45554 
1384 1443 13486 28.06182808712314 45690 
1385 1444 14129 34.356617779443226 45770 
1386 1447 14199 21.337199531508734 44342 
1387 1449 14561 37.61208571545249 44680 
1388 1450 14876 40.762529467279464 45879 
1389 1450 13795 29.530008624859995 46025 
1390 1451 14308 32.286167214614125 46090 
1391 1451 13607 29.90032099487523 44414 
1392 1453 14420 43.101204118212976 44476 
1393 1453 14187 35.23811990631147 46100 
1394 1453 14234 24.08119937366953 44454 
1395 1453 14894 23.945717945617332 45566 
1396 1455 14619 48.2883509599645 45291 
1397 1456 14482 28.608870435250058 45486 
1398 1456 13529 22.590657609642225 45262 
1399 1456 13822 12.827057112303537 44274 
1400 1459 13691 49.578701980127555 45389 
1401 1460 13774 11.471092280034672 44410 
1402 1465 14720 34.96843260775499 44758 
1403 1466 13505 35.94694190473426 44614 
1404 1466 14393 40.81592306148862 45611 
1405 1467 15426 45.04245503576464 45781 
1406 1469 15286 39.26430020817819 44940 
1407 1469 13633 45.79557410331292 44544 
1408 1470 14675 47.58073934147792 44379 
1409 1471 14218 42.28878287725638 46044 
1410 1473 14580 40.88061452731611 44990 
1411 1474 14812 13.081600790273956 44739 
1412 1474 15228 19.60550266438442 45535 
1413 1474 13549 28.199493487896106 44669 
1414 1474 14134 16.29973722638423 45521 
1415 1478 15448 45.661043274113155 45206 
1416 1479 14329 39.97623608094994 45333 
1417 1479 14658 39.308682513898404 44667 
1418 1479 13750 32.73078293469152 45976 
1419 1481 15327 31.72021991324722 45755 
1420 1483 15415 26.132133858748933 45348 
1421 1486 15211 41.768102563758 44226 
1422 1488 14647 11.566700855960516 45930 
1423 1489 13893 47.9305892258959 44163 
1424 1490 13723 41.8575812799699 45073 
1425 1492 13947 16.68347055821039 46019 
1426 1492 13575 47.41714454651674 45164 
1427 1493 15224 13.362123312295445 44466 
1428 1493 14273 38.3942664195634 44456 
1429 1493 15026 32.35764252473376 44132 
1430 1494 14645 11.102295356299834 44120 
1431 1495 13675 24.302745519894184 44268 
1432 1495 14805 36.32243824835018 44797 
1433 1497 13990 20.809689362172023 44819 
1434 1497 15391 44.4444383862588 44198 
1435 1498 14270 37.59756640054088 46118 
1436 1500 14485 37.739067018959965 46102 
1437 1501 13925 17.526636313969775 45529 
1438 1502 14808 45.38862453603213 45801 
1439 1502 15118 39.813920154423705 45017 
1440 1503 13579 36.124101865756884 44863 
1441 1503 13908 20.497003820983682 46039 
1442 1504 14986 31.49860501010455 45810 
1443 1505 14607 25.283835422785394 45747 
1444 1505 14334 27.778454588010714 44774 
1445 1508 15206 24.409604027499658 44500 
1446 1510 14644 21.403825561007555 45130 
1447 1510 13813 29.940388865173265 44529 
1448 1512 13741 22.525069709881393 45775 
1449 1512 15478 39.99311150477269 45256 
1450 1513 14660 46.99149236333479 44751 
1451 1515 15068 47.444622079815495 45962 
1452 1516 13583 24.248959405706817 45918 
1453 1518 15352 45.9503307330728 45647 
1454 1518 15396 36.630745757622016 45026 
1455 1520 15043 45.89028061791497 45974 
1456 1521 15012 15.086078335104611 44700 
1457 1521 15271 27.0571898543321 44652 
1458 1522 15449 25.570377397436268 45301 
1459 1524 14253 38.79084777707618 44662 
1460 1524 15356 47.42822394937789 44947 
1461 1524 14056 22.28618600089775 45830 
1462 1524 14411 32.56657859309954 45735 
1463 1525 14904 31.001406580605707 44305 
1464 1526 14186 35.242275233411554 44233 
1465 1528 14010 20.78248183149762 45766 
1466 1528 13973 26.033416500130507 44482 
1467 1529 14919 16.46476768027376 44554 
1468 1530 15395 37.31525611708553 45957 
1469 1531 13977 11.773350962507983 44656 
1470 1533 13737 49.239275494522246 45690 
1471 1534 13532 10.506128453774807 44367 
1472 1536 13520 24.078894340732305 45878 
1473 1537 14671 22.421109042267325 45344 
1474 1539 13503 24.724302088221993 45155 
1475 1540 13988 39.92499111646224 44669 
1476 1541 14013 49.288825321945296 44752 
1477 1542 15481 14.858024360412298 45125 
1478 1543 13496 43.30589796515978 45137 
1479 1543 14865 34.81628297627264 44738 
1480 1543 14539 18.80834039594717 44533 
1481 1544 14589 45.47134527033757 45811 
1482 1544 13839 18.523154728100298 44784 
1483 1545 15152 28.08776427876523 44727 
1484 1545 13498 47.968095495630486 45096 
1485 1546 15356 16.870971995954868 44742 
1486 1548 14394 21.834229449821798 45180 
1487 1549 15148 15.22740824438809 45199 
1488 1552 14242 24.268656663245764 44952 
1489 1553 14539 28.05433976599554 44190 
1490 1553 15463 28.0701282846583 45021 
1491 1554 14712 11.829141387446018 45235 
1492 1554 14878 36.38760501398614 44558 
1493 1558 14816 45.23760707006406 44353 
1494 1558 13917 32.98774493130622 45197 
1495 1559 14618 24.30078031476972 45055 
1496 1559 15242 44.42515199475696 45866 
1497 1560 14942 31.4417451611981 45027 
1498 1561 14375 46.607332097200896 44418 
1499 1561 15203 47.35660669617799 44305 
1500 1562 14058 41.44357607509015 44818 
1501 1563 14642 49.12774527188751 45975 
1502 1565 13739 16.49100572126896 45327 
1503 1565 15330 24.02096609047883 44357 
1504 1566 13939 11.471836384105178 44136 
1505 1567 14100 32.508451653594136 46002 
1506 1569 13633 18.916347426862078 45536 
1507 1570 14485 49.57399020436195 44193 
1508 1572 14579 11.94295664337185 44127 
1509 1574 13548 40.78101620219137 45132 
1510 1575 14414 25.70411003354645 45700 
1511 1577 14626 47.409864303686454 45626 
1512 1577 14199 42.38268357878733 45295 
1513 1579 14886 46.929989806192864 45588 
1514 1581 13654 11.85657765682842 45834 
1515 1582 14780 28.94393505849589 44622 
1516 1582 15040 45.99347686864863 44558 
1517 1582 15477 49.368637051602846 44435 
1518 1583 15483 42.48829311482788 44130 
1519 1584 14389 28.133189279736854 45378 
1520 1585 15031 29.850331955849988 45650 
1521 1586 15281 47.88391905713308 45737 
1522 1586 14435 21.400191354145733 46000 
1523 1586 15441 27.658991867717493 44833 
1524 1587 14919 45.19574078845146 45088 
1525 1587 15257 27.038500438032777 45994 
1526 1588 14727 23.35613770658368 45764 
1527 1590 14335 38.310971616966896 46011 
1528 1591 14842 25.472367101360433 44802 
1529 1592 15097 26.383843400925798 44765 
1530 1592 13799 32.5199170944708 44802 
1531 1593 14146 18.483260443169698 44976 
1532 1593 15366 43.13771045057917 45931 
1533 1594 14093 30.346084627601897 44609 
1534 1594 13519 45.62735464793323 45460 
1535 1595 14351 19.658509854525775 45861 
1536 1595 13983 15.667468426919378 45020 
1537 1596 14465 30.615059185141682 45369 
1538 1596 14150 44.01083797495591 45549 
1539 1598 14651 23.890630011076524 44399 
1540 1598 15485 20.997422779855754 44722 
1541 1599 14276 26.300120071261148 45618 
1542 1599 13500 40.949659094114324 46098 
1543 1601 14339 21.160734954070932 44638 
1544 1601 14652 49.67729644871637 44653 
1545 1602 13603 32.40175905853022 45973 
1546 1602 14730 41.98101917022839 44442 
1547 1605 14643 35.59878532303886 44694 
1548 1607 14741 30.807995790385974 45672 
1549 1608 14197 42.65247525513324 44152 
1550 1610 15419 37.74603047582171 45929 
1551 1611 14168 28.23901774103053 45382 
1552 1613 13548 34.68088691327932 44417 
1553 1615 14434 13.058964968408997 44804 
1554 1616 15369 29.553156458878934 45663 
1555 1616 13711 34.14006883950417 44638 
1556 1616 15205 21.52883469537734 44440 
1557 1617 14877 41.945108308528916 45808 
1558 1618 13963 45.982958083982496 45854 
1559 1619 14959 22.646373953506004 45627 
1560 1619 13765 18.693619641315564 45119 
1561 1620 14128 22.002528897070825 45843 
1562 1621 15002 45.4390530700335 44500 
1563 1622 14746 47.58100131787876 44848 
1564 1625 13744 46.739925421782786 44426 
1565 1626 15474 11.127555073418884 46065 
1566 1626 14574 15.134409900805244 45870 
1567 1626 14557 19.222715214828476 45682 
1568 1626 15416 32.152911324058174 44379 
1569 1626 15416 29.749772357481255 44657 
1570 1627 14314 40.666607640426676 44424 
1571 1629 14599 34.561946797286225 45032 
1572 1630 15281 48.86472898665793 44185 
1573 1630 14629 34.28005153569423 44279 
1574 1631 14924 37.01189425792228 44250 
1575 1632 15360 36.48880905164779 45861 
1576 1632 14879 47.01508234045721 45306 
1577 1632 13940 18.28692975620216 45898 
1578 1632 13615 27.82997301829202 45779 
1579 1634 14675 44.25822351860568 45695 
1580 1634 13723 10.960272572688453 45758 
1581 1635 14804 39.74483870121641 46112 
1582 1637 15160 13.556997932093449 46108 
1583 1637 14511 17.198145714644554 46100 
1584 1637 15089 30.959769879506354 45467 
1585 1639 15480 33.61378804514678 45372 
1586 1640 14931 23.651117829574698 44526 
1587 1640 14537 10.489484596820784 44854 
1588 1641 15203 10.06157011719858 45769 
1589 1643 13846 32.65427606684848 45851 
1590 1644 13847 41.72583373062777 45230 
1591 1645 15196 48.91648804151751 44383 
1592 1646 13576 36.27732705616968 45674 
1593 1646 14919 14.377932671522938 46094 
1594 1647 15471 48.9666906377223 46033 
1595 1647 14957 37.189178743424975 45444 
1596 1648 13736 10.340754761774047 44529 
1597 1648 13932 20.9366020039404 44227 
1598 1650 15021 48.87301687081573 44422 
1599 1650 13855 39.858089505680226 45324 
1600 1650 13897 34.73073185093529 44449 
1601 1651 15445 39.4543842694614 45028 
1602 1652 13586 37.357811240671424 44409 
1603 1652 13727 48.86854915568259 45078 
1604 1653 13994 44.439559159986004 46092 
1605 1654 13678 32.30088393560692 44602 
1606 1655 14122 28.85921954716576 44168 
1607 1656 14597 48.19643302617423 44837 
1608 1657 14854 12.835518220141902 45867 
1609 1659 14130 13.702545872169614 45486 
1610 1660 14992 29.923183043118236 45205 
1611 1660 15109 19.531547823871836 45316 
1612 1661 14721 27.36963902935479 44677 
1613 1661 13944 22.84986645357764 45882 
1614 1661 14249 46.922907829731905 44521 
1615 1662 14430 14.810006432661682 45598 
1616 1663 13822 11.197366422404226 44813 
1617 1663 13548 38.3673345613037 44297 
1618 1666 14020 28.027568353391935 44980 
1619 1666 14865 19.612563627989058 44436 
1620 1666 15138 27.2712474968375 44290 
1621 1666 14765 40.16882183182666 44268 
1622 1666 14675 35.502907982961055 45867 
1623 1666 14680 36.97708851077472 44510 
1624 1667 15075 48.807356862132764 45745 
1625 1668 14263 23.648139371818942 45936 
1626 1670 14176 28.706143188619244 44858 
1627 1672 13557 33.19196768864514 44927 
1628 1673 14057 40.66622493068536 45400 
1629 1676 14718 14.427251400321941 46078 
1630 1681 14925 32.29321368094412 46081 
1631 1681 14659 11.330877554898358 44333 
1632 1684 13758 49.33664259189915 45037 
1633 1684 14743 47.21569452229827 45466 
1634 1687 14640 10.686202624550084 46111 
1635 1688 13564 32.91931955880351 45158 
1636 1688 14293 20.730259947432735 44228 
1637 1689 14945 26.223183158840435 44135 
1638 1689 14446 20.543321077008166 44271 
1639 1690 15373 39.50197496143664 44168 
1640 1691 14927 33.056028155304816 45284 
1641 1691 15022 25.016207205345413 45981 
1642 1692 13719 49.775739942931374 45805 
1643 1692 14727 19.595350110537645 45177 
1644 1694 13752 14.294466825571144 46005 
1645 1696 13503 16.681500027236883 45104 
1646 1697 14261 39.30419946256691 44884 
1647 1698 15331 44.08047673259407 44621 
1648 1698 14801 14.66514375474286 44655 
1649 1700 14892 39.88169935654805 44740 
1650 1702 14620 39.93599005160354 45156 
1651 1702 14779 34.166656645655735 46054 
1652 1705 14846 20.158839770295174 45246 
1653 1705 13734 43.62368447140089 44509 
1654 1705 13571 15.580720541011042 45334 
1655 1707 14730 45.13645039932118 44135 
1656 1707 14790 24.276890650145333 45807 
1657 1707 14705 47.75421312083422 45043 
1658 1707 14941 16.046492310375008 45221 
1659 1707 15268 34.81097767669439 45507 
1660 1708 13759 37.718545765559114 44589 
1661 1708 15400 14.837884296416991 45951 
1662 1712 13615 31.599019574966114 44444 
1663 1715 14500 19.659434757487052 46001 
1664 1715 13657 27.161571252615108 44984 
1665 1716 14998 39.28388488925718 45363 
1666 1717 13621 49.827531593591004 44707 
1667 1717 15422 21.3817285717286 45008 
1668 1718 14645 14.703324783089293 45512 
1669 1720 14908 18.952535809494005 45544 
1670 1723 15365 36.79443324269628 45280 
1671 1724 13980 26.740587331275428 44415 
1672 1725 14047 23.74293546403029 44345 
1673 1727 15066 47.51239488806393 44688 
1674 1727 14079 48.3464854558205 45687 
1675 1728 15206 35.34497065527063 46038 
1676 1728 14480 42.42413760145949 45552 
1677 1730 15318 41.334519682148866 45612 
1678 1730 14548 29.565524820702805 44602 
1679 1731 14701 38.87666308731442 44658 
1680 1731 14122 30.317586924699768 44490 
1681 1732 14089 19.644254066142434 45075 
1682 1734 13752 24.517831000458713 45454 
1683 1735 14457 25.220469019679538 44845 
1684 1737 14800 42.846566816990105 45152 
1685 1738 15472 45.36975483083535 45871 
1686 1739 15408 28.400832669701867 45784 
1687 1741 13967 14.586464076766292 44411 
1688 1742 14807 49.59080800374554 44537 
1689 1744 15261 41.458992427773694 44361 
1690 1744 13554 31.245425573232552 45277 
1691 1745 14852 47.32573880386394 44702 
1692 1745 14840 24.555715558950343 45305 
1693 1747 15268 46.267610518701986 44874 
1694 1749 13806 43.50824723311575 45902 
1695 1749 14782 32.183921450705334 44745 
1696 1750 13914 43.532840058774404 45694 
1697 1751 13796 15.398379242224571 45942 
1698 1751 14825 20.24708026413013 45417 
1699 1751 13709 40.93796783713766 44412 
1700 1751 13587 28.450487954470436 45375 
1701 1751 14208 30.20710550850025 44210 
1702 1752 14777 34.46249643966041 45898 
1703 1752 13673 32.241852371960825 44929 
1704 1752 15122 48.190316619509986 44846 
1705 1753 13637 34.075740447018745 44657 
1706 1753 14992 28.166489290732272 45618 
1707 1754 13851 20.653516595081282 44296 
1708 1755 14648 45.92209666226964 45642 
1709 1755 15018 40.51183103988268 45859 
1710 1755 14573 40.10921220650758 44491 
1711 1759 15105 21.647952006484267 45255 
1712 1761 15221 32.05881786258346 44186 
1713 1761 14088 44.95943679205578 45109 
1714 1761 15420 24.749822658611812 44953 
1715 1762 15018 13.386021805634316 45638 
1716 1762 14513 32.20695497721063 44240 
1717 1767 14340 35.4127427858395 45021 
1718 1770 14478 32.47861191493753 45288 
1719 1770 14447 47.04260389626934 44788 
1720 1771 14611 10.444470676605274 44333 
1721 1772 13984 41.10673616169669 45565 
1722 1772 15162 28.383125201394108 45893 
1723 1773 14235 12.154807552670723 45822 
1724 1773 13730 15.614607083580875 44773 
1725 1773 15353 27.614128211683642 45047 
1726 1773 15457 23.952069236068873 45529 
1727 1774 15231 17.639590517955753 44486 
1728 1775 13587 40.541432498486536 44577 
1729 1776 15104 34.53479629501634 45559 
1730 1778 13563 21.977516533908638 44632 
1731 1779 13938 36.70399887281308 44317 
1732 1780 15309 10.56446272847461 44300 
1733 1781 15365 13.552918291305463 45427 
1734 1781 14755 14.17796449016092 45475 
1735 1782 13523 42.83901513257062 45146 
1736 1782 15186 46.02709322475547 45222 
1737 1783 14622 39.02820784019712 45448 
1738 1783 15425 29.36265744294333 45060 
1739 1785 14041 15.218388887459597 45449 
1740 1785 14928 44.77790678516333 45544 
1741 1788 14796 46.12747635929408 45036 
1742 1789 13917 24.258073212246643 44522 
1743 1790 14891 20.311072219909732 44155 
1744 1791 15125 12.542132693917418 44691 
1745 1791 15133 22.972264950550905 45452 
1746 1791 13898 41.81952573734212 45386 
1747 1792 13568 12.827252674133454 45242 
1748 1793 14383 41.588717626121245 44206 
1749 1794 15033 40.12734496805258 45170 
1750 1794 13792 23.41784387319112 44292 
1751 1795 15279 38.75061730867738 45708 
1752 1795 15286 33.360405919822504 45054 
1753 1796 14017 12.095743387343433 44966 
1754 1797 14487 29.945080880049353 44871 
1755 1797 15098 33.213942350475556 45227 
1756 1797 14087 20.725938675718886 45058 
1757 1798 13707 29.05900388679064 44478 
1758 1798 14650 10.818607030929668 45776 
1759 1800 14837 27.2673464470114 44591 
1760 1800 14068 43.97577891271113 44420 
1761 1802 14636 36.184583033580765 45522 
1762 1802 13964 24.327582924830836 44305 
1763 1804 14673 17.278141224926745 45479 
1764 1806 14653 27.79577423002354 45673 
1765 1807 15366 32.978975300472264 44715 
1766 1809 14920 45.815910534020304 45389 
1767 1811 13530 12.893236583041649 45634 
1768 1811 14143 38.08141718339928 45132 
1769 1811 15162 32.09366959123791 45066 
1770 1812 13678 17.160452755198374 44964 
1771 1812 14896 32.90770140242211 45726 
1772 1812 14479 38.183442346148176 44361 
1773 1813 14563 11.124313337410792 44159 
1774 1814 14265 20.848473111343754 44997 
1775 1815 14223 17.58554037201725 45180 
1776 1815 14599 30.9998941534224 45758 
1777 1815 14040 15.524627048006083 44305 
1778 1816 13792 33.11620218971297 44820 
1779 1817 14335 41.918393531301525 44928 
1780 1817 14124 20.68810789293741 45054 
1781 1817 14835 45.440873093095064 45499 
1782 1818 14542 18.073443320770473 44524 
1783 1819 14195 16.533571216832918 44810 
1784 1819 15137 44.380721447399594 45665 
1785 1820 14306 38.64417095932431 45578 
1786 1821 14367 47.93846360955947 45798 
1787 1821 14539 11.106428330187379 44743 
1788 1822 15188 39.4035444825629 45533 
1789 1822 14073 32.20526638948783 44483 
1790 1823 14697 45.30226186235056 46036 
1791 1826 15441 46.29184612349573 44141 
1792 1826 14173 43.44866808524639 45235 
1793 1826 14691 34.75983041004109 45111 
1794 1827 13576 44.72085703375869 45268 
1795 1829 14661 48.37367743441424 44259 
1796 1829 15157 12.578123161329238 44601 
1797 1829 14688 45.743570428645285 44789 
1798 1830 15173 47.78005482276231 45895 
1799 1831 13493 24.305377919741147 46046 
1800 1834 15388 20.100980128856904 45586 
1801 1834 14906 28.381202040131402 45522 
1802 1835 15384 28.50159614267444 45256 
1803 1835 15440 18.861716673832987 44940 
1804 1836 14055 20.25124466376934 46013 
1805 1837 15320 47.91309404660281 45019 
1806 1840 14534 18.083168502871526 44258 
1807 1842 13969 12.38388441823921 45442 
1808 1842 15259 33.22879089008799 45292 
1809 1844 15262 22.765317363599067 45541 
1810 1845 13686 34.41713762384019 45763 
1811 1846 14915 37.711178331731446 45538 
1812 1849 14599 49.30768638724582 45280 
1813 1849 13815 20.13360766155943 46057 
1814 1849 14370 39.050392532544436 45136 
1815 1849 15456 29.531451732613494 46068 
1816 1850 14635 38.981857358464225 44983 
1817 1851 14154 37.41251205707887 44643 
1818 1852 14136 13.127541018287868 45050 
1819 1853 14293 39.721899415465955 44498 
1820 1853 15194 32.7382582934772 45517 
1821 1853 13978 30.86977450843097 45971 
1822 1854 14044 17.606535082984088 44619 
1823 1854 15342 28.897703252071093 44246 
1824 1857 15170 17.101264600366534 45079 
1825 1857 13731 20.388999294977243 45745 
1826 1860 13606 28.200268575015983 44185 
1827 1862 14349 40.228456000243106 44213 
1828 1862 14482 34.65759168016618 45132 
1829 1863 13503 12.35876013168141 44988 
1830 1864 15142 26.58999450755736 45599 
1831 1864 13733 20.744148482990553 45596 
1832 1865 13504 26.01711502006833 45491 
1833 1866 13788 28.48518920476478 44542 
1834 1868 14841 47.77018144694202 44342 
1835 1869 13855 30.848576448423795 45729 
1836 1869 14014 24.2220370814757 46072 
1837 1870 15447 26.778754857561044 45295 
1838 1871 13757 35.92461044980209 44844 
1839 1871 13546 46.25644683682203 46108 
1840 1872 14692 11.16561659662696 45896 
1841 1872 13905 41.907744801775074 45112 
1842 1873 13515 45.00637717539735 45832 
1843 1874 15219 24.142988465881462 46065 
1844 1875 14195 43.652162495126554 44256 
1845 1876 14301 10.976123233790984 45979 
1846 1878 15221 47.25281706584448 44520 
1847 1878 14443 23.398122562621694 44536 
1848 1879 14308 27.82394236899887 45519 
1849 1882 13931 17.857996192819563 44724 
1850 1882 14428 30.566684861447545 45086 
1851 1882 15136 10.790983644434675 44581 
1852 1882 14624 16.254326839338642 45346 
1853 1884 13838 43.21008004277266 46017 
1854 1885 13871 47.199010291325735 45092 
1855 1886 14789 12.729135587541464 45908 
1856 1886 14339 37.000696848589655 44522 
1857 1887 13818 20.02494769144186 45775 
1858 1888 14186 47.2364057036737 45180 
1859 1890 14691 12.927224413183126 45700 
1860 1891 15228 49.508842374954824 45696 
1861 1891 14612 29.32993604458881 44213 
1862 1892 15064 28.906154458725787 45673 
1863 1894 13943 44.79229251308161 45199 
1864 1895 14591 47.88059323434843 44195 
1865 1895 14444 26.627269918566757 45620 
1866 1896 15211 37.03935844528612 44877 
1867 1896 13920 45.96767886926023 45254 
1868 1899 14464 14.874580844852613 45674 
1869 1900 13972 46.92408364645076 45748 
1870 1900 13812 30.25386874008621 45249 
1871 1900 13507 37.47338290319711 44203 
1872 1901 14339 14.693252489945854 45614 
1873 1903 14102 19.261970535183764 44699 
1874 1903 14005 37.18399685288941 44498 
1875 1903 14309 32.075049073909895 45097 
1876 1903 13510 15.780895349308972 45673 
1877 1905 13970 41.498104359962056 44481 
1878 1908 15468 28.762533562733445 44285 
1879 1908 13517 12.997608508415293 44645 
1880 1908 14217 47.52384861383112 45942 
1881 1908 14928 30.74250266211957 46096 
1882 1911 14629 38.90904089578672 45374 
1883 1915 14293 46.78954232168812 44461 
1884 1917 13701 24.828376140834894 44707 
1885 1917 13648 14.66499424771217 45290 
1886 1917 15350 14.33556797103709 44321 
1887 1919 13795 37.57522974061446 45530 
1888 1919 15035 38.9498700165352 45317 
1889 1921 14479 37.805600850862035 44592 
1890 1923 13942 13.12637288078761 45179 
1891 1924 13615 25.483663470654896 45608 
1892 1924 14912 21.28269559206813 44756 
1893 1924 14183 30.451219755564058 45975 
1894 1925 13597 32.19996500958569 46098 
1895 1926 14033 33.27959561292995 44425 
1896 1926 15243 42.602516691685345 44644 
1897 1926 14752 43.40783433128438 44564 
1898 1927 13817 33.49746170155367 44632 
1899 1929 14532 49.55599671524689 45858 
1900 1930 15480 35.39821450226485 44856 
1901 1930 14872 13.01974506469934 45222 
1902 1931 15040 40.49052283151525 44513 
1903 1932 14874 47.67574952181541 45123 
1904 1935 15410 10.738120911947252 45790 
1905 1935 14516 23.50202040375635 44987 
1906 1936 14355 30.007947567713742 44647 
1907 1936 14210 44.41491922709511 45133 
1908 1937 15475 32.16297505878046 46047 
1909 1937 14638 48.645788345371464 45030 
1910 1937 13498 19.58917773987907 44191 
1911 1938 14903 43.70607385562616 44861 
1912 1938 14523 36.83714453934755 44942 
1913 1939 14715 20.136782864194217 44850 
1914 1939 14082 24.337829273995343 44718 
1915 1939 14532 27.338313359839045 46043 
1916 1940 15076 14.858231996421324 45810 
1917 1945 14089 23.990000513728464 45160 
1918 1945 14905 48.01708695985279 44405 
1919 1945 15425 27.076646251310944 45276 
1920 1945 15408 43.39019322780425 44412 
1921 1946 13819 29.563038205711926 45051 
1922 1946 13811 46.36672764497395 44322 
1923 1946 14911 22.244494638493233 44522 
1924 1947 14753 24.74726159056608 45323 
1925 1948 13900 29.82121994898177 45380 
1926 1948 13628 30.744971702600786 46086 
1927 1949 14550 41.184846810664354 45993 
1928 1949 14498 43.60293374646848 44326 
1929 1949 14062 49.8498798476965 44917 
1930 1950 14986 32.91027201627506 45857 
1931 1951 14518 23.427442443057952 46074 
1932 1952 15467 10.676737581680985 44375 
1933 1953 14498 25.49441463993237 45945 
1934 1954 14058 47.99838967259685 44262 
1935 1954 15030 19.62012964796253 45278 
1936 1956 15452 26.53684772451307 44228 
1937 1958 14139 31.808997814723785 45732 
1938 1958 14524 17.462369728710357 44470 
1939 1959 14327 19.108801438898393 45801 
1940 1960 14044 18.797447970470586 45721 
1941 1960 14805 14.58684758410369 44302 
1942 1961 14422 34.71803466152271 44353 
1943 1961 13779 18.99359370512636 45479 
1944 1961 13650 47.164543530841314 45275 
1945 1962 15010 20.35616349085138 44140 
1946 1963 14223 31.151076256108308 44771 
1947 1965 14821 39.40139635362636 45887 
1948 1965 14421 16.83642208108379 45945 
1949 1966 14684 13.80669795373378 44882 
1950 1967 13523 11.718278416618322 45616 
1951 1967 14809 10.891047708434973 45825 
1952 1968 14638 31.69226301187546 45173 
1953 1968 14109 20.812257591415392 45707 
1954 1969 14151 33.88763446258859 44993 
1955 1969 14134 15.992730408158643 45844 
1956 1972 14950 36.975237446169224 44318 
1957 1972 15081 21.252849915907337 45732 
1958 1973 14641 33.21749032027613 45078 
1959 1973 13635 48.94297413767285 44736 
1960 1973 14947 17.314625895045527 45854 
1961 1974 14654 39.75312752289859 45533 
1962 1975 14639 10.184317193892038 45549 
1963 1975 13690 46.66717494129656 44568 
1964 1975 13676 20.338044872076413 44469 
1965 1976 14506 14.363935813958024 44297 
1966 1977 14407 46.40278563540566 44522 
1967 1977 13985 15.877240808357683 45087 
1968 1977 14308 46.796543322302504 46007 
1969 1978 14628 19.18088598910661 45398 
1970 1978 13829 12.883197628083627 45565 
1971 1978 15042 43.89457176743 44835 
1972 1979 14767 15.658137997139278 44899 
1973 1980 15483 37.12878250438058 44185 
1974 1980 14632 17.147293344592207 44826 
1975 1982 14861 24.527735180539732 45579 
1976 1985 14410 35.3459506251599 45220 
1977 1985 15232 20.901220985040855 45955 
1978 1985 14178 36.9544757157623 45693 
1979 1985 15281 34.4756723468098 44303 
1980 1986 13672 12.700198081103684 45651 
1981 1986 14267 21.076265087712635 44730 
1982 1988 13980 14.033950829037035 44184 
1983 1988 14797 48.432457957844996 45885 
1984 1988 13631 42.03469321518178 45213 
1985 1989 14113 45.634204285482944 45040 
1986 1989 15233 46.802166824613664 46012 
1987 1989 14154 38.012573315506096 44472 
1988 1990 13958 11.551856694063915 44212 
1989 1992 15398 44.36024395563146 46044 
1990 1994 13867 27.516583613394886 45273 
1991 1995 15425 10.64317311656997 44886 
1992 1996 15276 39.761538706136214 44995 
1993 1996 14382 17.873354223430077 45974 
1994 1997 14134 20.854928202739266 45261 
1995 1997 14801 37.198125358685566 44378 
1996 1999 14248 44.95993682123334 44425 
1997 1999 15342 28.29706787606773 46044 
1998 1999 14295 48.52689832475009 45103 
1999 2000 14641 11.425883606861028 44377 
2000 0 14347 30.622244794363457 44543 
