1 4 20551 39.96180311812855 41354 
2 9 19891 42.295014173215165 41592 
3 12 20610 44.673080435379106 42266 
4 12 19220 21.487807801634876 41675 
5 13 19825 19.162623522936517 42128 
6 14 19190 28.703186076642684 40742 
7 17 19843 41.82645393621942 40783 
8 18 20528 18.590128396618233 41224 
9 20 20384 48.77107757890967 42351 
10 21 20512 26.14242440729506 41586 
11 24 20331 19.54643539582012 41391 
12 29 19224 23.54826090156028 42077 
13 29 19652 46.48087416082551 41198 
14 30 20405 30.599506579274433 42064 
15 30 19440 43.804737037652664 41415 
16 33 20076 36.79173393330561 41818 
17 33 19016 48.96820814389231 41520 
18 33 19893 39.954502030356196 42330 
19 34 19616 14.724436438735369 41246 
20 35 19278 23.488288491010856 41912 
21 35 19061 34.944939728045014 42441 
22 36 20058 21.90733924138692 42006 
23 37 20480 18.99796252789196 41104 
24 37 20542 28.56132311874408 40583 
25 37 20315 24.019829223844912 42238 
26 39 20261 36.78216466050981 41363 
27 40 19245 40.5239584685548 41519 
28 41 20244 26.124907191693552 40826 
29 44 20495 24.724937073667505 41276 
30 44 20459 21.44371986289287 40791 
31 44 20313 25.802067798372164 40681 
32 45 19256 19.46129178328277 41951 
33 48 18871 15.335265125151771 42242 
34 53 20501 38.62905309047522 41255 
35 54 19327 24.472135447155537 40848 
36 55 19886 25.19519535881674 42298 
37 56 19005 36.23532489482069 41616 
38 56 20655 16.03586594023122 42478 
39 57 19178 33.819488698190725 41645 
40 58 20240 23.61709153726728 40979 
41 58 19773 42.84159804295126 40827 
42 58 19568 10.864993454306324 42508 
43 59 18888 20.712043975740222 40836 
44 61 19100 17.038618971718932 40766 
45 61 20422 30.240128728980686 41754 
46 64 19369 16.669900329817374 41051 
47 66 19113 26.71436356686646 41372 
48 66 18938 44.31447370225204 40693 
49 68 19940 24.2015767316064 42006 
50 68 19755 19.025626544463115 41041 
51 70 19520 15.284947117121813 42042 
52 70 19905 49.54126042218837 41101 
53 72 20402 20.58596738596181 41800 
54 73 19069 15.015585463666849 41368 
55 73 19372 32.200406318195256 40638 
56 76 18771 48.20746977507193 41277 
57 81 19404 34.42894243804271 41138 
58 82 19060 28.82519372451565 41338 
59 83 20397 33.38490756516834 42170 
60 83 20750 19.975480863817957 42103 
61 84 19181 18.5840872177207 42350 
62 85 19551 43.184033428527 41697 
63 86 20026 42.83723961408054 42066 
64 87 20125 29.92998187811434 41339 
65 88 20417 37.939473711627684 41456 
66 89 20113 19.34384362210261 41950 
67 89 19990 35.341241976462086 40882 
68 89 20170 23.751278052792046 42417 
69 91 19986 23.22972708066662 40702 
70 92 20676 23.974521078478546 42471 
71 92 20392 11.091467407828528 41821 
72 93 18999 15.265140264715185 41906 
73 94 19070 27.1730233634717 42007 
74 94 19163 16.901597701979693 40928 
75 96 20442 15.901768479067147 40736 
76 97 20746 43.511049854176186 41703 
77 100 18990 22.67934895257083 40993 
78 101 20285 44.76845526137657 41925 
79 101 20503 40.69457711887759 42407 
80 102 19256 23.754523299293623 41101 
81 104 20140 40.95549700050638 41914 
82 105 20392 19.661505759870693 41155 
83 105 20602 37.34415131947408 41677 
84 110 20206 38.50384597474511 41491 
85 110 19315 21.653539360305164 41439 
86 111 20272 44.24108977493119 41228 
87 111 19929 33.63259182433859 41850 
88 112 19703 32.70194918370316 42273 
89 115 20524 26.473472354126603 41577 
90 115 20516 29.21538842827892 41447 
91 116 20055 28.415099101962625 41399 
92 116 18839 46.520356682959275 42202 
93 116 19548 22.99320324932344 41403 
94 116 18895 42.88168062571423 42453 
95 117 20061 24.21859531832056 41522 
96 118 20491 37.09239706139663 41352 
97 119 19760 24.541638818531055 41782 
98 121 19182 49.78254597166539 41256 
99 121 18873 22.781600038547865 41343 
100 121 19923 12.710006836451946 41503 
101 123 19412 33.77116366255081 42466 
102 123 20751 46.553695213993386 41168 
103 124 19630 49.314961561558135 40851 
104 125 20338 10.761061581926409 41064 
105 126 20372 16.48923620805421 42483 
106 128 19235 21.872463162503223 41283 
107 129 20554 28.01750842301181 42221 
108 131 19777 41.081880255338575 42401 
109 131 19405 47.15045948414784 40549 
110 132 19358 23.881734752313154 40829 
111 133 20187 12.554757079166862 41530 
112 134 20227 12.768578993543333 41351 
113 138 19226 16.053756352164363 42040 
114 139 20224 21.084308413877643 41111 
115 141 20036 18.832157761656198 41312 
116 143 19725 21.00078071487828 41573 
117 144 20749 14.27564184604018 42262 
118 144 19544 48.79277561910067 41609 
119 145 19409 45.847578812256494 42406 
120 145 19312 28.582231809168334 41132 
121 145 20026 37.021667943843205 42181 
122 146 19154 46.631469980711906 41078 
123 148 19494 11.826150979482794 42112 
124 148 20033 12.133017963452 40890 
125 151 19465 25.833224691210738 42021 
126 152 19010 16.477635265499874 42357 
127 152 19598 19.13127400593849 41973 
128 153 18947 18.887539652687103 40673 
129 154 19114 48.10023608371339 41188 
130 155 20274 40.57221104697078 42182 
131 156 19536 47.221609993108316 41193 
132 158 19055 16.06951203455801 42451 
133 158 19654 46.01416202300369 41861 
134 159 19419 12.109096668386151 41902 
135 159 20493 16.710893744287063 40596 
136 160 19997 20.39627885077708 41048 
137 161 19368 32.752852423820606 41418 
138 161 19063 14.212016058922305 41643 
139 162 20031 49.60670017532646 41789 
140 167 19724 39.149058528255026 41949 
141 170 19646 11.371138642741814 41469 
142 170 19192 30.524209182287613 41583 
143 171 19194 10.236087689556687 42266 
144 172 20356 22.280469492017353 41372 
145 172 19843 15.270668660017549 41304 
146 172 19255 38.64997479813943 41883 
147 172 19684 29.47016372768189 40946 
148 174 18966 23.540636122961708 42022 
149 175 19345 28.444270798061613 41732 
150 175 20194 11.034431821399512 41684 
151 176 20480 12.745162428446761 41657 
152 178 18822 39.60037485426966 41934 
153 179 20019 49.22050950706117 41887 
154 179 19154 28.034657183769202 42165 
155 182 19026 34.07380601914 41618 
156 184 18997 39.30252881657175 41436 
157 184 20350 11.162648641661036 40856 
158 185 18944 37.9543682779141 41581 
159 185 19676 49.76283865282311 41825 
160 185 18905 19.585707576074473 41401 
161 186 20258 46.84626288020714 40600 
162 188 20188 49.06457440839769 41481 
163 190 20102 18.070819796094057 41875 
164 192 20334 27.62188324766468 40529 
165 193 19196 18.931696068390544 41227 
166 196 19745 15.248761981563778 42241 
167 197 20209 22.436508713366187 40986 
168 200 19777 12.56372957057108 42347 
169 202 20656 26.93616078566075 41858 
170 203 19981 14.892675439598708 41546 
171 203 19913 21.411793813026666 41444 
172 203 20422 19.92601054047197 41628 
173 203 19631 12.381298197229725 40669 
174 204 20062 11.029796122855533 41811 
175 204 19789 40.00624132029226 40964 
176 206 20201 39.1543062584379 41221 
177 207 20384 40.608943695395254 41761 
178 209 19239 19.309492357191576 41832 
179 210 20039 20.06929276450867 41985 
180 210 19078 33.16241155032126 41516 
181 210 19124 43.01756004936485 42038 
182 211 20563 11.284303366813653 40926 
183 212 18883 12.609613181780436 40592 
184 213 19279 39.71189344664687 41954 
185 215 20559 42.01524884512649 41137 
186 215 19453 27.281798052934594 41939 
187 215 20442 25.90311762572607 40838 
188 218 19851 16.934788985380926 42001 
189 219 18997 21.25775823316762 41224 
190 220 19354 10.804322650332328 41939 
191 223 20754 43.474496857629326 41282 
192 224 19585 29.93568555240781 41868 
193 224 20031 14.089606213498133 41586 
194 227 19706 45.17397855387337 42355 
195 227 19051 39.025284461311685 41355 
196 228 20201 18.196755482508706 42416 
197 228 20337 17.962083902686775 42334 
198 229 19025 28.93706141769905 40944 
199 230 20368 13.58164930784798 40687 
200 231 19991 46.660465834734 41736 
201 232 20377 30.426027387340156 42105 
202 233 20306 36.4939321140714 41931 
203 234 19895 37.40801160541922 41303 
204 234 19810 38.36182317206529 42005 
205 234 19920 31.181767564062575 41775 
206 235 19381 13.853666455566884 40797 
207 236 19681 19.256149664663905 40594 
208 236 20230 17.55638761911786 40728 
209 238 20304 41.6670180955588 40628 
210 238 20058 35.51229786543642 42181 
211 238 19224 38.109191155431716 41419 
212 239 20020 25.865537322134987 41450 
213 240 20571 41.29132419976255 41200 
214 241 20637 47.14874840332753 41235 
215 244 19870 36.57645023636056 41454 
216 244 19466 24.6432620471283 41671 
217 245 20202 49.841396361215004 41296 
218 247 19903 27.51670901566587 41985 
219 247 20678 40.059425629482995 41305 
220 247 20328 46.29606631053845 41504 
221 247 19863 42.908818312921525 42093 
222 248 18779 24.28153002746116 41488 
223 250 19718 46.329298952328834 40580 
224 251 19940 10.583349165391907 41701 
225 251 20219 37.02534023242653 42106 
226 251 19358 22.454659458954342 41522 
227 252 19948 20.55549223123095 41757 
228 252 20243 13.159949938464838 40779 
229 252 19093 13.843723911036939 42442 
230 253 19876 42.28659521317594 42062 
231 256 19292 25.38737526767362 42432 
232 256 19526 14.790457254101996 41106 
233 257 20684 43.64123800413814 42355 
234 258 19173 22.38955609306985 42511 
235 258 19640 24.90185594074775 41875 
236 259 20285 40.55583917580852 40578 
237 260 19723 46.07799066478449 41279 
238 261 20342 29.377165645846883 41005 
239 263 19543 11.506258515836443 40790 
240 266 19818 17.944863268929346 41493 
241 266 20204 34.945192587094645 41966 
242 266 20564 37.365877249174474 40633 
243 268 19583 16.871753142957306 42240 
244 270 20359 37.2315503270197 42201 
245 270 20186 47.44530771629214 42157 
246 271 19660 20.030278984287765 40812 
247 272 19726 37.93861975682504 42017 
248 273 20020 40.31316116290931 41588 
249 273 19470 45.975034252548866 41160 
250 277 18938 15.281156581082405 42045 
251 277 19634 12.845296964695265 41945 
252 280 20303 44.99919261218879 40739 
253 280 19467 25.896711020238236 41575 
254 280 19753 19.843383024058888 41714 
255 280 19427 39.96971944093287 41109 
256 281 20269 30.409397533044235 41799 
257 281 19527 31.105678326908436 41123 
258 284 19090 31.03047130531636 42241 
259 285 20098 12.973281068337673 41191 
260 286 19517 25.308039299107318 42406 
261 287 18888 10.316412098873503 40842 
262 287 18972 27.842394140812846 41004 
263 288 20515 11.689615312408513 40993 
264 288 18897 27.900548397963615 41286 
265 290 19062 11.855890775968074 42027 
266 291 19276 43.33175475423441 41258 
267 291 18852 41.549906736398604 42415 
268 292 18847 19.839059609387082 41067 
269 293 18768 11.34345538171754 41379 
270 294 18907 10.999538271712716 42327 
271 296 19867 10.091998359632575 41154 
272 296 19367 17.856038584527777 41451 
273 297 20363 27.19288376103929 40652 
274 299 19257 36.85479356908061 40987 
275 300 20615 27.25333628762264 41835 
276 303 19369 18.218709920685875 42350 
277 303 19376 44.27762669181677 42321 
278 307 19716 21.173881498114856 41075 
279 307 19503 46.77236596916315 41214 
280 312 19189 30.186915875931277 41878 
281 312 19681 47.948367806437695 40660 
282 312 19246 24.096321842862963 41252 
283 314 19268 18.468989258097416 42024 
284 315 20070 37.1611322092004 40583 
285 316 20036 37.70924555434546 40796 
286 316 20225 47.853781731823595 41034 
287 319 20420 16.627348865133122 40572 
288 320 20014 36.50864637965265 42129 
289 323 18855 41.761756871499756 40586 
290 323 19422 44.11345572006525 42033 
291 324 19588 22.966735507930608 41555 
292 324 19259 42.21132352291667 40580 
293 327 20368 36.875680858680596 40908 
294 330 19857 18.736076111501212 41646 
295 333 19971 24.547081297235785 41804 
296 335 19146 35.976745872483534 41907 
297 336 19352 18.512799980328474 40869 
298 338 19995 44.64632444804372 41046 
299 339 20208 45.87667656257776 40581 
300 340 19755 49.4329560291672 42377 
301 341 19514 11.005100392606 42130 
302 341 20535 13.288028974939493 40563 
303 342 20548 14.11723099266398 41930 
304 342 20167 18.038882707073064 42152 
305 343 20605 34.95828188644138 41321 
306 345 18816 44.79028228536775 42254 
307 345 19401 27.551177546328667 42506 
308 347 19064 27.070942526552372 42516 
309 348 19434 44.37912069772261 41863 
310 348 19909 45.229433831246084 40655 
311 350 18877 27.625812798749408 40816 
312 351 20207 46.89641483143376 41364 
313 352 19112 27.32683717306311 42498 
314 354 19365 10.265093560416538 40580 
315 356 19080 41.44354177481441 42363 
316 356 20287 33.53935731561306 40549 
317 358 20715 30.145192468796907 41719 
318 359 20031 14.388682370347352 41788 
319 360 19711 19.34439692222861 41428 
320 360 20373 46.398844901006356 41324 
321 360 18986 12.565730195894753 41065 
322 362 20679 28.46764367985417 41417 
323 362 19902 18.070140786700406 41808 
324 365 20404 23.06532431659422 42492 
325 365 19137 42.29917499799087 41364 
326 367 20665 16.525347005648555 41387 
327 368 19673 46.45993178160155 41271 
328 370 19591 15.20406080376957 41631 
329 372 20216 15.072732292988746 42458 
330 373 19497 23.344971242755086 41665 
331 373 18838 28.192318705818384 41336 
332 373 20609 16.70392309980659 42115 
333 374 20506 41.6813234785441 41671 
334 375 19489 34.55499428059761 41681 
335 375 18800 33.18212286880511 41511 
336 375 19360 22.92419416941561 40648 
337 375 20554 11.128449053659683 41746 
338 376 18944 25.57114656525027 40788 
339 377 19047 37.92457721372882 41112 
340 378 20629 24.96714595533712 40703 
341 379 20591 10.472021163074237 42007 
342 381 19978 16.405531983479417 41696 
343 381 19343 13.646895631363103 42259 
344 381 18995 33.61014946595148 42052 
345 382 20635 45.86038748305371 41867 
346 382 19892 47.518972247012776 40707 
347 383 19761 21.56287255147614 41151 
348 383 19445 45.81544799745806 40566 
349 385 20631 32.72110976199075 41029 
350 386 18915 38.74087425265386 40990 
351 387 18864 11.644651377143461 42132 
352 389 20344 33.03297811296677 40909 
353 389 18849 17.184380924387387 41656 
354 391 19284 33.547510555603225 42451 
355 395 19179 43.579568780568074 42404 
356 397 20317 14.680382325003492 42472 
357 397 20115 30.898248649184353 42229 
358 397 20125 14.837431530039131 42037 
359 397 19967 44.22414336148843 41642 
360 398 20010 14.408229377084094 40949 
361 400 20396 16.47154165078836 42411 
362 400 19592 40.11464726287284 42431 
363 400 20705 44.95211281828661 42493 
364 400 18822 32.467627130589946 41553 
365 404 19244 44.29156515301321 42132 
366 406 20457 13.511645064822439 41532 
367 409 19017 31.548615653264033 41964 
368 410 19029 21.105121366143468 40811 
369 410 19393 14.011177959106567 40576 
370 410 20241 26.141207013385326 40594 
371 411 20046 30.832476300535504 41315 
372 411 19675 16.050691835895744 40675 
373 416 20408 33.75145905102413 41826 
374 416 19467 23.562327622895328 42273 
375 417 20444 12.133144903411917 40550 
376 417 18914 17.863837946546738 41911 
377 417 20000 26.17131563724318 41998 
378 417 20733 10.000428576206751 41033 
379 418 18925 24.995464199672526 41012 
380 418 20118 46.37400993416423 41688 
381 419 20367 16.53368429179027 41722 
382 419 19470 16.898658664787494 41070 
383 421 19946 28.360496134681288 41382 
384 421 18966 34.568855245860135 42000 
385 425 20408 19.68256573692981 40550 
386 425 19096 26.431965654367865 42383 
387 426 20649 22.710908615509275 41497 
388 426 20001 10.974719774803194 41449 
389 426 19439 18.504237185155368 42100 
390 426 18877 11.185855378313473 42292 
391 427 19321 41.6124009465202 41585 
392 428 20680 40.40700126916278 40653 
393 428 20415 10.51390017544719 42363 
394 428 19884 46.84830600040055 41338 
395 430 20262 49.30525455217071 42266 
396 431 19814 46.17296582951853 42284 
397 435 20554 38.4989460679145 41703 
398 436 19681 42.59448422078484 41241 
399 436 19983 48.26679792822687 42494 
400 437 20109 41.41397641896744 40949 
401 438 20393 11.825034049619244 40828 
402 439 18997 13.156877619615162 41228 
403 440 19034 40.313248911841086 42385 
404 441 20280 39.62531259065495 41693 
405 442 20102 25.74087030975147 40593 
406 443 18833 35.58373635834495 41538 
407 443 18819 22.080083786200795 40684 
408 444 19522 21.411516225936722 41684 
409 446 18847 24.990524317182413 42218 
410 448 18975 21.295115681721594 40529 
411 449 20478 47.1456420970327 40547 
412 449 19948 17.409521522643363 41408 
413 449 20117 33.226472680558224 41900 
414 450 19288 42.19354246354436 42151 
415 451 19417 22.32193955785676 40865 
416 455 20489 10.062052324024897 42200 
417 455 18807 19.31177856598537 41971 
418 460 20670 28.75553541176334 42421 
419 460 20236 18.180639293979908 41599 
420 460 20625 15.19276795398544 40584 
421 461 19992 10.649592860059105 41490 
422 461 18959 29.081776405144105 40905 
423 464 20001 43.778277075665976 40618 
424 465 19197 21.75395393358393 41223 
425 466 20154 42.03381045504717 41186 
426 469 19338 47.42063254549606 41733 
427 469 20093 10.226919191360375 42303 
428 470 19246 40.224183605670746 41748 
429 470 20349 22.02109839333405 41495 
430 470 18920 20.784435988185706 40706 
431 471 20500 29.298640893439824 41704 
432 471 20006 26.117648987426307 41677 
433 471 20551 38.64314094023943 40588 
434 471 20487 26.85035130106508 42301 
435 473 19613 26.339809735436074 40985 
436 474 20080 27.661890064008897 41321 
437 475 19957 32.06347477892642 41206 
438 475 19423 32.41428167342195 40806 
439 475 19827 35.67029047196369 40668 
440 476 20409 23.259438480397762 40668 
441 477 18929 44.54928834487673 42206 
442 477 20389 18.817515092816592 42242 
443 480 19921 43.43927263707347 41680 
444 480 20379 46.46603336790403 41922 
445 481 19773 41.28728162781985 42319 
446 482 20253 42.26337777312219 41541 
447 487 20188 29.563553462010063 41079 
448 488 20254 11.505221437918163 42091 
449 489 20081 34.08408864390609 41900 
450 489 19506 28.579358904614224 41122 
451 492 20422 18.000687780486622 41802 
452 493 20286 10.151769776069033 40676 
453 493 20027 44.47235366311263 42391 
454 493 20455 12.472197082518491 41813 
455 494 19809 41.72664768930052 41239 
456 494 19005 20.567828559180874 42213 
457 494 19758 22.751725578641434 41386 
458 495 18925 29.539753392306064 42193 
459 495 20447 27.608387574184032 41069 
460 496 18970 35.84542839665772 40804 
461 496 19709 42.04519981109071 41232 
462 498 18938 20.275362043870896 41195 
463 498 20488 49.63139481739239 41679 
464 499 20414 41.60644206558325 42396 
465 499 19012 32.05264725832519 42393 
466 500 19654 20.843622659226313 42476 
467 500 19910 31.911845955299484 42267 
468 501 18934 26.76561141471744 42488 
469 502 19540 17.866176661992114 40655 
470 503 19555 31.66215237626036 41858 
471 504 18857 27.158464498157354 40734 
472 506 20448 16.484952533658443 41146 
473 507 20072 44.32939061885791 41504 
474 508 20138 18.239151102086048 41618 
475 508 18877 21.436778007313535 42521 
476 508 20637 27.889407768533502 41087 
477 509 19634 36.759968301236064 40650 
478 509 20639 23.06842787558209 42251 
479 509 20485 18.548602990785582 42217 
480 511 20269 45.77729557618963 42365 
481 511 20026 17.956406685069283 41962 
482 515 19241 30.21593252119422 41632 
483 518 20191 10.221259863570097 41251 
484 519 20097 26.847708285195722 42491 
485 519 19824 31.71920750666373 42311 
486 521 20634 46.63066270829336 40766 
487 523 20244 24.453594262576416 42513 
488 524 19693 14.175822726994319 42500 
489 525 19942 25.87646508013936 41349 
490 525 18937 14.030238532788694 41428 
491 526 20035 49.683335868817124 41704 
492 528 19533 10.865322410314334 41231 
493 531 19121 24.172326836451802 42181 
494 532 20346 49.32183442319677 41257 
495 532 20202 32.388227764904215 41473 
496 533 18835 44.51491703499454 41050 
497 537 19505 31.283984526393315 40914 
498 538 20052 42.77041908855851 41959 
499 539 19908 43.472282143607345 41213 
500 541 19920 17.73930443140369 42371 
501 542 20512 43.58750733376049 40812 
502 543 19094 29.786425295678324 40580 
503 543 20724 19.97739383795323 40835 
504 544 20480 12.36268345464271 41081 
505 545 20667 22.802513020257184 42003 
506 546 19448 30.044836358998307 41155 
507 547 20066 18.592763317603588 42298 
508 547 19069 49.64696643476964 42025 
509 547 20617 37.24811046051653 41937 
510 548 18908 44.31427743338776 41827 
511 549 18831 19.615213364353693 41989 
512 550 20492 40.64532984671434 42107 
513 550 18771 27.021993192269207 40695 
514 551 19392 38.19663671310269 40658 
515 552 19135 16.866739571642725 42097 
516 552 19895 32.26934299194667 42389 
517 553 19111 40.49640464349442 40743 
518 554 20457 35.730365748228266 42372 
519 555 19293 24.989679387928664 40764 
520 557 20753 25.93892283827522 41820 
521 558 18768 32.933605442503335 41915 
522 559 20283 28.62831998182177 41731 
523 561 19297 35.167618511004726 42483 
524 564 19237 11.833301319708385 41448 
525 564 19080 12.388037143027129 42247 
526 564 19481 35.47666031570067 41663 
527 565 19699 27.217077552952553 40641 
528 569 20744 18.4325976811844 42422 
529 569 19836 16.922102270349416 40802 
530 570 18780 37.56642922417352 41911 
531 572 20474 42.79855881448879 40640 
532 574 19896 40.727622020397845 42449 
533 577 19409 47.13036102975003 41250 
534 578 19398 23.287032666075792 41265 
535 581 19393 29.574715233688377 40763 
536 581 19712 35.87329739035361 41078 
537 582 19692 31.907978821166157 41610 
538 584 20110 30.127599778563102 41744 
539 584 19570 28.187239719098347 41168 
540 584 20356 44.19343120321999 41227 
541 585 20252 14.081818652811258 42166 
542 587 19828 36.92337951365103 42137 
543 588 19482 43.798696179443624 42035 
544 588 19241 48.929378335586165 40725 
545 589 19270 39.02614108126117 40815 
546 590 18790 24.415752337449426 40733 
547 591 19140 26.22503887104582 41817 
548 591 19152 24.369452210862622 40609 
549 592 20265 12.88789121464891 40742 
550 592 19018 22.157401943227658 41529 
551 592 19686 15.80984388249037 41697 
552 593 18873 48.92832853462804 41931 
553 594 19589 10.354577882484858 42331 
554 595 20651 21.621885893065254 41408 
555 595 19394 28.400645195118805 41104 
556 595 19257 10.532406193674277 41098 
557 596 20059 16.75789015784023 41129 
558 597 20375 47.18160021750724 41618 
559 597 20589 20.725002004979565 41905 
560 599 19547 29.23935303280182 42409 
561 600 20078 46.52986004145425 42114 
562 600 19912 22.003280786127164 42285 
563 600 19118 45.718725058858304 42155 
564 601 19462 32.01173138811966 41819 
565 601 19837 31.409994573187628 40564 
566 601 19697 43.65837287615401 42350 
567 601 18954 48.04730169786541 42102 
568 602 19973 39.32990091345012 42207 
569 602 19519 39.34969028126952 42515 
570 602 19585 16.720666141145696 40683 
571 603 18783 34.30723844277775 40806 
572 604 18761 24.020006096344385 41179 
573 604 18825 16.637622563104586 42519 
574 605 20221 16.667543321258616 41074 
575 606 20431 25.369803646985893 41758 
576 607 20537 10.727413357809326 40850 
577 608 20472 25.093752351269348 40856 
578 608 19460 33.702138420226824 41253 
579 608 20528 15.026855001377829 40847 
580 608 19231 33.46499634455334 40959 
581 608 20680 14.927223263949209 41113 
582 609 19121 35.68392980491886 41595 
583 613 20233 16.20590080856454 41999 
584 613 19091 46.61802872356421 42245 
585 615 20222 17.111819073098786 42520 
586 619 19005 45.82524677934845 41266 
587 621 19820 15.196896242103119 41091 
588 622 20355 33.128192448105025 41871 
589 622 20230 22.735103370753997 41408 
590 623 18803 43.060163496053036 42227 
591 624 19821 10.44361659710431 40796 
592 625 20205 41.699471997496445 41501 
593 627 19632 40.428982955353305 42443 
594 630 19813 10.220444704006315 41196 
595 631 18882 30.74164209624412 42233 
596 632 19819 23.16138763219942 41287 
597 632 20064 36.460397827020785 40800 
598 632 19665 34.5729308786837 40910 
599 632 19769 38.419317413827535 41939 
600 632 20577 34.782162861312564 41854 
601 634 19311 44.207747526373126 41209 
602 635 20019 48.36864450835792 41287 
603 635 19319 32.85333285816891 41252 
604 636 19901 17.746076298633074 41218 
605 639 19258 26.917081782456425 42415 
606 639 20284 16.128918238020006 42194 
607 640 20165 26.848185814294947 41274 
608 640 19502 29.601648870097037 41730 
609 640 19132 46.88477179029276 41407 
610 640 20101 11.797296706423719 41126 
611 642 19565 36.95569720178665 40851 
612 643 20629 33.48894502974899 41351 
613 644 19217 29.1255975232448 40952 
614 644 18903 39.152960035082565 42099 
615 645 19062 29.896806065220378 41928 
616 645 19945 18.884659021266312 42200 
617 645 20317 44.55889868004088 42066 
618 646 20583 47.86697824322473 41672 
619 648 19810 31.261248101892246 41398 
620 653 19993 41.59990630767183 40548 
621 653 20590 33.53680805022293 42024 
622 656 19165 12.908824463722741 40539 
623 656 18982 38.22216387181142 41596 
624 657 19980 30.945805713402954 41755 
625 658 20692 12.88693744079164 41107 
626 658 19004 33.303512796599065 41617 
627 659 20368 37.21535119829693 41485 
628 659 19593 26.790084029348087 40768 
629 660 19467 37.21954023702803 40823 
630 660 18871 45.98304082386822 40681 
631 663 19127 32.74381544013124 42132 
632 663 19039 26.36660702228204 41798 
633 663 19293 41.0228119360217 40887 
634 665 20570 39.00342493755923 40839 
635 665 19299 20.21637700391281 41887 
636 666 18954 32.202885766887455 41998 
637 666 20626 40.428124706573726 40527 
638 668 19351 36.029153622681015 41408 
639 670 20538 41.54764996695515 42176 
640 670 19654 33.2909834815345 40831 
641 670 19622 39.44722636844244 41647 
642 670 19672 45.96775543068733 40995 
643 671 19297 21.471232366075238 41046 
644 672 19083 28.79499651728696 41849 
645 674 19283 36.159023319886984 42409 
646 675 19471 17.575198614357497 42439 
647 676 19514 18.769794960367 41364 
648 676 20508 17.402065935074443 42100 
649 676 19221 36.41662560287105 41407 
650 682 19611 48.3001705698826 41766 
651 684 20612 12.682250201949898 41001 
652 685 20130 15.041161934955017 41697 
653 686 20302 39.6776267347675 42290 
654 688 20087 49.98842131273421 41294 
655 688 20400 28.278104136261653 41834 
656 689 19297 39.84700964988309 41765 
657 691 19148 20.80985355447708 41948 
658 691 19188 32.83590970883198 41083 
659 693 19799 10.477404039221621 40663 
660 695 19551 38.05921525615844 40669 
661 696 19704 10.351617399941443 41027 
662 696 19923 39.48309838429012 40822 
663 699 18806 35.42813112641613 41068 
664 699 20163 19.9899766279297 41124 
665 700 19365 28.696868926707623 42124 
666 700 19761 46.234957525739986 41022 
667 701 19111 16.2771594588958 40993 
668 702 19724 14.803122089311858 40969 
669 702 20636 26.569783210240743 40605 
670 704 20688 42.28269875743654 41433 
671 704 19776 37.39501704622486 40732 
672 706 19628 19.643238450222228 40595 
673 706 20266 30.82692738723049 42216 
674 708 19450 39.86678573684231 41527 
675 708 19182 21.09548744953588 41446 
676 709 19212 49.95457064401554 42336 
677 709 20733 39.4281469199755 40757 
678 710 19851 15.293047059763767 41723 
679 711 19612 36.61084168695746 41913 
680 711 19691 18.104602378862747 42027 
681 712 20140 11.703725695608842 41883 
682 712 19691 23.367036682629934 40609 
683 712 18819 11.515155436484022 40670 
684 716 20691 16.507454494446314 42425 
685 716 20025 23.803617775377923 41352 
686 717 20086 19.80199933165516 42368 
687 717 19426 42.69091475660542 41302 
688 717 20046 45.018459335421554 41809 
689 719 19701 12.468614056133704 41522 
690 720 18887 47.9018825252756 42263 
691 723 19329 39.57747513093665 41876 
692 723 18962 46.91001904748959 42312 
693 724 20548 24.42096067916969 41592 
694 724 20709 34.66701902877473 42223 
695 724 19219 31.769618654753828 40606 
696 725 18911 31.417852830359646 41322 
697 726 20565 19.426567284924626 41046 
698 727 19804 28.166088553045036 41988 
699 728 19021 49.06379498706854 40844 
700 728 19666 20.544694691163457 40802 
701 729 20245 43.32628165833542 41167 
702 730 20157 38.57687799389872 40868 
703 731 18971 45.0935545577121 41558 
704 732 20119 47.288187028722064 40665 
705 732 20377 18.348100825257745 42145 
706 733 19612 45.86639292948663 42272 
707 735 20451 25.787567972548217 41608 
708 737 20011 13.336325777160805 41259 
709 738 19117 21.43167667017762 41162 
710 738 20437 31.08856777567584 41625 
711 739 19681 24.498257395670805 40784 
712 740 19717 48.898659164532845 41423 
713 741 20299 14.707439234449966 41792 
714 743 20202 23.684308008279615 41774 
715 743 20702 37.865609320317674 41362 
716 744 19846 32.67896647882199 41421 
717 748 20002 10.516057171843286 42260 
718 748 20425 25.30752046237933 42514 
719 749 20304 31.613253186113702 42253 
720 749 19667 18.664592083983784 40966 
721 751 20008 14.820041646277314 40933 
722 754 19742 17.370234230230025 42514 
723 755 19107 10.12511609787746 41323 
724 755 20288 14.115030211126971 41266 
725 756 19784 20.936684237162545 40603 
726 756 20102 43.54230569870644 40911 
727 757 20527 44.545346434385664 41443 
728 758 18983 20.82288808808922 42282 
729 759 19540 38.506283462770256 41679 
730 759 20141 16.71486168225647 40886 
731 759 18902 20.0951992748223 42166 
732 760 19058 30.72756931435965 42052 
733 760 19873 19.12875798730754 42203 
734 760 19060 28.456512645282768 42428 
735 760 19358 13.58459501517839 40745 
736 760 19491 48.36258755943642 41651 
737 761 20600 43.49920112540646 41367 
738 762 19058 17.396156115874632 41712 
739 762 18998 41.60663724818548 41499 
740 763 19841 21.020901234470372 42166 
741 763 19403 14.273434624073307 42477 
742 764 20378 30.223031082226974 42154 
743 764 20119 18.849349849190197 40786 
744 771 20411 42.11230248838128 41206 
745 771 19866 45.9465072133642 42350 
746 772 20436 19.94913767593649 41965 
747 772 20052 41.553759745678136 40618 
748 773 19349 31.591472915278736 41652 
749 775 18938 39.5521720355121 40707 
750 776 19827 47.82039730026717 41623 
751 779 19766 33.015966808067965 42103 
752 781 19372 49.18180887779045 42116 
753 781 19694 34.74299660743302 40615 
754 781 20736 39.155798894318025 42161 
755 782 19292 34.36402317850737 41831 
756 783 18807 46.00471837091298 41430 
757 785 19949 42.831652820800294 42357 
758 788 18857 24.228090427821854 40758 
759 788 19205 23.803856907415792 41838 
760 790 19608 25.43522308326398 40546 
761 790 20594 30.680918669122384 42508 
762 791 19822 38.836145542398455 40893 
763 791 19719 29.897161887617894 42240 
764 791 19754 41.507311495120064 42461 
765 792 19656 19.0009181607391 42184 
766 793 19799 27.02288525966074 41322 
767 793 20147 41.6011461065223 40773 
768 795 20349 29.7054647650278 41625 
769 797 19406 46.61460245462692 41228 
770 799 20303 11.77795863508428 40654 
771 800 19568 18.489611399583378 42241 
772 800 20132 25.80325835980378 42501 
773 801 20040 33.256527532389825 41788 
774 801 19518 27.958349018851436 41861 
775 803 19707 15.388767210226057 42263 
776 804 20239 28.280794024567697 40583 
777 804 20080 43.28259586245072 41732 
778 805 19580 35.33376896967133 42047 
779 805 18889 42.0839931879562 41129 
780 806 18897 10.979844236199625 41520 
781 807 20026 14.33488897901784 40987 
782 808 20332 25.99000457184855 40569 
783 808 19939 43.2851030628124 41119 
784 808 19414 45.91999918237325 40737 
785 810 19879 17.096303434368366 42154 
786 812 19025 44.45146598175799 41459 
787 812 19589 14.373055663898375 40920 
788 813 18768 40.780024296865584 42079 
789 814 19085 27.036249707955875 41763 
790 815 19243 25.19590849629774 41795 
791 815 20150 21.9657066385675 41513 
792 818 20757 17.34075738029241 42320 
793 820 20140 33.68868620689078 40601 
794 821 20078 44.967928049984714 41272 
795 822 20361 38.51466143864463 40630 
796 822 19817 41.80046025579704 41634 
797 823 19962 43.7341350310364 41172 
798 823 20463 40.91965903469031 40777 
799 826 20503 33.84903501573845 41471 
800 827 19016 42.843615525089696 40690 
801 827 19607 43.714714630105355 41956 
802 827 20380 35.73357110244867 41463 
803 828 20691 42.746123147878194 41484 
804 828 20440 30.87391180867193 41296 
805 829 20066 30.119393415295676 40714 
806 829 20155 24.192282153732915 41902 
807 832 20214 42.18524649436048 41137 
808 833 20169 20.500164263352442 42010 
809 834 19920 17.409804046704586 40802 
810 835 20509 17.463755609174562 40989 
811 835 19868 15.13378854528927 41530 
812 836 19378 41.505388500175485 42431 
813 836 19499 42.67227099725622 40815 
814 836 20392 25.04651909541707 41560 
815 837 19050 48.5376194549638 41173 
816 837 20359 13.908099589379844 41893 
817 837 19294 14.774238967297094 41385 
818 838 20212 10.379550443304648 41807 
819 838 18926 22.438812732771652 42290 
820 840 19532 29.514250535982114 41344 
821 840 20155 47.61285947460775 41838 
822 841 19454 22.335649781868284 41709 
823 842 19000 21.90802511828979 42102 
824 843 19368 41.7811538061388 41984 
825 845 19919 19.822992790247078 41505 
826 846 19766 34.04317382247122 41761 
827 848 19705 14.226910852961296 41680 
828 848 20085 38.51564095223118 41188 
829 848 19226 27.472615549707996 41047 
830 848 19482 43.088853154262814 40814 
831 848 20382 23.931759182112607 41866 
832 849 20083 33.319401733794024 41045 
833 851 20238 35.651433369296946 41498 
834 851 18858 12.48577034385352 42464 
835 852 20014 49.611912751699855 40652 
836 853 19150 21.129150006950226 40729 
837 854 20419 39.449832506235836 42518 
838 854 18836 27.605591556726505 42521 
839 855 19978 43.3154760913482 40777 
840 855 19676 42.18391309551694 41340 
841 856 20533 27.415788429246053 40761 
842 856 19915 35.94583196815029 41785 
843 856 19322 46.7233601859382 41143 
844 856 19538 41.43401688316004 42209 
845 859 20141 14.636252995151775 41622 
846 860 20284 39.123187237207816 42035 
847 860 19395 49.68046616934781 41361 
848 862 19818 20.71000021706565 41387 
849 864 19455 45.81359400503111 42424 
850 864 19521 18.0103792779799 42259 
851 869 19159 41.26804705546866 41171 
852 869 19549 34.121805953622854 41394 
853 871 20457 13.506092645493926 41943 
854 873 19340 43.40519715995308 41499 
855 873 19002 39.27353682460792 42111 
856 873 19886 14.697043645204598 41949 
857 874 20657 10.15532140816135 41575 
858 878 18980 42.661142991994936 41447 
859 878 18877 47.579618518869694 41990 
860 880 19436 49.32782344811665 41805 
861 880 19787 41.862071414760045 42073 
862 882 20582 15.709024626091136 42207 
863 882 20108 47.67599010026451 42005 
864 883 19497 49.598359759176994 40993 
865 883 18918 47.433545293691715 40965 
866 886 19496 37.475929388037706 42110 
867 886 19073 36.73038267882252 40806 
868 887 19848 17.217509860540137 40925 
869 889 19632 17.964587602460803 42460 
870 889 20640 15.275382559511904 41211 
871 890 20210 48.56963970553699 42328 
872 891 19264 25.038860135175018 40988 
873 895 20560 49.24714295372282 41025 
874 895 20496 46.2000351728707 41331 
875 895 19558 25.801202547918557 41477 
876 895 19861 40.025765145936475 42176 
877 896 20613 38.99459317210393 42352 
878 896 20549 30.933901978445096 40685 
879 897 20281 44.35559104367358 41123 
880 897 18869 43.63492292154699 40640 
881 897 19656 12.517744388789778 40711 
882 902 19811 25.43807560271816 40971 
883 902 20281 44.93077832150728 41453 
884 902 18878 27.173580715893134 40804 
885 902 19401 22.609129927718975 42169 
886 903 20101 35.529647545511494 41739 
887 904 19185 30.595347245121467 40587 
888 905 20675 41.198396808143656 41485 
889 908 19243 32.49177836123178 42141 
890 909 19909 20.620509010397498 40570 
891 909 19914 49.22457316467394 42418 
892 909 19990 17.411430381805793 41110 
893 909 19843 46.749450142531174 41429 
894 911 19298 36.71380327784661 40618 
895 913 20737 41.56772453349859 41091 
896 913 19798 14.193527972115799 41348 
897 914 20182 47.93074014863197 42077 
898 914 19462 16.304322911680423 42111 
899 914 19641 19.4815388934385 41727 
900 915 19427 10.547072779228138 41313 
901 915 20436 17.158675943212987 40563 
902 916 19832 44.21224075441383 40996 
903 917 19985 45.47571551942876 41894 
904 918 20724 16.42344153491659 41990 
905 918 19531 17.794728916008893 40896 
906 918 19672 34.14025789327712 41212 
907 919 19094 24.79227825878036 41862 
908 920 20172 33.84325507008421 41193 
909 921 20750 14.812128700861553 42513 
910 921 18904 21.109709452608758 41550 
911 926 20729 15.169312004816877 42370 
912 926 19501 48.212648963024336 40965 
913 927 20648 28.946855226041542 40880 
914 927 20291 24.36602081857323 41841 
915 927 20534 18.825264554327216 40670 
916 928 20121 23.844789681039494 42078 
917 928 20512 13.484496353456002 41885 
918 929 20602 13.913262476832369 41231 
919 930 19150 20.55262152979371 42167 
920 933 20367 17.088183302708853 42506 
921 934 18949 17.055684354477492 41244 
922 934 19160 23.975723202139783 42234 
923 934 20352 35.97978589301216 41311 
924 934 20053 15.695173424223974 42496 
925 934 20567 34.07086056193197 41188 
926 935 19231 10.69226033392142 41191 
927 937 19902 31.030151557417046 42069 
928 937 18765 32.321377317473164 42238 
929 939 20192 40.35989070199699 40830 
930 941 20306 19.91439087931559 41863 
931 941 18767 26.91310980947261 42317 
932 942 20210 23.226971591199977 42504 
933 943 18905 39.40589980611617 41875 
934 944 19087 47.14006262526608 42225 
935 947 19770 48.76486565174157 40990 
936 947 19796 27.622825502752775 40578 
937 949 20717 25.107016743107955 40960 
938 949 19335 43.573948691562116 40620 
939 950 18928 22.843026560077867 42108 
940 951 19762 19.653768121928067 41721 
941 954 19550 24.23966198926547 42238 
942 954 20015 11.723970309922658 41982 
943 956 19882 17.000832336696238 40963 
944 956 19602 42.934326073109034 41579 
945 956 18903 22.502294836708465 40868 
946 956 19520 20.3873411871127 40659 
947 957 20354 49.91759713359422 41330 
948 957 20590 10.599904998951937 42087 
949 958 18864 19.38451164709265 40630 
950 959 19416 18.756536429352675 41634 
951 959 18886 14.042264481157547 41534 
952 959 19429 35.84034778138819 41546 
953 960 20660 38.21130900278304 41081 
954 961 19900 46.172843798405125 42360 
955 965 18998 20.566268614072133 40920 
956 966 20362 48.41414068860348 41346 
957 966 18890 16.237868517573624 40861 
958 968 20352 12.472376833949044 41714 
959 968 20710 34.39551861380288 40528 
960 970 20187 26.764338718367465 41635 
961 971 18967 47.80267228934056 40699 
962 971 19825 33.81887762169828 41859 
963 974 20700 20.825648675832 41981 
964 975 20548 17.38643695830824 42518 
965 979 20471 43.62675964581772 42251 
966 981 19170 29.8892321956372 40725 
967 982 19543 35.771055968741024 41983 
968 983 19789 18.47432891435392 41411 
969 983 20484 42.67219464489143 41527 
970 985 20650 15.303852823362538 40816 
971 987 19351 18.99258474872811 42186 
972 988 19789 47.39885542231486 41367 
973 988 20260 31.617326216481683 41987 
974 988 20554 14.398861946131394 41003 
975 988 20106 47.8307692752974 41805 
976 991 19635 30.559978485008266 41923 
977 991 19371 48.516522781586204 41325 
978 992 20116 32.883596830491584 41925 
979 995 19360 14.126197648727508 41299 
980 996 19744 17.187937044051374 41650 
981 998 18893 12.338624092966842 40759 
982 999 20724 27.896405471284243 42286 
983 1002 18867 44.93901020554206 41820 
984 1002 19105 22.91015578271442 41542 
985 1003 20469 13.800918919204058 40960 
986 1003 20092 38.08696532506091 42294 
987 1004 20187 49.702247898398845 42334 
988 1004 19161 24.32482483484349 41067 
989 1004 20742 21.23447986492755 41190 
990 1004 18843 34.97105617275683 41727 
991 1005 19183 41.47847919982861 41818 
992 1006 20162 23.680433533749742 42255 
993 1010 18996 27.52663611574747 42323 
994 1011 20034 27.42899449571004 41105 
995 1012 18814 12.329249027558689 42281 
996 1012 19535 42.26681225595423 41774 
997 1014 19133 17.429753410947537 41710 
998 1015 19672 32.1168956558308 42075 
999 1015 18809 10.0655981357149 42009 
1000 1015 20311 48.02939959710565 40630 
1001 1016 20426 48.91683011405186 41800 
1002 1018 19085 33.780644560299095 42520 
1003 1020 18908 48.36167712154615 41877 
1004 1020 18907 11.810081497965527 40854 
1005 1020 18849 15.654647760814946 40748 
1006 1020 19765 46.92587839347056 42436 
1007 1020 19205 41.42663381614592 41660 
1008 1023 19673 19.282183069773488 41269 
1009 1023 19797 37.80677385386635 42202 
1010 1026 19996 30.59403792516955 41890 
1011 1026 19923 20.31284701905692 41587 
1012 1027 19361 47.60875215017737 40943 
1013 1027 20454 38.47828358796717 41472 
1014 1027 18865 19.879933025996227 41510 
1015 1028 19826 27.192301774133224 41061 
1016 1029 18914 24.446278601064776 40760 
1017 1029 20112 40.42602377527858 41396 
1018 1030 18784 27.60484866578914 41723 
1019 1030 20242 27.19601398659215 40667 
1020 1031 19876 42.90237830969366 40943 
1021 1031 19250 34.21705279622596 41191 
1022 1032 19726 39.08034149010335 40793 
1023 1033 19203 29.44805362889406 41706 
1024 1033 20411 46.848310980944 42459 
1025 1034 20129 26.309976360067576 41755 
1026 1036 19049 43.63306670294292 40961 
1027 1037 18904 17.78968540763429 42378 
1028 1038 20714 35.67096340794914 41199 
1029 1042 19964 22.491021007154444 41276 
1030 1043 19410 16.582523175294824 41752 
1031 1044 18875 34.75779684497047 40574 
1032 1044 18941 22.748044251369762 41971 
1033 1044 18925 46.06267840181766 42374 
1034 1045 18844 26.53450623281545 41451 
1035 1046 20112 39.6310300389852 41277 
1036 1046 20500 30.46870071403476 41982 
1037 1049 18902 42.43663956251626 41189 
1038 1050 19658 30.101088431725714 42469 
1039 1050 19946 27.64727071720627 40573 
1040 1051 20457 29.434009478710088 40776 
1041 1051 19059 41.388841404721006 42283 
1042 1053 20359 35.02311997199506 41696 
1043 1054 19704 49.2454788079709 41978 
1044 1056 19161 32.55032381600847 41443 
1045 1057 20346 31.457502159835574 41901 
1046 1057 20549 35.230181024873154 41190 
1047 1057 18939 21.85364621504715 41202 
1048 1057 20338 29.916851518415477 41615 
1049 1058 20131 48.88703475206812 42000 
1050 1059 18879 27.21380911694507 41749 
1051 1060 20402 47.5134653563776 42239 
1052 1060 19284 43.85998060000701 41814 
1053 1061 20645 43.55639899217928 41942 
1054 1063 20235 18.830358027515295 41003 
1055 1063 19335 43.51504067772913 41031 
1056 1064 20505 40.63103224864361 42473 
1057 1064 19680 34.837554783974056 42337 
1058 1066 19213 10.511820411091444 42158 
1059 1067 20569 31.016391078966763 42156 
1060 1068 20403 31.627078561857005 42404 
1061 1069 19184 45.314419914547955 42330 
1062 1070 19493 33.18161111547641 42241 
1063 1072 19049 10.610493778010369 40960 
1064 1073 19768 23.254812914548708 42440 
1065 1073 19091 31.73799447771612 41776 
1066 1076 19516 22.23143399328422 41742 
1067 1079 19420 48.8000468602362 41969 
1068 1080 19458 34.988281429099 40790 
1069 1083 20182 27.91225884067159 40764 
1070 1083 19130 45.49824868656292 41535 
1071 1083 20151 18.062451847749827 42381 
1072 1085 19868 28.19654798363816 41606 
1073 1085 20335 41.63228943150918 42470 
1074 1086 19178 16.245765901848237 42143 
1075 1087 18985 28.203391791048695 40892 
1076 1088 19450 24.653117026986564 41657 
1077 1092 19899 32.034363561700644 42144 
1078 1094 20702 33.489403804532316 42436 
1079 1096 19849 34.090237610776896 41848 
1080 1096 19757 37.48482003411729 40809 
1081 1097 19142 20.9732864264223 42215 
1082 1098 20281 34.21836650605683 41687 
1083 1100 19226 21.80996226262163 41186 
1084 1101 20350 29.203023237831776 40954 
1085 1102 20233 44.51160621146165 41349 
1086 1104 19364 41.12634950421752 41506 
1087 1105 19814 17.385039505586715 41970 
1088 1106 20288 26.617406049463014 42333 
1089 1108 20096 29.374899780048548 41627 
1090 1108 19628 47.49583876549022 42001 
1091 1110 19638 32.540036807494445 42043 
1092 1112 20579 15.788268492871396 41893 
1093 1112 20632 41.90853863712938 42243 
1094 1114 19340 13.212407271210118 40793 
1095 1114 18889 10.005313528974135 40717 
1096 1115 20247 34.2121981258357 41549 
1097 1118 18991 38.28957743643584 40691 
1098 1121 19854 38.037227700071305 40597 
1099 1121 18768 39.10663036387666 41862 
1100 1123 19532 28.23418071526152 42463 
1101 1124 19672 29.287177721878717 41587 
1102 1125 18888 32.429493146368415 41663 
1103 1125 20381 23.423273091514872 41345 
1104 1126 19252 30.65951530781158 42456 
1105 1132 18869 40.244096063762136 40608 
1106 1132 19237 10.773455508797953 40932 
1107 1133 19885 49.86082618878218 42215 
1108 1133 20268 47.77792296438312 41679 
1109 1133 20630 32.58274656958254 40729 
1110 1133 20597 31.589079798248854 40794 
1111 1135 19158 15.25920663657283 42045 
1112 1135 19652 17.568636015332398 42389 
1113 1135 20517 45.36865836730709 42180 
1114 1135 19639 32.95660434826483 40677 
1115 1137 20193 42.2332664390408 40593 
1116 1138 19758 28.312693652211053 42041 
1117 1139 20709 27.589833773750154 40613 
1118 1141 19442 22.648633889213027 40855 
1119 1142 18990 47.415139812589075 41767 
1120 1142 19619 15.8229225043366 41229 
1121 1143 19549 33.0642203157057 41816 
1122 1143 19141 11.890423066229477 42287 
1123 1144 18787 34.52560549182256 40961 
1124 1144 19991 39.9110995964793 41693 
1125 1145 18761 35.77134159102496 42477 
1126 1145 19985 38.499368896383125 41155 
1127 1145 20077 41.895941474358594 40603 
1128 1145 19576 41.31308279508605 41329 
1129 1148 19121 10.669293993885214 41474 
1130 1149 19279 39.3129857329799 42271 
1131 1150 20036 11.673789705032135 40733 
1132 1152 19376 22.35974809556366 42477 
1133 1152 19054 38.96522894626048 42072 
1134 1152 18929 25.218556424607854 42475 
1135 1153 19339 43.363525575288136 41809 
1136 1153 20125 49.468141726799914 41048 
1137 1154 20343 36.39951995305121 42002 
1138 1155 20138 13.664952054379942 41414 
1139 1157 19240 27.665362031782482 41385 
1140 1159 19293 14.201451392005122 40929 
1141 1160 20453 22.884628633875547 41678 
1142 1161 18943 36.61033556064541 41243 
1143 1161 19925 46.51692498787455 40598 
1144 1162 19206 22.055055029232086 41647 
1145 1165 20742 49.09441893055447 40643 
1146 1165 20335 37.454592810532716 42401 
1147 1165 19386 33.11632998698124 41183 
1148 1167 19275 29.618212199404212 41622 
1149 1168 19170 24.824474282720498 42064 
1150 1168 20305 48.51180442891929 42427 
1151 1169 20004 49.70307592105244 41979 
1152 1172 19202 11.841274729081782 41460 
1153 1173 19500 29.147840120185343 41238 
1154 1176 19362 38.359962233233915 41927 
1155 1178 20505 45.98112541375133 40994 
1156 1178 20133 27.854828811249956 41096 
1157 1180 18950 22.52917753189206 40903 
1158 1182 20687 44.59856551136154 42249 
1159 1183 19486 21.138061724091326 40954 
1160 1184 20260 26.332553712419195 40578 
1161 1184 20713 25.590243494240227 40901 
1162 1186 19692 36.9380176112864 40817 
1163 1187 19440 29.31767830819391 41161 
1164 1188 20121 31.288367979170072 41518 
1165 1190 20541 20.434543478706715 40918 
1166 1190 20303 24.542495265044778 41373 
1167 1191 19883 22.345326080220747 40603 
1168 1191 20684 36.643907133800255 41181 
1169 1191 19302 22.430842592049665 41188 
1170 1195 18943 35.760605405350695 41384 
1171 1197 19943 41.920123685342475 41687 
1172 1198 20204 15.783638715048314 41643 
1173 1199 19732 42.38924285493183 41363 
1174 1199 20739 39.83960744599479 41019 
1175 1199 20601 47.75156886784417 41030 
1176 1200 19156 19.13238115136137 42497 
1177 1202 19891 47.24379286312122 41031 
1178 1205 19377 36.65707129829361 41222 
1179 1207 19838 11.965155202585937 41032 
1180 1208 18782 33.71692020621684 41345 
1181 1210 19834 38.42883000078021 42258 
1182 1211 19508 30.135469250066254 41487 
1183 1213 19437 16.207506099595935 42181 
1184 1213 19009 42.22277373482167 40574 
1185 1213 19028 49.59950013427887 41244 
1186 1214 20653 13.27756600392043 40982 
1187 1214 20714 17.569839048082592 42075 
1188 1215 20677 24.115695648523392 41180 
1189 1215 19441 32.93948027333222 40736 
1190 1216 19931 32.84216281267015 42355 
1191 1216 20228 18.717332521814566 42476 
1192 1217 20051 49.28920992117511 41218 
1193 1218 18865 15.12857638037449 41890 
1194 1218 19421 36.50746675794156 42352 
1195 1221 20672 44.32165635455545 40795 
1196 1221 20220 19.625900119941548 42472 
1197 1222 18815 26.181274791797836 42499 
1198 1224 19358 40.04048533101805 41382 
1199 1224 19241 39.83326704574119 40586 
1200 1225 19860 43.92946184716463 41312 
1201 1225 19275 47.11437077532553 41352 
1202 1228 19692 11.079364435266816 41793 
1203 1228 20117 36.071402863435296 41840 
1204 1230 20282 10.94924109374016 41504 
1205 1233 19460 19.26615147609285 40992 
1206 1235 20207 39.01493440166992 41691 
1207 1235 19355 33.583058500209646 41124 
1208 1236 19414 33.682674792684224 41746 
1209 1236 20603 41.5064562351005 42341 
1210 1237 19841 22.36608479420856 40859 
1211 1238 20572 46.73880242220388 41352 
1212 1240 19242 25.350644815222708 41875 
1213 1240 20605 16.396726463621427 40705 
1214 1242 19164 28.53016170671208 41402 
1215 1242 20354 13.495805672883785 41394 
1216 1247 20077 34.189599897396334 40638 
1217 1247 18886 22.022613567588728 42326 
1218 1248 20639 31.923674505929696 40806 
1219 1251 19017 35.289260766354296 42004 
1220 1252 20130 12.772071840144683 40734 
1221 1252 19368 31.728709918174825 41336 
1222 1252 19900 21.924257835539393 41818 
1223 1252 20413 14.869752903225105 41766 
1224 1254 20354 42.95132233261346 40608 
1225 1254 20444 16.659016758036657 41909 
1226 1255 19531 27.55282483388396 40574 
1227 1255 18837 10.731842160457731 41437 
1228 1256 19474 22.4863176167616 41046 
1229 1256 20364 45.04813708185504 42439 
1230 1256 19819 48.87620772802399 42433 
1231 1258 19931 45.44172650970625 41718 
1232 1258 20511 48.91780489743889 42056 
1233 1260 18784 14.847070724297605 41774 
1234 1262 20229 11.008212324565005 42421 
1235 1265 20712 21.658623550865556 40933 
1236 1265 19545 37.305651894628376 41721 
1237 1266 19116 15.985373488143537 41208 
1238 1266 19567 21.970438528545124 41125 
1239 1267 20011 40.656839077319766 41708 
1240 1271 19225 33.30962124004837 40787 
1241 1274 19380 33.550622989659864 40803 
1242 1275 19724 32.79544887756097 41695 
1243 1277 19361 22.485076947973347 41795 
1244 1278 20394 20.994418530053256 40608 
1245 1280 19622 43.99403125737695 41065 
1246 1281 19626 36.55381295553581 42489 
1247 1286 20437 14.017267584758834 40833 
1248 1287 19477 46.26038598151698 42151 
1249 1287 20599 40.36259424467078 41500 
1250 1287 20515 43.58179927531149 42456 
1251 1288 20690 48.82619905010127 42293 
1252 1288 18784 44.190822845642174 41805 
1253 1288 19643 13.627497815707606 41366 
1254 1290 19864 22.897738216351545 41984 
1255 1290 19618 23.841879038189443 40851 
1256 1290 19423 33.97086863586337 41130 
1257 1291 19654 15.54862425226978 41069 
1258 1292 18918 30.32052844141107 42014 
1259 1292 19600 32.806486243276865 42231 
1260 1293 20498 15.067765427770969 41570 
1261 1293 20474 25.716447737071867 41482 
1262 1293 20379 21.52110864423312 42369 
1263 1294 19167 29.09703125463658 41681 
1264 1295 19231 22.998733285793197 41979 
1265 1297 19692 26.88127761898041 41054 
1266 1297 20245 10.822093366244513 42170 
1267 1297 18987 43.12671989972389 41039 
1268 1299 19290 36.723040082011735 42407 
1269 1299 19493 25.8334589556435 40998 
1270 1300 19131 33.23159734849675 42219 
1271 1303 20427 45.30852739376505 42454 
1272 1304 20724 10.905999663440372 42445 
1273 1305 19245 31.995372052299736 42453 
1274 1306 20492 27.511327604034676 41136 
1275 1306 19840 22.35349461869013 41667 
1276 1306 19567 18.967492768118777 41152 
1277 1306 20516 33.83441744871052 40823 
1278 1307 20041 35.380873361827184 42222 
1279 1307 19652 32.686020422694334 40825 
1280 1307 20056 15.643720876993878 40782 
1281 1307 19602 15.569662856569408 40726 
1282 1309 18784 32.33959817873178 41183 
1283 1309 20327 23.01911934571106 41419 
1284 1310 20750 17.105095680240893 42190 
1285 1310 19458 34.28423198167066 41002 
1286 1311 19910 32.46946642603601 42406 
1287 1313 19123 38.830338606783336 40919 
1288 1313 19388 17.21395446974482 41764 
1289 1313 19535 34.66571038309456 42454 
1290 1315 19135 29.545769045294712 42228 
1291 1315 20330 38.12250643088616 42099 
1292 1317 19149 41.0504850173656 41505 
1293 1317 19777 31.656869412797725 42252 
1294 1317 19406 45.52092662860805 41362 
1295 1318 20108 46.446213692105395 41415 
1296 1318 19377 23.074895742891183 42294 
1297 1319 19900 22.698979478295467 41801 
1298 1320 19750 38.124581837059694 41597 
1299 1321 18847 48.96315205926165 42495 
1300 1321 19902 47.561606855664984 41440 
1301 1322 18999 49.7940060618437 41716 
1302 1322 20474 16.067147352507654 41277 
1303 1323 19623 14.944817869976234 41773 
1304 1323 19003 23.236626032259117 40673 
1305 1325 20095 27.44491402630867 41683 
1306 1325 20242 21.83066779192126 41749 
1307 1325 20268 28.21990541784901 42009 
1308 1325 19831 30.197541295741026 42209 
1309 1327 20011 39.5988242006483 42395 
1310 1331 19548 27.345353961477873 40541 
1311 1334 20245 30.711657985605836 42179 
1312 1334 20259 33.723171191452536 41310 
1313 1335 19727 13.49805808066099 40674 
1314 1336 20386 39.04634318865946 41578 
1315 1337 20016 43.8542616062895 41687 
1316 1337 19508 40.50798236036748 41461 
1317 1339 20253 28.034824194285427 42141 
1318 1340 19079 49.218766771084894 41894 
1319 1341 19877 10.743491022695473 41079 
1320 1343 20092 44.254300340733124 40636 
1321 1345 18866 15.881313461448947 41625 
1322 1346 19033 32.453686449000415 42457 
1323 1347 20690 27.505338593009224 40951 
1324 1348 20500 27.879154793136603 42264 
1325 1349 19843 43.93338310258431 41313 
1326 1349 19952 35.22524536859363 42453 
1327 1350 18774 40.46552908935401 40812 
1328 1351 20326 45.40044725418682 41549 
1329 1353 18764 23.466279967351404 41216 
1330 1353 19393 28.556789508347975 41292 
1331 1356 20551 18.4725375748121 40761 
1332 1357 18967 14.798253925516892 41020 
1333 1357 18833 20.307676880678343 41301 
1334 1360 20441 11.567817676260894 40606 
1335 1361 19559 34.16728742961056 40590 
1336 1362 19360 26.58747674543987 41325 
1337 1365 20184 13.171217934667375 41632 
1338 1365 18995 35.61137488397802 42090 
1339 1367 20431 43.18693983478441 41442 
1340 1367 19387 49.69313575157134 40977 
1341 1368 19889 48.10706053351954 42468 
1342 1369 20443 42.28405646660934 40734 
1343 1372 19875 15.095188141913463 42371 
1344 1375 20334 20.088513836568865 40972 
1345 1377 20606 24.088614596476773 41723 
1346 1378 19598 46.30341777313233 40851 
1347 1378 19266 45.11438449810272 40603 
1348 1378 19763 22.757997990313207 40998 
1349 1379 19370 31.121522610340136 42417 
1350 1380 18822 22.3952893730673 42084 
1351 1380 19317 47.561515398779456 41939 
1352 1380 19303 28.867970164024676 40540 
1353 1380 20228 13.682008001880899 41434 
1354 1381 19550 17.926610305749794 40947 
1355 1383 18853 36.97691735132663 41311 
1356 1386 20647 32.30731405996934 41182 
1357 1386 19077 22.790342262159324 42296 
1358 1386 19190 42.65225630932636 41032 
1359 1387 19087 46.72422924790401 41222 
1360 1389 20338 21.68582058910888 41311 
1361 1390 19946 11.568294737628477 41878 
1362 1390 19612 43.75882632913584 41680 
1363 1392 19172 12.145520556077049 42129 
1364 1392 20355 47.49279424286436 41387 
1365 1394 19097 44.54394516158669 41629 
1366 1394 20677 35.935357831254635 42243 
1367 1395 19741 26.65138318196639 41005 
1368 1397 19311 12.61576455486146 41861 
1369 1398 19457 41.44980464503067 40766 
1370 1398 19997 14.311205002747535 40625 
1371 1398 18911 41.418338884954956 40714 
1372 1399 19043 38.14660943745502 41198 
1373 1402 20092 34.85894402662581 42229 
1374 1404 20259 23.763920260776704 41192 
1375 1405 19208 26.00438745889875 41674 
1376 1405 20651 32.45395309827141 40548 
1377 1406 19767 41.46702870213234 40824 
1378 1406 19005 23.805814754258403 41060 
1379 1406 19254 40.41783462003393 40540 
1380 1406 20302 13.884815502242528 42325 
1381 1407 19440 41.87036657084565 40996 
1382 1407 19963 13.101973798869043 42143 
1383 1408 19431 42.0947795774432 41979 
1384 1408 20158 27.96178573836926 41621 
1385 1408 19608 27.695994356937263 42224 
1386 1409 20750 21.68633545310357 41476 
1387 1409 20633 18.20175037481355 42013 
1388 1410 20690 20.910380641392546 42156 
1389 1411 20044 25.44606853416433 41975 
1390 1412 19269 20.672883986922706 41345 
1391 1412 20027 33.28558793195211 41621 
1392 1412 20593 12.686400095182414 41043 
1393 1412 19621 24.301237862449028 41967 
1394 1415 19791 47.05512974583665 41743 
1395 1416 20520 19.467026053956843 41070 
1396 1417 18916 29.487115029761796 41796 
1397 1418 20536 10.719601245917957 41332 
1398 1419 19155 29.187902718357766 41123 
1399 1422 18858 14.35845014681087 41052 
1400 1423 19550 42.62037503541876 40576 
1401 1425 20554 38.39618090452845 40538 
1402 1426 19826 28.108578434606418 41345 
1403 1426 20313 33.500286869681474 40742 
1404 1427 19222 45.840258824677754 42313 
1405 1428 19987 16.74157133989524 42161 
1406 1429 18854 36.10516823315326 42424 
1407 1430 19845 42.62029263569901 42234 
1408 1431 19216 14.391375783409028 41589 
1409 1432 20383 30.318798875905017 42433 
1410 1432 19511 34.87518495699214 42003 
1411 1433 18808 13.504900675161299 40791 
1412 1433 20179 35.11264660301116 41060 
1413 1433 19693 44.25007835332869 40792 
1414 1435 18819 15.57992701259803 41925 
1415 1438 20712 41.77105175017106 42113 
1416 1438 19522 23.13675141852638 41602 
1417 1438 19367 41.4128200866578 40607 
1418 1439 20150 32.634613865418075 41757 
1419 1440 20636 20.539491793245723 41982 
1420 1440 20341 46.3644530489779 42377 
1421 1440 18770 29.102977582722577 42277 
1422 1442 18763 49.79960049488551 40543 
1423 1442 19998 49.81301048339953 42362 
1424 1442 20413 13.591833379469275 42026 
1425 1442 20416 31.328216276710236 41697 
1426 1443 20088 16.886196892367952 41063 
1427 1444 19327 10.933266397110524 40733 
1428 1446 19477 37.59135386458816 41397 
1429 1447 20165 49.89973045184886 42313 
1430 1447 19928 15.268903590772904 41055 
1431 1448 19335 13.359120077120433 41398 
1432 1453 18991 25.490184198063417 41540 
1433 1453 20144 38.93202729106932 42132 
1434 1453 19408 16.052905562413862 41860 
1435 1454 19748 16.82686690500269 42103 
1436 1456 19799 33.2238437162234 41774 
1437 1457 20145 15.495650457945725 41394 
1438 1458 18915 41.74787631946171 42233 
1439 1460 19843 43.5244091197371 40817 
1440 1460 20164 35.20305562136699 42058 
1441 1460 19209 31.401527426924766 42379 
1442 1461 20351 10.18701280687595 42084 
1443 1461 19298 13.70414986634231 41203 
1444 1462 19755 10.050906077041383 42490 
1445 1462 20597 46.981717936065344 42350 
1446 1464 19898 26.30884045562686 42441 
1447 1465 19489 47.72693036852188 41033 
1448 1465 18952 31.22627547184653 42353 
1449 1465 20126 37.93487333140038 41914 
1450 1465 19241 37.380213278881435 42191 
1451 1465 20634 30.27411710749453 42486 
1452 1466 20210 23.940995501472177 41776 
1453 1468 18965 45.654332563097164 41536 
1454 1469 19297 34.97089774141023 42182 
1455 1471 20026 16.692674311674374 42316 
1456 1476 18819 11.897517300168738 42358 
1457 1476 20012 16.53500618281178 42399 
1458 1477 19512 25.39205256325797 40877 
1459 1478 18838 42.67580815009883 41230 
1460 1483 20413 26.144643270429487 41573 
1461 1483 20329 10.210141707012053 41157 
1462 1484 19084 38.98948934553814 41693 
1463 1484 19632 47.31223947661392 41450 
1464 1484 19934 41.387427926973025 42461 
1465 1488 20613 47.25798476025351 41631 
1466 1490 19635 10.508081336783368 41751 
1467 1491 19659 16.583408190538588 40923 
1468 1493 19592 22.605610688692938 40884 
1469 1495 19198 26.41796739696708 41493 
1470 1495 20690 35.10598810543351 41810 
1471 1495 19311 20.067289696758273 41228 
1472 1496 20390 32.47593669658292 42459 
1473 1497 18910 46.7794604557431 42035 
1474 1498 18915 20.18726817920788 40926 
1475 1499 19715 47.44052117208011 42494 
1476 1500 20388 35.2372593267792 41815 
1477 1503 19536 27.64902036268178 40688 
1478 1503 19576 43.320104257914885 41426 
1479 1503 20687 32.397471259040145 41265 
1480 1504 19515 46.40748643479233 40577 
1481 1504 19233 39.610070073045165 40954 
1482 1504 18878 39.46898447704156 42468 
1483 1506 19330 24.48922603091832 40581 
1484 1508 20360 45.99353773944405 40791 
1485 1511 19240 14.603600664713596 41381 
1486 1512 19746 48.89552978354088 41926 
1487 1513 20446 23.120176729914824 40943 
1488 1514 20089 32.18985211106039 40919 
1489 1514 19046 30.09237012987918 41237 
1490 1515 20749 42.73746289695629 40840 
1491 1515 20441 39.93125066890542 41631 
1492 1515 20491 19.69580923107173 40853 
1493 1517 19213 41.84113305506759 40870 
1494 1519 19534 42.628896861396306 41448 
1495 1520 18850 49.60561111438583 41666 
1496 1520 20365 20.954962170073202 41138 
1497 1520 19048 14.685954135646352 42179 
1498 1520 19318 25.748714209985874 41870 
1499 1522 19635 44.57110996318653 41024 
1500 1523 20358 33.9996254725403 42505 
1501 1523 18890 32.58470581972963 42137 
1502 1523 19088 26.3224420463323 40637 
1503 1525 20579 18.525033369290057 41905 
1504 1525 18796 28.45495420701144 41856 
1505 1525 18856 13.324825596117083 42046 
1506 1527 19307 10.803083394149926 42152 
1507 1528 20388 33.83219570706297 42160 
1508 1530 19916 41.31088389486854 41256 
1509 1530 19740 12.968314909661212 42164 
1510 1531 20198 26.115873817786376 42092 
1511 1532 19527 38.39105430172099 41567 
1512 1532 19505 35.847484068604246 40663 
1513 1532 20702 37.577362908078726 41943 
1514 1535 20245 23.83451677649318 40988 
1515 1538 20095 48.19871048915064 42077 
1516 1538 19106 37.59534636246451 41366 
1517 1539 19499 27.556372134498233 42123 
1518 1541 19651 48.400450447917386 41790 
1519 1541 20554 12.619653865867967 42438 
1520 1543 19829 14.634163300211306 41334 
1521 1543 19443 35.620891816691916 40745 
1522 1543 20414 19.67108877422654 41253 
1523 1544 20215 15.824338348531963 40658 
1524 1545 19025 33.74255915502587 40974 
1525 1547 19808 15.884282092009645 41321 
1526 1548 20173 31.01211388173473 41585 
1527 1549 19543 39.498849126703576 40718 
1528 1549 18955 31.026715631942583 42123 
1529 1551 19732 30.968797541287508 41546 
1530 1552 20438 14.646159518105136 41195 
1531 1552 20200 10.028067432332644 41158 
1532 1552 19362 30.168093524617888 41167 
1533 1553 19146 19.898658843703497 41560 
1534 1556 20759 46.61342947715361 40927 
1535 1558 19457 45.10694497846751 41441 
1536 1560 19551 32.32696348169072 42327 
1537 1560 19070 16.726652665298293 40752 
1538 1561 19127 38.42317779810949 41935 
1539 1563 19657 37.8601149088138 41140 
1540 1563 19586 28.046674318585588 42437 
1541 1563 18970 44.308271988739804 41663 
1542 1563 19422 41.44916815547357 41221 
1543 1564 19574 13.555309922861788 42298 
1544 1565 19492 36.764520213597045 40711 
1545 1565 20521 25.94786602563401 40900 
1546 1565 19029 37.03792414137285 42470 
1547 1568 20127 22.478613192021943 41002 
1548 1568 20535 37.82178898789609 42241 
1549 1569 20151 24.7574135680666 40699 
1550 1569 19955 47.25589435404733 40561 
1551 1569 18980 20.76791619368267 42256 
1552 1570 19230 41.39411753502473 41951 
1553 1570 20393 16.470502042068183 41070 
1554 1570 19133 12.536552783529885 42355 
1555 1571 19815 25.491975312514047 40732 
1556 1571 19969 12.73999607642243 40754 
1557 1571 18872 45.26197093369907 41261 
1558 1573 19749 32.52298137748355 41492 
1559 1574 19613 22.01069635364856 41056 
1560 1574 19169 47.14509787617578 42422 
1561 1576 19452 14.660810766917326 41318 
1562 1577 19080 37.63471606977376 40646 
1563 1578 19282 25.525451636896875 41395 
1564 1579 19645 49.25782049071362 42445 
1565 1579 18846 21.639467245666502 40809 
1566 1579 18770 18.90331410917407 41629 
1567 1584 19937 16.825970266128767 41113 
1568 1585 20613 19.33882576012752 41092 
1569 1586 20480 28.436562929915304 42470 
1570 1588 19855 37.485279260624125 40890 
1571 1588 19631 23.957809196926316 42319 
1572 1588 19803 23.582325722910195 41974 
1573 1589 19243 33.27703871344735 41217 
1574 1591 20504 17.381538471688224 41890 
1575 1591 18849 49.718651247964516 41749 
1576 1593 19986 17.209088538847404 41749 
1577 1593 19674 43.241930354552466 42110 
1578 1597 19805 40.22309195828333 42003 
1579 1597 19959 34.670737829334584 42217 
1580 1597 20597 37.02156702902374 41016 
1581 1598 20473 15.18883847487917 40742 
1582 1599 20114 49.800896758186035 41368 
1583 1599 19686 31.20465758540689 40548 
1584 1600 19379 44.002649507024984 41102 
1585 1602 18925 37.710518764261245 41458 
1586 1603 19927 49.618582830531544 41142 
1587 1603 20392 17.890786689395817 40928 
1588 1604 20675 49.83432462670465 42024 
1589 1605 20406 39.24593409092687 42411 
1590 1605 20162 34.32097216336055 40700 
1591 1606 18967 43.0628478909386 41232 
1592 1606 19977 17.896891764468865 40753 
1593 1608 20155 18.58822365090894 42378 
1594 1608 18963 25.849322825849683 41541 
1595 1608 20177 49.418213824844386 41781 
1596 1608 20382 20.10084212724934 41317 
1597 1610 20150 15.184148507804158 42324 
1598 1610 19990 30.802422681353736 40984 
1599 1611 20642 13.426769796117437 41394 
1600 1612 18847 13.644121935680356 40738 
1601 1612 20162 13.70535789971548 42011 
1602 1613 18876 34.377994894656766 41361 
1603 1614 19257 13.729936620418052 40856 
1604 1616 19856 24.134513198629158 41945 
1605 1618 19582 40.935787160630014 42201 
1606 1618 20732 28.57468158586596 41982 
1607 1618 19625 20.760465359741612 40800 
1608 1620 19522 18.657763672133882 40954 
1609 1620 20438 30.370686904522728 41919 
1610 1623 19352 23.306536912235394 41797 
1611 1624 18863 19.871312404814145 42331 
1612 1625 19041 32.52309216988928 40982 
1613 1627 20425 43.735690447210075 41898 
1614 1627 20402 35.73489976976602 40981 
1615 1629 19353 47.8067342359589 40912 
1616 1631 19818 42.10009395441551 42250 
1617 1631 19673 39.69812549660536 40887 
1618 1632 19619 31.851510330609774 42446 
1619 1632 20479 41.52944289971232 41784 
1620 1633 20514 13.155799684623673 42207 
1621 1634 20517 16.955057087875552 40534 
1622 1636 19089 47.259138218317304 42475 
1623 1638 19763 34.245683052107175 40767 
1624 1639 19786 35.403476773328656 41735 
1625 1641 19286 38.210161178679876 40901 
1626 1641 19304 40.22132946932159 41632 
1627 1644 18772 25.425261831383246 40673 
1628 1644 20709 49.42479541967008 42046 
1629 1646 20085 23.0239742670036 42107 
1630 1646 20164 15.093036717815833 41180 
1631 1648 19785 26.961309792100412 41063 
1632 1649 19246 26.064343987151368 40916 
1633 1649 19581 49.366581737804445 41100 
1634 1651 19366 41.02752422732148 40523 
1635 1651 20626 17.497197373104076 41188 
1636 1652 19922 28.994841984141864 40577 
1637 1653 19478 40.92289939791894 41467 
1638 1655 18825 40.61926146708312 42193 
1639 1656 19760 28.01541798157775 41513 
1640 1656 20707 25.51257642469708 41668 
1641 1656 20586 43.997370844477786 42390 
1642 1656 19239 42.756017277396595 41754 
1643 1659 20532 47.282484028549455 41160 
1644 1660 19153 15.544230444716383 42083 
1645 1660 19683 15.941980690443081 40669 
1646 1661 19252 19.88706336818852 40705 
1647 1662 18814 28.37277037924244 40612 
1648 1673 19002 27.81040159675171 41811 
1649 1677 20332 25.09509284373702 40622 
1650 1677 19664 12.508584846493186 40749 
1651 1678 18780 21.60016051779408 40538 
1652 1679 20383 12.09440734911662 41541 
1653 1679 18936 25.2860416383662 41439 
1654 1679 19367 19.391544485737203 40715 
1655 1682 18870 19.631161645699606 40559 
1656 1682 20736 30.614638196683224 42224 
1657 1683 19693 46.67541650741207 41408 
1658 1683 19204 19.63478826769606 42156 
1659 1684 19788 27.980550593679695 42197 
1660 1685 20699 35.79906327476179 41141 
1661 1685 19106 46.717131105663306 40913 
1662 1685 19421 33.32926099402001 41502 
1663 1685 19798 24.064267616082276 41407 
1664 1686 20300 29.55094433514663 40838 
1665 1689 19216 39.655284628296826 41565 
1666 1690 20134 22.451840462642902 41475 
1667 1690 18778 17.45276312930528 42370 
1668 1692 19620 15.01644302075174 41563 
1669 1694 19244 33.88369458874156 41447 
1670 1696 19436 31.110022114794646 41028 
1671 1696 19045 35.67008086409654 40596 
1672 1698 19869 36.313808182853506 41606 
1673 1699 19632 26.967042782978528 41292 
1674 1701 19162 36.46086805964235 41822 
1675 1701 20204 23.911617754826196 41072 
1676 1702 19502 43.570451346283214 42320 
1677 1708 20315 14.668077812191447 40769 
1678 1709 19677 37.15657668841658 40709 
1679 1709 19998 43.494597059137774 42268 
1680 1710 20227 24.78425716706784 41798 
1681 1713 19389 20.80021979795603 42431 
1682 1714 20088 10.143962149013714 41047 
1683 1714 19166 34.19064912347396 41333 
1684 1715 20347 34.0535237240315 40807 
1685 1716 19540 49.804076516843786 42128 
1686 1716 20219 20.562055264518673 40725 
1687 1718 20355 22.569463407489874 41280 
1688 1718 19751 15.501398821033717 41730 
1689 1719 19179 30.852660452857265 40641 
1690 1719 20497 20.46492902620992 42278 
1691 1719 19034 32.207386910774005 41035 
1692 1719 19556 37.332934683175694 41298 
1693 1720 19530 15.142911435304347 42457 
1694 1720 19048 42.43126517313746 42000 
1695 1725 20744 48.3548219478893 41375 
1696 1728 19069 27.108161553936903 41019 
1697 1729 19044 24.926388586827844 40974 
1698 1730 19309 44.20958162351692 41348 
1699 1731 20540 47.61345445543096 42163 
1700 1731 19263 25.978435419394646 40848 
1701 1732 20127 47.08188421157207 40542 
1702 1733 18792 14.994859056513992 41177 
1703 1733 19325 21.35713623271744 41161 
1704 1733 19940 22.760709612549732 40938 
1705 1734 19715 13.807838309847721 41018 
1706 1734 20503 12.977442827563692 40532 
1707 1735 19776 20.859649851870856 41289 
1708 1737 19577 16.78305199361004 40981 
1709 1737 20577 19.882673396491406 41419 
1710 1737 20161 49.70794052188456 40793 
1711 1737 18930 48.81630467021334 41448 
1712 1737 19090 23.70598234707046 41116 
1713 1738 19428 42.12140639852964 42211 
1714 1739 20136 35.773555992521764 41241 
1715 1739 19884 43.64900422871778 41428 
1716 1740 20257 40.285299719989176 42367 
1717 1740 20357 17.098873699083946 41110 
1718 1740 20171 46.41698355251065 42236 
1719 1741 19656 13.156468942021075 41873 
1720 1742 20600 44.38525719434083 41228 
1721 1742 20173 11.69962227041999 40854 
1722 1744 19898 28.331053311812603 42445 
1723 1744 19876 15.071804662763594 40616 
1724 1745 19845 37.37459002512513 41199 
1725 1746 19043 11.851304883013007 41738 
1726 1746 19989 14.006745265704081 40752 
1727 1750 20399 15.549135930842555 41354 
1728 1751 19193 16.521384562704394 40811 
1729 1751 19386 16.074153264353402 40768 
1730 1751 20250 49.32826231071875 40634 
1731 1753 19753 27.974153685243145 41854 
1732 1756 19849 20.01778200991421 41753 
1733 1757 20670 46.19756010910075 41346 
1734 1757 19154 22.88029850115847 40854 
1735 1757 20715 18.399826706864324 40839 
1736 1757 19456 19.93921987671179 42197 
1737 1764 18778 34.263256110887525 40936 
1738 1764 19410 36.86545000601939 41247 
1739 1765 18903 20.571543709618215 41546 
1740 1766 19184 13.94917926171098 41999 
1741 1767 19633 11.882382898931292 41445 
1742 1767 19124 17.80666378501229 40837 
1743 1767 18977 19.463092186656567 41370 
1744 1768 18820 16.82958924642922 41869 
1745 1770 18803 36.201846225128094 41814 
1746 1770 19304 38.685311470614295 40804 
1747 1770 20592 22.367048004300543 40964 
1748 1771 18762 18.926582936890025 41279 
1749 1771 20195 33.980440786680646 40693 
1750 1773 20047 35.205385588484035 42237 
1751 1773 20138 29.948459477851408 42209 
1752 1774 19431 42.93801735964484 40750 
1753 1776 19305 41.81604045385747 41835 
1754 1776 19455 23.46712783750212 42213 
1755 1777 20602 48.81330050800535 42306 
1756 1780 19474 11.988688243061048 41157 
1757 1780 20534 28.937323062582742 41788 
1758 1780 20642 10.078374052944824 42038 
1759 1781 19432 24.781108090924477 41877 
1760 1783 20283 24.024237829175604 41954 
1761 1784 18926 45.5634371314565 41139 
1762 1784 20215 18.091342833664324 40556 
1763 1785 18817 43.858070058293556 40533 
1764 1786 18918 11.873699579433087 41970 
1765 1789 20204 36.001685690956414 41025 
1766 1791 19254 47.37570074601747 40756 
1767 1791 18875 49.95577398668333 41650 
1768 1791 20314 36.4044478076666 41545 
1769 1792 19489 10.274659808247769 41189 
1770 1792 19827 22.445952421548228 41082 
1771 1792 20372 25.541361336396328 41087 
1772 1792 20244 40.34151664900591 41190 
1773 1793 19156 25.440353575899785 42090 
1774 1794 19758 49.472770310574404 41200 
1775 1795 19491 35.032517979381154 41950 
1776 1797 19098 32.763080276180276 42507 
1777 1797 19995 16.28183894249791 42045 
1778 1799 20055 27.505868019076246 41967 
1779 1801 19151 34.85532330067802 41252 
1780 1801 18961 35.71363712425746 42399 
1781 1801 19501 18.495217320402517 40839 
1782 1805 19952 25.08678729730771 42092 
1783 1806 19164 28.870713498456038 40654 
1784 1806 20707 31.83622453936035 40971 
1785 1809 19839 35.91875024922719 41624 
1786 1810 19258 38.354420947654745 42405 
1787 1811 20306 29.164362195548136 41245 
1788 1813 20377 13.65263495024501 41999 
1789 1815 20743 16.423280486772853 41158 
1790 1815 19958 35.91269505043664 42383 
1791 1816 18852 22.32980771084668 41855 
1792 1816 20344 26.800041851981877 40910 
1793 1817 19123 22.802175623019068 42153 
1794 1818 19081 27.192807415620432 41860 
1795 1818 19338 25.759139887762274 42027 
1796 1819 20373 34.55895845763133 41849 
1797 1820 19083 45.4218848080797 41701 
1798 1822 19091 40.79505837470229 42158 
1799 1823 20684 20.429818417127553 41054 
1800 1823 20036 19.7726325060299 41263 
1801 1825 18865 10.22974790258048 41702 
1802 1826 18877 16.229740764022363 41861 
1803 1827 19110 26.154665631026774 40942 
1804 1827 20630 43.23730451481501 42036 
1805 1828 19485 28.263705065334506 41450 
1806 1829 20277 40.86498425898743 40534 
1807 1829 20366 47.18027615096139 41553 
1808 1832 18898 10.155830484772817 41141 
1809 1833 19356 39.54700636838907 42147 
1810 1834 20108 27.07086697510838 40560 
1811 1835 20183 23.391351099591382 41165 
1812 1836 19823 39.95275797667791 42187 
1813 1836 20191 32.511245080507706 40867 
1814 1838 20558 38.402780262661494 41474 
1815 1839 20195 17.27268371133542 41517 
1816 1840 19636 49.81260056418909 40917 
1817 1841 19416 21.912896568739892 42417 
1818 1841 20089 24.247331500522016 41544 
1819 1841 20661 20.10157506112379 42172 
1820 1844 19221 49.372460755071245 40758 
1821 1844 19703 35.83227488028411 40989 
1822 1845 19835 33.771945841264795 41547 
1823 1845 20454 40.61508544010928 42359 
1824 1845 19790 19.981791928993744 41770 
1825 1849 20333 46.69952006128681 40647 
1826 1850 19221 43.48728289988449 41537 
1827 1851 20356 18.23811739274357 41789 
1828 1852 18877 45.22909069299084 40615 
1829 1853 19341 46.992874130611234 42154 
1830 1854 20566 35.37427630988495 40819 
1831 1854 20350 10.830695264148446 41227 
1832 1857 19025 34.831357984376346 41612 
1833 1858 20570 43.26935798563635 41572 
1834 1860 19378 20.216259682888587 41415 
1835 1862 19906 35.703443050656645 41981 
1836 1862 19476 25.8171229502616 41962 
1837 1862 20444 20.610126207133717 40970 
1838 1862 19292 22.63698622309287 41366 
1839 1863 19490 43.79269086599809 40750 
1840 1863 20408 39.62403001190169 40676 
1841 1863 19238 10.752572202213685 40917 
1842 1863 20468 25.828389173038417 41883 
1843 1863 19021 36.560328912478575 41429 
1844 1864 19121 35.209465105737635 41982 
1845 1866 19109 28.14878524710283 41082 
1846 1866 20695 14.199463810336646 41616 
1847 1867 19431 48.9160954473123 42148 
1848 1868 20623 13.50233173145702 41982 
1849 1869 19233 49.53777673371953 40668 
1850 1869 19281 14.30098987356972 41706 
1851 1871 19195 29.38157606043589 40737 
1852 1872 18919 11.143470413428073 40939 
1853 1875 19101 36.266714819327944 42386 
1854 1876 20541 23.863796888758884 41496 
1855 1877 20298 18.491242599190798 40573 
1856 1878 20063 44.59188889047846 41060 
1857 1879 19009 17.460974996531053 41525 
1858 1880 18808 40.915283919236444 41836 
1859 1882 20089 13.566921277501006 42014 
1860 1884 19716 11.445417407008062 40782 
1861 1886 19892 21.610825863783386 42137 
1862 1886 20072 31.317927541165368 40559 
1863 1889 19652 30.044082573885056 42506 
1864 1889 19896 29.035212277865035 40632 
1865 1889 19090 33.80386793046906 41388 
1866 1890 18775 24.708357594193572 40797 
1867 1890 19273 44.294477108203246 41057 
1868 1892 20714 44.87372591966822 40847 
1869 1893 19090 29.17695323607349 40608 
1870 1894 18896 21.771528593014843 41547 
1871 1895 19743 14.72657621357774 41024 
1872 1895 20437 32.11360934198328 41387 
1873 1895 19076 16.908429629431275 40665 
1874 1897 20073 37.55088207676664 41057 
1875 1897 20344 13.421186255685749 41120 
1876 1897 19127 41.23725716188901 40788 
1877 1898 19186 30.83544089490996 41848 
1878 1898 20153 43.45846034051674 40734 
1879 1899 20491 13.208002058606997 40772 
1880 1900 19788 18.96694402246473 41901 
1881 1900 18960 39.428953308417135 40799 
1882 1902 20693 18.663229488659976 41080 
1883 1902 20324 37.789715634050395 40834 
1884 1903 19640 46.6634808951726 40596 
1885 1903 19685 12.54848447109731 41978 
1886 1904 20570 36.97459104840745 41130 
1887 1904 20635 42.78662886927564 40767 
1888 1905 19875 18.688256075635774 40776 
1889 1907 20341 49.648440941372634 41687 
1890 1907 18941 44.45443122617932 41084 
1891 1907 20178 13.478468574984648 41257 
1892 1909 19926 10.027009720894036 41346 
1893 1910 19564 17.82340384877284 41217 
1894 1911 18792 43.74901390756931 40531 
1895 1912 20083 15.05957681416982 40600 
1896 1913 19088 49.23074386392406 40881 
1897 1914 18951 17.330109156753682 41629 
1898 1914 18895 44.04893436862348 42039 
1899 1915 19403 36.72667907894063 41462 
1900 1916 20472 10.787094295655116 41879 
1901 1916 20195 12.145090397783015 41496 
1902 1916 19784 11.953128670601396 41373 
1903 1919 19079 17.41702664177595 41169 
1904 1922 20398 18.332603979709777 41457 
1905 1922 18861 46.89593834493615 41766 
1906 1924 20010 32.390322991080396 41802 
1907 1925 19145 42.52468162360921 42197 
1908 1926 19348 46.78780100548708 41309 
1909 1926 18867 43.7012090254066 41920 
1910 1927 20280 32.39974400201721 41136 
1911 1927 20426 17.63354646243354 41334 
1912 1928 19166 37.45634257667675 41703 
1913 1928 20634 36.26508018101415 42411 
1914 1929 19127 43.043743056154476 42430 
1915 1929 19817 35.45088367889596 42436 
1916 1930 19822 36.042106593790585 42337 
1917 1930 20058 15.372156006256219 42458 
1918 1930 20062 28.015386633808347 41874 
1919 1931 19901 41.76345120865886 41550 
1920 1931 20001 16.65135626362047 42011 
1921 1931 20371 27.762483254390816 40778 
1922 1935 20741 26.26281991161127 40522 
1923 1935 18842 28.64977896487136 40531 
1924 1936 20080 49.49658881881126 41368 
1925 1937 19752 16.328448998637754 40947 
1926 1937 19757 14.711972586072894 42036 
1927 1938 19791 49.39792611366491 42402 
1928 1938 19845 24.669343179684358 41455 
1929 1939 20044 46.94447264641027 42159 
1930 1940 20227 36.48092214807282 41995 
1931 1942 20232 46.23145957276845 40954 
1932 1943 19658 23.41380055775971 41492 
1933 1945 19711 48.45469588012578 41436 
1934 1945 20477 46.51644698678483 41339 
1935 1946 19209 26.441691361003436 42379 
1936 1947 20736 45.878317245672946 41512 
1937 1952 20117 34.22968638663889 41231 
1938 1952 20205 12.96675575480724 41998 
1939 1953 18922 23.545806515230883 41100 
1940 1954 20704 28.937936377756092 40979 
1941 1954 20346 48.88607401958902 41533 
1942 1954 20001 17.147477359229065 40679 
1943 1954 20509 13.473282146289097 41963 
1944 1954 19641 48.215539116363225 40934 
1945 1955 19531 31.783906386713603 42142 
1946 1955 20004 29.84859894107774 40665 
1947 1956 19088 19.562821855822442 42208 
1948 1957 20463 45.169600177956454 41519 
1949 1957 20090 41.51823983128472 41391 
1950 1957 19027 12.575853563683514 42439 
1951 1957 20659 35.982300000987955 41395 
1952 1958 19271 43.44337229829403 40995 
1953 1959 19740 28.85389670265927 41241 
1954 1960 20056 30.843417928877564 40720 
1955 1960 18969 16.422040523525748 40973 
1956 1960 20698 21.609736084970265 40755 
1957 1962 19030 27.89231101522164 42368 
1958 1963 19756 12.455320239122818 41823 
1959 1964 20003 30.67954413114526 41043 
1960 1966 19570 17.426232293299563 42087 
1961 1966 18928 11.021406148764115 40847 
1962 1970 20321 40.465613134626246 40858 
1963 1973 19780 46.489146071652385 41475 
1964 1973 19332 37.491435698063974 41492 
1965 1973 19141 21.518656932452767 41987 
1966 1975 19961 31.108367686814354 41848 
1967 1975 20533 28.704040691787046 40846 
1968 1975 20287 20.020115254229374 41540 
1969 1976 20520 31.89796184845459 40539 
1970 1978 19915 30.57622777296784 40937 
1971 1978 19476 20.199804164446498 42080 
1972 1978 20438 12.219764557680847 41577 
1973 1979 20430 19.689317607774875 40589 
1974 1979 19818 34.3077113242091 41598 
1975 1980 19249 41.61848240238207 42412 
1976 1980 20498 44.09491284817036 40763 
1977 1980 18790 29.154411519276152 42208 
1978 1981 20620 29.98580519085392 41278 
1979 1983 20603 47.60717423920799 40760 
1980 1984 19696 24.148340086430554 40884 
1981 1985 19318 34.716008141987764 42285 
1982 1985 20378 28.029955731668274 40574 
1983 1987 19876 18.255508930800737 41382 
1984 1987 19980 10.4382147429525 41238 
1985 1987 20584 13.08051599009342 40692 
1986 1987 19725 43.87066951166964 41102 
1987 1988 20469 31.140565480212466 41326 
1988 1990 20181 48.998653131675304 41533 
1989 1991 19188 11.358824833598518 40927 
1990 1993 19222 42.09719790052985 41589 
1991 1993 20730 47.715930192959306 40886 
1992 1994 19540 32.8652242412214 42180 
1993 1996 19493 24.523405762072127 42271 
1994 1996 20200 14.613976913302533 42161 
1995 1996 19624 25.869090635653762 42168 
1996 1997 18905 40.81478140896304 41913 
1997 1998 19395 17.228175489820998 41113 
1998 2000 20676 19.637866589331743 42455 
1999 2000 19863 24.037913131837566 42302 
2000 0 20333 37.12811196843196 41513 
