1 20 121 0.11115559390966526 3430 
2 20 129 0.8397887579992864 3443 
3 20 129 0.6187743777025739 2705 
4 20 114 0.04885917399174211 3148 
5 20 129 0.703166986103372 2774 
6 20 111 0.0588969798966168 2735 
7 20 117 0.34872356022625767 3115 
8 20 131 0.3483101887639283 3471 
9 20 128 0.15950676950961545 2504 
10 20 112 0.13402320969702977 3451 
11 20 123 0.7456728155922971 2702 
12 20 121 0.34825387757803616 2684 
13 20 120 0.6835989039301869 2862 
14 20 122 0.1445902778215892 3236 
15 20 131 0.05846540767337645 3009 
16 20 130 0.8551756539463136 3201 
17 20 129 0.6584457120993973 3070 
18 20 122 0.8224377944128318 3295 
19 41 125 0.803178827957871 2642 
20 41 118 0.29753006655385755 3127 
21 41 127 0.8833814802106477 3264 
22 41 122 0.8380030708059967 3062 
23 41 119 0.374359105671769 2668 
24 41 111 0.6816549091420714 2496 
25 41 130 0.2560346968208621 2515 
26 41 113 0.8987158918208444 2920 
27 41 117 0.619706106782407 2801 
28 41 122 0.08479437985224844 3487 
29 41 121 0.249350192371395 3253 
30 41 111 0.6090043384168367 3029 
31 41 129 0.5550535880058327 2592 
32 41 120 0.343169675898919 2716 
33 41 124 0.3681225188186087 3008 
34 41 119 0.12988015477298642 3150 
35 41 120 0.571394637732721 3093 
36 41 116 0.4211345145543973 2623 
37 41 114 0.08405288186337416 3354 
38 41 128 0.8005198436918037 3398 
39 41 131 0.038118663404280724 2916 
40 41 126 0.5707723404709023 3276 
41 82 131 0.08152312953101175 2736 
42 82 119 0.49552203582839416 3404 
43 82 128 0.5470542412697489 3300 
44 82 131 0.07782467913411524 2996 
45 82 115 0.6263454552349396 3395 
46 82 113 0.018631881920644043 3177 
47 82 119 0.04830490415886844 3095 
48 82 111 0.3835894491320509 2655 
49 82 120 0.8486993247338821 3373 
50 82 120 0.20403479218217369 2728 
51 82 118 0.6336320224384535 2537 
52 82 122 0.6476515686633557 3230 
53 82 111 0.39134842305729006 3470 
54 82 115 0.4814159718037715 2561 
55 82 131 0.3374266198141414 3042 
56 82 117 0.4337870006654628 2508 
57 82 124 0.7860355524611035 2611 
58 82 114 0.3290932793728105 2516 
59 82 125 0.7474714171535758 2976 
60 82 127 0.8726301606854291 3359 
61 82 116 0.07761674852455047 3236 
62 82 125 0.4701638944078922 2912 
63 82 111 0.6818296956055536 2701 
64 82 124 0.5136626071984142 2798 
65 118 125 0.0113505217461191 2839 
66 118 121 0.7893491826343557 3391 
67 118 121 0.8399238179780796 2717 
68 118 120 0.11638342913303079 2921 
69 118 125 0.5789075155299316 2734 
70 118 130 0.5857724694380205 3183 
71 118 128 0.7354173887745814 3357 
72 118 124 0.2117562610902895 2502 
73 118 126 0.2316534813123427 3302 
74 118 119 0.8550743023859252 2558 
75 118 128 0.18952047878064385 3421 
76 118 129 0.7002296234261243 2605 
77 118 120 0.15221016222740466 2734 
78 118 113 0.7216487564697464 2978 
79 118 130 0.4644957846256849 3344 
80 118 115 0.570168339838815 2793 
81 118 129 0.601930761072481 2718 
82 151 112 0.47857838427764726 2992 
83 151 125 0.8262928494920798 2965 
84 151 116 0.7874392222900229 2563 
85 151 122 0.08551153573907978 2956 
86 151 116 0.7276820446898593 3097 
87 151 112 0.5930049206789308 2817 
88 151 120 0.5388952928861926 2941 
89 151 116 0.5076620983767764 3381 
90 151 116 0.3575812459110851 3417 
91 151 118 0.36101381317424175 3014 
92 151 122 0.24615831124219123 3068 
93 151 115 0.5407181995747942 3414 
94 151 120 0.5863717523346665 2493 
95 151 128 0.06388826666909093 2532 
96 151 125 0.8479984876722774 2871 
97 151 120 0.8870798029619286 2960 
98 151 131 0.34817380566086586 2694 
99 151 129 0.6390415759480895 3206 
100 152 121 0.5287426042693648 2998 
101 152 125 0.28105697177566 2735 
102 152 128 0.41040072287667934 3134 
103 152 121 0.6685188627280467 2752 
104 152 121 0.6642813238969881 2750 
105 152 114 0.03546428865101069 2966 
106 152 131 0.5031046160777859 2748 
107 152 119 0.21092763760855904 2539 
108 152 113 0.6500514679485195 2618 
109 152 117 0.19464209367107055 3446 
110 152 122 0.5831682623723489 3260 
111 152 117 0.2346022669232438 2986 
112 152 118 0.17721861435933187 3035 
113 152 111 0.7828794448491923 3228 
114 152 128 0.8359573019872647 3156 
115 152 121 0.4692659313749585 2741 
116 152 128 0.6068589646578322 3148 
117 152 120 0.16234968554587892 3111 
118 170 128 0.3019672775567929 3220 
119 170 130 0.25399106798900456 2889 
120 170 115 0.5541922862866292 3107 
121 170 126 0.8579000895554852 2650 
122 170 127 0.313767976450076 3126 
123 170 131 0.5612952473235274 3292 
124 170 114 0.8669021297367148 2979 
125 170 130 0.06674180721332097 2988 
126 170 120 0.5330945880370586 3364 
127 170 126 0.27227301682485705 3066 
128 170 131 0.06694594023383689 2831 
129 170 126 0.3704595461850975 2659 
130 170 124 0.7205849499492943 2886 
131 170 127 0.444426769512932 3214 
132 170 114 0.8973677271820447 2517 
133 170 116 0.5047907567491833 3431 
134 170 115 0.4752050882216044 2751 
135 172 127 0.02895483299271079 3440 
136 172 116 0.07669576531246043 2788 
137 172 121 0.6629977247624548 2771 
138 172 117 0.865200763945627 2730 
139 172 130 0.15255617815383127 3292 
140 172 120 0.6001619539356614 3457 
141 172 123 0.5324659155654928 3179 
142 172 114 0.08625362843713154 2827 
143 172 114 0.5207403770410833 2712 
144 172 125 0.09678860002334144 3043 
145 172 122 0.4048448765633875 3403 
146 172 117 0.1848550565979118 2632 
147 172 119 0.2521289304624577 2610 
148 172 128 0.22825802993676494 2857 
149 172 121 0.4609126162650733 3203 
150 172 125 0.8342567053776437 2898 
151 191 121 0.6237803894023006 3299 
152 191 128 0.22194625311481717 3389 
153 191 115 0.34845156528554455 3179 
154 191 114 0.22672489573515114 3133 
155 191 123 0.46165723171349 2720 
156 191 115 0.2823589350398372 2511 
157 191 112 0.394250837670487 3158 
158 191 130 0.2728658069575912 3241 
159 191 116 0.1551708522468119 2933 
160 191 117 0.6491352136383519 3007 
161 191 116 0.2432967689099652 3316 
162 191 123 0.47520325452714957 3010 
163 191 131 0.6413357929955207 3094 
164 191 127 0.7367391076093518 2923 
165 191 112 0.2696887093869327 3243 
166 191 128 0.7821491453040839 3361 
167 191 113 0.7875573833604458 2734 
168 191 117 0.7224728531119393 3066 
169 191 131 0.8740514308974344 2907 
170 234 128 0.28540570447450275 3302 
171 234 124 0.15589913007510162 2829 
172 234 125 0.1245746469904665 3323 
173 234 118 0.4517543661897165 2977 
174 234 129 0.22469827767755757 2987 
175 234 127 0.8850330966912794 3038 
176 234 114 0.6260992593763492 2959 
177 234 114 0.8413044099602102 2935 
178 234 131 0.45632415049180514 3335 
179 234 120 0.3272076625807779 3005 
180 234 114 0.5530771253448448 3397 
181 234 119 0.34558617828645216 2878 
182 234 111 0.5099826912450728 2903 
183 234 111 0.274803942172724 2539 
184 234 118 0.4512181255209366 2714 
185 234 128 0.14831319981536115 3306 
186 234 123 0.2639899822316264 2952 
187 234 112 0.6992434970298903 3199 
188 234 128 0.4115514136860149 2592 
189 234 131 0.45702021124242115 3302 
190 234 112 0.17899117060852038 2586 
191 255 115 0.01201948912553922 3180 
192 255 127 0.47113700477935394 3107 
193 255 119 0.7027058423099916 3007 
194 255 121 0.11199422599114649 3300 
195 255 115 0.5855453296821919 2774 
196 255 125 0.6459693638248275 3172 
197 255 122 0.5265045949732483 2581 
198 255 115 0.8338529817566845 2578 
199 255 117 0.7235963635680772 3441 
200 255 111 0.7490607173466888 2684 
201 255 125 0.6025467979101528 2622 
202 255 115 0.03292019877338325 3368 
203 255 117 0.8236480692069942 2741 
204 255 115 0.26507406887273444 3157 
205 255 115 0.6922911940490959 3064 
206 255 114 0.5573653647320984 2797 
207 255 130 0.8307182419055331 3268 
208 255 122 0.6912498739432873 3085 
209 255 130 0.4051370705008263 2751 
210 255 130 0.3695052544511647 2570 
211 255 121 0.049231172213084914 2846 
212 301 128 0.6193227449508202 2905 
213 301 113 0.5442777211524461 3388 
214 301 119 0.08719141766546913 3365 
215 301 122 0.787445031823727 3313 
216 301 130 0.3799478542822535 3301 
217 301 123 0.5696849534812486 2567 
218 301 123 0.18776834887247928 3380 
219 301 131 0.08656057945665863 3058 
220 301 117 0.03742167735153582 3167 
221 301 117 0.2778803798483969 2729 
222 301 121 0.8616468589898388 2560 
223 301 124 0.7181265554943389 2778 
224 301 115 0.59599504615569 2709 
225 301 127 0.7260126127386473 2736 
226 301 114 0.3904809232852941 3148 
227 301 117 0.01097366413049105 2602 
228 301 128 0.8117583754608587 3000 
229 301 127 0.5312836067369878 2650 
230 301 120 0.45554685267922024 3219 
231 301 131 0.7631780860041039 2656 
232 301 121 0.3535750142790553 3134 
233 301 124 0.21874189841624656 2652 
234 323 115 0.6489044962043585 2531 
235 323 119 0.6521409574370449 2653 
236 323 123 0.5156572626528206 3430 
237 323 115 0.15236029226736664 3468 
238 323 121 0.7039853613467019 2984 
239 323 124 0.7073396461204589 2783 
240 323 123 0.5168489208881135 2878 
241 323 131 0.6083237991916821 3289 
242 323 114 0.6850518127393052 2928 
243 323 124 0.6131826425206355 3115 
244 323 115 0.48255671460351324 2531 
245 323 122 0.05049288989874823 3098 
246 323 126 0.6008220103114673 3165 
247 323 129 0.38647883502721925 3073 
248 323 123 0.7026193698940519 2980 
249 323 119 0.8697088957515979 3085 
250 323 118 0.15022923349050393 3355 
251 323 118 0.709479434281007 2776 
252 323 121 0.5407433312039593 3077 
253 323 113 0.02588706412529597 3444 
254 323 126 0.27835021030099144 2705 
255 341 116 0.47811989035217245 2920 
256 341 120 0.2978442825989039 3301 
257 341 122 0.17232277227880355 2580 
258 341 128 0.5477454499349137 3290 
259 341 114 0.314883493383756 3482 
260 341 122 0.059465797850086606 2934 
261 341 127 0.2777994846639446 2609 
262 341 121 0.6184640120585637 3455 
263 341 119 0.895659694216677 2830 
264 341 129 0.1315256631827997 2771 
265 341 115 0.15589539895799484 3409 
266 341 127 0.28254479682240224 3177 
267 341 126 0.2370538992256259 2896 
268 341 131 0.5315466422326703 3037 
269 341 129 0.13058272268605997 3020 
270 341 123 0.4698651713112166 3191 
271 341 121 0.8831917670927215 3180 
272 341 123 0.5536831151761116 3066 
273 341 116 0.16886555210479015 3298 
274 341 131 0.7938403421268078 3225 
275 341 128 0.027803329370316196 2674 
276 341 124 0.08212550093417856 3294 
277 341 111 0.409903344606825 2873 
278 359 128 0.11647388484963922 3081 
279 359 111 0.28090796235063553 2952 
280 359 119 0.24012518428728827 3330 
281 359 118 0.47196469789781764 2718 
282 359 125 0.17746951285486082 2660 
283 359 123 0.3968855016715983 2578 
284 359 118 0.8844734053200749 2882 
285 359 125 0.01678642272244669 2828 
286 359 112 0.2539101424045764 3465 
287 359 114 0.4027122077901676 3240 
288 359 123 0.024151547956668913 2622 
289 359 119 0.5749243158412535 3133 
290 359 111 0.898742780349412 3103 
291 359 129 0.46006421265923664 2623 
292 359 118 0.424309892731045 2645 
293 359 123 0.8457100763623613 3377 
294 359 131 0.5059214664115602 2571 
295 359 123 0.03662775972920631 2843 
296 359 119 0.13950385288799416 3285 
297 359 116 0.6392309648390322 2775 
298 359 116 0.4340450740490624 3199 
299 359 111 0.24222639190016834 3469 
300 359 112 0.425674869127909 2808 
301 379 127 0.6788597968497889 2793 
302 379 123 0.4836098621351844 2501 
303 379 118 0.8938624541471948 3024 
304 379 120 0.5293695766775764 2597 
305 379 117 0.11085071393124808 3163 
306 379 120 0.12080921719767451 3355 
307 379 130 0.05575143317850718 3300 
308 379 130 0.4732107222302469 3422 
309 379 125 0.32401903763714945 2788 
310 379 116 0.8841679957760716 2818 
311 379 127 0.2060066212074265 3086 
312 379 115 0.6465397203468585 3249 
313 379 127 0.5062959865061881 2881 
314 379 125 0.3782185344699714 2738 
315 379 117 0.04216035026190856 2736 
316 379 117 0.8090264699501852 3033 
317 379 114 0.2378501075438458 3080 
318 379 114 0.450391330583607 2944 
319 379 118 0.8516269395355348 3074 
320 379 124 0.1425326770500838 2567 
321 379 127 0.7978413404104852 3412 
322 400 126 0.5803745997686992 2843 
323 400 118 0.7532141658306905 2506 
324 400 127 0.33028007895901956 2573 
325 400 118 0.6663603491286919 3100 
326 400 120 0.4091336389416024 3037 
327 400 111 0.0914082845864751 2839 
328 400 124 0.4615278145582593 3124 
329 400 127 0.8632303966647212 3420 
330 400 131 0.46595563278529273 2636 
331 400 116 0.045120278126759 2686 
332 400 111 0.26923788241470215 2906 
333 400 118 0.7627981162503608 3335 
334 400 111 0.6818290525780963 3237 
335 400 113 0.25027873394485545 3364 
336 400 129 0.32058374478088647 2598 
337 400 127 0.48367469522994955 2650 
338 400 112 0.5545883998126077 2493 
339 400 116 0.016209261498695456 2872 
340 400 128 0.0741420772301361 3472 
341 401 123 0.4613120139359591 2761 
342 401 113 0.43890363229359464 3278 
343 401 120 0.895443736670637 2607 
344 401 131 0.05332937317319759 2586 
345 401 119 0.06056759724901628 2845 
346 401 128 0.3244770389185874 2644 
347 401 122 0.79397495723693 2959 
348 401 120 0.4816095308919808 2689 
349 401 124 0.40189570146190073 2827 
350 401 111 0.8170663101385299 3468 
351 401 128 0.5166883102157537 2807 
352 401 112 0.08243256022690737 3125 
353 401 122 0.6968303148163623 2642 
354 401 114 0.6064699368288025 3091 
355 401 116 0.4852181779455243 3210 
356 401 122 0.6452625971939335 2956 
357 422 111 0.1971244712806949 3252 
358 422 118 0.5048273558390318 2715 
359 422 122 0.7962442392543366 2952 
360 422 119 0.30716681157478637 3018 
361 422 117 0.691740100223085 2664 
362 422 128 0.7475218644487683 2502 
363 422 113 0.4600695526913322 2602 
364 422 124 0.4136748391366809 2606 
365 422 119 0.07143829113355657 3428 
366 422 114 0.5342419128911983 2596 
367 422 123 0.5314939510780625 2592 
368 422 126 0.4978906429902605 3081 
369 422 121 0.10378749242548979 2948 
370 422 115 0.560438464834363 3380 
371 422 122 0.02917240436129734 2870 
372 422 117 0.6189314237867388 2684 
373 422 123 0.517699946321807 3321 
374 422 116 0.30999988259227074 2765 
375 422 131 0.7040488420593649 2521 
376 422 123 0.2830013949584793 3359 
377 422 126 0.644411080676003 2771 
378 422 116 0.3358341296950805 3336 
379 445 115 0.423265840575053 2894 
380 445 127 0.1900912654750786 2560 
381 445 128 0.34824045340714815 2609 
382 445 120 0.6097614660434053 3135 
383 445 112 0.8007290740164624 2640 
384 445 118 0.5417268121269837 2925 
385 445 128 0.8424613552855511 2706 
386 445 127 0.4273800758185799 2641 
387 445 112 0.5900277712772121 2664 
388 445 115 0.7073207721994806 3210 
389 445 119 0.03962223042806386 3457 
390 445 124 0.5911290660185075 2540 
391 445 123 0.21704750733076333 3370 
392 445 128 0.046943967951633726 3405 
393 445 112 0.4360299937823186 2892 
394 445 124 0.12371442781741682 3251 
395 445 124 0.5206790869059069 3055 
396 445 115 0.07535166357845044 2996 
397 445 128 0.6782091685207877 2820 
398 445 128 0.7868402295120526 2490 
399 445 114 0.36845129509179875 3486 
400 493 130 0.12609526385739098 3323 
401 493 121 0.09014810632215084 3087 
402 493 123 0.09092674325089319 2852 
403 493 117 0.5148908416005045 2902 
404 493 123 0.15174870194789228 2924 
405 493 123 0.26389367028202027 3486 
406 493 114 0.5269401134381076 2509 
407 493 113 0.7831754669209855 2790 
408 493 112 0.8631038953324759 3326 
409 493 123 0.8736568841197431 2805 
410 493 125 0.6949625263819927 2846 
411 493 114 0.07098512115077382 2560 
412 493 125 0.5291727421883563 3201 
413 493 131 0.23595446831961153 2613 
414 493 114 0.18308676027933055 3116 
415 493 119 0.8255440141957145 3092 
416 493 126 0.5579270944448053 2734 
417 493 124 0.1900926989479939 3283 
418 493 129 0.31865005179606254 3229 
419 493 114 0.8896518859767872 2759 
420 493 115 0.45930140629603333 2977 
421 512 131 0.1282277861405808 2875 
422 512 125 0.18022703960072317 2571 
423 512 124 0.1401358596593653 2786 
424 512 124 0.11631476402018898 3229 
425 512 116 0.5685409422688661 2814 
426 512 111 0.14747767397339467 2791 
427 512 116 0.6870228285408673 2778 
428 512 121 0.7722220045570051 3341 
429 512 131 0.3358882761796515 3256 
430 512 131 0.7766900719028994 3014 
431 512 129 0.646775789142087 2616 
432 512 129 0.4242838483853572 2691 
433 512 126 0.3509366432612311 3251 
434 512 120 0.4706790059573255 3403 
435 512 116 0.06522047762505664 3280 
436 512 118 0.8005872519673317 3269 
437 512 120 0.2008668330976365 3328 
438 512 116 0.6096336615862168 3354 
439 512 121 0.5514568354482656 2921 
440 512 117 0.014794373249710228 2678 
441 512 125 0.17285723873689 2969 
442 512 122 0.5918546611643947 2764 
443 512 129 0.24825977532797597 2681 
444 512 124 0.7687504580855251 3308 
445 529 127 0.7936780901973223 3402 
446 529 129 0.48426005912664594 2719 
447 529 124 0.48998297785304235 3162 
448 529 114 0.027426618890495927 3008 
449 529 126 0.8715041373745104 3208 
450 529 121 0.11824151726826485 2634 
451 529 128 0.5809863350756285 2531 
452 529 125 0.17127671305882528 3087 
453 529 120 0.1308140424940287 2814 
454 529 120 0.5289310281201146 2601 
455 529 115 0.36814856798357354 2819 
456 529 128 0.15611870510312698 3276 
457 529 124 0.06040066343486055 2884 
458 529 125 0.7576385045963503 2934 
459 529 112 0.4827614967306591 2945 
460 529 124 0.569531448500241 2781 
461 529 116 0.8971407767518864 3107 
462 529 130 0.2996490610963305 2781 
463 529 114 0.5643599217956998 2949 
464 529 123 0.2638626226121333 3265 
465 529 128 0.40290748145653366 3441 
466 529 129 0.527529489639389 3035 
467 529 124 0.6003166154236134 2882 
468 529 131 0.480064373440448 3486 
469 530 118 0.12426597717899135 3273 
470 530 122 0.22534501222449232 2951 
471 530 114 0.5840117244394488 3086 
472 530 114 0.857855625728253 3418 
473 530 112 0.7896291696580778 2662 
474 530 120 0.340498271432546 2598 
475 530 127 0.24729402859200608 3110 
476 530 127 0.21664271455467354 3303 
477 530 118 0.012445825779709475 3388 
478 530 111 0.8816155210975836 2799 
479 530 114 0.6650065192337103 2654 
480 530 116 0.14293350030274526 2677 
481 530 116 0.7751340351958571 2982 
482 530 129 0.27274326200892207 3261 
483 530 131 0.23038417948443646 2623 
484 530 130 0.7382055689791902 2966 
485 530 125 0.3360625262772132 2906 
486 530 129 0.7628610271832761 3244 
487 530 121 0.1760588812399534 3357 
488 530 116 0.898077001519199 3321 
489 530 131 0.2798098306770312 3074 
490 530 131 0.712625745327728 3010 
491 530 113 0.6717682407706966 3158 
492 530 126 0.24665376322131807 3192 
493 552 123 0.771169718557997 3343 
494 552 111 0.42796167696440035 3151 
495 552 130 0.2119322158932122 2642 
496 552 128 0.5601122013136011 2539 
497 552 113 0.8207942691392573 3299 
498 552 129 0.8764888638477248 2549 
499 552 117 0.3790228481700424 2631 
500 552 125 0.7609145103408426 3023 
501 552 113 0.7737822122469741 3446 
502 552 126 0.21954855860962993 3119 
503 552 124 0.13422327321020294 3239 
504 552 115 0.38441427904681263 2514 
505 552 127 0.5827666488523734 2971 
506 552 116 0.7623268810627049 2595 
507 552 112 0.03292010858202919 3111 
508 552 115 0.2781543422518931 2975 
509 552 125 0.7382010530333764 3061 
510 552 117 0.45306324947503707 2866 
511 552 130 0.7183835715174653 3222 
512 572 111 0.4336501551078502 2538 
513 572 111 0.5401093529528731 2931 
514 572 130 0.30308499331738614 2810 
515 572 127 0.6488564003753513 3303 
516 572 116 0.7965374329690736 3353 
517 572 121 0.41201651849606735 3343 
518 572 126 0.6167196333130633 2555 
519 572 123 0.2057183097481 2918 
520 572 126 0.25468064074290325 2806 
521 572 129 0.7418194176130624 3256 
522 572 128 0.5127690970318206 2759 
523 572 122 0.4381160005871922 3134 
524 572 128 0.21923030922240683 2813 
525 572 125 0.19431845216321952 3478 
526 572 128 0.5064323262285448 3420 
527 572 124 0.02791654377117958 3130 
528 572 120 0.7951273699962484 2731 
529 630 115 0.6781300211507405 3005 
530 630 120 0.20327353540978998 3398 
531 630 126 0.1305265890809245 2864 
532 630 120 0.27922500211547235 2815 
533 630 130 0.46513609575208525 3210 
534 630 113 0.2198655804317306 2716 
535 630 121 0.5166182235106204 2825 
536 630 126 0.579997789654767 3277 
537 630 119 0.46511911691444646 2714 
538 630 128 0.6289192264153352 3036 
539 630 118 0.1955700389425955 3259 
540 630 124 0.8788182438710348 3218 
541 630 126 0.05483232870842788 2700 
542 630 111 0.6647326727395095 2494 
543 630 112 0.7843670488866524 2812 
544 630 128 0.4180306202593165 3443 
545 630 124 0.4225448107779143 2678 
546 630 128 0.0801326974438737 3161 
547 630 122 0.33132700557056355 2879 
548 630 113 0.4881298239879275 3438 
549 630 120 0.5960342043656309 2991 
550 630 120 0.6276775886919583 3230 
551 630 115 0.1569413399976879 3080 
552 689 131 0.3149767853086604 2995 
553 689 122 0.2702267196231805 3048 
554 689 111 0.11217367632231813 3331 
555 689 120 0.5852786919114467 2581 
556 689 120 0.38716046680783534 3247 
557 689 121 0.3580423681410777 3102 
558 689 122 0.5138487234428876 2890 
559 689 119 0.4713353087933063 2712 
560 689 116 0.5441104574207752 2597 
561 689 117 0.12726460299240575 3340 
562 689 125 0.17021962962448445 3247 
563 689 114 0.08953812353213864 2566 
564 689 119 0.5675830694936894 2860 
565 689 126 0.09456634411563714 3091 
566 689 115 0.8772610213185191 2899 
567 689 126 0.4233730457600038 2832 
568 689 121 0.21376516552972485 2696 
569 689 127 0.6131183637554888 3442 
570 689 128 0.20655846898889724 2721 
571 689 119 0.5672100753829353 2878 
572 690 131 0.05084559946409016 2526 
573 690 120 0.14034825367089107 3146 
574 690 129 0.6487133773078683 2620 
575 690 126 0.3914506828832974 2912 
576 690 111 0.5688240323947403 3306 
577 690 114 0.8636738329360556 2607 
578 690 131 0.6759454542238529 3121 
579 690 119 0.4004328697463809 3324 
580 690 131 0.24404754061696404 3485 
581 690 130 0.7561225461998712 2696 
582 690 114 0.6329062177275312 3027 
583 690 131 0.8395794652796107 3012 
584 690 122 0.4129536274474251 3211 
585 690 117 0.41066508533890317 3301 
586 690 111 0.5419262425841835 2763 
587 690 130 0.6839476406359724 3052 
588 690 128 0.7973906986737685 2698 
589 690 131 0.5737022402357169 2909 
590 690 125 0.3744703079154688 2945 
591 690 128 0.5630845657699699 3070 
592 690 118 0.5784820114630467 3449 
593 756 118 0.6080113026352155 2802 
594 756 123 0.37136262651119273 2835 
595 756 131 0.34694467339540425 2862 
596 756 127 0.36484995613273574 2568 
597 756 112 0.8130402002157596 3240 
598 756 125 0.188866196218906 2796 
599 756 126 0.8519200154331226 2796 
600 756 130 0.4226732790039276 3394 
601 756 117 0.29578201726227465 2695 
602 756 114 0.6810944222477148 2904 
603 756 128 0.40016926036269174 3387 
604 756 124 0.29583223661691216 2725 
605 756 126 0.7415642860699183 2670 
606 756 130 0.08527611728476799 3276 
607 756 112 0.14475018005271323 2984 
608 756 111 0.525745697888984 3420 
609 756 130 0.3630838475296277 3024 
610 756 125 0.5597011061200369 3090 
611 756 128 0.803376530900778 2569 
612 771 120 0.35650960393991665 2835 
613 771 129 0.593767157572165 2574 
614 771 122 0.8723489571368453 2770 
615 771 118 0.8523909810805401 3335 
616 771 122 0.7841736855755013 2956 
617 771 111 0.7632339917435644 3215 
618 771 115 0.2378862034283972 3218 
619 771 122 0.02247712411498882 3267 
620 771 113 0.8896209321384914 2488 
621 771 123 0.3125152908948333 3439 
622 771 130 0.5968503851379692 3107 
623 771 124 0.1683968839695657 3397 
624 771 127 0.025657313272339638 2623 
625 771 127 0.493145496171036 2872 
626 771 121 0.5668932405267502 3110 
627 771 119 0.3111886518048372 3306 
628 771 114 0.8479335615389336 3247 
629 771 111 0.23401390775409775 3238 
630 810 111 0.6686871866752333 3213 
631 810 122 0.08777619601607131 2562 
632 810 117 0.7846520975977844 2663 
633 810 118 0.20317132086233416 2923 
634 810 130 0.26867865849877215 3350 
635 810 123 0.6543092697134122 2500 
636 810 121 0.3197289263650286 3131 
637 810 122 0.4122174799957965 2807 
638 810 111 0.05327949795878619 2980 
639 810 129 0.22933520192875592 3008 
640 810 114 0.40613104005606937 3195 
641 810 129 0.8302302060165372 3311 
642 810 118 0.6925290438337163 3334 
643 810 111 0.5480463914905346 3260 
644 810 111 0.5495956669616014 2612 
645 810 120 0.39189675070767965 2524 
646 810 113 0.8233550088304175 3472 
647 811 115 0.6084244305527586 2844 
648 811 119 0.2519422174516317 2983 
649 811 124 0.581675322634179 3373 
650 811 111 0.20758562718901308 2747 
651 811 125 0.15382768209615943 2685 
652 811 131 0.143018530468831 3198 
653 811 127 0.4147894745042166 3235 
654 811 117 0.030518390945707276 2920 
655 811 111 0.704837917112379 2745 
656 811 121 0.5006137631061969 2622 
657 811 115 0.28949395318509985 3068 
658 811 124 0.6161543805106463 2808 
659 811 125 0.2955144087452875 3237 
660 811 131 0.0414414333497665 3474 
661 811 123 0.09420506652464604 3448 
662 811 127 0.4992247729411717 2659 
663 811 130 0.8895017272371517 2915 
664 811 112 0.42747719115941807 3385 
665 811 115 0.7360904792872113 2850 
666 812 114 0.5688687075332797 3191 
667 812 122 0.3512770414010923 2961 
668 812 126 0.5280809452750818 2743 
669 812 116 0.5437277394475144 3316 
670 812 115 0.7676539787456976 3025 
671 812 118 0.572799568524258 2856 
672 812 118 0.17223679097445263 2669 
673 812 116 0.48618522281006643 3211 
674 812 117 0.8789505280880403 3208 
675 812 117 0.07423031458186798 3120 
676 812 112 0.207160092256586 2847 
677 812 123 0.6176305069969057 3207 
678 812 118 0.3762563752586751 2933 
679 812 113 0.11657155767599414 2822 
680 812 119 0.33644806716443476 2876 
681 812 116 0.6302003040502707 2775 
682 812 125 0.38512414386047533 3258 
683 812 122 0.3080078513892897 2962 
684 812 115 0.8115913478738563 3365 
685 812 122 0.155699435143332 3006 
686 812 111 0.5909229216341475 2904 
687 812 111 0.6647341746246951 3431 
688 812 119 0.56810188821749 2555 
689 825 131 0.15036149955964112 3410 
690 825 118 0.8714211516913802 2636 
691 825 125 0.2907768771987569 3471 
692 825 120 0.5695762727491356 2590 
693 825 119 0.8872073924257726 2889 
694 825 119 0.7761341032156713 3485 
695 825 113 0.6203784818872109 3400 
696 825 119 0.7898272586303315 2959 
697 825 112 0.5154180988340711 3319 
698 825 124 0.689308954153685 3453 
699 825 111 0.3101695650431451 3436 
700 825 121 0.6287859419820206 3179 
701 825 127 0.14685501570712806 2723 
702 825 114 0.014257559974913885 3052 
703 825 123 0.36784800599728124 2518 
704 825 115 0.10530802454678914 3203 
705 825 126 0.175854570115407 3071 
706 825 111 0.01124605120052095 2819 
707 825 124 0.29126552600480154 2718 
708 825 127 0.07089908268159535 2635 
709 825 127 0.5883963689041442 3462 
710 881 122 0.7747455832425653 3391 
711 881 115 0.7590958117448477 2804 
712 881 112 0.8125477450891889 3225 
713 881 127 0.3839463228807926 3380 
714 881 131 0.4254015023759117 2984 
715 881 123 0.5497781184708792 2649 
716 881 118 0.8061862186153778 3025 
717 881 131 0.7345442501363131 2803 
718 881 128 0.149545327259512 3385 
719 881 129 0.6865047433876457 2600 
720 881 118 0.5970835842809076 2787 
721 881 124 0.25983827872452103 2605 
722 881 117 0.6254668269837036 3406 
723 881 127 0.8520424878144226 3177 
724 881 123 0.08266513275052804 3433 
725 881 117 0.23541182795093538 2699 
726 881 115 0.27116549947023577 3107 
727 881 124 0.274272024384181 3382 
728 881 121 0.7533921929474414 2980 
729 881 112 0.6269385965474266 3202 
730 881 112 0.3555516408536032 2646 
731 884 122 0.6504487918824299 3234 
732 884 115 0.5753205221800318 3235 
733 884 114 0.5127507560484289 2827 
734 884 121 0.19385463732478453 3295 
735 884 113 0.282776791082571 2770 
736 884 118 0.025331047498807685 3378 
737 884 128 0.6367157649627347 3104 
738 884 118 0.16544169055483196 2933 
739 884 112 0.21062351152181474 2965 
740 884 114 0.1046561459086575 2832 
741 884 127 0.1353647448201606 2541 
742 884 129 0.31068398904132266 2545 
743 884 123 0.015738317769489626 3414 
744 884 112 0.03190858215572504 2890 
745 884 113 0.6016532016113352 3014 
746 884 122 0.6106181391193901 3108 
747 884 119 0.13855882904383124 3128 
748 884 121 0.8669946099693305 3369 
749 884 131 0.694146111448074 3029 
750 884 120 0.5783379954666684 3092 
751 884 123 0.4175775467435514 2547 
752 884 112 0.8409166713593188 2743 
753 884 115 0.843425658304585 3183 
754 885 112 0.892715703200977 3259 
755 885 128 0.02437878134141935 2619 
756 885 119 0.5096716974301652 2578 
757 885 128 0.2043957384287399 3072 
758 885 117 0.11666835910561954 2911 
759 885 111 0.6757020687241189 2632 
760 885 123 0.5865964456057436 3249 
761 885 121 0.22807965211735837 2494 
762 885 113 0.6077299645868842 3008 
763 885 116 0.8730882415791862 3074 
764 885 127 0.26719015700980825 2707 
765 885 118 0.3704790824270594 2958 
766 885 123 0.5729888786946131 2695 
767 885 120 0.5335720076523015 3121 
768 885 118 0.04753393696869121 3000 
769 885 130 0.1501864717315056 2842 
770 885 119 0.7353516955847945 2618 
771 899 125 0.32909947072449375 2677 
772 899 114 0.15015774510880717 3478 
773 899 117 0.3954964626431217 3357 
774 899 111 0.057916081597825644 3378 
775 899 131 0.20378282508594117 2574 
776 899 122 0.381179512908031 2770 
777 899 119 0.2603519803616091 3217 
778 899 111 0.41842529349123947 2691 
779 899 116 0.3065810518853615 3400 
780 899 131 0.6419864865944521 2661 
781 899 115 0.3506029894127755 2850 
782 899 131 0.1484863346699641 3357 
783 899 122 0.2774600927222765 2698 
784 899 126 0.5061824256215524 2590 
785 899 115 0.8320299491321331 3130 
786 899 120 0.23590187950733002 3214 
787 899 128 0.8661588141461046 2757 
788 899 122 0.6720632817589756 2504 
789 899 131 0.8649915408323365 2697 
790 899 115 0.8777071665195302 2874 
791 899 117 0.7026559813714784 3030 
792 899 123 0.7943068181826556 2682 
793 927 131 0.4509163364472151 2759 
794 927 124 0.22820156898497057 3114 
795 927 130 0.011544590307681717 3363 
796 927 114 0.02876058454484759 2999 
797 927 130 0.39591527434533696 3120 
798 927 131 0.5439820676629952 3396 
799 927 122 0.7232797116105477 2713 
800 927 117 0.7963815621886279 3038 
801 927 131 0.07632508909094408 3057 
802 927 125 0.49918099324824267 2881 
803 927 111 0.1719950475434826 3196 
804 927 112 0.6310539489364331 2942 
805 927 111 0.8451403145646121 3269 
806 927 126 0.758596994325909 2676 
807 927 123 0.2883334569550144 2717 
808 927 120 0.5451173724489056 3123 
809 992 113 0.8582683548156004 3046 
810 992 123 0.1952906182990652 2980 
811 992 127 0.09058708600199512 2879 
812 992 131 0.14836068347402184 2872 
813 992 122 0.38580389165492796 2916 
814 992 118 0.7533111980841375 3194 
815 992 112 0.1362437598342093 2962 
816 992 114 0.7047648741968287 3333 
817 992 120 0.12413766117264108 2557 
818 992 124 0.7794431113120851 2659 
819 992 123 0.6671556345817892 2877 
820 992 121 0.022810003461417778 3341 
821 992 130 0.6155637879940472 3072 
822 992 118 0.5466784197721848 2733 
823 992 114 0.7368154340209406 2561 
824 992 111 0.511216473985784 2592 
825 993 114 0.8823956778998024 3143 
826 993 119 0.7423329092856665 2689 
827 993 122 0.4146052826920662 3480 
828 993 114 0.3499798539404968 2507 
829 993 123 0.5936496012203331 3034 
830 993 125 0.32479604652610505 3268 
831 993 127 0.7059659174670155 2841 
832 993 113 0.2570764446713447 3249 
833 993 120 0.7186794053681363 2855 
834 993 125 0.2630615252398713 2673 
835 993 115 0.5006017481185033 2500 
836 993 131 0.05780438750587106 3140 
837 993 116 0.5884738870680419 2962 
838 993 120 0.5728178174923525 2986 
839 993 114 0.17801116642595202 2511 
840 993 122 0.5664015262157035 2986 
841 993 127 0.5618131163063984 3060 
842 1014 112 0.12974586162718404 3095 
843 1014 120 0.4046479232814804 2574 
844 1014 117 0.6509810072031128 3100 
845 1014 125 0.01568156923656533 3052 
846 1014 119 0.31963780156091554 2720 
847 1014 111 0.8149211849339214 3370 
848 1014 127 0.43929938701000665 2681 
849 1014 115 0.06049869562820961 3092 
850 1014 113 0.02455073566143505 2521 
851 1014 119 0.23878324798317546 2795 
852 1014 117 0.16068068564681995 2723 
853 1014 116 0.7948988695203152 2834 
854 1014 113 0.6949673064127361 3154 
855 1014 120 0.41492618487427985 3133 
856 1014 125 0.6831594584903062 3377 
857 1014 129 0.02034189556743212 2663 
858 1014 130 0.525527885184007 3405 
859 1014 131 0.3921713812985286 2796 
860 1014 113 0.23110974059109965 3433 
861 1014 127 0.42775203037222154 2653 
862 1014 111 0.3491506104857307 2576 
863 1016 112 0.1610457570265 3079 
864 1016 129 0.699613248548858 3411 
865 1016 128 0.7456455051942441 3116 
866 1016 128 0.2793021276578631 3205 
867 1016 116 0.5082811486768306 3408 
868 1016 131 0.29112823277835387 2839 
869 1016 116 0.04113831656544948 2834 
870 1016 117 0.8329980892978769 3099 
871 1016 127 0.7146351421198193 3369 
872 1016 123 0.3416843235524754 2814 
873 1016 117 0.8414215902524848 2824 
874 1016 119 0.14547558683840908 3283 
875 1016 127 0.7187375795582206 3166 
876 1016 126 0.4487945497291922 3422 
877 1016 122 0.5146388097424272 3063 
878 1016 112 0.03615396265444645 2693 
879 1016 117 0.38530356685061645 2536 
880 1016 111 0.8926600741184839 3255 
881 1034 118 0.7177436859939728 2821 
882 1034 122 0.6036176329606517 3132 
883 1034 121 0.8876233473901621 2931 
884 1034 119 0.49731910507764 3042 
885 1034 115 0.016457371979652833 2689 
886 1034 112 0.05000268662607889 3203 
887 1034 121 0.45061391914018356 2507 
888 1034 120 0.1595412626923987 2877 
889 1034 119 0.5310343941733722 2930 
890 1034 111 0.45668677741835095 2960 
891 1034 112 0.6416198548356755 3074 
892 1034 124 0.2614084643181695 3162 
893 1034 128 0.15312495998265252 3344 
894 1034 117 0.30793947149995904 2859 
895 1034 112 0.4445356177503522 3054 
896 1034 124 0.5713746841344343 3430 
897 1034 113 0.11692084483701823 3404 
898 1034 118 0.15384606141044158 2736 
899 1071 131 0.4853138694571429 3257 
900 1071 111 0.808627294825084 3187 
901 1071 122 0.39823650681884726 3464 
902 1071 113 0.39499949354208497 2700 
903 1071 114 0.7797724079494446 3199 
904 1071 121 0.5814956822576383 3235 
905 1071 115 0.2126684040517239 2634 
906 1071 129 0.7654664771502325 3475 
907 1071 112 0.5618452439733211 3481 
908 1071 115 0.8717886008576247 2767 
909 1071 119 0.15527877455919717 2858 
910 1071 118 0.8057451263929069 2948 
911 1071 122 0.8026935149231184 2723 
912 1071 128 0.2619050071474935 3264 
913 1071 125 0.6414348772610362 3403 
914 1071 119 0.10391681720005022 3194 
915 1071 119 0.6407095587370061 2570 
916 1071 128 0.5049898481884376 2582 
917 1071 125 0.38280563110751953 2855 
918 1071 114 0.6964393623045778 2524 
919 1071 123 0.8327398692546646 2490 
920 1072 125 0.7717256015003237 2908 
921 1072 129 0.5204619066924616 3247 
922 1072 130 0.7022002993563712 3181 
923 1072 116 0.6580591705610431 3002 
924 1072 130 0.3169414687392095 2492 
925 1072 127 0.256644773096405 2814 
926 1072 115 0.15861780420027632 3235 
927 1072 130 0.08133172296721787 3142 
928 1072 123 0.5260420412340546 3354 
929 1072 121 0.09665828679407328 3299 
930 1072 118 0.16656689768856692 3196 
931 1072 121 0.7681688496787279 2645 
932 1072 112 0.29443685073939135 3121 
933 1072 116 0.550307898215835 3421 
934 1072 117 0.025436815907003738 3462 
935 1072 129 0.1672694057536205 2659 
936 1072 124 0.6428993995707162 2697 
937 1072 113 0.4031979145678193 3197 
938 1072 121 0.8184028629571972 2662 
939 1093 113 0.4951619714610356 2991 
940 1093 122 0.44421981776264785 2804 
941 1093 119 0.7178286093689386 2505 
942 1093 124 0.6024281625318086 2944 
943 1093 125 0.17324517716684823 3386 
944 1093 125 0.8200860951993225 3411 
945 1093 113 0.024778799320688764 2693 
946 1093 113 0.23754143891061724 2650 
947 1093 131 0.20113876407934858 3482 
948 1093 115 0.5616488793268383 3079 
949 1093 120 0.20085349628774196 2798 
950 1093 119 0.47524889835209205 3397 
951 1093 124 0.2469402562013628 3300 
952 1093 128 0.8237472142590144 3170 
953 1093 113 0.32096897232404403 2850 
954 1093 117 0.8991413901058717 3220 
955 1096 122 0.2685201191555032 3165 
956 1096 126 0.05811419840306391 2511 
957 1096 119 0.8522742463993721 2590 
958 1096 117 0.24200305149617568 2918 
959 1096 130 0.385730986009 2546 
960 1096 129 0.08113595956270346 2790 
961 1096 131 0.6298964550902915 3417 
962 1096 129 0.8740950850101569 2503 
963 1096 125 0.40405646453700783 2900 
964 1096 114 0.28288728640512345 3006 
965 1096 115 0.3179435486300631 3273 
966 1096 119 0.7300808005711488 3400 
967 1096 112 0.6681059881573631 3025 
968 1096 113 0.09973643366645127 3240 
969 1096 114 0.8779227138826768 2721 
970 1096 113 0.5082069869096327 2505 
971 1096 127 0.16758996499957982 2674 
972 1096 131 0.3620794649485214 2606 
973 1096 120 0.3796890827224186 2505 
974 1097 126 0.46291121366284205 2509 
975 1097 112 0.7703626670748667 3342 
976 1097 127 0.8450786716155573 3441 
977 1097 117 0.1580476838774811 2635 
978 1097 126 0.8727168904496656 3323 
979 1097 125 0.8746967104579222 3071 
980 1097 119 0.1542131239547963 3300 
981 1097 131 0.2635454883440862 2938 
982 1097 125 0.06153226092423952 2534 
983 1097 112 0.7408207438583294 2792 
984 1097 121 0.311035051529853 3474 
985 1097 111 0.2599918484714128 3369 
986 1097 116 0.5883512320825975 3147 
987 1097 120 0.29561663187915727 2532 
988 1097 127 0.09490000661624687 2653 
989 1097 118 0.28918455040565205 3036 
990 1097 126 0.6592019394755528 2926 
991 1097 118 0.6314779729225292 2952 
992 1116 129 0.3162480753895545 3010 
993 1116 121 0.29587455324084994 2779 
994 1116 111 0.46042733230728405 3077 
995 1116 119 0.87239050735924 2768 
996 1116 124 0.26434686683120395 2797 
997 1116 125 0.3153797598440225 3112 
998 1116 116 0.7794976516355081 3092 
999 1116 130 0.6604314382874364 3177 
1000 1116 120 0.7831982017021689 2971 
1001 1116 130 0.05284927060118133 3295 
1002 1116 129 0.35837313622760736 3059 
1003 1116 113 0.4298843346490879 2702 
1004 1116 121 0.41088342244155523 2531 
1005 1116 114 0.6713727463709827 2841 
1006 1116 120 0.7319997589154554 3391 
1007 1116 120 0.17749914255914964 2893 
1008 1116 116 0.37902158985568535 2834 
1009 1116 113 0.26004841425816294 2787 
1010 1116 115 0.45864854422795787 3412 
1011 1116 116 0.869021839082716 2728 
1012 1116 114 0.2104909220567991 2631 
1013 1116 117 0.60957735317792 2663 
1014 1117 117 0.6158192841011418 3458 
1015 1117 124 0.8674879450547073 2720 
1016 1117 128 0.12737621496784238 2633 
1017 1117 118 0.29833725263038585 3441 
1018 1117 127 0.4889141308841395 3327 
1019 1117 115 0.12027859476041307 2936 
1020 1117 124 0.2756057610494862 2967 
1021 1117 127 0.43101886944365286 3404 
1022 1117 113 0.24150885491159094 3435 
1023 1117 118 0.43058733731631277 3368 
1024 1117 126 0.8488509144951787 3442 
1025 1117 111 0.6777004868379954 3395 
1026 1117 125 0.5931528618504899 3052 
1027 1117 128 0.6202778112471483 3093 
1028 1117 113 0.11220701378728369 2821 
1029 1117 131 0.8039270561056076 3344 
1030 1117 126 0.12501308486507554 2492 
1031 1117 117 0.5199528636939136 2729 
1032 1117 126 0.48532018069256844 2736 
1033 1117 121 0.7872420889825787 2779 
1034 1135 125 0.2886370521708913 3107 
1035 1135 116 0.3089823484087226 3340 
1036 1135 123 0.158444250802194 3081 
1037 1135 117 0.17001593118573557 3035 
1038 1135 124 0.3476869905052467 3384 
1039 1135 113 0.6022694886571756 3275 
1040 1135 123 0.37783045620889866 3373 
1041 1135 128 0.37327067468810915 2518 
1042 1135 118 0.7775358428874902 3344 
1043 1135 130 0.32435288584501487 2698 
1044 1135 117 0.12655046170858553 3058 
1045 1135 118 0.019947442427940894 2977 
1046 1135 115 0.7427820230562227 2661 
1047 1135 112 0.5177082293769153 2978 
1048 1135 127 0.03923567371350368 3374 
1049 1135 113 0.8885259243215963 3188 
1050 1135 126 0.2982204236978522 3004 
1051 1135 118 0.6094040722588074 2508 
1052 1135 121 0.38856602796485645 3404 
1053 1135 124 0.6272690814893944 3482 
1054 1196 121 0.03137089382256555 2627 
1055 1196 118 0.8267388904562384 3387 
1056 1196 123 0.404695284453034 3276 
1057 1196 116 0.3677477267546243 3383 
1058 1196 116 0.6436484333951782 3178 
1059 1196 128 0.34073882566708663 3012 
1060 1196 114 0.07717106470237871 3370 
1061 1196 113 0.0348545764392087 3466 
1062 1196 118 0.10766565133945366 2515 
1063 1196 115 0.016014331114110162 3153 
1064 1196 131 0.6172929334621453 3459 
1065 1196 125 0.28296890933214375 2982 
1066 1196 118 0.16977349536364708 3394 
1067 1196 125 0.28185264823733785 3355 
1068 1196 131 0.4528345699445262 3175 
1069 1196 129 0.6576607391443451 3306 
1070 1196 128 0.8511831757088598 2820 
1071 1220 127 0.37714506369716766 3117 
1072 1220 131 0.2397469076563088 2869 
1073 1220 122 0.8540695238271642 2539 
1074 1220 120 0.8912357876906811 3389 
1075 1220 125 0.10511275521533091 3343 
1076 1220 115 0.8081543727749207 2496 
1077 1220 130 0.03839679088619002 3129 
1078 1220 129 0.15332911327646226 3172 
1079 1220 131 0.2616323120489776 3328 
1080 1220 124 0.4332811925860962 3096 
1081 1220 121 0.5529549441024512 2843 
1082 1220 111 0.0358084545959148 2920 
1083 1220 122 0.2192806833351828 3362 
1084 1220 113 0.8461453818567761 2667 
1085 1220 113 0.40304336005637753 3012 
1086 1220 120 0.2605484532779193 3383 
1087 1220 120 0.252939566643572 2851 
1088 1220 119 0.8281433872537511 2617 
1089 1220 112 0.59528725653531 2854 
1090 1220 111 0.8832978251897762 3239 
1091 1220 111 0.5202564413231436 3486 
1092 1221 114 0.0668515436749844 2572 
1093 1221 114 0.11754911567014394 3125 
1094 1221 122 0.6778283325963784 3279 
1095 1221 127 0.4758566368349761 2706 
1096 1221 122 0.31295491085347504 3027 
1097 1221 111 0.10531262976102325 2842 
1098 1221 121 0.4998989281170512 2565 
1099 1221 120 0.6587468594375421 3292 
1100 1221 116 0.5144192065882617 2733 
1101 1221 121 0.38256183350376477 2616 
1102 1221 118 0.5930392058573308 2750 
1103 1221 115 0.20647468417844878 2961 
1104 1221 114 0.15460183488420445 3483 
1105 1221 123 0.24670996695074252 2770 
1106 1221 118 0.14988684633223903 2718 
1107 1221 123 0.5492353236552602 3476 
1108 1221 121 0.4361288692680291 3164 
1109 1221 124 0.6033639687198056 2892 
1110 1221 119 0.7904912306430869 2489 
1111 1221 120 0.5320118173478309 2992 
1112 1221 130 0.26783042854471095 2829 
1113 1221 124 0.7795381656018957 2758 
1114 1221 129 0.07267749547564879 3142 
1115 1221 124 0.32967113419405036 3246 
1116 1236 118 0.712003289613492 3407 
1117 1236 129 0.5090338254710671 3142 
1118 1236 127 0.41555859931123734 2912 
1119 1236 126 0.41357694173094295 2858 
1120 1236 114 0.8068202371402301 2632 
1121 1236 119 0.8799312151876283 3447 
1122 1236 123 0.09006977737684453 3148 
1123 1236 115 0.47925718456205074 3058 
1124 1236 121 0.7184302067468906 2840 
1125 1236 130 0.6344007896777989 2692 
1126 1236 112 0.5112997093754953 2931 
1127 1236 131 0.6176136953803459 3143 
1128 1236 126 0.25884104895390614 2961 
1129 1236 117 0.28363495465507393 2714 
1130 1236 117 0.23390051659934463 2993 
1131 1236 123 0.13674426947216578 2787 
1132 1236 123 0.09851585796508575 2498 
1133 1236 125 0.3863540106450717 2712 
1134 1236 128 0.647909457194342 2514 
1135 1237 124 0.33210463538241275 3076 
1136 1237 111 0.8477216920177307 2997 
1137 1237 126 0.7315900170382855 3355 
1138 1237 115 0.36188396934897926 3448 
1139 1237 115 0.43696637201692407 3130 
1140 1237 128 0.04670863038893941 3049 
1141 1237 115 0.38180841352654415 2695 
1142 1237 115 0.3077522083116045 3481 
1143 1237 114 0.23476375210865044 3208 
1144 1237 115 0.38566711500670525 3021 
1145 1237 116 0.34277525547260845 2574 
1146 1237 121 0.3790879702168527 3166 
1147 1237 124 0.7280502268575362 3169 
1148 1237 124 0.8888122131070793 2614 
1149 1237 116 0.19851106460138965 3343 
1150 1237 113 0.14829035987439182 3018 
1151 1237 118 0.06224449067236185 2747 
1152 1237 118 0.880259858057113 3213 
1153 1237 128 0.4248307967571597 2811 
1154 1237 129 0.7547564829948432 2623 
1155 1237 130 0.6322876400073469 3192 
1156 1238 118 0.5560243496863897 3314 
1157 1238 124 0.3902880762214401 2629 
1158 1238 131 0.019325427818247195 2527 
1159 1238 124 0.10971460535868677 3291 
1160 1238 130 0.8974962350854566 3406 
1161 1238 124 0.5099405210592722 3208 
1162 1238 125 0.8328473760241171 3469 
1163 1238 119 0.874550764706722 2514 
1164 1238 126 0.33793010924089706 3030 
1165 1238 119 0.10463230865217017 3442 
1166 1238 125 0.4320659742847965 3236 
1167 1238 121 0.7819596065299648 2817 
1168 1238 125 0.49633599076459356 2938 
1169 1238 125 0.6943795202132905 2859 
1170 1238 112 0.44868358081170967 3283 
1171 1238 113 0.45886951160452466 2768 
1172 1238 122 0.09610664387066248 2939 
1173 1254 116 0.6013097747729325 2688 
1174 1254 113 0.7237722595722156 3396 
1175 1254 123 0.07497345166792622 3366 
1176 1254 123 0.7486003260914322 2712 
1177 1254 124 0.3977217015174083 2825 
1178 1254 111 0.2519300622179899 2970 
1179 1254 130 0.31053602833619937 3036 
1180 1254 125 0.6225929923626681 2805 
1181 1254 114 0.4262386813048343 3147 
1182 1254 113 0.3159674176659848 3182 
1183 1254 122 0.3249471627765781 3435 
1184 1254 116 0.7949232528206011 2739 
1185 1254 111 0.16245359910686322 2606 
1186 1254 130 0.4977123337899802 3485 
1187 1254 118 0.10300040563024994 3425 
1188 1254 121 0.582166454978825 3053 
1189 1254 122 0.3173029689770678 2842 
1190 1254 113 0.5133602974964604 3345 
1191 1254 111 0.07562217919612235 3409 
1192 1254 113 0.8676946998457414 2598 
1193 1254 114 0.18053027842020045 3015 
1194 1254 122 0.6689984689908317 2602 
1195 1254 131 0.7821634460980267 3129 
1196 1255 113 0.015545041174295213 2939 
1197 1255 130 0.8654087392348458 3024 
1198 1255 128 0.09088632338289204 2679 
1199 1255 124 0.34784684108805636 2663 
1200 1255 115 0.2010773482409083 3276 
1201 1255 128 0.5023859651337983 2850 
1202 1255 126 0.23788168423639694 3303 
1203 1255 129 0.6808273589439465 3255 
1204 1255 111 0.278808161390667 3110 
1205 1255 130 0.5074608458340445 2591 
1206 1255 127 0.40939390131890513 3149 
1207 1255 112 0.6711863152551675 3406 
1208 1255 121 0.12871586718130076 2907 
1209 1255 120 0.4208731907520777 2801 
1210 1255 123 0.16759793962125255 2605 
1211 1255 113 0.13918348872534989 3469 
1212 1255 126 0.21729757260121327 3120 
1213 1255 117 0.787966738361764 2672 
1214 1255 131 0.2708934922581209 2621 
1215 1255 122 0.719265904584299 2914 
1216 1255 114 0.6047013851760252 3440 
1217 1255 126 0.5266259460802011 3396 
1218 1255 118 0.15212531973047827 2796 
1219 1255 125 0.6575958183931627 2615 
1220 1277 112 0.6367466755835116 3148 
1221 1277 116 0.6838228695644253 3317 
1222 1277 117 0.19983467916847308 3436 
1223 1277 131 0.3860251871654629 2830 
1224 1277 129 0.7991893632395035 3438 
1225 1277 123 0.10252539450214278 3154 
1226 1277 130 0.7774178545552983 3348 
1227 1277 122 0.013198164236583178 2582 
1228 1277 111 0.8945288970906414 3264 
1229 1277 116 0.7994556177197104 3241 
1230 1277 119 0.39287050454634587 3348 
1231 1277 114 0.48709378476688164 3239 
1232 1277 128 0.8379466238907879 2599 
1233 1277 111 0.6552984582759755 3301 
1234 1277 120 0.8607028684058193 3344 
1235 1277 113 0.21403789571341522 3425 
1236 1301 117 0.18967953273702576 3064 
1237 1301 115 0.03538170661287216 2497 
1238 1301 126 0.07022078689968216 2737 
1239 1301 114 0.5548282939190741 3341 
1240 1301 124 0.24713210680628828 3305 
1241 1301 121 0.5775785949069421 3423 
1242 1301 114 0.2903157435422203 3248 
1243 1301 120 0.650097234551854 2684 
1244 1301 112 0.5310986835265401 3098 
1245 1301 118 0.35322577460338705 2994 
1246 1301 125 0.8851987422938661 2662 
1247 1301 127 0.09586055836807329 3260 
1248 1301 129 0.10801202666416522 3416 
1249 1301 112 0.5828846963774699 3442 
1250 1301 113 0.4210946721665237 3302 
1251 1301 130 0.6036707797999966 3300 
1252 1301 122 0.7728008746378137 2868 
1253 1303 126 0.3354843111228023 3377 
1254 1303 125 0.13556843729239945 3180 
1255 1303 119 0.12996165283888522 3068 
1256 1303 123 0.41587477804234646 2510 
1257 1303 127 0.6083044082943966 3023 
1258 1303 123 0.7164789547125764 2506 
1259 1303 117 0.04080378204787963 3363 
1260 1303 111 0.723508787776653 3075 
1261 1303 117 0.7516134727201867 3291 
1262 1303 122 0.02608035032530316 3077 
1263 1303 130 0.11727354752874736 3434 
1264 1303 115 0.8643684666800727 3301 
1265 1303 117 0.5885103900874464 2746 
1266 1303 125 0.10242150492344382 3121 
1267 1303 125 0.15202910149904206 2553 
1268 1303 129 0.7721998305842117 3395 
1269 1303 114 0.62078939736684 3158 
1270 1303 124 0.10762104522075702 3245 
1271 1303 113 0.07541427145892719 3245 
1272 1303 126 0.8879827680745747 2552 
1273 1303 111 0.34513918635340013 2961 
1274 1303 117 0.7107757369619515 2713 
1275 1303 118 0.19160161029554354 3361 
1276 1303 113 0.5195763574881631 2506 
1277 1321 127 0.3279137552657925 2516 
1278 1321 119 0.08257624255261499 3008 
1279 1321 111 0.40576643626138803 2901 
1280 1321 115 0.09801249289690775 2518 
1281 1321 113 0.813571648682452 2684 
1282 1321 116 0.3768135830392161 3200 
1283 1321 122 0.818195012263607 3246 
1284 1321 121 0.34723184685215647 2662 
1285 1321 129 0.1382110646447014 3177 
1286 1321 111 0.5193284164696839 3387 
1287 1321 115 0.41767418916375343 3007 
1288 1321 123 0.2834177536245183 2819 
1289 1321 130 0.6272922742886704 2717 
1290 1321 122 0.7216520594303188 2665 
1291 1321 118 0.18311007632036636 3462 
1292 1321 122 0.5408643609120868 2778 
1293 1321 120 0.3691940632649625 3431 
1294 1321 129 0.7213030618404617 2654 
1295 1321 131 0.6795561309126558 2537 
1296 1321 125 0.6625998659278167 2750 
1297 1321 118 0.19133547901734888 3350 
1298 1321 118 0.06673466469973595 3487 
1299 1321 119 0.6249660051507264 3094 
1300 1321 120 0.606831651370498 2585 
1301 1361 113 0.7275729274321532 2660 
1302 1361 112 0.12756652546503305 2768 
1303 1361 112 0.5893740146420158 3410 
1304 1361 116 0.09432205814203488 2513 
1305 1361 112 0.8612270359046439 2808 
1306 1361 130 0.5396475710940274 2542 
1307 1361 112 0.5102495398889334 3062 
1308 1361 117 0.44627607374347245 2919 
1309 1361 117 0.7721623143310942 3179 
1310 1361 123 0.219055814127324 2540 
1311 1361 125 0.19044124968267584 2876 
1312 1361 118 0.6121963596797331 3002 
1313 1361 111 0.8329159720826355 2536 
1314 1361 128 0.2625784983855084 3133 
1315 1361 129 0.24629343889190633 3200 
1316 1361 114 0.5578204269690672 2516 
1317 1361 114 0.4693997055490455 2964 
1318 1361 116 0.7434886362727838 3126 
1319 1361 123 0.2810673273787237 2996 
1320 1361 121 0.06164248810796003 2554 
1321 1397 123 0.11114738634720166 2962 
1322 1397 115 0.2596261002022292 2631 
1323 1397 129 0.08259687247273521 3334 
1324 1397 111 0.24428437772298955 3174 
1325 1397 121 0.7044163260455755 2861 
1326 1397 120 0.7922227890799605 3017 
1327 1397 113 0.36085455459785154 3248 
1328 1397 130 0.03031587887331442 3172 
1329 1397 118 0.3613174967430248 3272 
1330 1397 126 0.42331182280800317 2895 
1331 1397 114 0.8006513559895188 3285 
1332 1397 127 0.35770312116742664 2575 
1333 1397 113 0.5736066385201638 3158 
1334 1397 125 0.6148744274970235 2951 
1335 1397 119 0.5224252735055479 3437 
1336 1397 116 0.18500973920251443 3435 
1337 1397 112 0.2789827645520934 2581 
1338 1397 116 0.6696736117176334 2548 
1339 1397 130 0.8374567347053844 3313 
1340 1397 124 0.3928101575812665 3271 
1341 1397 127 0.2284950833871769 2963 
1342 1397 131 0.4451845162976762 3071 
1343 1397 128 0.6857435104509595 3222 
1344 1397 122 0.41197514960519593 2707 
1345 1436 114 0.8389763697457877 3346 
1346 1436 114 0.1507960123361646 3410 
1347 1436 126 0.07310524013361336 2564 
1348 1436 114 0.7138524821695809 3196 
1349 1436 124 0.5466993959993244 3363 
1350 1436 114 0.45312936903930245 3181 
1351 1436 122 0.268070770801032 3186 
1352 1436 127 0.5371055938412511 2548 
1353 1436 122 0.41326558766785426 2767 
1354 1436 119 0.6758475147990848 3008 
1355 1436 115 0.6135055448654375 2503 
1356 1436 131 0.030754945240835663 2700 
1357 1436 118 0.5643137757443414 3384 
1358 1436 111 0.10158197930499692 2547 
1359 1436 129 0.6233026877944687 2609 
1360 1436 124 0.3300531565325528 2824 
1361 1460 127 0.5376965396611906 3042 
1362 1460 116 0.1422521532816254 3287 
1363 1460 122 0.051348621653758426 3473 
1364 1460 115 0.899161648540217 2749 
1365 1460 128 0.5955619973049066 3182 
1366 1460 113 0.38910122862075114 2875 
1367 1460 111 0.1156524167146678 2877 
1368 1460 131 0.05091326858176392 2591 
1369 1460 118 0.6643955505525976 3055 
1370 1460 116 0.10206776826740858 2973 
1371 1460 122 0.5855551758383195 2679 
1372 1460 120 0.7299238615281086 2574 
1373 1460 119 0.15813489143355658 2962 
1374 1460 114 0.3617450963279181 2978 
1375 1460 125 0.8893952759045224 2942 
1376 1460 119 0.6748208935995442 2496 
1377 1460 129 0.09462143853904759 2626 
1378 1460 124 0.3545162744570692 2769 
1379 1463 118 0.0603518082747112 2835 
1380 1463 112 0.6233361951147963 3238 
1381 1463 125 0.5565115829106583 2992 
1382 1463 115 0.7023963163912964 3174 
1383 1463 129 0.6467954607387018 3198 
1384 1463 113 0.675088290919488 3303 
1385 1463 114 0.5987725195588588 3202 
1386 1463 129 0.597588289792413 2996 
1387 1463 119 0.8426414286428869 2827 
1388 1463 119 0.7564780657384311 3412 
1389 1463 113 0.583889876403216 2828 
1390 1463 114 0.6014059575900805 3118 
1391 1463 111 0.18728706834336745 3157 
1392 1463 131 0.3693902000880521 3014 
1393 1463 117 0.5906531806055932 2657 
1394 1463 128 0.22847350452239226 3217 
1395 1463 127 0.5239737630249123 3251 
1396 1463 112 0.07653174862327054 3217 
1397 1480 128 0.6900772358650565 3211 
1398 1480 131 0.10048137244594833 2970 
1399 1480 131 0.09677605798334002 3264 
1400 1480 130 0.6898516093830185 3220 
1401 1480 114 0.0555958323739837 3115 
1402 1480 113 0.5918418382872569 3135 
1403 1480 114 0.2205027550067391 2491 
1404 1480 123 0.559735348673737 2847 
1405 1480 124 0.741562577359069 3149 
1406 1480 115 0.25391777619174183 3135 
1407 1480 121 0.6143283833441519 2840 
1408 1480 121 0.6349893606717065 3108 
1409 1480 117 0.653405676688532 2498 
1410 1480 129 0.2537470164294508 3426 
1411 1480 112 0.634705791100519 3276 
1412 1480 114 0.48787370005736 2762 
1413 1480 128 0.05518762880390706 3110 
1414 1480 127 0.17882062032325693 2874 
1415 1480 113 0.7904838272255359 3203 
1416 1499 128 0.11642447131608619 3195 
1417 1499 112 0.7604556779404498 3319 
1418 1499 124 0.3226990080011176 3465 
1419 1499 111 0.2920113247851808 2625 
1420 1499 130 0.6174224477080545 3045 
1421 1499 122 0.5885808563587206 2763 
1422 1499 123 0.11552293575294866 3246 
1423 1499 112 0.7119164685129495 2695 
1424 1499 130 0.8141991945168329 2823 
1425 1499 128 0.5181658708014587 2660 
1426 1499 115 0.2647893609509248 2830 
1427 1499 118 0.043951912297068976 3422 
1428 1499 117 0.8438071150500818 2518 
1429 1499 120 0.5185916262423814 3303 
1430 1499 119 0.34852051332404144 3443 
1431 1499 125 0.38730207199240346 2570 
1432 1499 113 0.8579579187082161 2999 
1433 1499 126 0.09484311831722803 3448 
1434 1499 118 0.8734763499013906 3466 
1435 1499 112 0.6242961626921266 3408 
1436 1522 123 0.27765288581817293 3130 
1437 1522 125 0.45763232327048514 3042 
1438 1522 118 0.42838931448456213 2860 
1439 1522 122 0.5143952412318641 3447 
1440 1522 111 0.7350769352731171 3175 
1441 1522 130 0.4993693375635765 2653 
1442 1522 112 0.8026715367485078 2915 
1443 1522 111 0.8287427830700463 2707 
1444 1522 119 0.6144271135150512 3301 
1445 1522 131 0.6644664138193479 2923 
1446 1522 119 0.5568212255836169 2787 
1447 1522 117 0.7358255077260244 2588 
1448 1522 129 0.14552912926138817 3353 
1449 1522 121 0.49795744975779205 3340 
1450 1522 128 0.24267785298617803 2892 
1451 1522 114 0.8913558774263896 3364 
1452 1522 121 0.07011006738148602 3267 
1453 1522 118 0.6914657118412096 2552 
1454 1522 117 0.5280612238185446 2989 
1455 1522 121 0.4594642131040594 3079 
1456 1522 129 0.4334037793878508 2897 
1457 1522 119 0.7288474966745694 3025 
1458 1522 122 0.03125844226856779 2604 
1459 1522 129 0.41281529331962724 3340 
1460 1540 130 0.7054344573901717 2745 
1461 1540 112 0.28243032525401746 3309 
1462 1540 111 0.40319519232764855 3273 
1463 1540 127 0.20825998201151566 2825 
1464 1540 111 0.22023140727853563 3187 
1465 1540 112 0.13186746447232045 3188 
1466 1540 118 0.30784959729832856 3308 
1467 1540 115 0.24551556157939844 3193 
1468 1540 123 0.4541561769332147 2575 
1469 1540 120 0.37259200271947096 3261 
1470 1540 124 0.18149675660082104 3240 
1471 1540 115 0.3014785766784846 3409 
1472 1540 121 0.6860890516019529 3077 
1473 1540 122 0.46153690427828975 3231 
1474 1540 113 0.6539211219854716 3299 
1475 1540 119 0.6367336548802887 3157 
1476 1540 128 0.22627433185611204 3160 
1477 1540 111 0.5153510651237857 2799 
1478 1540 125 0.22976242287136642 3477 
1479 1540 117 0.14112399723488694 3223 
1480 1558 119 0.47338613665775126 3458 
1481 1558 130 0.5104950754873663 2676 
1482 1558 126 0.24293166739312216 2490 
1483 1558 127 0.6444188956751558 3389 
1484 1558 115 0.24924539307569918 2813 
1485 1558 128 0.576976829322885 2576 
1486 1558 120 0.35001698042229684 3418 
1487 1558 120 0.07542433782883688 2715 
1488 1558 131 0.5853305411472174 2774 
1489 1558 122 0.7628913315708837 2541 
1490 1558 118 0.2641021995481493 2998 
1491 1558 129 0.3638831809827492 3295 
1492 1558 126 0.01951957841529784 2915 
1493 1558 125 0.45384401491485177 3130 
1494 1558 114 0.08872393346347418 3284 
1495 1558 124 0.5860097374224446 3407 
1496 1558 127 0.5236599188718517 3161 
1497 1558 123 0.7540300086565949 3141 
1498 1558 127 0.4467475808613049 2911 
1499 1580 117 0.29153423939074297 2650 
1500 1580 122 0.8892131623561661 2534 
1501 1580 118 0.2086741146932115 3017 
1502 1580 111 0.635795675044298 3046 
1503 1580 122 0.512466497998504 2944 
1504 1580 121 0.51423519042764 2704 
1505 1580 123 0.47996988221237763 2753 
1506 1580 127 0.4885872032833457 2562 
1507 1580 120 0.8469536735949179 3255 
1508 1580 116 0.28885138292816825 3094 
1509 1580 126 0.4598487870795537 3388 
1510 1580 112 0.2172958093830046 2922 
1511 1580 131 0.03461514110696704 2594 
1512 1580 118 0.8022436289786031 3487 
1513 1580 122 0.43381128124744167 2646 
1514 1580 116 0.1882549281564537 3486 
1515 1580 121 0.8775921412397645 2878 
1516 1580 118 0.19275468720723912 3371 
1517 1580 126 0.6689350421976382 2664 
1518 1580 122 0.057685210959416415 2619 
1519 1580 131 0.35300100548499824 2499 
1520 1580 119 0.33071392351252815 2882 
1521 1580 115 0.727809400057294 2759 
1522 1626 118 0.2070827009937341 3299 
1523 1626 127 0.13863228007093273 2733 
1524 1626 128 0.8830385152613562 3343 
1525 1626 122 0.11324917735214694 2537 
1526 1626 128 0.5737724659354645 3162 
1527 1626 125 0.1368790531293735 3399 
1528 1626 112 0.6809683500531197 3157 
1529 1626 116 0.5229790507669387 2874 
1530 1626 120 0.25188443239642794 2845 
1531 1626 114 0.09688428508239005 3187 
1532 1626 123 0.2346639933559677 2816 
1533 1626 128 0.8897619299496751 3315 
1534 1626 119 0.2830658568434525 2901 
1535 1626 128 0.7140405768826432 2768 
1536 1626 111 0.2646947072544711 2547 
1537 1626 121 0.5839122418669481 3098 
1538 1626 130 0.652838863375081 2848 
1539 1626 120 0.14776531869115547 2558 
1540 1643 129 0.038391442418185096 3118 
1541 1643 120 0.8689846932880254 3066 
1542 1643 112 0.882194019956391 3235 
1543 1643 123 0.1035718188855197 3027 
1544 1643 122 0.6620475708418351 3429 
1545 1643 117 0.3576071876676929 2591 
1546 1643 123 0.574724683200176 3330 
1547 1643 111 0.7466464637154002 2707 
1548 1643 125 0.355426244898163 3306 
1549 1643 127 0.8841466482860193 3219 
1550 1643 120 0.13740248568180277 2959 
1551 1643 119 0.26345425417089996 3233 
1552 1643 122 0.30189937263345096 2936 
1553 1643 130 0.11825018975080961 2983 
1554 1643 114 0.19514974291725132 2918 
1555 1643 121 0.17410918750011595 3469 
1556 1643 124 0.7882755980354708 2639 
1557 1643 130 0.5188722176220696 2542 
1558 1644 117 0.7049682365360735 2676 
1559 1644 117 0.6101559436829754 2832 
1560 1644 117 0.016836682909905986 3087 
1561 1644 128 0.01217171998333136 3379 
1562 1644 115 0.8363227870239612 3112 
1563 1644 112 0.8746571701186849 2744 
1564 1644 114 0.10130059321015744 3268 
1565 1644 131 0.7988219116957049 2899 
1566 1644 114 0.8634506046481002 3021 
1567 1644 121 0.3981325184267428 3190 
1568 1644 112 0.8190812226168859 2530 
1569 1644 126 0.8684285862110785 3285 
1570 1644 124 0.4948412231348747 2586 
1571 1644 116 0.3806568268005121 2727 
1572 1644 124 0.056084862348550035 2719 
1573 1644 114 0.3754274660367995 3051 
1574 1644 121 0.2509692967833243 2621 
1575 1644 128 0.7634736973228716 2627 
1576 1644 120 0.38244456610958083 3275 
1577 1644 114 0.692283548553551 2543 
1578 1644 117 0.7293339370784078 3157 
1579 1644 112 0.772054928231278 2610 
1580 1645 130 0.5564017178527808 3183 
1581 1645 121 0.2693431766634689 3309 
1582 1645 121 0.7191052018487952 2959 
1583 1645 118 0.5143408189826563 3251 
1584 1645 118 0.36076075248940787 2772 
1585 1645 114 0.031009690970419418 3439 
1586 1645 121 0.4428731605929236 3388 
1587 1645 131 0.6162931245316369 3436 
1588 1645 131 0.2542858043797522 2840 
1589 1645 118 0.05660429562643641 2986 
1590 1645 112 0.3784963073613108 3356 
1591 1645 131 0.8325969732744474 2650 
1592 1645 120 0.024012340011090087 2761 
1593 1645 123 0.18925043374872094 3375 
1594 1645 111 0.3260614711749845 2874 
1595 1645 112 0.4259721578829693 2737 
1596 1645 118 0.41627875991848784 2682 
1597 1645 114 0.891284917193594 2911 
1598 1645 117 0.28792925643772344 2824 
1599 1645 127 0.1373692382986977 3311 
1600 1656 123 0.240439074742382 2984 
1601 1656 118 0.17885703196625116 3217 
1602 1656 131 0.5904250558215511 3462 
1603 1667 120 0.32940360539353497 3328 
1604 1667 120 0.11019149471896167 3253 
1605 1667 122 0.07442259696772506 3484 
1606 1667 123 0.7782417597750676 2601 
1607 1667 128 0.8277568837796571 3387 
1608 1667 119 0.5986199108461977 3278 
1609 1667 119 0.8059597402070583 3479 
1610 1667 127 0.7779671178142923 2916 
1611 1667 127 0.6127172707336599 2546 
1612 1667 130 0.15085814658041385 3376 
1613 1667 115 0.5573639718286592 3003 
1614 1667 113 0.7234692919032012 2957 
1615 1667 121 0.6282257405898242 3364 
1616 1667 119 0.4075222942525673 2797 
1617 1667 114 0.23696549543033363 3232 
1618 1667 114 0.4574253619043905 3377 
1619 1667 131 0.7606516590486961 2700 
1620 1667 122 0.2644078703268243 3391 
1621 1667 129 0.7616898715301411 2548 
1622 1667 123 0.46660506184101364 3164 
1623 1667 122 0.7951768848454056 2837 
1624 1667 120 0.2385089838182283 3448 
1625 1667 115 0.23656612658307477 2814 
1626 1686 128 0.8971881705348276 2713 
1627 1686 117 0.8445367312654872 2561 
1628 1686 131 0.05801594493703334 2654 
1629 1686 117 0.21537844248621776 2488 
1630 1686 112 0.4765138362873887 3175 
1631 1686 123 0.039376254216019146 2488 
1632 1686 123 0.4208231347721201 3459 
1633 1686 115 0.8497816509280549 3171 
1634 1686 123 0.6757983488997914 3332 
1635 1686 129 0.3063840711151197 3008 
1636 1686 121 0.43182820423949947 2623 
1637 1686 114 0.13058551775841395 3207 
1638 1686 117 0.8893683664824908 3181 
1639 1686 119 0.07928274543511607 2709 
1640 1686 121 0.2812412279000761 3227 
1641 1686 112 0.4557308419578946 2535 
1642 1686 111 0.8876628279590567 2998 
1643 1764 121 0.1675440073557347 2663 
1644 1764 118 0.5971472435147814 3184 
1645 1764 130 0.38854545577403776 3120 
1646 1764 128 0.44037053213401817 2698 
1647 1764 119 0.03543741633930145 3219 
1648 1764 112 0.7565876008991953 2495 
1649 1764 116 0.46395878738523333 3427 
1650 1764 125 0.6906047588961912 3039 
1651 1764 130 0.12739422150502475 3040 
1652 1764 121 0.6010109556544715 3289 
1653 1764 115 0.6452676758826655 3242 
1654 1764 114 0.236405116143525 3337 
1655 1764 131 0.7987571177585819 2912 
1656 1764 127 0.5523563032564826 2815 
1657 1764 111 0.44386091614260303 2616 
1658 1764 128 0.16328084662269896 3138 
1659 1764 111 0.30328706709018727 2644 
1660 1764 118 0.6283232415386331 2639 
1661 1764 120 0.2148063804903626 3132 
1662 1764 119 0.1023784662218325 2721 
1663 1764 118 0.8655303495341684 2736 
1664 1764 126 0.5628750945480814 2597 
1665 1764 111 0.7196066032634356 3109 
1666 1788 114 0.7602600945614849 3334 
1667 1788 130 0.36777340585935636 2663 
1668 1788 116 0.7627276703720871 2653 
1669 1788 128 0.8479214452079844 3047 
1670 1788 117 0.22055343313654838 3464 
1671 1788 119 0.5751597595705774 2615 
1672 1788 112 0.5982903845823332 3401 
1673 1788 122 0.8783528427746801 2833 
1674 1788 121 0.3247189254991481 2920 
1675 1788 111 0.4913847908241356 3285 
1676 1788 118 0.5088941588026611 2974 
1677 1788 119 0.7559560909717152 2916 
1678 1788 128 0.12836902850451548 3384 
1679 1788 122 0.4291544230332155 3247 
1680 1788 124 0.2624453666260959 3066 
1681 1788 128 0.15101515053864248 3481 
1682 1788 120 0.7666625922564488 2941 
1683 1788 130 0.8015282778158273 2722 
1684 1788 111 0.7885347818469107 2955 
1685 1788 123 0.01843807999179203 3100 
1686 1791 126 0.8334299374315707 2562 
1687 1791 123 0.16437191384369987 2899 
1688 1791 115 0.7993588814283794 3266 
1689 1791 116 0.07124962937626075 3140 
1690 1791 129 0.09342742428263331 3384 
1691 1791 120 0.08983945369827308 3124 
1692 1791 112 0.8507525521738755 3042 
1693 1791 115 0.23328208746539625 2951 
1694 1791 130 0.38406594568148406 3405 
1695 1791 116 0.22835763041969148 2729 
1696 1791 120 0.06199394093144875 2621 
1697 1791 115 0.8885414571755696 2675 
1698 1791 130 0.8182400756049211 2783 
1699 1791 124 0.6917408432728364 3149 
1700 1791 130 0.8046475908131634 3372 
1701 1791 111 0.5871077149287588 3165 
1702 1791 125 0.041102404303650426 2741 
1703 1791 117 0.18032340719300793 2956 
1704 1791 120 0.5845805458170282 2637 
1705 1791 130 0.5984500592256309 2802 
1706 1791 118 0.8537059208807418 3422 
1707 1791 120 0.5264168791687709 2508 
1708 1791 127 0.199980178318323 3340 
1709 1791 119 0.2184498600613198 2553 
1710 1792 128 0.8210835985787517 3466 
1711 1792 119 0.06466157270024821 2674 
1712 1792 114 0.35554135391019465 3455 
1713 1792 117 0.09060023893972054 3055 
1714 1792 124 0.16414496362546319 2984 
1715 1792 121 0.270978295064287 2782 
1716 1792 120 0.789344074907351 2931 
1717 1792 121 0.2260971573410719 2840 
1718 1792 124 0.015768248822782667 2745 
1719 1792 122 0.7513812571656568 3195 
1720 1792 116 0.0692454413398382 3425 
1721 1792 131 0.23862830492079232 2806 
1722 1792 127 0.7848281708022646 2803 
1723 1792 114 0.3754443574398033 3096 
1724 1792 113 0.10170981563011669 2826 
1725 1792 122 0.5166836133209692 3372 
1726 1792 116 0.5348092411326179 2838 
1727 1792 127 0.824283201514243 3237 
1728 1792 122 0.6181649223168256 3368 
1729 1794 126 0.33702149701264994 2507 
1730 1794 114 0.6039203595054807 2837 
1731 1794 124 0.733160662955263 3236 
1732 1794 130 0.2974440699656962 3090 
1733 1794 111 0.13588464009645557 3287 
1734 1794 112 0.10241747768138228 2680 
1735 1794 129 0.42631436107298704 3307 
1736 1794 117 0.15739435428302656 2814 
1737 1794 121 0.19043716425430732 2632 
1738 1794 114 0.7809981276190829 3160 
1739 1794 119 0.5176927205774068 3250 
1740 1794 129 0.7955115103981755 2813 
1741 1794 125 0.051601320238278646 2723 
1742 1794 118 0.1206636985633621 2508 
1743 1794 116 0.44239644889894947 3090 
1744 1794 119 0.675749818544747 2679 
1745 1813 121 0.7172562509581815 2557 
1746 1813 116 0.8018600406980648 2803 
1747 1813 121 0.5330002367203165 3292 
1748 1813 119 0.8869847818257299 2821 
1749 1813 111 0.7308112824991768 2692 
1750 1813 117 0.6773517195432057 3139 
1751 1813 112 0.5617349465826599 2633 
1752 1813 113 0.14506941456079275 2885 
1753 1813 119 0.13460435713066132 2945 
1754 1813 131 0.6516585142925525 2718 
1755 1813 123 0.266066775027917 2718 
1756 1813 111 0.7139899816187518 2699 
1757 1813 122 0.058613187417482254 2772 
1758 1813 127 0.5059329218220623 3289 
1759 1813 115 0.2782277882673412 3257 
1760 1813 127 0.708839848148283 2495 
1761 1813 113 0.3962480892913605 3206 
1762 1813 121 0.8821615098302209 2984 
1763 1813 130 0.30081795666580813 2561 
1764 1832 131 0.7829782735615723 3108 
1765 1832 129 0.6459512825099336 2644 
1766 1832 122 0.12747730798661447 2858 
1767 1832 120 0.7374045284079368 3286 
1768 1832 131 0.2851473718278866 3342 
1769 1832 120 0.36816664302571817 3262 
1770 1832 122 0.8411215639749008 3348 
1771 1832 117 0.24646998967510522 2644 
1772 1832 123 0.5631341042313355 3393 
1773 1832 121 0.618352983930253 2657 
1774 1832 121 0.07679870669502378 3109 
1775 1832 129 0.34173921953467373 3060 
1776 1832 130 0.5391972931017123 2846 
1777 1832 122 0.19990830710828214 2741 
1778 1832 129 0.20977476017171595 2922 
1779 1832 129 0.16296874515410484 3198 
1780 1832 118 0.06623206191248544 2499 
1781 1832 117 0.7066871481335318 2550 
1782 1832 129 0.8228830899843232 3177 
1783 1832 115 0.7332749698196451 2575 
1784 1832 130 0.4037679082564473 2584 
1785 1832 131 0.8702303780319416 2927 
1786 1832 124 0.7047469640532705 2522 
1787 1832 114 0.8006564450215313 2653 
1788 1894 120 0.7901202631965805 3015 
1789 1894 120 0.7629581084443973 3196 
1790 1894 119 0.6207589392115922 2822 
1791 1894 119 0.3525469790942111 3198 
1792 1894 121 0.2897989998645985 2992 
1793 1894 127 0.20412114273374005 2811 
1794 1894 112 0.03660627714664983 2880 
1795 1894 113 0.13184274903199347 3177 
1796 1894 119 0.014571509472488392 2961 
1797 1894 121 0.7932698181699356 2985 
1798 1894 111 0.1915270319527334 2520 
1799 1894 125 0.29571194762087555 3404 
1800 1894 124 0.08681775576094723 3347 
1801 1894 112 0.09437503693439887 2829 
1802 1894 127 0.8629183476208989 3306 
1803 1894 112 0.4460756622702968 3054 
1804 1894 128 0.7614106319094431 2819 
1805 1894 116 0.0763844265738409 2990 
1806 1894 111 0.05189283434574077 3185 
1807 1894 125 0.5267444066417835 2978 
1808 1894 124 0.7253151153642856 3471 
1809 1894 129 0.5537719100323072 3274 
1810 1896 112 0.5949821648664196 2974 
1811 1896 128 0.7412889735572931 3314 
1812 1896 123 0.21572197310862665 3183 
1813 1896 118 0.07053069869705585 3209 
1814 1896 130 0.25712397651333607 3448 
1815 1896 113 0.05641108745604867 3083 
1816 1896 118 0.38155497906455477 3358 
1817 1896 125 0.1123874717798689 2678 
1818 1896 124 0.5815321546327357 3015 
1819 1896 129 0.09141807716798298 3225 
1820 1896 122 0.5019698556767416 2929 
1821 1896 111 0.6360057203540942 2650 
1822 1896 126 0.16086574634181078 3308 
1823 1896 119 0.26254088376338275 3117 
1824 1896 119 0.2599822209988553 3448 
1825 1896 124 0.03505689152006634 3157 
1826 1896 114 0.4657828469693879 3168 
1827 1896 113 0.3463779279379166 3444 
1828 1896 111 0.10995770653779227 2730 
1829 1896 130 0.273597656650931 2716 
1830 1896 121 0.6318395402838112 2687 
1831 1896 114 0.02144115229734731 2826 
1832 1914 117 0.3835157684672414 3191 
1833 1914 121 0.09421804473130915 3276 
1834 1914 125 0.06301133673062803 3364 
1835 1914 112 0.6976744769561114 2746 
1836 1914 122 0.0837244861809 3283 
1837 1914 128 0.1568588552169743 3064 
1838 1914 126 0.14557605112683877 2699 
1839 1914 112 0.4444238734416201 2628 
1840 1914 125 0.3446018492991196 3337 
1841 1914 114 0.25384707848228844 2964 
1842 1914 111 0.12670642028518303 2887 
1843 1914 121 0.11533611836340306 2867 
1844 1914 127 0.28854617025461843 2880 
1845 1914 130 0.7649573083101179 3476 
1846 1914 125 0.2305260770578865 3107 
1847 1914 130 0.6409571279454701 2577 
1848 1914 113 0.19275250372574698 2971 
1849 1914 126 0.42527518973309614 2989 
1850 1914 117 0.8209626752672785 2806 
1851 1914 126 0.09634861888223455 3220 
1852 1914 116 0.10036743307280986 3375 
1853 1915 113 0.5327431146613246 2675 
1854 1915 118 0.8565742422274821 2514 
1855 1915 126 0.8109135647684429 2990 
1856 1915 123 0.4625931743931867 2787 
1857 1915 116 0.7615216404660632 2561 
1858 1915 122 0.05022594637955455 2611 
1859 1915 128 0.28896778847998345 2507 
1860 1915 128 0.6889672043681013 3468 
1861 1915 119 0.16158911740690604 2874 
1862 1915 122 0.09814356272769478 2717 
1863 1915 124 0.3738279872701726 3407 
1864 1915 120 0.5922386956709178 2723 
1865 1915 119 0.438003086617878 2497 
1866 1915 114 0.1892301447797769 2821 
1867 1915 131 0.5659562708761152 2836 
1868 1915 128 0.18783355477094407 3483 
1869 1915 111 0.2966819915915874 2630 
1870 1915 122 0.07476995237255324 2691 
1871 1915 111 0.5430015043942362 2667 
1872 1915 124 0.460223926829487 3230 
1873 1915 118 0.8135606214134806 2718 
1874 1915 121 0.43394464130993415 2565 
1875 1915 125 0.7559997783812845 3161 
1876 1915 126 0.7884936735022089 2952 
1877 1935 119 0.7103173494027952 2493 
1878 1935 127 0.7115295278751939 2839 
1879 1935 116 0.6041014444280909 2837 
1880 1935 116 0.502203134615792 3121 
1881 1935 117 0.5933032517059136 2640 
1882 1935 126 0.3133051785020002 2767 
1883 1935 117 0.27753149641990355 3286 
1884 1935 117 0.1797147660971393 3445 
1885 1935 115 0.20330182852245865 3310 
1886 1935 121 0.39842119600058484 2744 
1887 1935 122 0.2539803999284893 2721 
1888 1935 127 0.49630411504942534 2942 
1889 1935 124 0.6150741091299929 3015 
1890 1935 127 0.42040424566002743 2873 
1891 1935 117 0.8834385606524807 2577 
1892 1935 120 0.4582153607808222 2634 
1893 1935 121 0.45941307579354734 3337 
1894 1959 128 0.7357095409234682 3445 
1895 1959 114 0.6673688071717245 3411 
1896 1959 113 0.8210793253975494 2527 
1897 1959 113 0.2438163862452802 2513 
1898 1959 131 0.48668111415402066 3340 
1899 1959 120 0.7190301234179602 2984 
1900 1959 116 0.03773974567886789 3007 
1901 1959 122 0.8092026761821336 3183 
1902 1959 128 0.34474691394984874 3254 
1903 1959 124 0.705414270012861 2793 
1904 1959 124 0.8294996578207521 3014 
1905 1959 127 0.7979481268652785 3362 
1906 1959 116 0.5299694771253182 3465 
1907 1959 112 0.4429883890650267 3206 
1908 1959 130 0.33958696580614145 2731 
1909 1959 123 0.8870420173884873 2571 
1910 1959 125 0.2764513597208699 3290 
1911 1959 127 0.10487568710887843 2533 
1912 1959 127 0.2084593629254381 2501 
1913 1959 113 0.3608015929813339 2637 
1914 1980 115 0.19409962926976065 2612 
1915 1980 131 0.8704802885794278 3259 
1916 1980 130 0.879840666124688 3432 
1917 1980 130 0.4151446564206706 2878 
1918 1980 131 0.3066873259817878 3069 
1919 1980 116 0.371576339489284 2547 
1920 1980 123 0.09466298608515275 2995 
1921 1980 128 0.10960437790482012 2853 
1922 1980 124 0.38547232809118254 2528 
1923 1980 112 0.6964640997093021 2664 
1924 1980 122 0.21885997758155645 2702 
1925 1980 112 0.15702454826069795 3439 
1926 1980 112 0.056728956613042794 2983 
1927 1980 130 0.46804171704654646 2568 
1928 1980 131 0.5975478585449826 3064 
1929 1980 115 0.753043989449198 3117 
1930 1980 117 0.8507317362080491 3124 
1931 1980 116 0.8582085409090839 3313 
1932 1980 127 0.7198967344457055 3249 
1933 1980 121 0.1342022580135387 2804 
1934 1980 130 0.016893614111332035 3265 
1935 1981 127 0.48004654690673987 2867 
1936 1981 131 0.44058640048924524 2835 
1937 1981 127 0.46588893617197435 2611 
1938 1981 119 0.4218741916622109 2656 
1939 1981 130 0.08284273203261008 3415 
1940 1981 120 0.5299270195534469 2546 
1941 1981 127 0.8384971023389344 2690 
1942 1981 127 0.16804588315311586 2619 
1943 1981 124 0.5298917614002074 3096 
1944 1981 128 0.7437750737875397 2514 
1945 1981 131 0.3483870721267694 2996 
1946 1981 123 0.6325016756800567 3048 
1947 1981 119 0.6721150540454861 3109 
1948 1981 111 0.8531123971355624 3022 
1949 1981 117 0.2576509494676703 2870 
1950 1981 121 0.0654920032860795 2911 
1951 1981 112 0.12285885755212882 2529 
1952 1981 124 0.8604070278068894 2560 
1953 1981 125 0.3202197232117408 2732 
1954 1981 122 0.4703622428632146 3445 
1955 1981 126 0.5747983635172064 3064 
1956 1981 113 0.49575756053659514 3319 
1957 1981 127 0.5172099262377928 3178 
1958 1982 115 0.1673759238764231 2832 
1959 1982 129 0.8084097174175439 3349 
1960 1982 127 0.7779228291164391 2670 
1961 1982 128 0.6208042388241682 2731 
1962 1982 129 0.3408715756675787 2694 
1963 1982 128 0.12005746350059777 2947 
1964 1982 113 0.5058342085809208 2930 
1965 1982 130 0.5753241127364437 3076 
1966 1982 122 0.570374406930159 2522 
1967 1982 115 0.789120600748742 2930 
1968 1982 129 0.45965684458014655 3020 
1969 1982 126 0.5563331580489386 3193 
1970 1982 120 0.6969841375422792 2594 
1971 1982 127 0.19251114340229422 2958 
1972 1982 130 0.6798651846965228 2949 
1973 1982 111 0.059563600882972086 3409 
1974 1982 112 0.2584750281502272 3324 
1975 1982 122 0.8309485349063792 2974 
1976 1982 131 0.7911202512432397 3428 
1977 1982 129 0.0835425020308111 3366 
1978 1982 111 0.641979399314802 2853 
1979 1982 126 0.4048773482835418 2775 
1980 1999 116 0.26053937161768514 2566 
1981 1999 121 0.4299589704663056 2497 
1982 1999 114 0.8632509256986908 2576 
1983 1999 118 0.380603676507876 3403 
1984 1999 115 0.11148547366453021 3447 
1985 1999 130 0.33065840036712296 3280 
1986 1999 131 0.7833331115600459 3472 
1987 1999 124 0.8258133820430539 2929 
1988 1999 127 0.6522632032227753 3408 
1989 1999 116 0.288680935980852 2738 
1990 1999 126 0.586577580319776 3152 
1991 1999 113 0.832853793586393 2790 
1992 1999 116 0.563992560139966 2948 
1993 1999 127 0.5893249640335377 2632 
1994 1999 121 0.21750304189086284 3066 
1995 1999 119 0.23199783025400864 3268 
1996 1999 125 0.754988019078601 3348 
1997 1999 112 0.3389927413344515 2843 
1998 1999 125 0.3872318636436952 3371 
1999 2000 123 0.8905045201051186 2716 
2000 0 123 0.4690973123824018 2688 
