1 13 114 0.8491591504200701 1311 
2 13 109 0.027057227153210933 1120 
3 13 111 0.8924945423223635 1451 
4 13 120 0.2735550129362553 920 
5 13 121 0.2165788372658028 618 
6 13 118 0.8934392934841131 703 
7 13 121 0.1366693240076699 1328 
8 13 107 0.3598846826848904 1125 
9 13 125 0.3386504896686928 566 
10 13 109 0.345244800298305 1055 
11 13 121 0.33038355617876974 1324 
12 31 118 0.5203640889302117 804 
13 31 120 0.5444045797690771 1386 
14 31 110 0.21208732119468768 1248 
15 31 122 0.2691459094426542 680 
16 31 123 0.5250275229604754 1469 
17 31 127 0.7196764325667045 710 
18 31 123 0.6630679800691343 1143 
19 31 117 0.09411640889989814 1239 
20 31 107 0.3052375239899887 822 
21 31 125 0.47906684048465736 1032 
22 31 107 0.688527113804198 1125 
23 43 123 0.7429160001104462 749 
24 43 122 0.07150661866878887 872 
25 43 122 0.8964434785781503 1046 
26 43 111 0.5652912993000715 889 
27 43 118 0.22797195252667793 602 
28 43 116 0.4380288271284079 1053 
29 43 115 0.3985173315404981 1018 
30 43 118 0.7043442324091549 1169 
31 44 126 0.6728020039023831 1217 
32 44 118 0.5351167466939655 1416 
33 44 113 0.7202865422695114 846 
34 44 109 0.1953554440366319 957 
35 44 114 0.40076026087585037 1102 
36 44 122 0.4868552531383844 639 
37 44 115 0.34431651688024933 594 
38 44 113 0.017879307672644756 1484 
39 44 111 0.7527380822780364 1042 
40 44 125 0.8875146914916481 792 
41 44 123 0.38534052907206395 572 
42 44 116 0.07157924625583373 899 
43 51 115 0.17401406702274383 550 
44 51 113 0.1505255198098775 675 
45 51 123 0.18141759479817338 1090 
46 51 108 0.6768060041380726 1294 
47 51 109 0.625479244972145 1463 
48 51 110 0.8453029223532786 1244 
49 51 124 0.04760209010540614 785 
50 51 125 0.6814164233066878 1349 
51 73 120 0.07951790599847215 1208 
52 73 115 0.1984185686931064 567 
53 73 120 0.040749963961332146 1293 
54 73 121 0.2748072969468236 1483 
55 73 116 0.8102168337307455 1410 
56 73 119 0.7776829246367568 682 
57 73 126 0.23603387119194894 1287 
58 73 111 0.07039831110613366 905 
59 73 122 0.35004191590653416 814 
60 73 111 0.8863021712301227 1449 
61 74 109 0.5955785851257747 847 
62 74 116 0.08841863697808015 721 
63 74 120 0.1168486448685952 1149 
64 74 122 0.8523396111770805 998 
65 74 114 0.6037294237275571 1320 
66 74 125 0.39731879938974496 894 
67 74 127 0.6426592554474365 1138 
68 74 107 0.1708176331124608 1304 
69 74 120 0.6664710280232122 621 
70 74 116 0.5853454131961947 561 
71 94 119 0.7142240745267904 1209 
72 94 115 0.42874324236319267 1264 
73 94 112 0.04049014181759954 1443 
74 94 114 0.843563011939191 866 
75 94 110 0.18133618521552927 542 
76 94 110 0.3735426439749709 1219 
77 94 113 0.523240144379695 1076 
78 94 115 0.2575675510949472 610 
79 94 114 0.5166867041849966 572 
80 94 120 0.5627202634748875 738 
81 94 113 0.20366953481005393 679 
82 97 113 0.2741604508431389 1163 
83 97 125 0.823825102107401 826 
84 97 117 0.5941670312577847 1433 
85 97 112 0.41920937060097824 797 
86 97 109 0.6863430338100425 779 
87 97 115 0.7746298797369745 765 
88 97 127 0.08248338747412136 1002 
89 97 126 0.07346931612562145 858 
90 97 111 0.22350800558694678 954 
91 97 111 0.829172185503448 1007 
92 97 111 0.8878040146556675 1284 
93 97 118 0.8500420815728733 738 
94 132 117 0.3824502665701404 725 
95 132 121 0.4042417712613866 1193 
96 132 113 0.1871982605253475 1087 
97 132 112 0.2480153155179156 1206 
98 132 122 0.19824398133915525 1485 
99 132 115 0.44879403238805926 1169 
100 132 125 0.2706646945981771 1057 
101 132 119 0.8208561071785974 1375 
102 132 107 0.05740681430321965 1174 
103 134 122 0.6376355401425509 1021 
104 134 119 0.36240789795812345 1249 
105 134 121 0.24043314448698908 588 
106 134 114 0.12625592854081757 1118 
107 134 110 0.6725496199545669 888 
108 134 122 0.5360014707231882 765 
109 134 118 0.49062816502626 1195 
110 134 127 0.04536940239766183 1147 
111 134 126 0.3053554862476445 1229 
112 134 109 0.6559251415999809 1160 
113 134 110 0.3175925174813921 647 
114 143 123 0.32948030909746745 1330 
115 143 120 0.1431005696188978 749 
116 143 122 0.7391253023619796 794 
117 143 113 0.32010609668690254 567 
118 143 115 0.550939331669866 1344 
119 143 108 0.8472476815164036 648 
120 143 120 0.1813768252416959 594 
121 143 127 0.08034502890467597 908 
122 143 116 0.22402986999854416 1005 
123 146 115 0.47979327569856706 1294 
124 146 109 0.4911845144639177 698 
125 146 118 0.37213762939662204 1461 
126 146 122 0.634161065798163 1513 
127 146 110 0.5651977568607223 1297 
128 146 112 0.6754553821224468 1171 
129 146 125 0.3607268142902225 1024 
130 146 120 0.201413577979711 557 
131 146 122 0.33999528952176333 1186 
132 173 114 0.8251221351494982 1210 
133 173 107 0.06118583237537909 749 
134 173 115 0.6698035550866801 1450 
135 173 120 0.3002317499883478 675 
136 173 116 0.6753134787582519 1104 
137 173 123 0.6345679411716945 1172 
138 173 107 0.6914629773193808 1262 
139 173 110 0.5218718130560295 1267 
140 173 115 0.027774248687432848 1315 
141 173 127 0.5931592179144257 860 
142 173 124 0.45296973148564396 590 
143 174 111 0.17096646776616467 815 
144 174 126 0.450561024369605 1243 
145 174 127 0.41905123422547724 784 
146 174 119 0.7981782584102605 1359 
147 174 111 0.18893500093046925 1332 
148 174 112 0.03564996345011925 672 
149 174 107 0.5286813708066797 528 
150 174 123 0.40853713687237897 1319 
151 213 124 0.7844404300769093 1481 
152 213 119 0.6508263743920188 856 
153 213 113 0.3127356780220589 901 
154 213 124 0.4226597076969068 842 
155 213 112 0.3417762531433289 960 
156 213 122 0.41600617172380033 980 
157 213 114 0.15227990398864674 876 
158 213 117 0.8751382234605064 1210 
159 213 112 0.37369445189137035 828 
160 213 126 0.5890511539121243 807 
161 260 110 0.7931303094243273 1043 
162 260 117 0.1711385898130263 1383 
163 260 114 0.05993705458279613 595 
164 260 120 0.20710301622463426 854 
165 260 114 0.39297444022425904 554 
166 260 113 0.7874621865234765 1381 
167 260 110 0.17819305616923836 680 
168 260 123 0.8235081278250906 659 
169 260 125 0.3607026682203874 1378 
170 260 126 0.6448099666441965 1167 
171 260 112 0.0230656463700274 760 
172 260 118 0.1004711174921755 557 
173 272 120 0.0770957227516114 1410 
174 272 118 0.5159632631076964 635 
175 272 112 0.6001147952813651 553 
176 272 127 0.8178317365138531 531 
177 272 113 0.46127511870608595 1406 
178 272 114 0.6286707163787633 1106 
179 272 113 0.5959324815271501 878 
180 272 119 0.3665071168861471 1212 
181 272 120 0.0976279369800395 566 
182 272 126 0.43803835449113304 529 
183 272 121 0.3538327850770749 1076 
184 272 107 0.39213452877329336 1505 
185 273 127 0.7005670509161254 957 
186 273 108 0.7124258095608778 636 
187 273 107 0.5193856081076457 1007 
188 273 125 0.4825750952346694 1346 
189 273 108 0.301454111275969 874 
190 273 118 0.6012302047542732 1145 
191 273 118 0.4691376349935579 1121 
192 273 113 0.8873756748531073 815 
193 273 115 0.8854257934149775 968 
194 293 112 0.6311542106518512 1128 
195 293 122 0.20356745688194106 1204 
196 293 108 0.2505748000160442 1185 
197 293 115 0.8151426822632936 781 
198 293 116 0.18347120481658621 1245 
199 293 121 0.5592591439231032 653 
200 293 116 0.6420024845733228 942 
201 293 111 0.35388245038973354 749 
202 293 117 0.22132247769483146 1414 
203 293 110 0.3761106804611433 1306 
204 293 122 0.7421826619429364 1326 
205 296 126 0.8120968829315625 818 
206 296 122 0.5982581898796404 1036 
207 296 125 0.8281678693370529 954 
208 296 124 0.09752674295175753 873 
209 296 127 0.35651927972733743 937 
210 296 122 0.696023233022724 994 
211 296 116 0.6119304298038645 1401 
212 296 122 0.37270436375606963 939 
213 310 122 0.4314150079231023 1352 
214 310 108 0.5705031817776921 1320 
215 310 119 0.3940063987906195 603 
216 310 110 0.8909308957902263 1430 
217 310 114 0.6908335369911927 1329 
218 310 117 0.3007398208736111 911 
219 310 118 0.727371854568882 983 
220 310 122 0.2854896435612542 878 
221 311 126 0.18964822142744803 1298 
222 311 116 0.5563146850297132 958 
223 311 112 0.15971834994349385 1482 
224 311 109 0.5017200787107878 593 
225 311 125 0.6023800390510946 1478 
226 311 117 0.7696597840952903 1351 
227 311 124 0.39734098687557523 1418 
228 311 125 0.36836995831013264 647 
229 311 116 0.3022503166590475 1196 
230 311 121 0.8733440923656086 747 
231 350 123 0.7642256095608347 933 
232 350 117 0.010276338142272856 529 
233 350 109 0.3670223450944655 1472 
234 350 118 0.05422336413132929 1253 
235 350 122 0.6057666011687126 834 
236 350 122 0.6648991094340283 1365 
237 350 127 0.8858815772329407 631 
238 350 110 0.4759468830326419 1392 
239 350 108 0.3277689597518245 629 
240 350 126 0.0919705504922711 1024 
241 358 121 0.32668141512580423 644 
242 358 109 0.02909379245481391 990 
243 358 119 0.48643803201467806 1499 
244 358 120 0.39329824618952963 608 
245 358 127 0.6933747872767774 555 
246 358 124 0.0608952260676914 1102 
247 358 115 0.6718687789218628 1223 
248 358 109 0.1348092972643331 580 
249 358 122 0.4894390324350235 572 
250 358 112 0.34018885668419835 738 
251 359 122 0.5864585446200062 558 
252 359 111 0.3186639755573008 745 
253 359 124 0.24907935381957502 960 
254 359 123 0.09730247229336139 1083 
255 359 109 0.3579703427157592 1200 
256 359 126 0.39840749427679706 1213 
257 359 110 0.24205188205320705 1166 
258 359 125 0.5087243055313955 1453 
259 359 111 0.34470134389848095 1520 
260 366 107 0.10329411173392508 659 
261 366 117 0.49591209019328486 1096 
262 366 115 0.6062502653995488 598 
263 366 118 0.022863607138004147 606 
264 366 107 0.6782060104654677 1471 
265 366 108 0.5537528946101229 1427 
266 366 121 0.7388477054192379 729 
267 366 120 0.3923335580513542 546 
268 366 109 0.30058601817429115 1183 
269 366 108 0.3356571535539732 925 
270 366 114 0.39371959951002483 772 
271 366 122 0.3267059999530324 1387 
272 385 124 0.8547891278727585 1213 
273 385 109 0.4191380655087221 570 
274 385 124 0.574095284754667 1409 
275 385 120 0.2872726629959162 1319 
276 385 127 0.20243697638226402 1501 
277 385 120 0.6793579425042663 800 
278 385 122 0.1979856469562536 827 
279 385 114 0.4704833666582125 1472 
280 385 115 0.8456517700189252 1187 
281 385 124 0.6346275107184104 650 
282 395 120 0.1709729967652323 621 
283 395 110 0.1909642717591385 1330 
284 395 115 0.218746027368721 1359 
285 395 116 0.8527604860947231 672 
286 395 125 0.7295147762138693 1443 
287 395 127 0.1609527700523856 604 
288 395 115 0.6305660677798186 750 
289 395 112 0.49286585073545564 1429 
290 395 107 0.3947451403369944 1257 
291 395 124 0.0394685290046483 756 
292 395 107 0.28374608101907367 949 
293 403 125 0.31938457385985125 968 
294 403 120 0.2011171650253038 1326 
295 403 118 0.3842679844059131 797 
296 403 118 0.5079323696067661 1102 
297 403 108 0.3111374328809654 690 
298 403 109 0.3506403766035727 1182 
299 403 107 0.7515550497379392 1269 
300 403 116 0.2326324124865962 1382 
301 403 121 0.08582614936796754 684 
302 404 119 0.8864275201892089 692 
303 404 108 0.27394576963415657 1335 
304 404 112 0.22708176991038284 1100 
305 404 114 0.7472477204223837 1317 
306 404 107 0.8542646615903514 1466 
307 404 118 0.13629638106293418 1247 
308 404 119 0.3329338547302693 943 
309 404 120 0.5207191687406603 922 
310 441 125 0.35988983711680395 874 
311 441 118 0.17695761512777944 1406 
312 441 122 0.37358741180875915 1517 
313 441 125 0.7705087830015235 677 
314 441 122 0.5293587953440049 1343 
315 441 124 0.7981261293956472 996 
316 441 121 0.20012365645634145 544 
317 441 118 0.39423178565239264 1488 
318 441 120 0.32127631228479675 623 
319 441 114 0.09127465149012216 773 
320 476 126 0.051849680722787624 1161 
321 476 126 0.4551396619554173 561 
322 476 115 0.08931076586033891 622 
323 476 122 0.4466514886344131 1441 
324 476 107 0.3237528388225524 728 
325 476 122 0.12375110661564158 1122 
326 476 120 0.13537081595300118 1136 
327 476 125 0.41841046993266096 1118 
328 476 118 0.42004916813167653 607 
329 476 119 0.7780562353431135 1433 
330 476 115 0.8064069598706615 1023 
331 476 110 0.1668600813896331 801 
332 477 117 0.6408651503557402 1236 
333 477 108 0.44639952820148077 1252 
334 477 124 0.41042685831960046 1478 
335 477 108 0.4471886500180943 762 
336 477 122 0.5678950958154447 809 
337 477 122 0.6766294942597406 952 
338 477 127 0.07591912910844142 840 
339 477 111 0.7483869735039441 863 
340 481 107 0.5644613665830709 865 
341 481 120 0.2954440965580041 1413 
342 481 117 0.41068202363874784 1382 
343 481 125 0.1618950495928058 1011 
344 481 111 0.6377465687279936 1432 
345 481 118 0.6418744380189108 771 
346 481 113 0.31440139171613424 740 
347 481 125 0.4517902938044018 800 
348 481 120 0.5674426636837953 702 
349 521 107 0.6918946069374866 575 
350 521 123 0.7986318318674401 1433 
351 521 118 0.7159624146483093 1376 
352 521 123 0.29516442875734267 900 
353 521 110 0.08432334800245042 671 
354 521 117 0.5151855478689384 1291 
355 521 127 0.025535726687457246 1304 
356 521 126 0.44742078714897404 976 
357 521 116 0.05531037107595465 1374 
358 522 127 0.7548018806816301 1314 
359 522 109 0.39920104247226934 1147 
360 522 125 0.5340810045071686 712 
361 522 108 0.36252011869209183 715 
362 522 114 0.45723433648384626 1228 
363 522 112 0.3763636694107278 988 
364 522 118 0.4158297369512588 793 
365 522 122 0.2388500677645428 784 
366 542 127 0.2051440250467832 844 
367 542 125 0.4019826046050709 1428 
368 542 111 0.42262065703444 705 
369 542 121 0.3295928149544685 782 
370 542 114 0.1419349257841547 633 
371 542 124 0.0748610171445107 1286 
372 542 127 0.1311623450195136 692 
373 542 121 0.46324966051578864 706 
374 542 115 0.025184819429983615 714 
375 562 124 0.7366890610129079 1390 
376 562 121 0.0580874008891227 1189 
377 562 107 0.7094207895340675 1082 
378 562 120 0.4539620322479442 1262 
379 562 118 0.3002556370961768 1058 
380 562 120 0.3800086493239852 924 
381 562 107 0.7769861436619381 1229 
382 562 120 0.22186265405914107 577 
383 562 115 0.1349140269754208 785 
384 562 119 0.20120637995968482 1348 
385 571 116 0.47667342760434545 1193 
386 571 119 0.3283743938498364 1235 
387 571 114 0.5899094729307108 1115 
388 571 114 0.7958572391763991 570 
389 571 124 0.025494341369682844 932 
390 571 122 0.8612411341373114 837 
391 571 110 0.4431948602578455 1145 
392 571 121 0.10276193367787646 934 
393 571 125 0.35506806358328535 1110 
394 571 111 0.03583369064947847 754 
395 572 125 0.7963534969468239 837 
396 572 112 0.27446269291168657 803 
397 572 110 0.7182074198127248 1035 
398 572 116 0.6647804341200838 607 
399 572 122 0.3144088224598777 1067 
400 572 118 0.3237308488978407 1254 
401 572 116 0.44404973972821826 1260 
402 572 117 0.08779306853315014 1366 
403 579 114 0.8255761212359605 1095 
404 579 118 0.023214026681883777 713 
405 579 109 0.16002937312526297 653 
406 579 113 0.16910724074619926 935 
407 579 115 0.705835684366053 1116 
408 579 119 0.8915776493541339 720 
409 579 107 0.03912993253818434 960 
410 579 112 0.6500574802863871 570 
411 579 112 0.37232798586584354 671 
412 580 110 0.2484785143960472 1038 
413 580 119 0.6239320129319129 805 
414 580 115 0.37563735304629337 840 
415 580 113 0.6029214165800562 619 
416 580 114 0.6627658104067273 1005 
417 580 114 0.18125667082210378 1059 
418 580 127 0.3587866312254012 1145 
419 580 117 0.09152671890805797 539 
420 580 117 0.1737622795277389 694 
421 583 116 0.1731908587176641 1407 
422 583 117 0.2831350724496561 1496 
423 583 115 0.3560850043724628 1423 
424 583 124 0.7097589405123337 1196 
425 583 114 0.3242837073222888 968 
426 583 120 0.041590332033081386 1398 
427 583 109 0.7483099538617378 866 
428 583 108 0.6694654003096473 668 
429 598 123 0.3450341464212268 1052 
430 598 117 0.23010116966927804 1111 
431 598 117 0.8744659900217631 1216 
432 598 112 0.1396091350449464 608 
433 598 114 0.4995481222228113 985 
434 598 124 0.406136893754085 617 
435 598 112 0.23239153987708938 829 
436 598 116 0.2924053040242593 1343 
437 598 113 0.02233809793348386 1037 
438 598 123 0.3868848959167974 1457 
439 598 109 0.3766654340511614 807 
440 606 109 0.5799851622578913 771 
441 606 107 0.7375322454971744 1196 
442 606 116 0.8312345677411185 980 
443 606 123 0.4215666861582298 816 
444 606 120 0.41994224976405425 1055 
445 606 123 0.1177407709025232 743 
446 606 109 0.7090987900660239 738 
447 606 121 0.6855699079964521 1395 
448 606 121 0.04758323184560654 915 
449 618 111 0.3045205487388433 703 
450 618 107 0.7154689235605028 1259 
451 618 114 0.2234848035421179 1201 
452 618 126 0.6540764698672826 971 
453 618 113 0.19275579252818537 1506 
454 618 113 0.3076237217807825 664 
455 618 125 0.7884189999733773 703 
456 618 126 0.04125434088552097 1051 
457 618 107 0.7784430947717246 1438 
458 618 115 0.8814803159210258 1422 
459 619 113 0.3022335873588894 1042 
460 619 121 0.1715275929991158 1487 
461 619 112 0.20998067689674746 1012 
462 619 110 0.683036878291292 1243 
463 619 114 0.853146807331449 1147 
464 619 119 0.4848182143410247 1503 
465 619 122 0.08255649977360452 760 
466 619 124 0.46727297248400296 915 
467 619 119 0.43693527358385154 1225 
468 630 120 0.7856981944567186 711 
469 630 116 0.049128913709651396 730 
470 630 114 0.19517995350764214 1377 
471 630 117 0.5634658880784117 690 
472 630 116 0.03786138395827071 597 
473 630 118 0.20757456760864132 1062 
474 630 124 0.0797463942807033 723 
475 630 115 0.38735299191443956 888 
476 631 124 0.48786620289861643 656 
477 631 115 0.7404616358243424 694 
478 631 119 0.0611393501872141 1418 
479 632 123 0.4312428245907955 1109 
480 632 125 0.7990813960895266 1271 
481 632 115 0.5910308430726472 1519 
482 632 116 0.11465298355201858 873 
483 632 125 0.6133762089807042 1256 
484 632 121 0.14021964582703175 1040 
485 632 122 0.042873200622548256 992 
486 632 126 0.8253894479713563 1513 
487 632 113 0.41432593826451086 1240 
488 632 113 0.540037806679992 528 
489 642 119 0.3135048898422387 679 
490 642 120 0.11776269562065682 787 
491 642 115 0.2888401142106321 588 
492 642 117 0.583906008072049 1455 
493 642 113 0.06498298497979353 932 
494 642 118 0.6543942706455196 1026 
495 642 126 0.8291884698574257 636 
496 642 108 0.1644057621880175 729 
497 642 117 0.4465184315007783 561 
498 642 123 0.23835468599646942 710 
499 642 122 0.2657462207586541 952 
500 652 114 0.3162972132692743 1476 
501 652 121 0.6955706860535107 1075 
502 652 127 0.3510432395318047 915 
503 652 122 0.4496988423325947 1063 
504 652 124 0.7492409675912779 616 
505 652 124 0.027626108499336874 933 
506 652 111 0.1071099589075146 1207 
507 652 116 0.11121242028071217 670 
508 652 112 0.05022644905372302 1450 
509 652 113 0.5885861700198037 937 
510 652 117 0.7975362998869082 1453 
511 660 124 0.560935310358413 1131 
512 660 121 0.6660171922331217 1399 
513 660 115 0.22667978296434715 1380 
514 660 121 0.627093538877938 872 
515 660 125 0.6029180663161294 547 
516 660 123 0.5309286085676792 800 
517 660 108 0.18103142536195713 941 
518 660 107 0.6777689311177408 1112 
519 660 116 0.1582234440710308 646 
520 660 125 0.7032389297128491 1178 
521 690 113 0.15173282573091068 1239 
522 690 123 0.75192447478812 718 
523 690 120 0.11318260900923283 1341 
524 690 127 0.7729858247984424 585 
525 690 115 0.6094873269301974 1470 
526 690 126 0.3457459492302124 1090 
527 690 111 0.38189723348858484 1497 
528 690 121 0.4649711081234535 1155 
529 690 121 0.6978804322839852 1098 
530 690 118 0.013289771782180092 765 
531 690 122 0.5189551366381369 1465 
532 690 127 0.11396154493247257 1110 
533 692 114 0.8599262069282223 948 
534 692 125 0.210631118215112 1211 
535 692 119 0.2160809451624789 1203 
536 692 108 0.8207746589140105 616 
537 692 108 0.8119802510379688 991 
538 692 121 0.7105987489640903 860 
539 692 109 0.41220518408351386 645 
540 692 122 0.5700199028980694 612 
541 700 108 0.8204448145775177 661 
542 700 110 0.48933759901565455 971 
543 700 115 0.08230088201136232 1022 
544 700 113 0.46294692174485425 1026 
545 700 117 0.3612467861767481 1048 
546 700 123 0.08591667758435625 790 
547 700 118 0.6570110805159242 1196 
548 700 116 0.37567840742742603 1306 
549 700 120 0.7221321606304513 1369 
550 702 125 0.8790644647648509 861 
551 702 113 0.10136929327619333 897 
552 702 112 0.19624020801903555 1161 
553 702 116 0.6612065573556587 1373 
554 702 109 0.23272840002854694 775 
555 702 116 0.07356612549922673 1353 
556 702 114 0.5708655522954232 818 
557 702 111 0.704264709537745 1046 
558 702 107 0.8516342356809504 842 
559 702 109 0.2554938567253801 590 
560 702 108 0.8515782838725948 860 
561 711 121 0.04133779598895823 867 
562 711 108 0.31477256386875224 805 
563 711 126 0.5981947108806244 1311 
564 711 108 0.7556855320891932 675 
565 711 108 0.176056901204011 1523 
566 711 114 0.7413102649581771 1345 
567 711 108 0.5631247740496068 852 
568 711 122 0.5066690032858364 1172 
569 711 118 0.14477861111981705 786 
570 711 127 0.25924498165873644 920 
571 720 110 0.5145717822727732 1432 
572 720 114 0.49929812108105925 738 
573 720 111 0.5498973732035022 770 
574 720 127 0.5729971909206892 559 
575 720 121 0.385812343624237 1118 
576 720 122 0.21903337514693955 636 
577 720 120 0.5410640110518519 776 
578 720 116 0.2213378795043729 844 
579 721 115 0.0833249247434126 683 
580 721 126 0.27514856169227625 1185 
581 721 110 0.4829288144493143 801 
582 721 127 0.20729565015599247 1522 
583 721 109 0.42468359374338255 1305 
584 721 115 0.19760533666881896 1201 
585 721 125 0.04943496316857718 609 
586 721 122 0.3259205759759226 1381 
587 721 121 0.41150061487064976 707 
588 721 111 0.07722487239707944 773 
589 723 118 0.8927678545900867 1056 
590 723 114 0.382701222976602 1404 
591 723 114 0.17535101988626164 1079 
592 723 108 0.8749391036470117 876 
593 723 120 0.7672137029761106 943 
594 723 124 0.16617983180032095 1042 
595 723 121 0.06530565444611021 1297 
596 723 111 0.0825794036062702 1377 
597 723 109 0.40910137745299474 1120 
598 731 124 0.1379165060032473 1353 
599 731 112 0.39217541062263744 540 
600 731 116 0.515997268919128 816 
601 731 126 0.29232856878920616 1413 
602 731 117 0.688422666952389 1302 
603 731 121 0.3458700311804189 581 
604 731 108 0.6612711459016689 640 
605 731 112 0.7347755342446087 647 
606 737 127 0.7205965429607776 1305 
607 737 109 0.5480423035169876 584 
608 737 112 0.17196103585297348 1346 
609 737 114 0.34658508379484865 581 
610 737 126 0.8832788297377685 1135 
611 737 123 0.8982444474044231 1092 
612 737 113 0.2468900538661826 871 
613 737 121 0.6608285475099912 1096 
614 737 116 0.8742706693266372 791 
615 737 116 0.14593895247350386 548 
616 737 127 0.8128896413593019 775 
617 737 116 0.292198591661102 999 
618 757 108 0.13297089019493083 1393 
619 757 119 0.5982494538505877 1253 
620 757 110 0.7880189117887492 1060 
621 757 117 0.27400555143430894 594 
622 757 119 0.3227059739687961 1208 
623 757 110 0.737603254789437 949 
624 757 120 0.818305097045313 1501 
625 757 115 0.5103030450610068 994 
626 757 125 0.8689566167647311 625 
627 757 127 0.6198551308193864 585 
628 757 110 0.38499480453285123 811 
629 757 125 0.7277792264892825 878 
630 758 118 0.3363668667865619 580 
631 758 113 0.7991231362203937 1190 
632 758 120 0.6630201619896933 1508 
633 758 108 0.8045404995540267 858 
634 758 113 0.40934691756322605 1132 
635 758 115 0.5964396821448764 1495 
636 758 113 0.6727200453392944 1056 
637 758 112 0.4040049720874662 813 
638 758 121 0.8547402702638851 1391 
639 758 116 0.5690460089514453 950 
640 758 111 0.588572731196447 1388 
641 758 119 0.7041950710103292 1264 
642 761 111 0.3270841026697252 529 
643 761 125 0.5432042731698594 695 
644 761 113 0.11734322735649304 1473 
645 761 121 0.40701446740646224 1106 
646 761 108 0.6621749502175337 1111 
647 761 120 0.09984446695179142 1320 
648 761 115 0.7316364112534838 543 
649 761 112 0.18471163641530886 1212 
650 761 125 0.3173011986130654 749 
651 766 108 0.1940953987620934 736 
652 766 126 0.41075291291235094 962 
653 766 127 0.0402281353134187 887 
654 766 113 0.768684569580943 1513 
655 766 116 0.6189647307541833 1286 
656 766 126 0.268832083784785 597 
657 766 114 0.7270180401124944 1097 
658 766 116 0.3109729054931957 832 
659 766 111 0.5648197999586845 1348 
660 769 109 0.09494265565640171 1468 
661 769 122 0.6807538037901101 1119 
662 769 120 0.09704745661404302 1240 
663 769 123 0.06519030714932567 917 
664 769 120 0.11991575535389427 1412 
665 769 124 0.5726587467131047 1401 
666 769 122 0.3578786415696956 707 
667 769 115 0.07333188740817205 1232 
668 769 110 0.2191721990885951 1188 
669 790 107 0.37333013346145216 746 
670 790 115 0.20315072756981886 903 
671 790 125 0.04916333165219668 592 
672 790 121 0.5526374411778274 1032 
673 790 117 0.09098075831650687 629 
674 790 115 0.6452346499033018 664 
675 790 118 0.13731981318485484 543 
676 790 110 0.18066047284745554 1400 
677 790 113 0.5318824391563398 1068 
678 790 116 0.5954559476040873 817 
679 802 126 0.03227705857413195 914 
680 802 121 0.35744543570169446 957 
681 802 116 0.6704759457666537 1067 
682 802 116 0.7897988058254677 1120 
683 802 107 0.6554854561720875 1354 
684 802 115 0.751032158438669 1404 
685 802 112 0.16407485484433804 952 
686 802 125 0.6636765212457679 681 
687 802 115 0.26388525935170826 1136 
688 802 110 0.14239628241678282 791 
689 802 123 0.5852975494868892 1259 
690 845 114 0.8662031654431385 648 
691 845 107 0.7605907848297258 972 
692 845 123 0.8933022884957262 1473 
693 845 119 0.09636557688533008 1222 
694 845 119 0.08478050281112752 700 
695 845 116 0.604771676274663 976 
696 845 124 0.15146862779251483 734 
697 845 125 0.12943686635511956 713 
698 845 110 0.21820996492274658 1310 
699 845 115 0.374792144082915 1477 
700 847 116 0.5753002562939629 1155 
701 847 113 0.7205878365732822 707 
702 847 116 0.16506522723273537 870 
703 847 114 0.8833132617222381 1028 
704 847 123 0.422222828130577 1128 
705 847 113 0.4877737031901698 1372 
706 847 127 0.32514076672043635 940 
707 847 127 0.8531345348874987 1391 
708 847 115 0.8759488521245092 678 
709 847 107 0.5464107051561362 649 
710 847 125 0.5124639016663471 979 
711 848 127 0.6067809805221795 1348 
712 848 111 0.2076377138179411 871 
713 848 126 0.20715581164887167 1101 
714 848 118 0.1176414380067217 1053 
715 848 107 0.5430364491084292 1414 
716 848 122 0.018416133959404817 999 
717 848 120 0.5397824548534855 928 
718 848 116 0.287390295986305 546 
719 848 121 0.2525417587826062 1070 
720 864 109 0.11217627311851487 1173 
721 864 125 0.7121997709491488 1201 
722 864 120 0.7137309616187483 1452 
723 864 107 0.661904422681938 639 
724 864 119 0.33446224979855943 925 
725 864 116 0.5371675788743767 1294 
726 864 113 0.7915646656197879 821 
727 864 109 0.7139935652325494 1120 
728 864 113 0.4052758162064753 1449 
729 874 123 0.6485835186092693 754 
730 874 117 0.7543982603171583 1481 
731 874 127 0.12317776118387568 908 
732 874 119 0.08615833554043428 584 
733 874 118 0.1410072091141943 767 
734 874 122 0.27476202888376566 1341 
735 874 127 0.36062900791982533 1253 
736 874 119 0.2647846225951776 1338 
737 896 107 0.7462579699976362 540 
738 896 113 0.07977828707209414 1423 
739 896 124 0.16194659974810585 627 
740 896 108 0.6436215346409184 1330 
741 896 118 0.45474492184061027 849 
742 896 116 0.3972814712292477 1226 
743 896 122 0.6554212774994961 991 
744 896 116 0.10026815211185075 1198 
745 899 122 0.14762238206924258 1514 
746 899 111 0.8563398643293268 1149 
747 899 115 0.4612870334177577 1285 
748 899 124 0.24101018822965325 783 
749 899 127 0.7919447751415051 838 
750 899 112 0.07471500693461433 1254 
751 899 114 0.7856094509015895 742 
752 899 113 0.41089573532971735 1055 
753 899 125 0.7008916071241391 917 
754 899 116 0.09961305310631244 1396 
755 899 125 0.3718691305594273 666 
756 899 108 0.6925303260675985 819 
757 906 127 0.5030942908646231 1185 
758 906 119 0.020367174020362058 629 
759 906 108 0.0766619094607559 1367 
760 906 118 0.8564070424586606 739 
761 906 118 0.345470077057784 942 
762 906 110 0.022065495533856925 1308 
763 906 118 0.18043563089834896 1057 
764 906 123 0.10875970195732797 889 
765 906 125 0.27158355033799175 627 
766 907 113 0.03895363439503896 663 
767 907 113 0.5549956305632022 1122 
768 907 120 0.8826999355005861 796 
769 907 112 0.13575643027303863 937 
770 907 117 0.6237500378422609 1392 
771 907 110 0.22907294710279497 1483 
772 907 121 0.1756229181915907 1003 
773 907 115 0.784155069680689 1178 
774 907 118 0.7676952812549499 1317 
775 907 115 0.7830194782222815 942 
776 907 122 0.0758850569265537 910 
777 907 110 0.8598323288765719 1141 
778 909 113 0.1294373046605481 1280 
779 909 127 0.14102919253624088 1074 
780 909 116 0.273863946769389 795 
781 909 111 0.3432347971061439 874 
782 909 116 0.8330105104298717 1491 
783 909 116 0.2309768280382854 1524 
784 909 118 0.42848531610042234 1501 
785 909 127 0.5710117349630878 1297 
786 909 113 0.10888355225594219 1190 
787 909 115 0.6687549750802115 1123 
788 909 115 0.43117200405700945 864 
789 909 110 0.8947072852398855 1390 
790 927 122 0.14155957569084437 709 
791 927 115 0.661424139461124 984 
792 927 117 0.7223442004692942 1165 
793 927 107 0.053840931718925004 837 
794 927 119 0.8987623014830205 1274 
795 927 127 0.20537800078825244 704 
796 927 127 0.8288090954384759 1295 
797 927 117 0.5544315736377146 1027 
798 927 123 0.40928134260914745 1138 
799 927 122 0.030627188400332205 1307 
800 927 109 0.021856678614637637 936 
801 927 125 0.8340069012201108 1488 
802 936 126 0.36759734276908035 1240 
803 936 120 0.019093952530538576 1012 
804 936 125 0.708614893895798 1123 
805 936 114 0.4620929398983593 1364 
806 936 122 0.5572080729111881 1084 
807 936 122 0.6242292411574414 1360 
808 936 126 0.6744832079125435 1488 
809 936 115 0.3730863799554927 1482 
810 936 110 0.8216017765629261 1491 
811 936 123 0.8171418371009345 1404 
812 938 109 0.7989356390680431 1355 
813 938 107 0.04771713344079853 1328 
814 938 123 0.6998273212146792 920 
815 938 127 0.19545062444579756 1016 
816 938 122 0.6215986820852316 1047 
817 938 107 0.3859558697251124 858 
818 938 107 0.822132861222235 830 
819 938 108 0.013583779929548798 776 
820 938 118 0.3538073358324796 1403 
821 938 123 0.3535898504466964 1185 
822 948 119 0.5047321931115365 1271 
823 948 116 0.08984775039440156 1463 
824 948 125 0.08313145120017026 920 
825 948 108 0.48970705510472695 1313 
826 948 126 0.33706114667253395 1088 
827 948 117 0.14782515226281712 1350 
828 948 115 0.7833316581015923 562 
829 948 126 0.2630667501375443 1048 
830 948 112 0.7318817497583769 1034 
831 948 107 0.3660299349485879 1514 
832 948 114 0.2725399296830921 1107 
833 948 116 0.2097220712882807 1240 
834 956 114 0.5566991236663074 805 
835 956 114 0.896691065439658 1399 
836 956 114 0.7865196890494652 1398 
837 956 113 0.02389723094112256 642 
838 956 113 0.6148724459917978 1131 
839 956 126 0.35240061622442626 800 
840 956 126 0.2707079661706656 1483 
841 956 119 0.8494712892627457 1206 
842 956 120 0.21441531142305767 1065 
843 956 127 0.3088443189647325 1496 
844 956 127 0.7802474340073224 1446 
845 965 124 0.8894924993007346 1471 
846 965 109 0.8884119501447508 1202 
847 965 113 0.59679495548327 1067 
848 965 118 0.48244304320910014 852 
849 965 113 0.6499743382372744 1227 
850 965 119 0.8329908796940622 1289 
851 965 112 0.1429695929124107 702 
852 965 118 0.60252944060774 602 
853 965 118 0.22803906321050416 799 
854 965 120 0.50922033384669 1143 
855 965 110 0.7530680061031977 983 
856 975 116 0.1456188622988665 1058 
857 975 112 0.24225003330761508 628 
858 975 121 0.3010709352845508 1210 
859 975 122 0.3462510735783512 657 
860 975 123 0.2805928712119536 1050 
861 975 109 0.1625792768254941 1275 
862 975 124 0.7274525289563843 1052 
863 975 121 0.5907257881571621 1386 
864 982 115 0.8186102496692068 826 
865 982 119 0.6631593463032522 1087 
866 982 112 0.38306747108570105 1049 
867 982 122 0.22494899178444974 1196 
868 982 109 0.42159740959623593 911 
869 982 127 0.032784367317922974 1066 
870 982 107 0.08572528343349957 1391 
871 982 114 0.10532500854440867 1348 
872 982 123 0.08195420371201556 533 
873 982 119 0.707490641375417 1069 
874 983 113 0.17143980001144005 1180 
875 983 127 0.02393275057735286 865 
876 983 119 0.12170156358976558 1235 
877 983 118 0.5964516279496035 981 
878 983 121 0.7201096370675859 1175 
879 983 107 0.8850579208667173 581 
880 983 112 0.4308714476635552 846 
881 983 114 0.2399651633272421 1360 
882 983 113 0.4116916474626553 1446 
883 983 119 0.6286777955836771 613 
884 983 112 0.06558448033280162 845 
885 983 121 0.26054460581285993 676 
886 984 110 0.17801796606081083 1259 
887 984 123 0.027769365318741766 1056 
888 984 122 0.6494304282851807 1070 
889 984 122 0.07671078649108194 817 
890 984 127 0.4014147380278608 843 
891 984 114 0.170953171628798 1056 
892 984 119 0.012722991271442148 1293 
893 984 112 0.3500868411560158 765 
894 984 113 0.8186990626995112 540 
895 984 125 0.2918828051269842 1478 
896 1005 122 0.6586789643584345 897 
897 1005 122 0.10544073959620825 879 
898 1005 109 0.20628703458839576 1022 
899 1005 111 0.038554417256170176 1104 
900 1005 120 0.6021326316639125 1332 
901 1005 124 0.6004138821942353 1499 
902 1005 107 0.8414879679323184 1354 
903 1005 117 0.7064991619397537 1305 
904 1005 125 0.41844618611474516 778 
905 1005 122 0.2816169489265347 1148 
906 1034 116 0.6000058842223732 884 
907 1034 116 0.13091483031976472 1040 
908 1034 113 0.758130230522191 1459 
909 1034 127 0.7478181446772479 555 
910 1034 120 0.8632743192806972 1226 
911 1034 110 0.39496817708187604 625 
912 1034 114 0.22280125078212076 931 
913 1034 108 0.43919659879733725 1097 
914 1034 125 0.7560028830770935 1324 
915 1034 113 0.8891430421986225 1429 
916 1034 123 0.3014857052285137 616 
917 1038 117 0.6763431626443485 832 
918 1038 116 0.12471642471374578 1366 
919 1038 126 0.5417388989334319 1508 
920 1038 113 0.5355624718215879 779 
921 1038 116 0.5291407919590271 1018 
922 1038 108 0.3786909111913926 1352 
923 1038 114 0.5615740071266724 1197 
924 1038 107 0.510743684768804 1237 
925 1038 114 0.8523452627402076 1193 
926 1045 116 0.5701068775587871 1356 
927 1045 107 0.1693178103638409 877 
928 1045 110 0.6970244425330867 645 
929 1045 121 0.5740826194172167 920 
930 1045 119 0.3632304958498568 1357 
931 1045 121 0.22245380673877424 1394 
932 1045 115 0.8094509910050491 684 
933 1045 117 0.2851001916907194 1320 
934 1045 113 0.032520041006383 632 
935 1045 114 0.8740049585153513 583 
936 1056 111 0.22506471422583318 1178 
937 1056 122 0.4960853721393737 947 
938 1056 112 0.2621058375573665 882 
939 1056 114 0.5919129537279864 739 
940 1056 124 0.4218297700705886 577 
941 1056 121 0.4805676517834346 889 
942 1056 119 0.7033700858380068 1087 
943 1056 123 0.19476150044675788 1159 
944 1056 123 0.025908978128537756 795 
945 1056 127 0.3130540158627004 839 
946 1056 127 0.42236824633557996 1194 
947 1057 116 0.8650323310449752 1231 
948 1057 121 0.5933476822972755 1424 
949 1057 111 0.19714115322757036 972 
950 1057 127 0.34475510840384016 948 
951 1057 121 0.5768614294099412 722 
952 1057 124 0.10490159291809083 1497 
953 1057 123 0.8182166970956891 783 
954 1057 107 0.5922366548025662 917 
955 1057 115 0.6011656683428168 565 
956 1058 110 0.6868319712320226 655 
957 1058 112 0.06491749692504659 1184 
958 1058 124 0.7732010191066977 882 
959 1058 110 0.1283953283094946 966 
960 1058 109 0.6342413045882773 1139 
961 1058 122 0.5373660029170146 1179 
962 1058 116 0.053054821878699 1365 
963 1058 126 0.5205180287673021 974 
964 1058 124 0.6207679322249761 1266 
965 1076 120 0.550493808250286 1289 
966 1076 114 0.37420151891927456 860 
967 1076 111 0.8742564871661164 1216 
968 1076 111 0.6898644355393301 777 
969 1076 115 0.04302286051017027 999 
970 1076 126 0.3856941596236415 1350 
971 1076 123 0.28206700870933527 1528 
972 1076 121 0.7789831868959681 1519 
973 1076 116 0.07947793261977353 756 
974 1087 124 0.6539765457294173 559 
975 1087 111 0.16968457041639565 1392 
976 1087 121 0.8813083492942636 622 
977 1087 109 0.33496332396440626 1213 
978 1087 112 0.07218381086822162 1420 
979 1087 113 0.49529361129992555 544 
980 1087 111 0.1798201199458038 1389 
981 1087 125 0.3751093294221198 1117 
982 1117 108 0.10891320284789621 582 
983 1117 119 0.46864733619739035 706 
984 1117 116 0.0713089386055195 529 
985 1117 124 0.5105922375276493 803 
986 1117 113 0.691396390825531 597 
987 1117 115 0.34867038079731066 1308 
988 1117 122 0.24336658052839177 962 
989 1117 112 0.8004821172982606 1437 
990 1117 114 0.14924190994792016 652 
991 1117 110 0.16885589634825343 1291 
992 1117 108 0.02360718822541058 1414 
993 1117 112 0.18784341474299432 1154 
994 1118 115 0.21091676765357908 1475 
995 1118 115 0.08194135783153925 838 
996 1118 120 0.08928380460764211 1046 
997 1118 115 0.09968159042397788 1092 
998 1118 121 0.8557080226738951 1406 
999 1118 108 0.05197337933152262 752 
1000 1118 124 0.8029884512229921 698 
1001 1118 109 0.033661525744621536 1052 
1002 1118 126 0.06936596844478153 768 
1003 1118 126 0.7632670494331838 1169 
1004 1118 121 0.8568012692160686 631 
1005 1126 117 0.5310142173730658 824 
1006 1126 111 0.08505042652990401 691 
1007 1126 116 0.06091015700912196 644 
1008 1126 116 0.4852206682596439 1187 
1009 1126 120 0.37216368321414595 827 
1010 1126 124 0.6914430237489844 1199 
1011 1126 124 0.23702793055088708 1086 
1012 1126 127 0.6734878568376299 1262 
1013 1127 114 0.2204127521028127 828 
1014 1127 117 0.21305248778425698 808 
1015 1127 121 0.6395914535969855 1036 
1016 1127 121 0.42612732821570465 1226 
1017 1127 124 0.2744169135124434 1191 
1018 1127 109 0.5885937320850685 638 
1019 1127 116 0.28865338774365135 1207 
1020 1127 109 0.5779718228938029 1099 
1021 1127 112 0.15660811527663546 714 
1022 1127 107 0.7559795349271657 1371 
1023 1127 112 0.16934797799866846 730 
1024 1127 127 0.7324212575176016 1293 
1025 1139 127 0.626460978682158 1414 
1026 1139 113 0.27872786918256076 1055 
1027 1139 115 0.7652438237013066 1335 
1028 1139 114 0.3250103353559234 812 
1029 1139 112 0.5967385878469565 1343 
1030 1139 126 0.472111100631067 705 
1031 1139 119 0.011372473956096207 1084 
1032 1139 110 0.21007909319496995 1047 
1033 1139 122 0.5588886392426181 904 
1034 1149 119 0.2085308677938474 729 
1035 1149 121 0.4043534555305176 984 
1036 1149 122 0.8417606636805809 1518 
1037 1149 126 0.44431202493034494 1262 
1038 1149 109 0.1131772900601667 1108 
1039 1149 126 0.719843855817382 545 
1040 1149 118 0.6075117690826989 798 
1041 1149 122 0.3622769350503354 613 
1042 1149 127 0.3280114871097774 983 
1043 1149 107 0.47655298696556453 690 
1044 1149 121 0.5360386031192936 775 
1045 1151 108 0.4633473890970045 684 
1046 1151 118 0.44741006028841224 1391 
1047 1151 124 0.24808181206697094 959 
1048 1151 121 0.1519427169112487 589 
1049 1151 107 0.2736138185292356 1054 
1050 1151 120 0.8861120717214507 609 
1051 1151 116 0.7186290908612728 1480 
1052 1151 109 0.4677425296154651 1242 
1053 1151 124 0.789143843538485 1489 
1054 1151 117 0.375826136215218 1516 
1055 1151 119 0.883110532237691 884 
1056 1170 120 0.7270231303580854 1199 
1057 1170 108 0.7529680805958263 920 
1058 1170 117 0.29560537824357147 1244 
1059 1170 126 0.20668468617703115 1253 
1060 1170 122 0.20622497367068146 902 
1061 1170 123 0.5685646789105108 1402 
1062 1170 111 0.5614928889972707 710 
1063 1170 124 0.212675707725772 978 
1064 1171 113 0.5492043680861899 773 
1065 1171 112 0.6780998790326389 1513 
1066 1171 113 0.3593608205731888 540 
1067 1171 123 0.42784456031834944 753 
1068 1171 113 0.2807445271381 883 
1069 1171 112 0.7839951139716341 667 
1070 1171 126 0.5770751388894654 689 
1071 1171 108 0.660258648828247 1458 
1072 1171 115 0.39881945457218304 1091 
1073 1171 120 0.07543494310870917 1167 
1074 1171 117 0.7497725755852065 1390 
1075 1171 122 0.5933218146194384 1469 
1076 1180 109 0.36167814933899795 1363 
1077 1180 115 0.5336414896265913 1096 
1078 1180 118 0.8738853630800761 1086 
1079 1180 119 0.12921094015172016 858 
1080 1180 120 0.8650457920829531 1469 
1081 1180 107 0.36997412614161773 1476 
1082 1180 111 0.04884274061002113 1037 
1083 1180 118 0.6410922418623574 938 
1084 1180 117 0.5995758057495545 1285 
1085 1180 122 0.6285433958220882 1367 
1086 1180 124 0.8162300918907617 1012 
1087 1190 126 0.7647759675838388 1390 
1088 1190 113 0.09135009563409431 1322 
1089 1190 120 0.4942315312449206 632 
1090 1190 116 0.6695257791034088 948 
1091 1190 124 0.7182427536849623 972 
1092 1190 124 0.8626387844116098 1030 
1093 1190 112 0.06579148401738173 982 
1094 1190 117 0.7311969453676491 1131 
1095 1192 114 0.5286967140336528 1081 
1096 1192 123 0.8707287751424271 777 
1097 1192 127 0.7234903525229467 531 
1098 1192 124 0.424581770337477 1060 
1099 1192 114 0.07296384081528488 1283 
1100 1192 125 0.8772007848732237 770 
1101 1192 109 0.043450061054634906 1024 
1102 1192 107 0.733653299406701 666 
1103 1192 116 0.31486171909763655 870 
1104 1192 121 0.43597289456710553 956 
1105 1192 120 0.6264646990931338 949 
1106 1195 123 0.36803851563836354 657 
1107 1195 111 0.24224974197813323 575 
1108 1195 121 0.8169687738752909 1135 
1109 1195 124 0.3899255235122233 1519 
1110 1195 118 0.8430714143575262 767 
1111 1195 124 0.012320448386465305 1503 
1112 1195 117 0.3349349207062877 903 
1113 1195 127 0.4643582112327 831 
1114 1195 124 0.13668759675715603 899 
1115 1195 111 0.4903467310647239 1505 
1116 1195 125 0.5555790990451018 873 
1117 1208 113 0.08488236899237744 1213 
1118 1208 123 0.31378462767612086 1257 
1119 1208 120 0.02068210654221428 566 
1120 1208 125 0.11478605709755442 1042 
1121 1208 112 0.8038111990081602 1395 
1122 1208 120 0.5792408008548531 1026 
1123 1208 123 0.49925978513236946 1206 
1124 1208 114 0.3699171363160198 873 
1125 1208 118 0.6090284157489764 813 
1126 1209 120 0.5079450019738911 1329 
1127 1209 108 0.709580137961914 1333 
1128 1209 117 0.5266769380039887 775 
1129 1209 126 0.5603078591492413 1260 
1130 1209 119 0.8946541470213132 1131 
1131 1209 119 0.3930574164718024 579 
1132 1209 113 0.8897827808600621 1226 
1133 1209 114 0.268742527004554 1516 
1134 1209 111 0.809810361325497 749 
1135 1209 111 0.40707164043376426 1087 
1136 1209 114 0.029506071830426243 642 
1137 1209 112 0.33780958662808525 885 
1138 1210 127 0.7477615136236929 740 
1139 1210 111 0.6980900130414304 1258 
1140 1210 125 0.2558701359948766 1470 
1141 1210 111 0.4109611346737758 1023 
1142 1210 119 0.26923297670691526 1123 
1143 1210 127 0.4065850543372141 1316 
1144 1210 110 0.5050850198991783 946 
1145 1210 117 0.5544377612352427 1245 
1146 1210 120 0.8517612085203993 719 
1147 1210 123 0.05809641623693461 1072 
1148 1210 113 0.8682833292278028 1051 
1149 1217 127 0.6882419157519817 1173 
1150 1217 120 0.24852429527787312 674 
1151 1217 124 0.6118504196539581 583 
1152 1217 113 0.5142835475218637 623 
1153 1217 114 0.8870766356999417 1491 
1154 1217 112 0.06395267173699606 940 
1155 1217 121 0.33200785861677934 1177 
1156 1217 127 0.46096319270784364 1360 
1157 1217 124 0.4340056675515146 694 
1158 1217 124 0.8513013878873756 1512 
1159 1217 107 0.4822543033941767 1196 
1160 1217 114 0.22222111504652867 715 
1161 1219 125 0.8744754734750863 1151 
1162 1219 109 0.5264951295046925 1125 
1163 1219 118 0.6876219729076931 971 
1164 1219 116 0.7960689353707411 603 
1165 1219 111 0.17215746665905252 1388 
1166 1219 122 0.12699037784255401 910 
1167 1219 110 0.09022690138154163 694 
1168 1219 108 0.1926263308904878 795 
1169 1219 110 0.7824207137883717 1422 
1170 1247 113 0.3853213026673119 1496 
1171 1247 121 0.20872615448979334 1409 
1172 1247 118 0.4263342031830888 1016 
1173 1247 114 0.7665064301018346 622 
1174 1247 111 0.6650395026767489 1097 
1175 1247 119 0.3347464670555926 1385 
1176 1247 127 0.603102641828132 839 
1177 1247 121 0.011317925909587025 569 
1178 1247 118 0.06728280225821114 936 
1179 1247 109 0.3111394708016387 1383 
1180 1266 112 0.02984474271799619 1469 
1181 1266 111 0.7148092482816689 1205 
1182 1266 126 0.27071435457641757 554 
1183 1266 124 0.07721350060371698 784 
1184 1266 114 0.6183733729740918 1062 
1185 1266 112 0.8312056481677194 1254 
1186 1266 124 0.08723575944724253 640 
1187 1266 115 0.8614125973336832 1388 
1188 1266 111 0.1409063836370019 1053 
1189 1266 123 0.16052014568016182 830 
1190 1267 118 0.3630605944844328 556 
1191 1267 118 0.660708326264868 1137 
1192 1267 110 0.8143843488223202 662 
1193 1267 122 0.7846762341971604 599 
1194 1267 114 0.08135361037254127 1250 
1195 1267 116 0.8473937158670493 1067 
1196 1267 107 0.7062421422972228 1227 
1197 1267 119 0.6376837324778439 542 
1198 1267 116 0.5143795152037262 1376 
1199 1267 114 0.34618388105685866 1004 
1200 1268 121 0.27199304740525626 558 
1201 1268 116 0.47913424173476415 1252 
1202 1268 117 0.7837256288737815 1176 
1203 1268 111 0.87050095065808 792 
1204 1268 119 0.8450663463770679 934 
1205 1268 114 0.10682081996422514 1477 
1206 1268 124 0.23460587178296718 1111 
1207 1268 110 0.541800868348137 867 
1208 1274 127 0.18876964453788264 791 
1209 1274 113 0.05365552709469218 1130 
1210 1274 120 0.48918525198798996 979 
1211 1274 126 0.8514002807833071 1493 
1212 1274 123 0.3300539010199715 1176 
1213 1274 123 0.6284538143335533 1265 
1214 1274 121 0.139088638793254 1010 
1215 1274 118 0.09016422047524249 721 
1216 1274 123 0.814178433895351 1064 
1217 1275 116 0.5308496443405794 1241 
1218 1275 126 0.13760337689282565 1478 
1219 1275 109 0.4572303531099398 690 
1220 1275 123 0.04863315274787691 898 
1221 1275 118 0.76531113688097 1302 
1222 1275 122 0.02213238696551602 813 
1223 1275 123 0.8532303340462944 692 
1224 1275 119 0.4455217640690488 746 
1225 1275 118 0.5796330835464368 794 
1226 1275 111 0.27873064398719405 1337 
1227 1275 113 0.6722037527192353 550 
1228 1276 111 0.6533998864236936 1351 
1229 1276 111 0.2776762058767424 1357 
1230 1276 120 0.6401332656861313 1361 
1231 1276 121 0.2464684058911292 1413 
1232 1276 107 0.536516289842172 715 
1233 1276 123 0.8904468210870647 717 
1234 1276 116 0.38310758774710985 686 
1235 1276 127 0.06425593040722383 1293 
1236 1276 117 0.22743841483863672 1013 
1237 1285 109 0.5345970191870053 1356 
1238 1285 109 0.5543775960480051 1436 
1239 1285 108 0.2902405756397398 835 
1240 1285 119 0.5552715983937777 1364 
1241 1285 109 0.6842032053115206 1337 
1242 1285 112 0.7406215608588522 1504 
1243 1285 124 0.6689797030029078 995 
1244 1285 108 0.09344109221928966 540 
1245 1285 112 0.1155739349814504 881 
1246 1303 110 0.8000090559007226 957 
1247 1303 120 0.2082371925633733 1386 
1248 1303 109 0.7063397364081904 1150 
1249 1303 109 0.34897472778599636 724 
1250 1303 110 0.6208711569300702 910 
1251 1303 112 0.4434170163891453 1116 
1252 1303 126 0.47593815976514653 1152 
1253 1303 117 0.52484723932099 537 
1254 1303 122 0.2862963643654251 643 
1255 1303 112 0.07340811134966822 911 
1256 1311 109 0.11818083799787682 1017 
1257 1311 112 0.6290707168759119 1124 
1258 1311 108 0.8045730193520949 891 
1259 1311 107 0.19258051999642073 1075 
1260 1311 110 0.43258243888760833 1338 
1261 1311 118 0.43866150634173895 1211 
1262 1311 125 0.3443078684704154 597 
1263 1311 126 0.6614277394035382 1490 
1264 1311 125 0.4353511838303756 942 
1265 1311 121 0.09134776257617244 594 
1266 1320 119 0.011050318701291022 648 
1267 1320 109 0.0972375709383344 901 
1268 1320 127 0.5419809170420019 1412 
1269 1320 119 0.6513355574911178 899 
1270 1320 110 0.4252386851118428 650 
1271 1320 110 0.6479796885293654 530 
1272 1320 114 0.27022538539986707 1192 
1273 1320 115 0.6992218605077273 1469 
1274 1330 122 0.3128170050818069 1326 
1275 1330 114 0.3511221987632579 770 
1276 1330 119 0.22800717864093364 1325 
1277 1330 110 0.4641809392898301 958 
1278 1330 122 0.6702435459150692 1134 
1279 1330 125 0.17078507209296873 1005 
1280 1330 126 0.10905790478780425 615 
1281 1330 121 0.4615428288979751 1410 
1282 1330 127 0.6857331259616891 1396 
1283 1330 114 0.13282737767566055 1124 
1284 1330 118 0.4486345858910972 1158 
1285 1341 108 0.26405597299375755 1184 
1286 1341 127 0.011980310916907206 843 
1287 1341 114 0.24192637646176574 1207 
1288 1341 124 0.2680436999565027 1348 
1289 1341 108 0.12100492733027635 971 
1290 1341 121 0.43949673528479605 1205 
1291 1341 125 0.2100920159773001 1126 
1292 1341 113 0.6496544732102498 757 
1293 1341 111 0.17134228347423597 858 
1294 1348 114 0.039798542882783526 1403 
1295 1348 108 0.5189752255781529 1280 
1296 1348 108 0.4969124941931155 1129 
1297 1348 123 0.8497301139494542 987 
1298 1348 111 0.20326320551147298 748 
1299 1348 116 0.5838316764994266 840 
1300 1348 124 0.08369316935723026 1411 
1301 1348 125 0.44092961093177924 701 
1302 1348 116 0.6486260916975981 844 
1303 1378 111 0.7148978460846389 907 
1304 1378 120 0.3129862100268828 1459 
1305 1378 114 0.6994301469192971 1292 
1306 1378 114 0.25295895061013196 871 
1307 1378 117 0.1825832011937005 1066 
1308 1378 120 0.5075308122125726 724 
1309 1378 119 0.5277719850845857 1004 
1310 1378 117 0.6123098362220777 1309 
1311 1379 121 0.21912400842237217 1222 
1312 1379 119 0.12062277076055643 749 
1313 1379 114 0.8104106727551192 862 
1314 1379 117 0.5206542575838027 973 
1315 1379 114 0.3715302530787407 581 
1316 1379 109 0.1749245804755547 1450 
1317 1379 120 0.22121543720754852 851 
1318 1379 127 0.628053128712753 1082 
1319 1379 114 0.21775544626627402 816 
1320 1389 113 0.01693374169726875 1172 
1321 1389 119 0.8533707980254208 706 
1322 1389 120 0.2956975701342114 1138 
1323 1389 121 0.16474975928966965 1080 
1324 1389 114 0.774510692084453 1500 
1325 1389 127 0.24005730874098102 713 
1326 1389 118 0.8496516740283708 1496 
1327 1389 120 0.4824921835759367 1237 
1328 1389 109 0.1703550821240388 1072 
1329 1389 121 0.874645928375706 931 
1330 1412 123 0.19550633344191395 1292 
1331 1412 109 0.24544010305370945 1406 
1332 1412 120 0.5737632838846315 671 
1333 1412 110 0.7022984807178811 1333 
1334 1412 121 0.40133903578768615 1008 
1335 1412 112 0.4618040922035873 566 
1336 1412 111 0.09512376689540442 571 
1337 1412 125 0.21666182116713686 905 
1338 1412 122 0.216396919137452 1044 
1339 1412 126 0.8530303508149993 668 
1340 1413 127 0.5436259593351392 1089 
1341 1413 119 0.1270119485165367 1136 
1342 1413 121 0.8994443246152339 727 
1343 1413 109 0.010524081701492133 1056 
1344 1413 111 0.4246207351022675 545 
1345 1413 127 0.05421492375372815 1466 
1346 1413 126 0.3910910472137031 576 
1347 1413 112 0.13234163065420848 1513 
1348 1414 122 0.14719718936971027 1519 
1349 1414 125 0.08702522495557229 1094 
1350 1414 111 0.3472040050233656 1026 
1351 1414 117 0.6183973042176882 1356 
1352 1414 115 0.8523213215003587 677 
1353 1414 127 0.08040153963979328 1124 
1354 1414 119 0.34774320547844545 1510 
1355 1414 121 0.40105084738404817 692 
1356 1414 125 0.4354151127208873 1269 
1357 1414 108 0.5300149685842324 1101 
1358 1414 126 0.06372590838644832 639 
1359 1415 113 0.5251593604364467 591 
1360 1415 108 0.09775423278110103 556 
1361 1415 116 0.45706659896565055 1224 
1362 1415 112 0.6857998816510888 1153 
1363 1415 119 0.691530028862543 572 
1364 1415 127 0.22670415933961144 1312 
1365 1415 108 0.12925957993098325 1156 
1366 1415 114 0.37650131574664736 1177 
1367 1416 113 0.18534084928607658 1005 
1368 1416 124 0.30147552565455604 1490 
1369 1416 110 0.1669736648616322 611 
1370 1416 119 0.21464452259512964 855 
1371 1416 116 0.7130029685820438 1389 
1372 1416 117 0.21548187820805859 995 
1373 1416 115 0.08908590861915874 729 
1374 1416 122 0.05905518288462143 1073 
1375 1416 124 0.8904704167910826 949 
1376 1416 122 0.07219198331669087 924 
1377 1416 120 0.04923207074909519 559 
1378 1422 112 0.6696492324577927 1236 
1379 1422 114 0.2496114042640064 556 
1380 1422 126 0.6739698251765389 1101 
1381 1422 108 0.04779542358181963 1181 
1382 1422 122 0.7711739419531792 860 
1383 1422 108 0.8879095982104397 1458 
1384 1422 116 0.4296656789293901 1126 
1385 1422 110 0.8178817586377909 682 
1386 1422 119 0.40409304536945123 1499 
1387 1422 107 0.1173579979686971 1024 
1388 1422 122 0.03070851584940401 1013 
1389 1423 117 0.30187536872620063 648 
1390 1423 112 0.3358326966577421 707 
1391 1423 124 0.08195722005128114 1106 
1392 1423 117 0.6516711914684739 1180 
1393 1423 117 0.04122122498196572 683 
1394 1423 120 0.5689170323944122 1317 
1395 1423 110 0.5748554376637499 770 
1396 1423 124 0.11665092444781164 680 
1397 1423 122 0.13709609044573093 965 
1398 1423 127 0.013432265542896032 1224 
1399 1423 112 0.7593747890705802 1306 
1400 1432 123 0.4520611898443129 811 
1401 1432 110 0.8485688082896682 696 
1402 1432 123 0.2618582671819038 729 
1403 1432 123 0.428077286309077 1458 
1404 1432 124 0.781600774872676 1387 
1405 1432 112 0.7150394398046512 1161 
1406 1432 118 0.5900531032144845 1416 
1407 1432 111 0.5057652940977688 672 
1408 1432 109 0.771845862920581 1383 
1409 1432 117 0.6692908992662788 931 
1410 1432 120 0.06792317760975018 1146 
1411 1432 108 0.3581590430134233 745 
1412 1440 109 0.7922910049519489 954 
1413 1440 127 0.46430641717955784 684 
1414 1440 122 0.7142644133608682 721 
1415 1440 124 0.8928566368234433 1087 
1416 1440 126 0.6070981609521394 638 
1417 1440 112 0.23713420061542081 1374 
1418 1440 125 0.8091039856182697 1223 
1419 1440 109 0.1960394465131108 1008 
1420 1440 118 0.16311490455681485 1012 
1421 1440 111 0.757039088470658 1090 
1422 1448 127 0.11286725704270285 990 
1423 1448 111 0.7292951642982978 531 
1424 1448 120 0.5197027661970907 1289 
1425 1448 114 0.32974514689339435 806 
1426 1448 116 0.35029664459877424 720 
1427 1448 107 0.23903490794371293 949 
1428 1448 119 0.20480308415194065 894 
1429 1448 116 0.23428318685939836 880 
1430 1448 119 0.36895062890040936 632 
1431 1448 112 0.10656875412085993 1469 
1432 1456 124 0.27194905647215223 973 
1433 1456 117 0.872352427245927 1060 
1434 1456 116 0.8204603082322893 638 
1435 1456 110 0.30254741676489827 731 
1436 1456 122 0.018378001155336107 914 
1437 1456 122 0.2422683141835711 1395 
1438 1456 125 0.8141884279724619 718 
1439 1456 127 0.04918750945515701 1377 
1440 1467 120 0.012176086893753529 803 
1441 1467 108 0.2698406011409204 947 
1442 1467 121 0.4117213765736402 1095 
1443 1467 115 0.04886167011718431 1457 
1444 1467 108 0.10423080086262566 1033 
1445 1467 127 0.47815595835683894 904 
1446 1467 109 0.5346209790555125 976 
1447 1467 127 0.5300404657698163 936 
1448 1476 118 0.8054901582582231 1029 
1449 1476 121 0.22486460902950875 951 
1450 1476 119 0.2969236598178415 1070 
1451 1476 122 0.30928407581036177 999 
1452 1476 122 0.35434740878289467 864 
1453 1476 110 0.8145259479802142 1272 
1454 1476 110 0.4422576561108927 1519 
1455 1476 108 0.5691974618844737 670 
1456 1477 109 0.45348634875878957 1465 
1457 1477 119 0.15739599540189986 993 
1458 1477 114 0.2893797743041801 553 
1459 1477 119 0.17942965258520102 982 
1460 1477 123 0.4955843591140913 1307 
1461 1477 122 0.6043466761452219 808 
1462 1477 116 0.34555462974433543 1315 
1463 1477 122 0.6255278126187168 1462 
1464 1477 117 0.3545453269731599 628 
1465 1477 113 0.6010934395284107 653 
1466 1477 118 0.4441551155403137 1502 
1467 1505 122 0.6995029098259866 645 
1468 1505 124 0.3433980763240319 816 
1469 1505 111 0.3155363627376581 1470 
1470 1505 120 0.7457282393718747 1171 
1471 1505 114 0.11354353022891774 983 
1472 1505 126 0.7474297652157342 763 
1473 1505 123 0.35511266422054627 1116 
1474 1505 111 0.24337848051428956 1125 
1475 1505 119 0.8600671385297225 1291 
1476 1554 114 0.7949879038016923 827 
1477 1554 124 0.3143309880843919 1147 
1478 1554 113 0.24311285285854978 1242 
1479 1554 121 0.7480526299947515 637 
1480 1554 126 0.5994890176551186 1453 
1481 1554 111 0.6932166603045787 1372 
1482 1554 126 0.48772137267360915 879 
1483 1554 110 0.24086408248042002 537 
1484 1554 109 0.534810218582707 1087 
1485 1554 117 0.5644908788805234 1324 
1486 1575 118 0.49096168392125944 1194 
1487 1575 119 0.8785430491847288 1214 
1488 1575 121 0.07902253144295625 763 
1489 1575 122 0.8287554730062626 1518 
1490 1575 123 0.23602406043018814 785 
1491 1575 122 0.7548008623583946 791 
1492 1575 126 0.6627560116298362 1363 
1493 1575 119 0.29927220639095703 1125 
1494 1575 124 0.3609420648590754 639 
1495 1575 113 0.29056777902351627 1066 
1496 1575 123 0.6876875223493156 1404 
1497 1592 119 0.5033202008435796 734 
1498 1592 112 0.6670957528950697 1493 
1499 1592 107 0.5348619636744822 1495 
1500 1592 113 0.8876337187783516 1265 
1501 1592 110 0.10145670112935896 1285 
1502 1592 124 0.15745188583274988 877 
1503 1592 117 0.6823558606938738 989 
1504 1592 112 0.24037741139171703 1465 
1505 1602 119 0.18721432362146445 1073 
1506 1602 112 0.8178137931328078 1282 
1507 1602 113 0.2395732377370354 1422 
1508 1602 121 0.40982064399854895 842 
1509 1602 126 0.8702224540156651 835 
1510 1602 127 0.5254584192160727 1009 
1511 1602 108 0.7972879600013227 641 
1512 1602 122 0.5090385846297136 960 
1513 1602 123 0.8249796452390623 617 
1514 1603 109 0.8286281992581154 1513 
1515 1603 115 0.2513291612762977 1377 
1516 1603 125 0.13141166723188077 1362 
1517 1603 114 0.8219099392039457 1254 
1518 1603 111 0.5153218445754636 907 
1519 1603 112 0.22350747761432938 725 
1520 1603 114 0.07561214735263325 855 
1521 1603 118 0.35843931337880935 767 
1522 1604 116 0.18027466498738312 1026 
1523 1604 115 0.5668903926417675 1060 
1524 1604 115 0.35654870513754383 1118 
1525 1604 118 0.7022747380683774 857 
1526 1604 119 0.8508790309986324 537 
1527 1604 112 0.08706640387754397 1472 
1528 1604 127 0.4087978102710434 1143 
1529 1604 118 0.32279815544857776 1012 
1530 1604 122 0.6270271019746199 1129 
1531 1604 107 0.7069572557719471 1156 
1532 1604 111 0.09759048446632873 1478 
1533 1604 109 0.45905113136867176 1372 
1534 1613 117 0.18812871454661037 909 
1535 1613 122 0.18596977134059847 567 
1536 1613 116 0.8906299183050934 631 
1537 1613 110 0.14275146949245218 1254 
1538 1613 109 0.08753653880117616 1520 
1539 1613 114 0.281545441709328 1149 
1540 1613 122 0.19042499206255578 1422 
1541 1613 119 0.6290330396888696 1018 
1542 1613 110 0.16816883311152064 1102 
1543 1613 124 0.814523444870159 1044 
1544 1613 123 0.669644686341434 1413 
1545 1613 114 0.5185019619295975 1403 
1546 1635 113 0.09045795255017922 830 
1547 1635 107 0.731632760989434 810 
1548 1635 111 0.15785899578239865 913 
1549 1635 126 0.05044338555202759 1092 
1550 1635 119 0.33713784422679677 888 
1551 1635 122 0.357335547363643 979 
1552 1635 124 0.4794901084690809 1199 
1553 1635 123 0.4134625437254895 1061 
1554 1652 116 0.8085793110047231 1395 
1555 1652 110 0.10820840104092333 1140 
1556 1652 117 0.7940784362146232 1422 
1557 1652 109 0.4043558400117147 1253 
1558 1652 114 0.20230311000823495 886 
1559 1652 113 0.3198106070511236 1032 
1560 1652 126 0.8720821930297121 1511 
1561 1652 119 0.5553109245832585 1407 
1562 1652 111 0.4579176334174163 594 
1563 1652 127 0.6517608398524527 1196 
1564 1674 114 0.5132327811134273 1384 
1565 1674 121 0.4907324253775778 1152 
1566 1674 110 0.5325920080793852 1278 
1567 1674 110 0.3729892874036075 1431 
1568 1674 107 0.022928037980232262 1020 
1569 1674 127 0.061079329557367217 1251 
1570 1674 117 0.8413105117474478 605 
1571 1674 127 0.06462060030434987 864 
1572 1674 123 0.7527570508011343 1284 
1573 1674 108 0.534792559167787 904 
1574 1674 110 0.3673256897326878 1314 
1575 1682 125 0.5458649928871672 1054 
1576 1682 125 0.34959337517169714 556 
1577 1682 122 0.41336250864695895 1492 
1578 1682 113 0.3846961512489038 1155 
1579 1682 123 0.8665117826984211 1297 
1580 1682 126 0.895680478596233 1194 
1581 1682 123 0.08150749417703308 852 
1582 1682 107 0.6676617082619669 943 
1583 1682 124 0.021524185691862242 954 
1584 1695 107 0.2365326717327679 1093 
1585 1695 122 0.8704392593485196 1340 
1586 1695 116 0.2956652639529642 1051 
1587 1695 114 0.28015931546177997 646 
1588 1695 109 0.16993193129456946 585 
1589 1695 126 0.7665757752381309 1199 
1590 1695 121 0.11425533138540929 710 
1591 1695 124 0.5099809202356468 1342 
1592 1709 112 0.39560167208587244 1108 
1593 1709 121 0.7224893908770121 957 
1594 1709 124 0.5692948970959572 826 
1595 1709 113 0.07844829825512958 1094 
1596 1709 125 0.17118431351622457 1254 
1597 1709 122 0.684902535212295 1299 
1598 1709 111 0.6764802114949562 1056 
1599 1709 115 0.7710858041923214 541 
1600 1709 122 0.2979422278481134 1116 
1601 1709 125 0.5446176205790056 1357 
1602 1718 124 0.8953519579723287 704 
1603 1718 123 0.7408588159781336 599 
1604 1718 114 0.6089194372794248 1036 
1605 1718 117 0.36764304798648534 1125 
1606 1718 117 0.44055723901782334 612 
1607 1718 114 0.35642418754543864 590 
1608 1718 120 0.057847543219375706 1144 
1609 1718 116 0.6640892795140801 1005 
1610 1718 117 0.12911051526194417 1503 
1611 1718 127 0.764235072481779 1261 
1612 1718 109 0.5873994111626129 1443 
1613 1719 111 0.21060078026629253 728 
1614 1719 125 0.6666588248151569 1340 
1615 1719 120 0.21497529236455118 1373 
1616 1719 113 0.5203289765643068 1228 
1617 1719 114 0.3474535945642234 1521 
1618 1719 117 0.6863971555590967 1451 
1619 1719 124 0.1879939685673358 1410 
1620 1719 119 0.8060781550873196 817 
1621 1719 124 0.5222044573375804 1084 
1622 1731 126 0.519452255453147 1294 
1623 1731 121 0.45844355335334513 1062 
1624 1731 121 0.6087797070409781 1380 
1625 1731 120 0.1475500111300293 1231 
1626 1731 115 0.7834360029862868 942 
1627 1731 112 0.5517342797018968 1456 
1628 1731 115 0.6623915420695818 1029 
1629 1731 115 0.8087081867951508 829 
1630 1731 119 0.7042007307576724 794 
1631 1731 119 0.6469507649080021 736 
1632 1731 125 0.7598326414479704 807 
1633 1731 123 0.5357730568589342 659 
1634 1732 118 0.2987574739492979 1186 
1635 1732 115 0.1919124535563739 1288 
1636 1732 122 0.5662690622957891 1421 
1637 1732 119 0.023289453909235557 1315 
1638 1732 107 0.7723847550324676 1291 
1639 1732 126 0.8532919779539553 1453 
1640 1732 127 0.7380839963770697 1365 
1641 1732 108 0.2518048227196303 799 
1642 1732 116 0.6518806156627794 1406 
1643 1733 112 0.7762170830451026 955 
1644 1733 120 0.18705553388654353 1111 
1645 1733 109 0.7608999867423212 675 
1646 1733 110 0.6837977339375184 941 
1647 1733 111 0.34691050417603325 1161 
1648 1733 125 0.8997966721632591 1251 
1649 1733 114 0.3337863164775325 1341 
1650 1733 122 0.11038551605135374 1119 
1651 1733 111 0.7909001181070258 645 
1652 1750 119 0.7919355178464976 1177 
1653 1750 126 0.29920313385650904 704 
1654 1750 117 0.37512555473739284 675 
1655 1750 110 0.3007344869308106 1238 
1656 1750 125 0.527649136598469 961 
1657 1750 122 0.8445504845982253 892 
1658 1750 125 0.4382988249155974 627 
1659 1750 127 0.11376942851246061 932 
1660 1750 115 0.6927712240531486 1443 
1661 1760 125 0.3241105621081051 1045 
1662 1760 107 0.016619641788198268 1163 
1663 1760 121 0.2083144907614313 954 
1664 1760 110 0.2815654557003647 831 
1665 1760 122 0.16815878393036204 996 
1666 1760 125 0.6511971534272863 1390 
1667 1760 116 0.1333628784541791 1246 
1668 1760 119 0.31524187698085726 667 
1669 1760 111 0.7697332731838207 579 
1670 1760 111 0.880036306813154 883 
1671 1760 116 0.5131765530442717 978 
1672 1760 119 0.2612975542370111 1253 
1673 1771 127 0.38124700463045985 1353 
1674 1771 113 0.03143284398540689 1255 
1675 1771 120 0.5018369869069658 1475 
1676 1771 126 0.11985564588132189 811 
1677 1771 124 0.013722409528268817 606 
1678 1771 125 0.6076512643994757 945 
1679 1771 116 0.7259045974884913 553 
1680 1771 118 0.8846528890815996 615 
1681 1771 113 0.20225246767002636 969 
1682 1794 123 0.043446607390291395 849 
1683 1794 116 0.5641275439418862 614 
1684 1794 113 0.7540358765168521 1002 
1685 1794 107 0.1844028265894376 1171 
1686 1794 116 0.5933401137812385 1507 
1687 1794 112 0.6660142638801907 709 
1688 1794 115 0.5323933147166315 1075 
1689 1794 118 0.5845955035753423 529 
1690 1794 127 0.7681921125828756 1198 
1691 1794 127 0.531592637235654 1443 
1692 1794 118 0.27274337620480127 1308 
1693 1794 110 0.34969216134467523 666 
1694 1812 123 0.5737301009169803 1090 
1695 1812 127 0.02380563513665311 720 
1696 1812 109 0.4078491122671307 818 
1697 1812 109 0.10566955654209309 1078 
1698 1812 111 0.3914656701154865 790 
1699 1812 124 0.846778458035679 671 
1700 1812 119 0.3191949631960445 1279 
1701 1812 121 0.6210839796054773 1352 
1702 1812 113 0.13103723366049203 1313 
1703 1812 115 0.8148223521449814 924 
1704 1812 126 0.16120404371275748 1441 
1705 1812 118 0.4152765690566674 830 
1706 1813 115 0.28956463480688116 730 
1707 1813 107 0.4687859536376685 1485 
1708 1813 109 0.7792385888258124 1362 
1709 1813 112 0.2632900086910258 1351 
1710 1813 111 0.6894699722583617 1166 
1711 1813 114 0.08865110264307681 1109 
1712 1813 117 0.15804828120067096 1456 
1713 1813 117 0.3513905882754193 1136 
1714 1813 124 0.8538766857047257 1033 
1715 1813 117 0.1297721652060602 1027 
1716 1813 127 0.1536348015517423 1423 
1717 1813 119 0.5087950899116674 1058 
1718 1822 108 0.8245391486594501 1501 
1719 1822 114 0.610825772271695 1289 
1720 1822 108 0.3241944408529479 1250 
1721 1822 124 0.8327557513251497 1037 
1722 1822 113 0.5999558755014714 915 
1723 1822 127 0.5739363213608902 858 
1724 1822 120 0.402495352891705 591 
1725 1822 124 0.5993476779971426 1385 
1726 1822 123 0.08443360937260778 1201 
1727 1822 120 0.5051284598575465 840 
1728 1822 125 0.7304636067867322 1055 
1729 1824 112 0.7205932821428284 885 
1730 1824 115 0.48839094473118333 593 
1731 1824 125 0.4698203262178207 1384 
1732 1824 122 0.8918799728902275 1160 
1733 1824 109 0.8386299825390432 1175 
1734 1824 124 0.12116921725887489 1298 
1735 1824 107 0.16787559633319019 966 
1736 1824 123 0.45510245983007874 1208 
1737 1824 123 0.5255856430589856 1020 
1738 1824 119 0.6564399038017198 583 
1739 1824 125 0.1844141412882788 1059 
1740 1824 110 0.2877329574398827 584 
1741 1825 109 0.3588387701781454 1012 
1742 1825 114 0.21836740618029715 656 
1743 1825 112 0.49815893043010734 1159 
1744 1825 108 0.42160151179823885 1141 
1745 1825 126 0.474657171797048 965 
1746 1825 122 0.7852629597431755 1254 
1747 1825 108 0.19340072498024555 545 
1748 1825 114 0.11597555414393165 980 
1749 1825 122 0.6734430865177659 980 
1750 1844 119 0.42172478356146814 762 
1751 1844 115 0.861596260548419 1180 
1752 1844 107 0.17748941256968961 1342 
1753 1844 117 0.8102030018735964 1066 
1754 1844 109 0.17733816342538625 1200 
1755 1844 124 0.5630530671042348 1107 
1756 1844 126 0.12020649154657262 812 
1757 1844 116 0.37480167629104516 880 
1758 1844 117 0.062485701728313976 1421 
1759 1844 113 0.5730178231250197 812 
1760 1845 112 0.18371004264656485 1005 
1761 1845 115 0.31590873861604013 1165 
1762 1845 122 0.8188097545522377 823 
1763 1845 107 0.6957665962352023 1250 
1764 1845 123 0.09281718483848082 676 
1765 1845 114 0.21649541340848577 1310 
1766 1845 111 0.06050177849963435 685 
1767 1845 117 0.7287164457091162 1170 
1768 1845 110 0.6923064163667942 874 
1769 1845 124 0.32648570320488185 1116 
1770 1845 126 0.4736583856162592 1340 
1771 1854 114 0.8394487274571613 601 
1772 1854 119 0.5975284674160891 884 
1773 1854 123 0.42741928175953775 1483 
1774 1854 127 0.18781931326941842 528 
1775 1854 109 0.6129151554863669 541 
1776 1854 108 0.25311800172183335 1046 
1777 1854 126 0.6997858035408043 1311 
1778 1854 127 0.573165795588138 1177 
1779 1854 124 0.22900758533579388 813 
1780 1854 107 0.44298132726948225 974 
1781 1854 126 0.4857477479742837 907 
1782 1865 109 0.2578259159847452 531 
1783 1865 109 0.44461399521829065 1266 
1784 1865 118 0.6562582574089427 811 
1785 1865 123 0.5531472264066457 638 
1786 1865 110 0.6756367150149576 1191 
1787 1865 120 0.8543368466172586 1471 
1788 1865 121 0.3584398046567925 604 
1789 1865 126 0.3374464542914455 1235 
1790 1865 127 0.7492952799837254 923 
1791 1865 108 0.8385404798432946 1080 
1792 1865 125 0.7480092418690475 1031 
1793 1865 121 0.21378216916679543 1379 
1794 1884 125 0.7558863007593805 571 
1795 1884 116 0.8647730898724036 1508 
1796 1884 107 0.32806960047919537 1187 
1797 1884 124 0.827583532012773 952 
1798 1884 125 0.12027664812367629 1098 
1799 1884 114 0.5594231817182003 1165 
1800 1884 107 0.8031008653086903 1155 
1801 1884 122 0.17128764510345212 955 
1802 1884 117 0.0872662004765773 944 
1803 1894 118 0.5065831172484601 1048 
1804 1894 110 0.13542785575588387 1121 
1805 1894 108 0.2086310052162737 1373 
1806 1894 119 0.7976876383370394 1369 
1807 1894 125 0.02938147371398877 1265 
1808 1894 121 0.7238705185261992 1064 
1809 1894 113 0.23409430897313196 763 
1810 1894 113 0.10130992443396468 1129 
1811 1894 111 0.0638536576348313 644 
1812 1895 113 0.35266519337510005 1060 
1813 1895 123 0.0763770090737633 1188 
1814 1895 127 0.5507602466804217 570 
1815 1895 108 0.7698703434512687 958 
1816 1895 120 0.018123693385479613 1464 
1817 1895 114 0.027969190671663834 1016 
1818 1895 107 0.22623017426277056 935 
1819 1895 112 0.7583216995427771 1448 
1820 1895 116 0.8970267415782309 1025 
1821 1895 122 0.47938027552252427 1373 
1822 1905 125 0.5230711379530466 1099 
1823 1905 125 0.6383847827982262 577 
1824 1905 111 0.8301680806318036 1028 
1825 1905 122 0.4128164067168262 1410 
1826 1905 123 0.8770912517929643 1175 
1827 1905 111 0.5801798312217756 593 
1828 1905 125 0.2787623920121128 1022 
1829 1905 117 0.6229515104878014 1226 
1830 1905 120 0.5470195308743969 1270 
1831 1905 118 0.6401366030847131 1190 
1832 1905 108 0.7134857122294025 951 
1833 1905 119 0.8750395136437392 1024 
1834 1906 125 0.8613252645981704 1265 
1835 1906 110 0.0639090405085631 936 
1836 1906 123 0.14755639658145006 1109 
1837 1906 107 0.5797024570643623 762 
1838 1906 119 0.4008599481627571 1477 
1839 1906 109 0.5788672235952971 1122 
1840 1906 113 0.3543591020175264 1223 
1841 1906 119 0.7170752392725444 628 
1842 1906 122 0.8000059153462356 610 
1843 1906 107 0.17261221582368466 681 
1844 1917 123 0.2896461288812478 702 
1845 1917 117 0.4243201405331678 954 
1846 1917 120 0.4727547241650081 1525 
1847 1917 119 0.679570605477627 594 
1848 1917 124 0.20650133916263208 996 
1849 1917 113 0.33178642240323236 1084 
1850 1917 119 0.41425762108742453 1166 
1851 1917 119 0.7757240742237639 1375 
1852 1917 111 0.3980175752647735 1528 
1853 1917 107 0.569250753441388 1207 
1854 1918 127 0.7440380157007948 731 
1855 1918 122 0.7933621635553858 1120 
1856 1918 108 0.5045816085199696 1336 
1857 1918 113 0.6819616165188729 545 
1858 1918 113 0.5760051301342527 1029 
1859 1918 117 0.4411736786951021 1412 
1860 1918 109 0.25249066783817786 1243 
1861 1918 122 0.21514116933629185 697 
1862 1918 124 0.46111090830346474 534 
1863 1918 124 0.6589157503332297 744 
1864 1918 121 0.06896999956586382 635 
1865 1919 111 0.7055392205198564 1473 
1866 1919 116 0.5828423963465698 609 
1867 1919 123 0.6798896120104847 904 
1868 1919 113 0.7578439115092375 1124 
1869 1919 109 0.18112601904683523 651 
1870 1919 115 0.27205722339248783 1387 
1871 1919 111 0.03892724975896433 874 
1872 1919 118 0.8427983656058169 969 
1873 1919 117 0.21921600930739474 1362 
1874 1919 124 0.2641778261282246 730 
1875 1920 122 0.24366644343691507 1332 
1876 1920 119 0.22958890872303622 722 
1877 1920 110 0.4489845903036073 1090 
1878 1920 120 0.36024679591930847 1398 
1879 1920 120 0.2374102631132618 1271 
1880 1920 117 0.4626988654173594 629 
1881 1920 114 0.23044485029807674 1523 
1882 1920 117 0.14645806869746816 1324 
1883 1920 121 0.2776365021478874 858 
1884 1929 126 0.6792665419994719 694 
1885 1929 117 0.3822102815204916 997 
1886 1929 112 0.44676371240842827 726 
1887 1929 124 0.7162563573504499 1236 
1888 1929 113 0.25983794384348485 782 
1889 1929 117 0.10776760199036395 1029 
1890 1929 124 0.2125711557346068 1487 
1891 1929 116 0.13882701394556748 1424 
1892 1929 121 0.7747082253366879 1505 
1893 1929 119 0.32115717090739304 1423 
1894 1930 125 0.7912257808224696 560 
1895 1930 116 0.11887659488125912 1022 
1896 1930 126 0.16270240253177304 878 
1897 1930 123 0.8872709475477275 1444 
1898 1930 110 0.7455013948892235 1051 
1899 1930 118 0.6397205868875298 858 
1900 1930 117 0.17523432633801175 1438 
1901 1930 109 0.27780628990724 1199 
1902 1930 113 0.8973893274301971 591 
1903 1930 108 0.19690998503443322 993 
1904 1930 118 0.2462190624421711 854 
1905 1937 109 0.6275982340642401 919 
1906 1937 122 0.20236803452042829 1065 
1907 1937 117 0.18868027936353962 1517 
1908 1937 126 0.7649884380354627 1461 
1909 1937 108 0.790997323827651 627 
1910 1937 121 0.884616922088083 1349 
1911 1937 122 0.3543347533763887 542 
1912 1937 126 0.20569205505686297 537 
1913 1937 123 0.12963635056919875 833 
1914 1937 114 0.2870053216898268 1320 
1915 1937 115 0.10700830155250571 1255 
1916 1937 112 0.6334891977041425 1468 
1917 1946 118 0.737550410603854 1181 
1918 1946 127 0.03973534610426885 1339 
1919 1946 124 0.16745101807494128 1392 
1920 1946 120 0.27207545901001806 906 
1921 1946 125 0.4479751049312411 1207 
1922 1946 122 0.028490659065293723 1074 
1923 1946 117 0.4737754089123602 973 
1924 1946 115 0.73747746658057 830 
1925 1946 126 0.29973689389345026 1448 
1926 1946 107 0.8737740495141032 1331 
1927 1946 110 0.47120229150208276 1522 
1928 1946 118 0.744043209664751 1461 
1929 1948 116 0.6808111190723938 1240 
1930 1948 126 0.6727087328229092 529 
1931 1948 122 0.15623106647660348 1328 
1932 1948 112 0.5563706105488165 1209 
1933 1948 123 0.7546292263451594 966 
1934 1948 109 0.3992765298378227 1319 
1935 1948 117 0.2851054396101314 1265 
1936 1948 122 0.7875267314090835 761 
1937 1959 111 0.5753986422602951 942 
1938 1959 119 0.2723080127029025 1162 
1939 1959 117 0.66533403841593 870 
1940 1959 121 0.0721028091642306 1296 
1941 1959 122 0.7556137090122292 1247 
1942 1959 116 0.8545050979345523 1184 
1943 1959 120 0.37911994345774536 946 
1944 1959 123 0.15240136659339243 865 
1945 1959 111 0.28519344075215775 1277 
1946 1960 125 0.4259422846050713 596 
1947 1960 112 0.5592979551989845 1026 
1948 1960 108 0.2517828410954005 1476 
1949 1960 117 0.8480781060964426 865 
1950 1960 127 0.8294919902458922 1387 
1951 1960 113 0.7077337225671672 1159 
1952 1960 118 0.4004442866008583 893 
1953 1960 112 0.7143280074896657 1303 
1954 1960 110 0.3671770331881953 1267 
1955 1960 113 0.5836391914300803 651 
1956 1960 126 0.02381097922285355 891 
1957 1960 126 0.13499948503203965 1405 
1958 1969 114 0.5400206889136798 1228 
1959 1969 124 0.2943757776037556 1337 
1960 1969 115 0.8699211534171898 920 
1961 1969 109 0.7087118105158468 1266 
1962 1969 110 0.48897560955347463 1271 
1963 1969 109 0.7027582633410077 1325 
1964 1969 125 0.1812961972938608 566 
1965 1969 126 0.49868946304233613 1220 
1966 1969 122 0.20408820441442418 1164 
1967 1969 108 0.8035882396443226 1048 
1968 1969 117 0.4271549479964163 1049 
1969 1979 112 0.4617697178798335 796 
1970 1979 127 0.6585401288232436 1197 
1971 1979 126 0.7434478035051244 697 
1972 1979 110 0.2315241216265741 1233 
1973 1979 112 0.33717218385487285 1413 
1974 1979 115 0.5994837084803136 723 
1975 1979 114 0.15450081331402427 536 
1976 1979 123 0.6761925478369913 1500 
1977 1979 110 0.6423263494899317 550 
1978 1979 120 0.8472320596630777 1231 
1979 1991 118 0.7784043553982548 1280 
1980 1991 116 0.2804336882326288 830 
1981 1991 124 0.6015057551524866 607 
1982 1991 123 0.2653966012652731 1184 
1983 1991 114 0.15775222596752592 933 
1984 1991 127 0.8623687366134191 1259 
1985 1991 109 0.637048574658398 571 
1986 1991 118 0.2555212727375445 629 
1987 1991 126 0.2416371276966501 617 
1988 1991 107 0.7042951640388734 831 
1989 1991 116 0.7284683634350766 1373 
1990 1991 114 0.8266949514405438 1241 
1991 1999 111 0.09355255033861978 960 
1992 1999 116 0.490611343380428 554 
1993 1999 108 0.5756633602576942 1376 
1994 1999 114 0.38821008912298294 860 
1995 1999 108 0.3601494674831367 637 
1996 1999 120 0.21983821041751864 1471 
1997 1999 121 0.8344023213285262 551 
1998 1999 107 0.06810951481870166 1477 
1999 2000 127 0.8812017618982071 862 
2000 0 107 0.4636100713968091 1243 
