1 39 39 0.057725618485516134 1874 
2 39 30 0.48529118433721263 1604 
3 39 39 0.3915998797173197 1353 
4 39 33 0.09778630142435073 1722 
5 39 40 0.317537893521327 1549 
6 39 45 0.17285211754673083 2202 
7 39 41 0.5629326343005359 1777 
8 39 46 0.024036445291182113 1358 
9 39 41 0.17471354693701469 1880 
10 40 46 0.25235927275015285 1498 
11 40 31 0.4729360903174779 1853 
12 40 35 0.26429471665956633 1579 
13 40 40 0.631707483331911 2279 
14 40 30 0.36507755512097345 1492 
15 40 31 0.4002851952718042 1709 
16 40 44 0.010704915147849584 1413 
17 40 34 0.11193571178188375 2171 
18 40 48 0.43464526267938175 1957 
19 41 34 0.6537201351128611 2016 
20 41 48 0.3248206072090807 1636 
21 41 41 0.2039895328568301 1672 
22 41 35 0.6295772235106901 1570 
23 41 40 0.21418467143399839 1646 
24 41 32 0.5001364980473794 1380 
25 41 44 0.6807963379003565 1726 
26 41 48 0.1977047782165811 1960 
27 41 32 0.4969205918279893 1972 
28 41 35 0.054742876463742644 2054 
29 42 39 0.7622263938038921 1464 
30 42 36 0.8933684040890018 1318 
31 42 33 0.6037851263991414 1473 
32 42 41 0.8400564255869934 1595 
33 42 34 0.7513720170758529 2126 
34 42 31 0.7412724443166053 1671 
35 42 44 0.8241682076970359 1374 
36 42 50 0.06311438950408348 1396 
37 42 46 0.06103635301652364 1841 
38 42 42 0.20090723316321318 1727 
39 60 38 0.7880687276237528 2017 
40 60 37 0.6554463391165551 2200 
41 60 33 0.8619521345387426 1692 
42 60 40 0.31549608816906366 1366 
43 60 30 0.6471740103500155 1753 
44 60 36 0.3065234398886581 1859 
45 60 46 0.2945886671679058 1354 
46 60 36 0.5868413275148644 1999 
47 60 42 0.6676743329821839 1349 
48 60 38 0.23947536950997375 1425 
49 60 30 0.5209223250167595 1895 
50 60 42 0.5758107555749372 1407 
51 62 42 0.022678657844059605 1416 
52 62 33 0.4319380053622956 1335 
53 62 32 0.6175620775754471 2275 
54 62 38 0.053688386024739077 1375 
55 62 45 0.19317182475164962 1745 
56 62 30 0.38908453044046937 2235 
57 62 31 0.7261713946805215 1468 
58 62 34 0.3689846156453837 1456 
59 62 46 0.6528644103700946 1633 
60 94 34 0.6499007011138783 1873 
61 94 42 0.6599911499842985 1909 
62 94 50 0.13186516178607013 1395 
63 94 30 0.7862250162032779 1856 
64 94 48 0.014639870148152025 1989 
65 94 31 0.46113924218469127 2230 
66 94 46 0.6437628119349754 1776 
67 94 39 0.6665309804788582 2227 
68 94 35 0.20724349318405313 2023 
69 94 43 0.7882404489327399 1857 
70 94 36 0.8948830110212236 2269 
71 94 34 0.7782643407287363 1547 
72 97 34 0.23011480270679088 1955 
73 97 42 0.6847576105888598 1515 
74 97 43 0.15170282423824263 1524 
75 97 49 0.48377170860997964 1359 
76 97 32 0.15009099874573503 1751 
77 97 39 0.32849465909095793 1842 
78 97 47 0.28120616916770186 1497 
79 97 38 0.869747238495966 2171 
80 97 43 0.3279677558028539 1647 
81 97 39 0.7131329845736033 1668 
82 103 42 0.2707727382565386 1926 
83 103 31 0.3841290710906118 1616 
84 103 34 0.2785385029036246 2300 
85 103 39 0.5206017471076565 1736 
86 103 39 0.6013444435000078 2034 
87 103 45 0.07584177142481587 2048 
88 103 35 0.8412572970382526 1340 
89 103 43 0.8074174767337037 1812 
90 103 41 0.21638616717853468 2142 
91 103 50 0.07239347327984509 1822 
92 103 37 0.07535656653737184 1528 
93 103 42 0.5612487057170698 2027 
94 124 49 0.03970070297361146 1508 
95 124 43 0.2951060318299086 1524 
96 124 46 0.17613885938854498 1814 
97 124 40 0.5604867615540231 1642 
98 124 50 0.7627861621937266 2299 
99 124 47 0.6102157395066777 2243 
100 124 46 0.5878972886325299 2223 
101 124 33 0.3290975922882903 1612 
102 124 35 0.18751104459540469 1760 
103 125 47 0.8589077064439474 1999 
104 125 42 0.6870241493290357 1657 
105 125 36 0.75151471150375 1615 
106 125 41 0.5965120896457224 1902 
107 125 49 0.5882922681662072 2105 
108 125 35 0.09852092675905104 2158 
109 125 46 0.44616914519003986 1985 
110 125 39 0.526343297771677 2073 
111 125 47 0.7326265130450039 1838 
112 125 42 0.727961738471071 1515 
113 125 44 0.06268022889892418 1510 
114 125 33 0.1310942529237521 2146 
115 127 45 0.026242289403375862 1923 
116 127 43 0.2599454747328748 1415 
117 127 41 0.5941803626929782 1941 
118 127 45 0.034163075608344716 2226 
119 127 48 0.5170294694420648 2228 
120 127 31 0.7067431152710858 1693 
121 127 47 0.5818037485076766 1676 
122 127 36 0.4914410889411263 1968 
123 127 46 0.5808410561365671 1453 
124 141 37 0.6930283979160663 1315 
125 141 38 0.3771023772618074 1967 
126 141 31 0.03784705381150221 1504 
127 141 44 0.23441341370942767 1737 
128 141 35 0.04440886981476681 1724 
129 141 30 0.5993802439773411 2271 
130 141 43 0.4422242839604981 1478 
131 141 50 0.2604835723709326 1634 
132 142 30 0.46585328908210294 1538 
133 142 36 0.8819703804709345 1511 
134 142 44 0.22349207456344236 1413 
135 142 39 0.5709421087224825 2062 
136 142 46 0.0918370095032115 1587 
137 142 39 0.2238728905061226 1303 
138 142 39 0.8600129507094694 1673 
139 142 48 0.8353905418799107 1305 
140 142 35 0.8880964268859334 1321 
141 153 47 0.5011180574452124 1656 
142 153 32 0.3878182569878402 2108 
143 153 32 0.19654224605857892 1499 
144 153 34 0.5869102731555447 1584 
145 153 42 0.710321816842986 2236 
146 153 35 0.7059345394496912 2235 
147 153 36 0.8483741203927372 1581 
148 153 38 0.59081761577517 1314 
149 153 41 0.15153255849071084 1760 
150 153 38 0.2643368077835094 2210 
151 153 48 0.3429054756409671 1752 
152 153 49 0.4024803727525666 2191 
153 173 33 0.35592262458897145 1488 
154 173 49 0.026462266396953482 1888 
155 173 30 0.425161012365652 1444 
156 173 32 0.4154036244580585 2043 
157 173 44 0.8589297134220409 1580 
158 173 42 0.47858192731165283 1596 
159 173 43 0.19364209118196937 2036 
160 173 47 0.7433123460853558 2001 
161 173 44 0.5918441170646211 1630 
162 173 49 0.385167678021844 1586 
163 174 50 0.33448279972980427 1390 
164 174 49 0.5218193155345612 2013 
165 174 37 0.7913652602273358 1348 
166 174 39 0.14147824097286643 1853 
167 174 44 0.4297003164322792 2183 
168 174 35 0.11226782386300428 2222 
169 174 38 0.048641015768886124 2058 
170 174 41 0.633361859342373 1642 
171 174 47 0.0853320166635669 1439 
172 174 31 0.10879299246005403 1303 
173 195 40 0.13899123874436733 2163 
174 195 49 0.3874989839397914 1913 
175 195 33 0.1794774628615971 1551 
176 195 31 0.8924707144761561 2039 
177 195 43 0.06340924917813265 1878 
178 195 40 0.42852589051193735 1920 
179 195 46 0.1370980146089232 1940 
180 195 43 0.018408869094299236 1407 
181 195 42 0.5466957735757136 1409 
182 195 37 0.8804893634315054 2007 
183 195 35 0.3291905891496142 2008 
184 215 45 0.5613726106565115 1934 
185 215 33 0.364822359473458 1601 
186 215 40 0.8060582590411728 1503 
187 215 48 0.803007271529456 1731 
188 215 34 0.35529997394552876 2004 
189 215 39 0.4749251105954832 1327 
190 215 31 0.7489061120516836 1640 
191 215 33 0.010531484306112232 2228 
192 215 40 0.20223304554918747 2058 
193 215 30 0.07275195162176509 1366 
194 215 31 0.3846376781528553 1366 
195 244 35 0.2371730246326589 1583 
196 244 30 0.2603074819534649 1890 
197 244 34 0.22423479455148584 2277 
198 244 49 0.7393252984520328 1871 
199 244 43 0.8943407376673939 1470 
200 244 41 0.7542292737615763 1580 
201 244 47 0.3896097406401191 2276 
202 244 37 0.2918538875334349 1339 
203 244 41 0.41342103009266545 1564 
204 244 30 0.5184240944716054 1885 
205 262 47 0.2953285544921861 1347 
206 262 41 0.8174828191967929 1846 
207 262 41 0.7604870150571839 2264 
208 262 39 0.4244430278533579 1566 
209 262 47 0.143287183810186 1534 
210 262 38 0.8187747118516323 1366 
211 262 49 0.6473223657144391 2287 
212 262 38 0.2807501135397753 1953 
213 262 31 0.17497950581615554 2082 
214 284 43 0.011592488728786009 2221 
215 284 39 0.45239271322800945 1609 
216 284 46 0.4062929184576898 1530 
217 284 49 0.5078468925138522 1790 
218 284 48 0.5568171574409334 2083 
219 284 44 0.3578718168514835 1697 
220 284 35 0.14657586235365924 2054 
221 284 39 0.5298874163455122 1404 
222 284 39 0.2919186065079164 1470 
223 285 35 0.5133759918723125 1469 
224 285 33 0.1277979996350003 2199 
225 285 42 0.8456473949026903 1427 
226 285 39 0.30138636529510104 2019 
227 285 45 0.08136386178653278 2049 
228 285 35 0.3097721542626863 1660 
229 285 42 0.28892020350642955 2035 
230 285 50 0.8155571339459429 1911 
231 285 39 0.4923831521086644 1313 
232 285 39 0.16060359819967518 1788 
233 295 43 0.5091300763546122 2057 
234 295 42 0.058351095900471064 1824 
235 295 43 0.6826358246160619 1599 
236 295 48 0.2961529236459135 1733 
237 295 43 0.21283790288079704 2095 
238 295 31 0.49074971242750176 1874 
239 295 36 0.18941233278398328 2293 
240 295 31 0.5270409688266873 2083 
241 295 50 0.37221557049362025 1680 
242 295 37 0.7706987331612802 1899 
243 295 44 0.11844626723166661 1540 
244 301 33 0.4322618590182562 2189 
245 301 45 0.4818602587300598 1515 
246 301 33 0.4768407247492794 1361 
247 301 31 0.05002991433871124 1361 
248 301 34 0.2734274636756817 1311 
249 301 37 0.7122790945510664 1763 
250 301 31 0.2226878122471464 2099 
251 301 34 0.212768496058802 1804 
252 302 45 0.6719642697741605 2049 
253 302 35 0.6298295572765175 1917 
254 302 41 0.7949507704071105 1922 
255 302 50 0.6535297257520211 2150 
256 302 37 0.5558115522025261 2255 
257 302 45 0.19830104417378022 2140 
258 302 46 0.6216244420686139 1710 
259 302 44 0.5759313322969598 2173 
260 302 34 0.3460798047403816 1548 
261 302 49 0.35649568289695865 1343 
262 314 33 0.469236957134865 1466 
263 314 42 0.15884046303608915 1872 
264 314 42 0.7332488294598402 1369 
265 314 45 0.6040882126796561 1985 
266 314 39 0.8428465557270655 1912 
267 314 41 0.31911793214714507 1993 
268 314 45 0.3458764140084522 1760 
269 314 43 0.05923606125197961 2018 
270 314 44 0.5617211694783069 1663 
271 314 40 0.7673053300484585 2144 
272 317 47 0.7406812693971225 1681 
273 317 48 0.4707291544427332 2077 
274 317 37 0.39277695678164254 1548 
275 317 33 0.35492040063224245 1613 
276 317 34 0.07839572326590576 1982 
277 317 49 0.4894664464415545 1858 
278 317 46 0.8332190070071458 1931 
279 317 30 0.7208620259318322 1626 
280 317 49 0.636217150059532 2203 
281 317 48 0.4673501034771941 1394 
282 317 47 0.4147972828459338 2162 
283 317 34 0.6803744623480587 2236 
284 324 47 0.11794838544114426 2123 
285 324 43 0.4578117997853691 1514 
286 324 45 0.5130689226956159 1661 
287 324 32 0.7376467487343416 1582 
288 324 33 0.2192463467375185 2159 
289 324 33 0.2232674883884582 1379 
290 324 38 0.5285914949209811 2143 
291 324 45 0.43406976719280627 1603 
292 328 32 0.8127156943056781 1718 
293 328 30 0.11746155245823828 1855 
294 328 47 0.3880154048141987 2061 
295 328 38 0.20092935058159844 1453 
296 328 36 0.8165997793935067 1755 
297 328 34 0.8908273203528239 2267 
298 328 39 0.04865112157925233 1963 
299 328 49 0.6536842681859738 1675 
300 328 36 0.09514038586019094 2128 
301 342 31 0.5395893167703851 1946 
302 342 42 0.0252221760837851 1573 
303 342 47 0.1947510857570932 2005 
304 342 42 0.8047529461401279 1594 
305 342 39 0.48756655296454426 1440 
306 342 47 0.41352105181750753 1735 
307 342 50 0.3275126508994944 1417 
308 342 44 0.6165775570306563 1337 
309 342 44 0.6859757094575492 1870 
310 342 40 0.7202025866798021 2286 
311 342 45 0.24767459602151798 1457 
312 343 32 0.6343331342397212 2067 
313 343 39 0.29058731067599997 2005 
314 343 35 0.5839687272764356 1602 
315 343 31 0.18301461921157353 1709 
316 343 50 0.27133512657201 2248 
317 343 50 0.10525843739209625 1596 
318 343 38 0.0102601747342716 1509 
319 343 45 0.10175669836700516 1397 
320 343 50 0.25486798123567656 1932 
321 343 48 0.30246279366510087 1445 
322 343 37 0.5964907910782413 1429 
323 343 35 0.7656875216413004 2126 
324 353 46 0.6115584577873093 1487 
325 353 38 0.2804440353474406 1743 
326 353 44 0.28625723926973873 1938 
327 353 45 0.177926152257841 1416 
328 353 41 0.6081350459176398 1492 
329 353 37 0.7459531380193775 2282 
330 353 47 0.5161718436475689 1886 
331 353 44 0.4966465290681442 1917 
332 353 49 0.300716112799727 1858 
333 353 46 0.5236972713832688 1930 
334 355 43 0.5650270712325299 2120 
335 355 33 0.8581842788030899 2011 
336 355 34 0.4634648448073395 1384 
337 355 34 0.6099796383346281 1893 
338 355 48 0.33189506447185774 1615 
339 355 31 0.687246134056381 1947 
340 355 30 0.8628503908154402 1579 
341 355 50 0.11084946941763868 1703 
342 365 48 0.8274755276917185 1579 
343 365 38 0.8367277424079324 1820 
344 365 50 0.01855431732823018 2209 
345 365 31 0.11034966486090729 2250 
346 365 30 0.5174857668779106 1970 
347 365 33 0.0371239853803633 1720 
348 365 42 0.42732952384147516 1814 
349 365 38 0.3474071803464754 1780 
350 365 31 0.3309562648745004 2193 
351 365 38 0.5541917494114292 2038 
352 365 32 0.11222804886121573 1645 
353 388 41 0.4389708288611885 1425 
354 388 46 0.8887526391912051 2143 
355 388 38 0.7599798817838578 1357 
356 388 50 0.026299302884972967 1967 
357 388 46 0.6221375559746108 2070 
358 388 30 0.49754843626762735 1600 
359 388 32 0.7176184597944865 2070 
360 388 33 0.44776411445496067 1529 
361 388 37 0.4803089100377321 1908 
362 388 39 0.7760497096626718 1473 
363 388 32 0.5808613291915649 1613 
364 388 35 0.5021497826521538 2139 
365 396 45 0.0363036709976229 1420 
366 396 32 0.2004015865828857 1460 
367 396 43 0.7899839209892106 2280 
368 396 30 0.024016882968510893 1973 
369 396 46 0.7017751914485536 1883 
370 396 44 0.20682589473345833 1428 
371 396 43 0.883007033512301 2023 
372 396 31 0.29750980757215856 1624 
373 396 42 0.35790614946390203 1563 
374 396 34 0.63163250975122 1479 
375 396 39 0.01835822878880815 1777 
376 398 42 0.7098141498327755 2114 
377 398 43 0.1597574980552599 1783 
378 398 46 0.7248336546052194 1827 
379 398 44 0.23714942766978186 1805 
380 398 41 0.6419498688948171 1596 
381 398 36 0.12607471475660498 1339 
382 398 49 0.7918271760393806 2180 
383 398 49 0.3296710540361132 1819 
384 398 37 0.3214532953662223 2250 
385 398 49 0.4296449971787066 1992 
386 398 42 0.19503936331001295 2213 
387 398 47 0.31076468687544917 1687 
388 417 44 0.13269615903064655 1708 
389 417 42 0.25876100078587905 2189 
390 417 34 0.45193749501757363 1563 
391 417 33 0.14820021678724646 1366 
392 417 47 0.5585529673615549 2294 
393 417 34 0.55707648099085 1487 
394 417 42 0.6641186398337137 2141 
395 417 45 0.5183426378922771 1720 
396 427 31 0.6979313863038431 1946 
397 427 35 0.6583579343779217 2209 
398 427 31 0.33263848215913616 2099 
399 427 36 0.5183656699899541 1701 
400 427 44 0.5949833991156557 1468 
401 427 41 0.36698021053299534 2184 
402 427 39 0.02971358426431047 1631 
403 427 37 0.1227239719871619 1530 
404 427 34 0.6233074837295743 2108 
405 427 48 0.2510334781829146 1876 
406 427 37 0.6689734401814941 2228 
407 449 39 0.878115817891922 1480 
408 449 34 0.31067186009286263 2133 
409 449 31 0.5501653021173218 2165 
410 449 44 0.8924810997620874 2054 
411 449 32 0.13508292960632814 1513 
412 449 30 0.7365523236378209 1358 
413 449 41 0.8463564911907616 2155 
414 449 32 0.7616385539154678 2262 
415 449 34 0.02349674405376704 1797 
416 459 47 0.4496949113158472 1502 
417 459 33 0.15643586023751715 2263 
418 459 41 0.8900401525227754 1364 
419 459 43 0.650930338848594 1835 
420 459 36 0.778064239810018 1473 
421 459 42 0.25055191808508553 2086 
422 459 50 0.04650514422751722 1672 
423 459 43 0.14112923864786064 1378 
424 459 31 0.6598919266565247 1760 
425 459 35 0.7227438973911374 1551 
426 459 40 0.34486907267808004 1952 
427 478 38 0.2934883163941359 1717 
428 478 47 0.22534566527539912 1679 
429 478 31 0.20765165432810126 1761 
430 478 45 0.023729140281678468 1358 
431 478 39 0.13385879628195485 1940 
432 478 49 0.5258743205978154 2101 
433 478 43 0.2224025611385589 1343 
434 478 34 0.19588325859303266 2179 
435 478 41 0.15175140157986153 1517 
436 478 37 0.3928251680883074 1613 
437 478 30 0.53899881837327 1553 
438 488 47 0.8682522631170607 1420 
439 488 39 0.2803922541616209 1895 
440 488 37 0.4638057588734207 2185 
441 488 34 0.5950636714210207 1834 
442 488 50 0.19854702422536522 1904 
443 488 39 0.36913802019102854 1590 
444 488 30 0.8216919901708358 2240 
445 488 34 0.1693609978087254 1709 
446 488 40 0.6429486959774302 1683 
447 488 36 0.37639916725873657 1920 
448 488 44 0.18797763552396338 1778 
449 498 50 0.56933948140008 1539 
450 498 31 0.7817013703534064 1442 
451 498 41 0.5851933404084195 1987 
452 498 32 0.39035145872674387 1511 
453 498 44 0.113962671725792 1896 
454 498 36 0.6009225738718146 1309 
455 498 32 0.4966638084514124 1933 
456 498 46 0.26136202416894705 2143 
457 498 41 0.4542014336202134 1860 
458 498 49 0.46023343092063174 1971 
459 514 43 0.5532771596580311 1839 
460 514 33 0.1784950820720309 1367 
461 514 43 0.40457042424027345 1618 
462 514 33 0.3621090296165403 2031 
463 514 33 0.4774393950837423 2253 
464 514 42 0.18434056491188655 1414 
465 514 31 0.6570292733868801 1819 
466 514 50 0.5194982773228698 1617 
467 514 50 0.7172448701410022 2017 
468 515 41 0.47493404182065124 1710 
469 515 49 0.8680961777391684 1521 
470 515 46 0.039374862585319116 2038 
471 515 30 0.6144212752664865 2227 
472 515 48 0.7955027410108217 1578 
473 515 32 0.055150529790333976 2176 
474 515 33 0.5533237089727479 1885 
475 515 38 0.08197502103717491 2155 
476 515 42 0.08634491332500015 1479 
477 544 35 0.7598551770725192 1541 
478 544 39 0.2136741827105835 1736 
479 544 37 0.27633738075033376 1892 
480 544 37 0.5862356413521244 2208 
481 544 50 0.8657977617497261 2158 
482 544 43 0.8070233509179886 2125 
483 544 48 0.6155498400985504 1424 
484 544 38 0.010642148160778403 1616 
485 544 41 0.7115299986099594 1541 
486 544 42 0.029203841713081213 2027 
487 544 40 0.8331605751414278 1768 
488 563 33 0.5497639978864342 1694 
489 563 31 0.40804621568817956 1637 
490 563 49 0.5235042964896878 1735 
491 563 44 0.22424178656412105 2030 
492 563 40 0.18871421298481394 1929 
493 563 32 0.06937523558929627 1823 
494 563 46 0.5714519003848072 1874 
495 563 42 0.6711567996972232 1849 
496 563 45 0.07861288183502287 1967 
497 563 37 0.6142836321104465 2170 
498 594 46 0.20621158055079555 2001 
499 594 46 0.7562978655227411 2277 
500 594 30 0.8565647920784142 1388 
501 594 48 0.5261493300345186 1854 
502 594 41 0.030534993556728014 1828 
503 594 43 0.32714155034249837 1488 
504 594 33 0.21203060328186782 2127 
505 594 38 0.20278936844464301 2144 
506 604 31 0.5234343572352615 1465 
507 604 49 0.8699771504938231 2217 
508 604 30 0.3748631155830705 1436 
509 604 38 0.5380304016430211 2242 
510 604 31 0.619163599491084 2026 
511 604 46 0.8553889114553583 1359 
512 604 34 0.5167763363330268 2112 
513 604 37 0.5615641586116314 1359 
514 613 37 0.8790250651002132 1744 
515 613 50 0.7256386817811993 1627 
516 613 32 0.6146576629982939 1414 
517 613 42 0.895743425577827 1737 
518 613 50 0.3925067940408998 1778 
519 613 34 0.623715045208531 2219 
520 613 48 0.7116689231142183 1801 
521 613 40 0.573148244891307 2149 
522 613 42 0.045908872377455105 1845 
523 630 42 0.6923438580793598 2056 
524 630 41 0.33634521332318057 1974 
525 630 37 0.05673380105207773 1468 
526 630 47 0.3789906048946399 1695 
527 630 49 0.6989102547210523 1891 
528 630 37 0.34050641156651706 1750 
529 630 44 0.2557719360461168 1747 
530 630 47 0.06913026433794621 1402 
531 630 31 0.5684409366465629 2203 
532 632 30 0.6582602390085057 2034 
533 632 48 0.34394849418176493 1663 
534 632 43 0.36331663664245006 1629 
535 632 44 0.34176766879931175 1332 
536 632 34 0.583575379623659 1664 
537 632 45 0.4221197699724741 1894 
538 632 46 0.13442964964809317 1927 
539 632 41 0.02854647995361507 1649 
540 632 32 0.2262197224560676 1523 
541 632 31 0.4207243661499951 1742 
542 632 36 0.7452538927594139 2274 
543 632 43 0.7275119534468091 2209 
544 639 39 0.6256778203383576 1874 
545 639 44 0.5615930126182099 2210 
546 639 42 0.2138575435112174 1776 
547 639 40 0.0652572380684397 2040 
548 639 31 0.713270708032341 1847 
549 639 31 0.8209140345116281 1867 
550 639 39 0.699187373478551 2023 
551 639 32 0.5036016840835814 1553 
552 639 47 0.5764407231997805 1762 
553 639 34 0.5812717507303211 2291 
554 640 39 0.8920863490301661 1736 
555 640 44 0.3486786261081334 1994 
556 640 38 0.30589391923878473 1696 
557 640 46 0.5136034654220327 1333 
558 640 34 0.06799367785573526 1398 
559 640 38 0.13513034697301615 1377 
560 640 38 0.3270350455651039 1624 
561 640 37 0.2185593463345186 1625 
562 640 40 0.03908102697673114 1752 
563 660 39 0.5209476373282307 1667 
564 660 31 0.6491714477760171 2263 
565 660 33 0.7794413615026736 2222 
566 660 33 0.3212453864514214 1379 
567 660 49 0.7703846567776925 1750 
568 660 32 0.17007876849354883 2197 
569 660 45 0.4191841954482451 1929 
570 660 32 0.04707786011974182 2017 
571 660 49 0.07184168565982729 1408 
572 660 46 0.5549508325165387 1347 
573 662 45 0.09500024311504728 2133 
574 662 41 0.019844410876022213 1593 
575 662 40 0.4307361713310187 1860 
576 662 35 0.6458318082038815 1938 
577 662 50 0.4282823570830693 1455 
578 662 45 0.6054969823796312 1527 
579 662 40 0.5758804757446284 1542 
580 662 34 0.4946572946700765 1453 
581 662 34 0.8367515458721319 1520 
582 662 40 0.4672162439244651 2157 
583 680 37 0.8057855555076167 1519 
584 680 36 0.397845430993969 1320 
585 680 41 0.24286714988435826 1440 
586 680 35 0.20454235405897314 1984 
587 680 30 0.437367377725632 2285 
588 680 50 0.22304789062567412 1501 
589 680 41 0.05936646428107463 2134 
590 680 37 0.07517393532635765 1511 
591 680 38 0.023690548159043423 1457 
592 680 32 0.2926215728122623 1322 
593 680 43 0.7942208221726286 2264 
594 701 44 0.5639703743822256 1587 
595 701 35 0.6283176904980307 1659 
596 701 45 0.2857764745648715 1591 
597 701 37 0.44813901378693277 2201 
598 701 39 0.8221077245986448 1748 
599 701 49 0.42702298417988477 1459 
600 701 32 0.12926410993132703 2105 
601 701 37 0.5112974937337859 1766 
602 701 50 0.06147828330151773 1733 
603 701 49 0.1034191473602134 2074 
604 710 43 0.27529380021722666 1726 
605 710 32 0.6740404430236958 1340 
606 710 49 0.662378336578442 2098 
607 710 34 0.25584257072062544 1749 
608 710 32 0.06161676618901035 1582 
609 710 40 0.7441473082080442 1810 
610 710 47 0.3214222340857681 1856 
611 710 31 0.5178805582505457 2180 
612 710 38 0.7996891284837769 1847 
613 734 47 0.34985555993398326 1366 
614 734 35 0.84659641745965 2007 
615 734 40 0.7142346411073294 1323 
616 734 38 0.14239112544204904 1970 
617 734 44 0.29207178531426575 2051 
618 734 31 0.8220510465179166 1386 
619 734 49 0.2792300931403096 1898 
620 734 35 0.4433242822207817 1607 
621 745 38 0.7058805657209329 2114 
622 745 50 0.37317194688083394 2257 
623 745 38 0.8031790350996976 1642 
624 745 33 0.3494270940758177 1691 
625 745 50 0.1644251056979458 1403 
626 745 46 0.2940580242034749 2081 
627 745 34 0.8541325860530209 1397 
628 745 44 0.565911986387652 2087 
629 745 48 0.03544255684520982 1477 
630 772 32 0.29025550551424156 1774 
631 772 50 0.4269324098031679 1524 
632 772 40 0.49190955617342774 2048 
633 772 48 0.12373364054928841 1460 
634 772 33 0.6996125283832172 2299 
635 772 50 0.849101114246247 2178 
636 772 42 0.8773962173139304 1951 
637 772 39 0.7279525417373152 1888 
638 772 41 0.833079874633484 1420 
639 781 44 0.08617988700943015 1778 
640 781 44 0.8520698903196291 2142 
641 781 50 0.26989442025311106 1395 
642 781 33 0.37870740046139795 1830 
643 781 48 0.8008282918820837 1659 
644 781 47 0.5168790533679427 1491 
645 781 37 0.8465896961041842 1624 
646 781 50 0.07766833629274418 2185 
647 781 37 0.48461167547474115 1682 
648 781 42 0.5244789523251153 2190 
649 781 38 0.48753242453654244 1742 
650 781 47 0.16823988965937098 1308 
651 791 35 0.4108733898327351 1439 
652 791 30 0.17878369711722325 1370 
653 791 38 0.4041361532072502 1757 
654 791 32 0.062089354508830734 2020 
655 791 41 0.21189823136203573 1782 
656 791 34 0.8271547451683383 2233 
657 791 41 0.707926789441602 2043 
658 791 43 0.14104619328899434 2049 
659 791 36 0.3092183053204716 1601 
660 800 42 0.7894121618556257 2077 
661 800 38 0.4132841667172365 1917 
662 800 33 0.01543384012639014 1996 
663 800 41 0.3951662911003645 1719 
664 800 36 0.7216736877208852 1489 
665 800 34 0.04671338053727138 2057 
666 800 30 0.5431803423893445 2302 
667 800 30 0.24982833644969868 1551 
668 800 47 0.7613092281585155 1634 
669 800 39 0.8362119586602023 1624 
670 801 43 0.6259466995581997 1507 
671 801 48 0.8363496654629967 1495 
672 801 43 0.5589882369660009 1815 
673 801 39 0.6540613136280189 2128 
674 801 40 0.60687016672214 2291 
675 801 48 0.4375097751992323 2047 
676 801 35 0.34402098446178747 2027 
677 801 49 0.7309929407682793 2286 
678 801 46 0.51831061232576 1675 
679 801 36 0.6997853753685418 1619 
680 820 48 0.18925663776167398 2001 
681 820 48 0.03309442776645199 2108 
682 820 37 0.17384788828272457 1605 
683 820 35 0.03389567380832111 1624 
684 820 41 0.6122081353968838 1966 
685 820 47 0.7559717775717562 1650 
686 820 44 0.6216492130450426 1724 
687 820 47 0.7232435633309791 1684 
688 820 42 0.4108085171035511 2072 
689 822 49 0.08447621646637322 2291 
690 822 36 0.7712581597348382 1825 
691 822 32 0.5971346983625531 1965 
692 822 40 0.6725542085413699 1639 
693 822 33 0.07028592504538311 2230 
694 822 30 0.5227495349115173 1985 
695 822 32 0.8599610228534184 1726 
696 822 39 0.17133979388208953 1398 
697 822 37 0.4239659266996467 1932 
698 822 46 0.2523987784480178 1725 
699 822 36 0.14566296967220696 1446 
700 822 42 0.6521029275048142 1484 
701 831 45 0.20483699953390708 1787 
702 831 48 0.28416709100034027 1573 
703 831 30 0.2797800630689665 1847 
704 831 49 0.8846887389865797 2144 
705 831 49 0.6492191778084393 2167 
706 831 48 0.1328664030197407 1741 
707 831 49 0.8318300699780926 1724 
708 831 39 0.06166558016422756 2115 
709 831 38 0.18049126959634096 2076 
710 840 42 0.765750579616192 1610 
711 840 35 0.14676781502174763 1825 
712 840 43 0.8159908887797759 1379 
713 840 30 0.6077525074907851 2056 
714 840 47 0.5916205598453521 2214 
715 840 43 0.3130581637745509 1350 
716 840 42 0.4693817237609181 1426 
717 840 43 0.31692442933884346 2101 
718 840 32 0.8831297120433613 1808 
719 840 48 0.5450481228570702 1450 
720 840 45 0.19398113691229854 2283 
721 840 48 0.5057626283233011 2060 
722 842 38 0.2589319081241954 1508 
723 842 32 0.4152307755103765 2293 
724 842 38 0.7228606978197398 1444 
725 842 33 0.7036456305306926 1645 
726 842 41 0.05703955106047711 2030 
727 842 36 0.4848820158881218 2163 
728 842 38 0.2548426708271959 1709 
729 842 39 0.7342177379678411 1643 
730 842 36 0.4136523869403247 1390 
731 842 34 0.8535080046792419 1618 
732 842 47 0.2568995823008049 2117 
733 842 48 0.6318367596805756 1980 
734 862 35 0.7009478792125211 2248 
735 862 35 0.4507213400812683 1896 
736 862 45 0.6416208738508963 1538 
737 862 34 0.5180090678356488 1346 
738 862 38 0.2235827016247541 2143 
739 862 41 0.7839369154641455 1726 
740 862 46 0.46583152379039483 1511 
741 862 39 0.6867656279867826 1753 
742 862 47 0.8023547067272228 1835 
743 862 31 0.37370704277652717 2096 
744 862 31 0.6659562742433215 1366 
745 870 34 0.772476041333162 1952 
746 870 50 0.11488832184465159 2008 
747 870 38 0.19000885448522215 1793 
748 870 40 0.5954439007485289 1643 
749 870 49 0.4068828084504376 2266 
750 870 40 0.8881196962365452 2102 
751 870 30 0.27030325943171424 2036 
752 870 36 0.3693374768270351 2167 
753 871 36 0.06028290889479175 1960 
754 871 48 0.3922070432170555 1811 
755 871 41 0.8445507081663078 1860 
756 871 39 0.36981522771390674 1923 
757 871 40 0.08109490328236785 1506 
758 871 42 0.7521874441320314 1377 
759 871 46 0.1857276362992735 1802 
760 871 31 0.8180530129153906 1787 
761 871 36 0.558350859948177 1324 
762 881 50 0.6576996698712824 2063 
763 881 33 0.7055290960592266 1830 
764 881 34 0.8670479629815533 1832 
765 881 46 0.2883473459371858 1815 
766 881 34 0.8346374512752615 1846 
767 881 30 0.383325380238582 2277 
768 881 37 0.7268292528425756 1338 
769 881 30 0.02209022512365578 2134 
770 881 36 0.8979429239763097 2263 
771 889 42 0.3867742778420189 1674 
772 889 43 0.3368713592937703 2140 
773 889 35 0.4549530009936518 2152 
774 889 43 0.05959187814759902 1337 
775 889 33 0.1299360034797527 1429 
776 889 37 0.296365767756189 1509 
777 889 50 0.17268339214127623 2202 
778 889 49 0.7163884264248327 1901 
779 889 50 0.02983442771233593 2297 
780 889 44 0.6965400230354446 1463 
781 897 47 0.7857862785912417 2272 
782 897 41 0.38620484019035595 1324 
783 897 38 0.4067609216353838 1415 
784 897 43 0.17731693637630877 1395 
785 897 44 0.35686767651501067 1581 
786 897 46 0.31973471499254424 1856 
787 897 50 0.16234769539640953 2003 
788 897 44 0.39869536272203576 1724 
789 898 44 0.21393777190834057 1502 
790 898 47 0.2043192217815701 1656 
791 898 45 0.8192721729184379 1778 
792 898 37 0.2284869243809837 1774 
793 898 36 0.037889737272977966 1350 
794 898 39 0.5921276185501543 1587 
795 898 46 0.21835886485260847 1330 
796 898 37 0.8940022469723766 1877 
797 898 42 0.2006474916163868 2117 
798 898 37 0.1579392828208266 1751 
799 898 44 0.09576572321943373 2005 
800 899 44 0.49141383993865023 1934 
801 899 36 0.02843283070346815 1424 
802 899 49 0.08915501532426541 1379 
803 899 45 0.8384176018259232 1464 
804 899 35 0.45579070221844376 1841 
805 899 45 0.20511086350101315 2239 
806 899 42 0.4196219753713575 2126 
807 899 42 0.7179522719376273 1306 
808 899 40 0.13031663437431434 1929 
809 899 50 0.07266633930327204 1406 
810 899 50 0.04839433187236679 1396 
811 900 41 0.5849250299957661 1962 
812 900 44 0.7352461220239775 2072 
813 900 45 0.6562472786068623 2042 
814 900 33 0.532763847458202 2155 
815 900 37 0.2528013955432924 1937 
816 900 37 0.787822529222078 1449 
817 900 43 0.7580617576327686 1383 
818 900 47 0.15234412717573773 1429 
819 900 35 0.42043554093644075 1409 
820 906 42 0.6309493422241915 1314 
821 906 31 0.5110071010912824 1571 
822 906 35 0.7083507563146844 2244 
823 906 38 0.5411171230908085 1666 
824 906 50 0.13475645783016504 1851 
825 906 40 0.45701145832552914 1706 
826 906 36 0.8451068236731916 1872 
827 906 33 0.5268831607273566 1765 
828 906 40 0.860927750180287 1554 
829 906 41 0.6883474282623366 1636 
830 906 46 0.869908759760108 1498 
831 919 49 0.08523143159398044 1579 
832 919 49 0.8630495055448717 2032 
833 919 41 0.18782133539136828 1435 
834 919 40 0.8293277545857416 1773 
835 919 48 0.24364924647037864 1875 
836 919 33 0.047540152856421804 1703 
837 919 35 0.648100786796619 2203 
838 919 41 0.7717555887720685 2081 
839 919 48 0.3339579429138066 1464 
840 947 38 0.8768569213573113 2178 
841 947 49 0.19791015660077577 1451 
842 947 47 0.31771717616075196 1515 
843 947 32 0.5874576602089598 1843 
844 947 39 0.3916641114855706 2158 
845 947 32 0.6331931587973765 1436 
846 947 32 0.4433472514302612 1335 
847 947 42 0.15555246842205708 1348 
848 947 37 0.33221108198919314 1892 
849 947 44 0.08714182184261927 1768 
850 947 38 0.31863885345747345 2297 
851 948 32 0.7771035731728946 1834 
852 948 39 0.6551574850711226 1730 
853 948 46 0.16666473016575362 1689 
854 948 44 0.759219859393924 1720 
855 948 38 0.39549745879636883 1846 
856 948 33 0.869654883903553 2105 
857 948 37 0.15353627617239116 2094 
858 948 50 0.8400387979675913 2159 
859 948 32 0.374218555845852 1834 
860 948 33 0.5687117841816953 1948 
861 948 34 0.07049617780330206 1544 
862 958 46 0.5392550008928838 1862 
863 958 43 0.897614093938006 1887 
864 958 34 0.4771722432940795 1481 
865 958 45 0.48943980674934257 1856 
866 958 46 0.5122633981022964 2111 
867 958 31 0.5791483597836322 2213 
868 958 41 0.7392567800772604 1909 
869 958 38 0.5411933075051617 2301 
870 959 45 0.09194186280276273 1861 
871 959 42 0.1215635996372464 1860 
872 959 37 0.19996900216123945 1468 
873 959 47 0.01717944318985332 1607 
874 959 32 0.7777935979447936 2052 
875 959 44 0.8801495274166681 1819 
876 959 36 0.3695734720991396 1676 
877 959 42 0.037774716615746606 1479 
878 959 45 0.054484008498280674 1643 
879 959 30 0.03942968994734014 1514 
880 959 35 0.1698826057123368 1855 
881 960 32 0.7269560279765114 1320 
882 960 45 0.841414179974823 2166 
883 960 50 0.26879022250522616 1540 
884 960 30 0.2773118073252806 1367 
885 960 38 0.8071666783664183 2215 
886 960 44 0.7544324165971602 2101 
887 960 37 0.7099484945686164 1666 
888 960 48 0.6813649243891324 2163 
889 996 36 0.353062739476312 2084 
890 996 49 0.429121200851603 1878 
891 996 41 0.5786880692245138 1369 
892 996 36 0.8025568766595702 1431 
893 996 40 0.752919923659087 1346 
894 996 47 0.8514982358307568 1552 
895 996 44 0.2596478044948222 1663 
896 996 32 0.5023100271971981 2030 
897 1006 30 0.5223246253272943 1565 
898 1006 45 0.14734839272267766 2015 
899 1006 47 0.14755869597753177 1607 
900 1006 36 0.027952639089142063 1965 
901 1006 40 0.05915704129079585 2071 
902 1006 41 0.6680895784902064 1383 
903 1006 43 0.1048464502088876 1916 
904 1006 32 0.5315381581283871 1504 
905 1006 39 0.15114472475255064 1671 
906 1007 30 0.47560924475616767 1988 
907 1007 32 0.5882625459726974 2052 
908 1007 34 0.07182076249948333 2224 
909 1007 39 0.3087478453984999 2219 
910 1007 31 0.6653945669231156 2122 
911 1007 36 0.652009443236785 1799 
912 1007 30 0.7522270968574353 2070 
913 1007 49 0.16332065158063033 2052 
914 1007 49 0.11970442762769111 1449 
915 1007 47 0.23338370093764335 1580 
916 1007 45 0.24680920128570788 1412 
917 1007 35 0.3862709405246908 2148 
918 1017 32 0.219274797510448 1432 
919 1017 49 0.5914181883372366 1657 
920 1017 36 0.3064210639894155 2168 
921 1017 38 0.39553309253453645 1871 
922 1017 49 0.7309738310913013 1390 
923 1017 31 0.49841936544278387 1317 
924 1017 50 0.1401081929676489 1676 
925 1017 37 0.619228142052919 2110 
926 1017 36 0.8543225721354445 1657 
927 1017 49 0.32250170794701205 1874 
928 1017 39 0.29752111869337017 1782 
929 1017 42 0.0869892079860919 1354 
930 1018 32 0.3949292587916107 1733 
931 1018 32 0.2198607757230728 1543 
932 1018 30 0.1635170537042562 1474 
933 1018 41 0.3063850361630263 2156 
934 1018 33 0.5400692865570506 1954 
935 1018 38 0.502365605142403 2088 
936 1018 34 0.042566785217354665 1564 
937 1018 32 0.09430385625056142 1470 
938 1029 41 0.11055249794309527 1773 
939 1029 46 0.7449859315297774 1555 
940 1029 30 0.08965839880670175 1702 
941 1029 41 0.7402354376741354 1604 
942 1029 41 0.8920630113104591 1590 
943 1029 42 0.14213697995549476 2105 
944 1029 42 0.319486442413571 2026 
945 1029 38 0.262252352069838 1891 
946 1029 40 0.5841163017769692 2075 
947 1057 42 0.12297910084902139 1502 
948 1057 46 0.14495754710576375 1850 
949 1057 42 0.4175463608520491 1804 
950 1057 33 0.3157603950184261 1596 
951 1057 31 0.36384354547905345 1763 
952 1057 33 0.04827879946980434 1455 
953 1057 32 0.1636657709380432 1514 
954 1057 44 0.11690616045231993 1593 
955 1057 50 0.4841241642303152 1806 
956 1057 39 0.8836670021788418 1561 
957 1057 40 0.6991580189630059 2299 
958 1067 41 0.21876742475358646 1316 
959 1067 41 0.5536901072627681 1586 
960 1067 46 0.421223187370735 1999 
961 1067 39 0.0870717906231618 1359 
962 1067 38 0.7916293142206148 1553 
963 1067 45 0.33754771189043803 1366 
964 1067 37 0.8400605276079955 1509 
965 1067 35 0.88608394141053 1529 
966 1067 37 0.22766524042861425 2036 
967 1067 30 0.4944465420787619 1675 
968 1068 33 0.8164732054571923 2272 
969 1068 36 0.2934074426740573 1989 
970 1068 43 0.7752572800935533 1800 
971 1068 34 0.7516133925687297 1865 
972 1068 47 0.33783050378667745 2222 
973 1068 46 0.29858932469782484 2057 
974 1068 42 0.580136918331828 1370 
975 1068 49 0.36124980507441207 1418 
976 1068 41 0.173981234691441 2175 
977 1069 36 0.48175987210856175 1544 
978 1069 48 0.23595296639643476 1413 
979 1069 38 0.1422007975798969 2101 
980 1069 31 0.7866328756182702 1937 
981 1069 31 0.08401760628269114 1882 
982 1069 35 0.6375747541892036 1567 
983 1069 49 0.27397901634190086 2276 
984 1069 42 0.5951997738931168 2243 
985 1069 44 0.022672599759718172 1886 
986 1080 48 0.6263894644754388 1704 
987 1080 32 0.4684549201919486 1589 
988 1080 36 0.3370907683885302 1651 
989 1080 37 0.473917006786434 1525 
990 1080 40 0.827202276665899 1818 
991 1080 30 0.6388725723056158 1321 
992 1080 41 0.015297544721597361 2195 
993 1080 34 0.7162418131095286 1918 
994 1080 42 0.05721964208668192 1936 
995 1080 45 0.49911420228968467 1887 
996 1088 37 0.028811246402268398 1409 
997 1088 49 0.49991632832310634 2239 
998 1088 43 0.3077023172390933 2283 
999 1088 49 0.7683647173341069 1826 
1000 1088 41 0.7970356685918812 1914 
1001 1088 36 0.08617687175778542 2092 
1002 1088 36 0.3308185191704149 1929 
1003 1088 38 0.3606078756616245 1690 
1004 1088 37 0.18971940612365643 1631 
1005 1088 45 0.5132980000675739 1643 
1006 1111 39 0.24624960075680247 1984 
1007 1111 49 0.7701154578156932 1775 
1008 1111 43 0.7208987373353679 1762 
1009 1111 50 0.2982569601348018 1708 
1010 1111 36 0.6959487748788603 1303 
1011 1111 36 0.11393181179091715 2093 
1012 1111 34 0.3897844193811351 2238 
1013 1111 48 0.38101549492908265 1543 
1014 1111 50 0.6654106573103221 1942 
1015 1111 46 0.06165004066032789 1930 
1016 1111 44 0.5322480169631846 1422 
1017 1112 50 0.5853139314291209 1623 
1018 1112 38 0.6470487558651533 2293 
1019 1112 38 0.8602933289092477 1479 
1020 1112 33 0.06744155808058386 1755 
1021 1112 39 0.8756118380863929 1606 
1022 1112 47 0.37407423004310125 2222 
1023 1112 30 0.63822420305603 2058 
1024 1112 47 0.2639126062829445 1551 
1025 1112 33 0.73171790743577 1662 
1026 1112 38 0.5718027099989207 1448 
1027 1112 36 0.6847462229417919 1895 
1028 1112 36 0.597391603725847 2239 
1029 1131 35 0.5059928330827358 1444 
1030 1131 50 0.42256596548785447 1760 
1031 1131 39 0.7353241685767502 1900 
1032 1131 40 0.4794734102361043 1401 
1033 1131 47 0.8007194058585999 1976 
1034 1131 42 0.8279149322483077 1639 
1035 1131 31 0.4299717724320971 2033 
1036 1131 38 0.7479681531098101 1601 
1037 1131 35 0.7362814086467278 1412 
1038 1131 45 0.09808346766292443 1583 
1039 1132 43 0.7767464799223219 2016 
1040 1132 45 0.8008503001150263 1452 
1041 1132 33 0.6236693264878327 1976 
1042 1132 41 0.6530756207446548 1336 
1043 1132 47 0.21923606778872257 1970 
1044 1132 31 0.5765695463868777 1392 
1045 1132 45 0.6378641064745619 2117 
1046 1132 50 0.3083730070211488 1986 
1047 1140 37 0.5449577721517489 1650 
1048 1140 36 0.8678399883080326 2236 
1049 1140 36 0.558608045598897 2268 
1050 1140 44 0.07295166295416716 1670 
1051 1140 45 0.7263863461839051 1657 
1052 1140 40 0.6672395111734394 2024 
1053 1140 37 0.12274246744013298 2238 
1054 1140 37 0.3940123957426456 1308 
1055 1140 32 0.4015469395078552 1471 
1056 1140 49 0.419200805350736 1848 
1057 1156 46 0.4677729434784439 1645 
1058 1156 39 0.4840233946176395 2012 
1059 1156 37 0.430905701342164 2242 
1060 1156 35 0.5676596612296373 1781 
1061 1156 47 0.34858243051877014 1468 
1062 1156 50 0.8216088640395828 1773 
1063 1156 41 0.18349691727813705 2061 
1064 1156 36 0.5979668914385576 2023 
1065 1156 47 0.2676699910610536 2070 
1066 1156 30 0.5778631536855023 2073 
1067 1157 38 0.8982023881848545 1733 
1068 1157 39 0.4168844854904483 1653 
1069 1157 49 0.7706731329266614 1557 
1070 1157 37 0.07450739447919943 1432 
1071 1157 39 0.1765744504781164 1423 
1072 1157 40 0.7292090827152543 1328 
1073 1157 47 0.18903825398577453 2070 
1074 1157 35 0.291548604033736 1784 
1075 1157 35 0.6470513136060784 1509 
1076 1157 31 0.7003283132257185 1953 
1077 1157 49 0.14666619399517075 1522 
1078 1157 39 0.2656065338547923 2170 
1079 1165 32 0.21657052114126796 1561 
1080 1165 45 0.4394363599454512 2241 
1081 1165 40 0.5249002420604688 1856 
1082 1165 48 0.15525726559811878 1596 
1083 1165 49 0.3802269636148452 1877 
1084 1165 36 0.27066324459811353 1643 
1085 1165 37 0.04279607125423154 1342 
1086 1165 33 0.08040809927316502 2175 
1087 1165 43 0.8899167490242073 2158 
1088 1173 34 0.8072366581283696 1608 
1089 1173 43 0.06327234837111585 1659 
1090 1173 32 0.7605784400369447 2065 
1091 1173 33 0.8586482083726494 1318 
1092 1173 31 0.4503038011591006 1669 
1093 1173 46 0.6491191616842127 1598 
1094 1173 49 0.45016296648669885 1660 
1095 1173 36 0.3367801558590065 2004 
1096 1173 43 0.6372897591313471 2040 
1097 1173 38 0.8124580777179222 1898 
1098 1173 34 0.4643515986782689 1478 
1099 1174 36 0.6986114619461167 1719 
1100 1174 34 0.1513756266895534 1884 
1101 1174 33 0.6308618436347035 2194 
1102 1174 39 0.055062069212727535 1707 
1103 1174 44 0.5862062250701996 1653 
1104 1174 50 0.07549973644380305 1948 
1105 1174 39 0.3582467402575319 1582 
1106 1174 44 0.7092242473040754 2301 
1107 1174 39 0.07042958623597474 2014 
1108 1174 49 0.17484399240724705 1654 
1109 1174 40 0.8138039580301724 2064 
1110 1174 38 0.2987815757992682 1441 
1111 1182 47 0.4475262048373964 1350 
1112 1182 32 0.6006949149920515 1576 
1113 1182 46 0.4697991498787761 1693 
1114 1182 45 0.5701877915973201 1501 
1115 1182 34 0.25901800842201733 2027 
1116 1182 30 0.8556568223291885 2100 
1117 1182 36 0.48175425542284167 2229 
1118 1182 42 0.460011944157601 1628 
1119 1182 45 0.8847146163285453 2216 
1120 1182 42 0.27187860412096687 2133 
1121 1182 40 0.05124397522736634 1562 
1122 1185 32 0.3413225662484333 2110 
1123 1185 31 0.5404960090958723 1476 
1124 1185 47 0.18123668409755705 1471 
1125 1185 41 0.1605195181620222 1923 
1126 1185 36 0.06330649240407597 1627 
1127 1185 36 0.8294133647491939 1879 
1128 1185 50 0.8945928230964945 2171 
1129 1185 40 0.7616291720132959 2134 
1130 1185 35 0.25555428940487557 2003 
1131 1194 41 0.5242768884782084 2077 
1132 1194 35 0.7440167257264264 1666 
1133 1194 38 0.4367857642715637 1839 
1134 1194 40 0.18089460292327333 2052 
1135 1194 44 0.7499161173495815 1585 
1136 1194 38 0.040005060146116996 1333 
1137 1194 38 0.7950222866733714 1495 
1138 1194 46 0.4863508270128368 1617 
1139 1194 34 0.8872217092921479 1384 
1140 1198 37 0.03231060870935916 1653 
1141 1198 43 0.1465466580991446 1795 
1142 1198 44 0.2756466360652049 2003 
1143 1198 41 0.6259563850977852 1501 
1144 1198 47 0.8002692200432897 1693 
1145 1198 34 0.026241150528296245 1550 
1146 1198 34 0.3309120290652929 1383 
1147 1198 30 0.5193352469551963 2093 
1148 1204 45 0.014477840508795813 1634 
1149 1204 46 0.47537346305597095 1852 
1150 1204 42 0.16739116471482915 2000 
1151 1204 48 0.46069027896476905 2240 
1152 1204 45 0.1298885002789744 1367 
1153 1204 34 0.15824766827427697 1911 
1154 1204 41 0.12535633915722316 2051 
1155 1204 32 0.059246393430862014 2201 
1156 1215 38 0.19722095274090673 1780 
1157 1215 30 0.8423320408590184 1713 
1158 1215 35 0.42998644754748516 1642 
1159 1215 37 0.5498114327251434 1830 
1160 1215 31 0.415090947409879 1369 
1161 1215 44 0.5242915607523377 1576 
1162 1215 41 0.8277896228149473 1418 
1163 1215 36 0.8915562018458933 1588 
1164 1215 37 0.6335609836021678 2157 
1165 1216 31 0.39515126991955296 1340 
1166 1216 43 0.8192715626584189 1458 
1167 1216 40 0.01767999232910988 2018 
1168 1216 40 0.4865045200661886 1337 
1169 1216 47 0.1795582814068914 2208 
1170 1216 41 0.51314725267986 1432 
1171 1216 46 0.2437792911141545 1954 
1172 1216 48 0.36320038082661765 2010 
1173 1222 41 0.4092161285023141 1491 
1174 1222 43 0.4798894704498659 1969 
1175 1222 41 0.8786999499353573 1895 
1176 1222 46 0.8921949862276413 1388 
1177 1222 43 0.19725632305618637 2094 
1178 1222 38 0.6096366606846836 1388 
1179 1222 34 0.4852791048228411 2145 
1180 1222 49 0.7809458862981978 1747 
1181 1222 32 0.20447727977741265 1854 
1182 1230 33 0.38273446547366413 1502 
1183 1230 31 0.30249504042789654 1741 
1184 1230 36 0.5926369675136302 1937 
1185 1230 46 0.809065505353974 2256 
1186 1230 43 0.39626320621689604 2077 
1187 1230 30 0.3320299227577973 1929 
1188 1230 44 0.6191072396190849 1524 
1189 1230 37 0.5644832446930869 1792 
1190 1230 37 0.7263955497834067 1984 
1191 1230 41 0.32377046610643123 1730 
1192 1230 46 0.4458220018511447 1781 
1193 1231 50 0.7259888931725827 1818 
1194 1231 33 0.25011906926612393 1490 
1195 1231 48 0.5072303468189582 1715 
1196 1231 39 0.1847255269922264 1530 
1197 1231 49 0.6968697165490761 1356 
1198 1231 48 0.6220419183998543 2174 
1199 1231 39 0.25392516527573034 1649 
1200 1231 45 0.8988901418675822 2140 
1201 1231 30 0.028294939149265584 2215 
1202 1231 33 0.6734027383480985 1417 
1203 1231 35 0.38096225346053597 1701 
1204 1232 33 0.4101921000874499 1964 
1205 1232 32 0.6912281418836347 2169 
1206 1232 47 0.4510977342611048 1646 
1207 1232 35 0.6278831630218159 1326 
1208 1232 42 0.29714301883049915 1525 
1209 1232 31 0.1890788941073742 1890 
1210 1232 33 0.28357286347028343 2251 
1211 1232 48 0.25471418796582695 1661 
1212 1232 41 0.3109135632787261 1435 
1213 1232 35 0.04860749096715974 1749 
1214 1249 37 0.17958069804754598 1678 
1215 1249 42 0.30666062143630657 1338 
1216 1249 50 0.2137336323193924 1609 
1217 1249 47 0.32313477898450566 1342 
1218 1249 34 0.34903797221793526 1664 
1219 1249 36 0.1291039679129204 1477 
1220 1249 44 0.09588544526169965 1972 
1221 1249 32 0.7391872778799714 1794 
1222 1252 40 0.6373301060494223 2212 
1223 1252 30 0.8651082301026577 1413 
1224 1252 41 0.05233753119957151 2184 
1225 1252 31 0.2992220875781118 1311 
1226 1252 50 0.7651873452389613 1570 
1227 1252 38 0.034666138065974225 1682 
1228 1252 34 0.010606134004075802 1496 
1229 1252 30 0.1716052122243315 2149 
1230 1261 42 0.7014838816393548 1936 
1231 1261 48 0.06105441176932991 2021 
1232 1261 36 0.04025440973707756 2225 
1233 1261 38 0.8671571007695131 2079 
1234 1261 33 0.6392530797766653 1495 
1235 1261 50 0.6824203063440388 2059 
1236 1261 38 0.6593359979312369 2029 
1237 1261 33 0.39867900958777763 1604 
1238 1261 46 0.6112160611433921 1921 
1239 1262 43 0.6310210286146487 1361 
1240 1262 39 0.2240972846810666 2120 
1241 1262 41 0.2588970887165326 1769 
1242 1262 36 0.6206928624123329 1559 
1243 1262 39 0.3371846966331195 1720 
1244 1262 32 0.05839908079493978 1678 
1245 1262 42 0.7765627370761674 1348 
1246 1262 47 0.8500490939223999 1713 
1247 1262 35 0.8130778241461925 2107 
1248 1262 47 0.21083097485545396 1410 
1249 1270 31 0.06775559150511669 2048 
1250 1270 46 0.10061616080567794 1625 
1251 1270 34 0.7831647600906823 2041 
1252 1270 36 0.8637139956996205 2071 
1253 1270 36 0.395028146906448 1692 
1254 1270 40 0.1292041817666338 2259 
1255 1270 41 0.47600294104085045 1370 
1256 1270 45 0.018147337365210937 1727 
1257 1270 49 0.4822856274835293 1312 
1258 1270 40 0.7669806322976436 1872 
1259 1270 41 0.8371861277938892 2020 
1260 1270 32 0.566716939886086 1474 
1261 1280 32 0.32879458649237975 1728 
1262 1280 50 0.5229851592424148 2299 
1263 1280 40 0.37327254752127326 2208 
1264 1280 41 0.7403688564783765 1444 
1265 1280 49 0.5118439143243774 1909 
1266 1280 42 0.3782169970925056 1486 
1267 1280 31 0.6224388590780343 1611 
1268 1280 39 0.7087241328044579 1962 
1269 1280 41 0.4080774473778595 2002 
1270 1303 33 0.1914193845330927 1529 
1271 1303 40 0.6244979666603041 1515 
1272 1303 46 0.2632846989873746 1699 
1273 1303 50 0.7504926879833672 1885 
1274 1303 41 0.2587996379889713 2146 
1275 1303 46 0.478393254083641 1882 
1276 1303 33 0.875164082337462 1723 
1277 1303 36 0.7907991223179488 1498 
1278 1303 32 0.20050207957781405 1784 
1279 1303 38 0.19376258092218648 1521 
1280 1325 39 0.24124472408560738 1445 
1281 1325 41 0.7898635508748589 2050 
1282 1325 48 0.8688022765789029 1881 
1283 1325 49 0.4768733163704154 1596 
1284 1325 31 0.8768406512103697 1710 
1285 1325 38 0.14272422846427443 2240 
1286 1325 40 0.45766494535647395 2254 
1287 1325 48 0.15621907339141022 1495 
1288 1325 31 0.6725644525077147 2172 
1289 1325 38 0.7346864447159553 1411 
1290 1325 32 0.3814864605934129 1414 
1291 1332 44 0.5308439685648708 2149 
1292 1332 50 0.5426751626494658 2091 
1293 1332 33 0.29405295819662763 1714 
1294 1332 44 0.18393232589211483 1737 
1295 1332 38 0.7277919750887649 1774 
1296 1332 43 0.2967316833692805 2084 
1297 1332 40 0.3016487842502395 2035 
1298 1332 40 0.07523950068184608 1526 
1299 1332 37 0.39631330376585916 1814 
1300 1332 30 0.0724750681759178 2033 
1301 1332 34 0.36754356366642527 1745 
1302 1332 35 0.7386818944094077 2065 
1303 1340 40 0.17299134006864603 1424 
1304 1340 42 0.6329697548343393 1465 
1305 1340 42 0.5089228815439493 2189 
1306 1340 45 0.04078188033493849 1554 
1307 1340 32 0.07143224762831907 2025 
1308 1340 40 0.642712836615943 2247 
1309 1340 37 0.6564503794278981 1405 
1310 1340 46 0.6502010702746939 1912 
1311 1340 44 0.14777708799292744 1673 
1312 1340 33 0.8132048106348526 2089 
1313 1340 35 0.3600076130189323 1634 
1314 1340 40 0.07890503388256044 1591 
1315 1344 47 0.7486299314888515 1383 
1316 1344 43 0.2673393995326135 1712 
1317 1344 40 0.7383911926840876 2300 
1318 1344 34 0.056833346168260246 1479 
1319 1344 45 0.8522465462026734 2119 
1320 1344 41 0.6536290367877632 2247 
1321 1344 30 0.853214673694844 1956 
1322 1344 35 0.7039307876578624 2087 
1323 1344 49 0.7234084817860499 2121 
1324 1344 30 0.33252004554838616 2146 
1325 1359 42 0.09446383084936467 1416 
1326 1359 37 0.8680463444416434 1661 
1327 1359 45 0.41437702093013334 1843 
1328 1359 35 0.1062935787568741 1679 
1329 1359 32 0.2540265171518696 1634 
1330 1359 33 0.4563704272499487 2157 
1331 1359 43 0.4906259449680258 1696 
1332 1380 31 0.5921586027363698 1687 
1333 1380 37 0.6959377256717285 1369 
1334 1380 45 0.15407660219232608 1630 
1335 1380 47 0.8065939672070985 1993 
1336 1380 36 0.6756239924687505 1842 
1337 1380 50 0.8793447354946097 1504 
1338 1380 45 0.30704841355918866 1709 
1339 1380 47 0.44898927477019895 1311 
1340 1389 46 0.24484892949608308 1941 
1341 1389 43 0.25380876052635987 2119 
1342 1389 33 0.8842190113744651 2184 
1343 1389 30 0.5798952521600076 1362 
1344 1389 47 0.7237191742727728 1760 
1345 1389 35 0.13933005100341078 1641 
1346 1389 42 0.23234730149643854 1508 
1347 1389 30 0.6679916090505231 1883 
1348 1389 44 0.1977136324507154 2238 
1349 1389 32 0.8005764499414628 1963 
1350 1400 44 0.8359922611180743 1917 
1351 1400 37 0.30219417119648645 2228 
1352 1400 43 0.670372044542208 1458 
1353 1400 49 0.7862728702419152 2139 
1354 1400 30 0.17574733539173046 2167 
1355 1400 41 0.7913953773321214 1480 
1356 1400 42 0.6499028242948217 1885 
1357 1400 30 0.1276993181803072 2105 
1358 1400 39 0.7820195103846329 1758 
1359 1407 47 0.5881278238761295 1794 
1360 1407 36 0.7424221847047144 1332 
1361 1407 49 0.6153304023936915 1579 
1362 1407 33 0.2500699883721406 2101 
1363 1407 38 0.2915282423892052 2228 
1364 1407 31 0.2574796535873275 1310 
1365 1407 39 0.42986419249014046 1400 
1366 1407 33 0.7208221280555481 1410 
1367 1407 47 0.8780760486311878 2071 
1368 1407 48 0.8415537661041245 2240 
1369 1407 36 0.6844045097237914 1324 
1370 1407 32 0.35116190561289845 2235 
1371 1411 42 0.44471715520489324 1735 
1372 1411 39 0.2200485711358625 1645 
1373 1411 47 0.48649097343415326 2259 
1374 1411 30 0.01859772957552413 1547 
1375 1411 33 0.35120127881199775 1868 
1376 1411 50 0.4483203865503415 2196 
1377 1411 35 0.2207236431348637 1857 
1378 1411 42 0.11671684789425947 1556 
1379 1423 44 0.09604255371280232 1412 
1380 1423 46 0.38831631491158075 2194 
1381 1423 32 0.6156857763632833 1665 
1382 1423 45 0.050590014424182816 1898 
1383 1423 39 0.6130035097970514 2000 
1384 1423 47 0.8230392025385272 1681 
1385 1423 47 0.3594640442383567 1828 
1386 1423 45 0.8199372059739474 1834 
1387 1423 42 0.5740730551057878 1926 
1388 1423 45 0.4218378089574993 1854 
1389 1453 34 0.2574118733330048 2191 
1390 1453 35 0.8027841131733764 1885 
1391 1453 39 0.6212482376277594 2052 
1392 1453 38 0.7889160146221449 1879 
1393 1453 34 0.8614690007841322 1858 
1394 1453 41 0.6343113234599479 1743 
1395 1453 39 0.060612368473394095 2266 
1396 1453 42 0.8764736583181387 1506 
1397 1453 45 0.20054247040809833 1340 
1398 1462 40 0.8706595135496653 1484 
1399 1462 46 0.1818309938553779 1708 
1400 1462 34 0.010748081915594253 1907 
1401 1462 49 0.10354436894739293 1606 
1402 1462 47 0.16370247403536353 2069 
1403 1462 43 0.6968555845783242 2047 
1404 1462 30 0.023403753836795375 1361 
1405 1462 40 0.6798306615459377 1822 
1406 1462 32 0.3114560943683491 1966 
1407 1481 38 0.3772036772981552 2264 
1408 1481 43 0.6809277174495169 1338 
1409 1481 35 0.451591486843125 1385 
1410 1481 32 0.5780910313434762 1629 
1411 1481 39 0.557420266036883 1654 
1412 1481 40 0.16713504714444113 1496 
1413 1481 32 0.7233804880827934 2288 
1414 1481 30 0.6066938319532642 1429 
1415 1482 42 0.6929080819490194 1400 
1416 1482 50 0.7338344370463713 1635 
1417 1482 37 0.7768061761904825 2185 
1418 1482 30 0.7191539768377143 2184 
1419 1482 42 0.44411219733803203 1685 
1420 1482 35 0.8650887870060652 1310 
1421 1482 50 0.14138361488917697 2154 
1422 1482 34 0.38370467764123806 1935 
1423 1491 38 0.43803203372039057 1701 
1424 1491 44 0.06398815058422427 2127 
1425 1491 39 0.5892966760069588 2205 
1426 1491 38 0.1464216208204731 2019 
1427 1491 30 0.37652538694512533 1976 
1428 1491 31 0.7497131063364992 2222 
1429 1491 30 0.7342449226828746 1898 
1430 1491 30 0.3451200689094108 1659 
1431 1491 38 0.4214259195522503 2118 
1432 1495 42 0.5284735258015248 1877 
1433 1495 38 0.4305152913018473 1486 
1434 1495 37 0.22716159110904627 1933 
1435 1495 45 0.7807837834471404 1688 
1436 1495 41 0.6706332491315943 1304 
1437 1495 38 0.5075047347511776 1863 
1438 1495 47 0.7980315329000698 1494 
1439 1495 33 0.3862632683919084 1684 
1440 1495 35 0.07484205873478139 1970 
1441 1495 34 0.7619539682995173 1371 
1442 1495 43 0.23498870793644594 1505 
1443 1502 36 0.2569194647675952 1606 
1444 1502 47 0.40531809206411473 1532 
1445 1502 32 0.1605075439334039 1938 
1446 1502 38 0.47413515521436134 1319 
1447 1502 36 0.616804009318352 1882 
1448 1502 50 0.7738797829651879 2125 
1449 1502 42 0.1691872879036103 1986 
1450 1502 40 0.43309018911028496 1565 
1451 1502 43 0.35955747978062536 2113 
1452 1502 34 0.33564614620787375 1722 
1453 1510 43 0.28890116172995917 1547 
1454 1510 32 0.4582928428528978 1472 
1455 1510 39 0.6268860232736762 1658 
1456 1510 32 0.6969395483703006 1307 
1457 1510 35 0.07171701192976682 2090 
1458 1510 40 0.6607502385822981 1343 
1459 1510 46 0.04934753896626403 2213 
1460 1510 35 0.6080102578679752 1714 
1461 1510 30 0.5947233208105284 1802 
1462 1513 32 0.03619502198150739 1993 
1463 1513 34 0.7845500176769448 2034 
1464 1513 45 0.8261106164991159 1351 
1465 1513 36 0.7134489496654808 2212 
1466 1513 35 0.1696213057472169 1875 
1467 1513 37 0.047043005675667375 2043 
1468 1513 40 0.2999685797167627 2120 
1469 1513 43 0.26103967805909717 1571 
1470 1513 43 0.35206300326566226 2056 
1471 1519 50 0.15778589083582326 2260 
1472 1519 37 0.7640906404687765 1818 
1473 1519 49 0.47917211335948795 1491 
1474 1519 31 0.746160932888933 2219 
1475 1519 45 0.27345287832548576 1743 
1476 1519 39 0.5780613203743106 1381 
1477 1519 48 0.7478145263220839 1826 
1478 1519 49 0.538397653542321 2156 
1479 1519 33 0.3170041069572898 1873 
1480 1519 47 0.8048115770911223 1617 
1481 1522 41 0.386089594615043 2223 
1482 1522 42 0.08422461355422362 2073 
1483 1522 42 0.570034682639076 2259 
1484 1522 37 0.6825110822727983 1874 
1485 1522 34 0.5396443739134984 1883 
1486 1522 48 0.7659495296353699 1509 
1487 1522 30 0.3119292318089147 1638 
1488 1522 47 0.7561191559783753 1949 
1489 1522 48 0.6226946864432799 1426 
1490 1522 33 0.18713699873822898 1348 
1491 1531 40 0.7838524170614088 1958 
1492 1531 38 0.7823742863989361 1549 
1493 1531 40 0.776054621347805 1691 
1494 1531 32 0.17896671906871556 1859 
1495 1531 41 0.8988037724448152 1796 
1496 1531 43 0.10097056205614295 1319 
1497 1531 40 0.5889977178972087 1755 
1498 1531 35 0.2911172762832078 1605 
1499 1531 31 0.13147919265359279 1711 
1500 1531 30 0.3401917363179922 1403 
1501 1531 38 0.27350285101328226 1735 
1502 1560 49 0.2530620760400321 2113 
1503 1560 50 0.4791662103960625 1859 
1504 1560 46 0.526721124372116 2035 
1505 1560 45 0.16694178421585473 1634 
1506 1560 42 0.06550862160833976 2050 
1507 1560 42 0.41944657607211305 1783 
1508 1560 47 0.436513096602294 1364 
1509 1560 38 0.3121965130093139 1815 
1510 1561 50 0.6124336718326852 1450 
1511 1561 34 0.6821682198671691 2019 
1512 1561 43 0.492057067508873 1997 
1513 1561 34 0.7409103744341251 1639 
1514 1561 37 0.629037431201647 1706 
1515 1561 40 0.15079289489274145 2157 
1516 1561 49 0.5674160965718453 1342 
1517 1561 46 0.6868836814677315 2148 
1518 1561 33 0.8759014282454282 2260 
1519 1561 44 0.14430819322713773 1543 
1520 1561 35 0.8026423461013973 2242 
1521 1561 41 0.028266950861129354 2016 
1522 1572 32 0.221361787554994 1522 
1523 1572 35 0.18087155627817483 2028 
1524 1572 50 0.5275241381078655 1936 
1525 1572 41 0.5460778605737495 1604 
1526 1572 32 0.48882009040973234 2243 
1527 1572 50 0.2850032853696044 1736 
1528 1572 48 0.14822005430972926 1503 
1529 1572 46 0.8278105412179844 1485 
1530 1572 45 0.5604547767847845 1930 
1531 1584 37 0.023442782854320002 1995 
1532 1584 42 0.7743849385948322 1904 
1533 1584 35 0.508118383824742 1413 
1534 1584 39 0.21094777103043238 2225 
1535 1584 36 0.26339806951774963 2091 
1536 1584 41 0.8411694466243467 1655 
1537 1584 30 0.4179058942339622 2119 
1538 1584 34 0.316219428872513 1841 
1539 1584 30 0.2933908890780929 1905 
1540 1584 30 0.8225014750191425 1776 
1541 1584 36 0.6173632158344563 1773 
1542 1586 47 0.7773519671395519 2077 
1543 1586 32 0.34776682492671684 2070 
1544 1586 34 0.21409845413367207 1704 
1545 1586 32 0.05617755354323698 2103 
1546 1586 37 0.25452489535963746 1411 
1547 1586 36 0.7345392897069215 1407 
1548 1586 37 0.14630278920285933 1782 
1549 1586 47 0.47623883893771746 2264 
1550 1586 31 0.5713894454803212 1365 
1551 1586 47 0.09131918897601779 1579 
1552 1587 43 0.47988481132332933 1871 
1553 1587 45 0.8156261327219285 2069 
1554 1587 47 0.8281585188143046 1354 
1555 1587 46 0.35241259561997973 2164 
1556 1587 45 0.7940452390176054 1591 
1557 1587 44 0.6082749000536266 1797 
1558 1587 32 0.5449959051634128 2055 
1559 1587 32 0.13239822555078953 1952 
1560 1594 47 0.44658144928904636 1555 
1561 1594 45 0.25306604812648364 1498 
1562 1594 40 0.8540253417980538 2211 
1563 1594 45 0.5171930853648935 2121 
1564 1594 32 0.03876666596041321 1605 
1565 1594 36 0.029350922499817834 2060 
1566 1594 35 0.41592290378476393 1903 
1567 1594 40 0.7955080544500841 1779 
1568 1594 44 0.8882563415275155 1412 
1569 1594 30 0.8602592192052908 1867 
1570 1594 48 0.43791848865044447 1329 
1571 1594 42 0.21015395788804875 1834 
1572 1602 38 0.20250558616697859 1624 
1573 1602 30 0.51159388604199 1312 
1574 1602 47 0.44680149986179474 2045 
1575 1602 43 0.7033754725600865 2082 
1576 1602 38 0.8282327507732877 2031 
1577 1602 39 0.7652702232853682 2074 
1578 1602 47 0.4416375766497117 2104 
1579 1602 49 0.6230868365331577 1778 
1580 1602 38 0.6000928039696425 2047 
1581 1602 44 0.20404135066952972 1793 
1582 1602 36 0.7944229662644494 1776 
1583 1602 49 0.11404920283613121 1667 
1584 1633 48 0.8195525829211939 1609 
1585 1633 37 0.37074707082462816 1521 
1586 1633 30 0.500560335385252 1345 
1587 1633 47 0.0314816681778029 1480 
1588 1633 48 0.2918342769796828 1407 
1589 1633 35 0.41865140945293633 1739 
1590 1633 30 0.7091294065215579 1567 
1591 1633 50 0.2443678323510384 1374 
1592 1633 33 0.22309185515113866 1476 
1593 1633 40 0.22132395529713061 1679 
1594 1643 34 0.1771214634145773 2021 
1595 1643 32 0.4375654600370901 1504 
1596 1643 41 0.4725676644155131 1908 
1597 1643 34 0.27483521622541185 1669 
1598 1643 50 0.3633067700503164 2014 
1599 1643 43 0.15241882705889745 2292 
1600 1643 41 0.8608999402000584 2212 
1601 1643 32 0.05131796438343155 2026 
1602 1652 31 0.39332784196582077 1730 
1603 1652 32 0.21984580533819487 2030 
1604 1652 48 0.5749584241889535 1765 
1605 1652 40 0.5016764629005259 1808 
1606 1652 46 0.04120323015942643 1601 
1607 1652 30 0.8770334505613893 1942 
1608 1652 34 0.4040325629981726 1803 
1609 1652 40 0.09689883957215752 2256 
1610 1652 48 0.6760690346964385 2236 
1611 1652 48 0.10330403356968626 1591 
1612 1652 36 0.33127038206586756 1316 
1613 1652 37 0.29580088835746604 1929 
1614 1656 33 0.5094487942458306 1376 
1615 1656 32 0.4077730742539661 1346 
1616 1656 36 0.2527260279484302 1830 
1617 1656 31 0.6739899598061035 1852 
1618 1656 31 0.14158861109692467 1578 
1619 1656 47 0.15627339719736164 1462 
1620 1656 42 0.10275787241758622 1348 
1621 1656 50 0.36113386432616135 2078 
1622 1656 31 0.6822427401185549 2084 
1623 1656 33 0.17953978891750733 1830 
1624 1656 35 0.3947062058191737 1683 
1625 1663 44 0.707795671429012 1571 
1626 1663 35 0.218230623386145 1602 
1627 1663 37 0.6087841699802604 2072 
1628 1663 42 0.684438662295929 2302 
1629 1663 48 0.7238237220693209 1722 
1630 1663 49 0.8048660218308369 2031 
1631 1663 44 0.43341619675890497 1431 
1632 1663 33 0.33147841373865256 1347 
1633 1665 36 0.1424544567541987 1520 
1634 1665 35 0.3592970106267668 2060 
1635 1665 43 0.21679329865132374 2016 
1636 1665 50 0.3111928668676965 1336 
1637 1665 31 0.5845017637521742 1394 
1638 1665 36 0.09150656272783171 2223 
1639 1665 45 0.1548418236567405 1991 
1640 1665 49 0.7989833838586253 1696 
1641 1665 47 0.19834867779140114 2174 
1642 1665 33 0.08351931101448819 1800 
1643 1672 39 0.36860708348255894 2228 
1644 1672 31 0.5892150054072223 1579 
1645 1672 50 0.5084672704809113 1767 
1646 1672 42 0.5548107865740436 1968 
1647 1672 46 0.4457047497479275 2073 
1648 1672 41 0.595095766607134 2296 
1649 1672 50 0.2411052489321231 2036 
1650 1672 49 0.6618685665027632 2151 
1651 1672 43 0.41341726614309704 2182 
1652 1695 31 0.6231315508475078 2033 
1653 1695 48 0.7661027932887454 1440 
1654 1695 46 0.6647495112278526 1731 
1655 1695 44 0.43857417633384443 1872 
1656 1695 41 0.7524814102485238 2295 
1657 1695 48 0.16289538834314352 2249 
1658 1695 42 0.21951393857401202 1664 
1659 1695 41 0.17399233205187872 1524 
1660 1695 32 0.5785440058673536 1499 
1661 1695 33 0.09630762082538252 2021 
1662 1695 36 0.714780950860166 1612 
1663 1727 41 0.25733033318574455 1775 
1664 1727 47 0.3595699890244382 2223 
1665 1727 32 0.1423290904390448 1588 
1666 1727 44 0.443277764078635 1724 
1667 1727 46 0.6707443461657073 2139 
1668 1727 32 0.0283604194164696 1539 
1669 1727 48 0.517929369958487 1478 
1670 1727 50 0.26634809930454795 1668 
1671 1727 38 0.6231225679976142 1776 
1672 1747 34 0.3999302312183291 1639 
1673 1747 47 0.8036802726489025 1940 
1674 1747 47 0.32528243591290124 2149 
1675 1747 35 0.8799187167435323 2229 
1676 1747 38 0.10130790959310788 1506 
1677 1747 32 0.012113251008895945 1762 
1678 1747 30 0.4356566205174597 1509 
1679 1747 48 0.14891312642952365 1409 
1680 1747 40 0.055536218706444464 1419 
1681 1747 34 0.6168003530561762 2190 
1682 1747 46 0.8596486784378636 1849 
1683 1747 41 0.7381079280341674 1721 
1684 1748 36 0.11507102261799704 1789 
1685 1748 47 0.6499789029746527 2062 
1686 1748 42 0.6311953070042667 1782 
1687 1748 36 0.3429045076440009 1688 
1688 1748 42 0.08628055153657266 1729 
1689 1748 40 0.6531597834693164 1371 
1690 1748 48 0.4656698156150751 1756 
1691 1748 49 0.2547420344720315 1926 
1692 1748 38 0.7593902403723024 2130 
1693 1748 38 0.8701651179975973 1924 
1694 1748 42 0.2035388554804758 1552 
1695 1758 32 0.20628220305491501 1318 
1696 1758 40 0.8192089445465575 1710 
1697 1758 38 0.4916657781817645 1726 
1698 1758 44 0.7593588899095695 1794 
1699 1758 41 0.6264812362273854 1831 
1700 1758 38 0.030963568029500024 1966 
1701 1758 49 0.6883588182086795 1898 
1702 1758 50 0.5000268050047106 1904 
1703 1758 42 0.3835749345427016 1509 
1704 1758 32 0.5429775220604637 1687 
1705 1760 49 0.6802531860720183 1499 
1706 1760 40 0.6325853524539945 2092 
1707 1760 40 0.6228957962188341 2179 
1708 1760 33 0.5602999603416131 1364 
1709 1760 38 0.8535869612615158 1889 
1710 1760 50 0.8177559880471007 2240 
1711 1760 33 0.586821401452447 1881 
1712 1760 49 0.7323507618963725 2227 
1713 1760 31 0.7277167512956156 1964 
1714 1760 49 0.12685602959987125 1665 
1715 1760 33 0.23800434317933006 1608 
1716 1763 33 0.5999942069859128 2153 
1717 1763 45 0.06695544160271347 1853 
1718 1763 47 0.8173274113399202 1515 
1719 1763 36 0.6555973846990534 1485 
1720 1763 46 0.15181706265857817 1317 
1721 1763 31 0.646467033734549 1569 
1722 1763 42 0.22283334727550866 2075 
1723 1763 50 0.0164123332373168 2197 
1724 1763 32 0.3035667157466486 1547 
1725 1763 34 0.5872391662041963 2005 
1726 1763 41 0.6634231300626878 2211 
1727 1771 30 0.43855120223948907 1417 
1728 1771 30 0.35476246743375967 1672 
1729 1771 42 0.24434353377003698 1666 
1730 1771 47 0.19198706330497387 1858 
1731 1771 30 0.02700775440308266 1542 
1732 1771 49 0.15195486690602836 2075 
1733 1771 32 0.6946573415870091 1715 
1734 1771 47 0.491128345322926 1565 
1735 1771 45 0.5135638532047884 1714 
1736 1771 33 0.38261031693337993 2168 
1737 1774 39 0.5624518573579672 2046 
1738 1774 35 0.6229491632411485 1579 
1739 1774 38 0.14201436556484345 1323 
1740 1774 45 0.27083482674150894 1662 
1741 1774 46 0.8825930079279263 2230 
1742 1774 41 0.3533536125563058 2230 
1743 1774 49 0.5487696082048233 1592 
1744 1774 35 0.47696719535305143 1474 
1745 1774 36 0.37995381085529684 2300 
1746 1774 45 0.10197028677950519 2022 
1747 1780 37 0.6855472134623736 1559 
1748 1780 34 0.7812995928961322 1803 
1749 1780 37 0.7641227775495687 1602 
1750 1780 48 0.125844074387465 1889 
1751 1780 35 0.14319800099540386 1976 
1752 1780 42 0.15832957931195218 2038 
1753 1780 46 0.7496447218124271 1339 
1754 1780 43 0.5909353757010221 1759 
1755 1780 40 0.43595158139275 2229 
1756 1780 40 0.7019704493320694 1727 
1757 1780 30 0.21625669843172257 1473 
1758 1790 44 0.03739815949708099 1454 
1759 1790 37 0.2839413159424708 1584 
1760 1790 33 0.8791396957173844 1760 
1761 1790 30 0.293365659800171 1413 
1762 1790 33 0.34766546269840415 2295 
1763 1790 35 0.8466286740270961 1457 
1764 1790 36 0.6029723257937162 2278 
1765 1790 34 0.3057590536792116 2008 
1766 1790 48 0.7485543900126536 2179 
1767 1790 44 0.1724037308357482 1795 
1768 1790 43 0.5706787197136708 1516 
1769 1790 32 0.3119277727199727 1863 
1770 1798 38 0.2293971003150251 1437 
1771 1798 46 0.45916628969282175 1916 
1772 1798 40 0.29149410942888493 1675 
1773 1798 34 0.23435631988940803 2247 
1774 1798 50 0.7906811553708221 2024 
1775 1798 49 0.8011899228973325 1893 
1776 1798 30 0.7906048495677374 1977 
1777 1798 38 0.412301010442374 1745 
1778 1798 42 0.4951348137050103 1584 
1779 1798 31 0.3640974923028759 1582 
1780 1809 49 0.5250103546608307 1768 
1781 1809 44 0.03624277988066526 1596 
1782 1809 40 0.11227863353168399 2280 
1783 1809 35 0.8906716577329696 1411 
1784 1809 40 0.09082846151574123 1921 
1785 1809 39 0.651292692250512 2223 
1786 1809 50 0.1959407977247846 1415 
1787 1809 33 0.4254695340480888 1522 
1788 1809 39 0.23077966317571807 1671 
1789 1809 45 0.240102723069742 1326 
1790 1826 39 0.7351639831120409 1999 
1791 1826 49 0.8706342871735332 2140 
1792 1826 45 0.1600430892273051 1542 
1793 1826 41 0.23188216511724535 2002 
1794 1826 49 0.3231878343503065 2176 
1795 1826 32 0.6913016360112524 2011 
1796 1826 47 0.17019319741429872 1931 
1797 1826 37 0.765052015292541 2137 
1798 1827 40 0.4813794024768076 1709 
1799 1827 31 0.08521208783926883 1426 
1800 1827 37 0.6082937836220816 1610 
1801 1827 44 0.4790895958685747 1434 
1802 1827 30 0.11530823862119086 2135 
1803 1827 35 0.1404345713832667 1658 
1804 1827 43 0.4874280779235501 2281 
1805 1827 40 0.8396785638346699 1724 
1806 1827 50 0.6274418809044472 1504 
1807 1827 42 0.5844412810736923 1666 
1808 1827 46 0.010646049687215161 1474 
1809 1834 44 0.22511725040802844 1964 
1810 1834 44 0.644269671075002 1726 
1811 1834 37 0.2677357827900169 1515 
1812 1834 33 0.3304025247053414 1407 
1813 1834 42 0.10286990238355272 1401 
1814 1834 46 0.10327165238387667 2229 
1815 1834 33 0.05870518619539911 1691 
1816 1834 32 0.5107148127362598 2220 
1817 1835 48 0.49776517574942836 1896 
1818 1835 37 0.6696603757485368 1808 
1819 1835 43 0.09725448058421127 1574 
1820 1835 44 0.2713438218572438 2289 
1821 1835 36 0.6191967462638269 1573 
1822 1835 47 0.08702992538552201 2163 
1823 1835 33 0.5165127898357033 1405 
1824 1835 43 0.529346129913521 2009 
1825 1835 41 0.8255259664363488 1721 
1826 1843 46 0.08014771234158007 1349 
1827 1843 42 0.28807252859887433 2213 
1828 1843 30 0.6226056423809821 1693 
1829 1843 38 0.43564667744597807 2290 
1830 1843 41 0.46328030070333615 1485 
1831 1843 38 0.4725356672359057 1351 
1832 1843 31 0.5101177454150951 2162 
1833 1843 38 0.5380936795202325 1662 
1834 1851 37 0.6942363563301058 1922 
1835 1851 39 0.0807081506815536 1995 
1836 1851 41 0.5094636000483459 1564 
1837 1851 49 0.17948686016590634 1482 
1838 1851 42 0.8670004221469662 1810 
1839 1851 39 0.8387171922668175 1417 
1840 1851 34 0.5289235317098644 1696 
1841 1851 36 0.6895556676464405 1476 
1842 1851 49 0.043457395315493745 2186 
1843 1852 34 0.03260571494886107 1926 
1844 1852 37 0.050225982616214256 2032 
1845 1852 44 0.06331542721376728 2240 
1846 1852 40 0.39080774128032064 1612 
1847 1852 32 0.2997585246218197 1785 
1848 1852 45 0.5026700618226352 1686 
1849 1852 41 0.26604135186883293 1764 
1850 1852 40 0.16966746333008242 1730 
1851 1870 49 0.38601112287741896 1766 
1852 1870 31 0.5062163101759704 2301 
1853 1870 50 0.4677616439201044 1864 
1854 1870 37 0.08552946734629066 1763 
1855 1870 46 0.2978782998782789 2155 
1856 1870 31 0.20092085817836416 2074 
1857 1870 45 0.5509727826954277 1478 
1858 1870 42 0.4202094244095733 2258 
1859 1870 31 0.5370100184314281 2128 
1860 1871 46 0.45242487444696 2198 
1861 1871 41 0.6417085318307815 1418 
1862 1871 38 0.26144507851327026 2123 
1863 1871 30 0.8158267192120743 2188 
1864 1871 48 0.02359057369795918 1832 
1865 1871 31 0.8776155579906625 1508 
1866 1871 38 0.3728631226251641 1500 
1867 1871 35 0.8064532300594394 2208 
1868 1871 32 0.7873859730660225 1425 
1869 1871 39 0.2825419313708287 2282 
1870 1899 39 0.42177382732587543 1395 
1871 1899 36 0.29796887178000164 1675 
1872 1899 43 0.5536664594728083 2175 
1873 1899 45 0.3290164416748724 1545 
1874 1899 47 0.3254330488854935 2271 
1875 1899 34 0.08561702385526805 1616 
1876 1899 46 0.6913345713712011 1818 
1877 1899 39 0.48585502562579075 1702 
1878 1899 30 0.8865300855126419 1965 
1879 1911 50 0.31803936104952907 1812 
1880 1911 42 0.62819622707173 1855 
1881 1911 38 0.631686992843203 1904 
1882 1911 33 0.38618681089608126 2019 
1883 1911 43 0.6819916815311656 1722 
1884 1911 44 0.05107784366876797 1628 
1885 1911 33 0.14257664037662243 2041 
1886 1911 30 0.6318858662218063 1866 
1887 1939 47 0.7730595230406565 1463 
1888 1939 49 0.2235013332234417 2218 
1889 1939 32 0.6947093253547604 2103 
1890 1939 31 0.23892312544346783 2048 
1891 1939 36 0.07375175960876654 1393 
1892 1939 48 0.5998229493081592 1750 
1893 1939 40 0.34975317766267444 1863 
1894 1939 37 0.4866677154866592 2200 
1895 1939 50 0.5153500685720667 1523 
1896 1939 42 0.502291212178334 1555 
1897 1939 40 0.5463927254604266 1443 
1898 1939 46 0.6366367466631814 2239 
1899 1947 31 0.49506644675805744 1558 
1900 1947 38 0.42978234866202497 1542 
1901 1947 34 0.703465637111116 1541 
1902 1947 40 0.6989274753841427 2017 
1903 1947 33 0.17232490752756033 2292 
1904 1947 37 0.692698071332899 1413 
1905 1947 50 0.46724876762764667 1381 
1906 1947 37 0.5760338278360831 1718 
1907 1947 39 0.7688220604892589 1826 
1908 1947 30 0.31163665155739995 2148 
1909 1947 45 0.8217919485864966 1977 
1910 1949 31 0.5156331613690504 1352 
1911 1949 43 0.24706245065907156 1418 
1912 1949 44 0.568968111013018 1992 
1913 1949 32 0.6976459510949039 1643 
1914 1949 34 0.36278265895076073 1605 
1915 1949 46 0.11199624820685423 1469 
1916 1949 32 0.45436382304496364 1761 
1917 1949 47 0.6048517917399359 1473 
1918 1951 44 0.8432054805478622 2018 
1919 1951 46 0.5301526000466198 1354 
1920 1951 45 0.13581688397370825 1694 
1921 1951 46 0.7704474709596414 2111 
1922 1951 45 0.1273467616498154 2179 
1923 1951 40 0.2374574239976543 2247 
1924 1951 42 0.41920985227806457 1666 
1925 1951 46 0.6612898309629088 1878 
1926 1951 39 0.5885098377538011 1762 
1927 1951 47 0.6808087281265709 1927 
1928 1957 41 0.5416196310236652 1932 
1929 1957 49 0.4440076184457615 1316 
1930 1957 37 0.7763784767232977 1415 
1931 1957 37 0.8639981648251519 1863 
1932 1957 50 0.8828464519780791 1677 
1933 1957 35 0.6033096637583567 2160 
1934 1957 36 0.460480160556021 1382 
1935 1957 40 0.20102298701369603 1865 
1936 1957 30 0.2104423247230494 1923 
1937 1957 32 0.7321058509706477 1577 
1938 1957 43 0.03280371231284641 2266 
1939 1958 31 0.861580469369822 1484 
1940 1958 46 0.5446837750224662 1564 
1941 1958 40 0.28248472458370355 1653 
1942 1958 49 0.6432309026110791 1624 
1943 1958 39 0.7975754529968103 1922 
1944 1958 41 0.8659501096446991 1576 
1945 1958 36 0.2968675634979769 1302 
1946 1958 33 0.807726351810162 2258 
1947 1968 38 0.25004323681835405 1308 
1948 1968 36 0.14873538116376833 1354 
1949 1968 43 0.3370401793401793 1388 
1950 1968 36 0.46473157662968 2028 
1951 1968 42 0.3976118289580226 1480 
1952 1968 40 0.21969628955446582 1738 
1953 1968 35 0.12665321949270908 1873 
1954 1968 46 0.3130293157230612 1617 
1955 1968 37 0.8682392855131847 1310 
1956 1968 49 0.16270001705841466 2132 
1957 1969 44 0.3383200328287988 1443 
1958 1969 36 0.1977552670419232 1363 
1959 1969 35 0.8281795408431935 2239 
1960 1969 47 0.22655701221742652 2193 
1961 1969 44 0.3673914852290703 1408 
1962 1969 50 0.2621642097400263 1966 
1963 1969 49 0.8840767650838153 1786 
1964 1969 40 0.6917711492412083 1362 
1965 1969 49 0.22492875852611127 1566 
1966 1969 33 0.3040446563720534 1389 
1967 1969 38 0.5636347324259977 1488 
1968 1977 35 0.012781229050826208 2272 
1969 1977 34 0.28228752808642615 1779 
1970 1977 45 0.4285709806509433 1453 
1971 1977 49 0.6258285154865755 2111 
1972 1977 50 0.057386863958204075 2007 
1973 1977 38 0.6836606663104288 2271 
1974 1977 42 0.2644938829438933 1725 
1975 1977 50 0.8426672138163857 1687 
1976 1977 30 0.16286582807891647 1674 
1977 1987 40 0.24555181256311598 2091 
1978 1987 35 0.6699541660810198 1852 
1979 1987 40 0.46171183584748676 2286 
1980 1987 44 0.6333100456583864 1931 
1981 1987 36 0.18815660841669224 1354 
1982 1987 45 0.11468643585511325 2098 
1983 1987 49 0.21230850379568245 1470 
1984 1987 38 0.8843961197509259 1898 
1985 1987 44 0.42808412789664263 2068 
1986 1987 43 0.8465500378185092 2019 
1987 1999 31 0.5461161752138094 2132 
1988 1999 44 0.4864406987144903 1463 
1989 1999 45 0.3614634005310555 1785 
1990 1999 38 0.46411095541293124 1552 
1991 1999 40 0.31608154779379977 1396 
1992 1999 31 0.6688223053218615 2108 
1993 1999 36 0.8086744267757277 1746 
1994 1999 42 0.2531619246333919 1640 
1995 1999 33 0.5073210097907893 1684 
1996 1999 42 0.3777614942233113 1843 
1997 1999 37 0.4714631253335799 1667 
1998 1999 37 0.08673881746475517 2039 
1999 2000 35 0.5704398190881528 1730 
2000 0 48 0.6989379815521458 1396 
