TreeName NPR CCR MemoryConstraint AmountSubtrees AmountProcessors Makespan Stage1 Stage2 Stage3 TimeConsuming
dump.0.1.metis.Schenk_IBMSDS.matrix_9-959.tree.nf
1 step ready
Broken Edges { 1 3791 28202 52643 52645 52649 52650 52651 52653 52657 52658 52660 52661 52664 52666 52668 52693 54468 78921 103347 103348 103350 103353 103355 103356 103388 103393 }
27 27 53264507.939147815108 SplitSubtrees NA NA 529754656
cumulative mem in system 813039282with 27 processors 
Broken Edges { 1 2029 3791 28202 52643 52645 52649 52650 52651 52653 52657 52658 52660 52661 52664 52666 52668 52693 54468 78921 103347 103348 103350 103353 103355 103356 103388 103393 }
28 27 52534042.927491992712 SplitSubtrees FirstFit NA 23144370
Broken Edges { 1 2029 3791 28202 52645 52649 52650 52651 52653 52657 52658 52660 52661 52664 52666 52668 52693 54468 78921 103347 103348 103350 103353 103355 103356 103388 103393 }
27 27 52534042.948158666492 SplitSubtrees FirstFit Merge 107420
