1 2 11975 0.11044251391527594 3397 
2 4 11061 0.2111290687182172 3746 
3 4 11614 0.8046040720685789 3243 
4 5 10633 0.3442692438448774 3796 
5 7 10997 0.22591248353715782 3251 
6 8 10523 0.2810226862382919 3562 
7 8 11572 0.8797803764715703 2917 
8 9 11058 0.8803543841940391 3442 
9 10 10173 0.7522875807695003 3394 
10 12 10090 0.8469532131426202 3730 
11 12 10169 0.8683828623707759 3422 
12 18 11445 0.03549269419489008 3822 
13 19 10569 0.6791536808837424 3437 
14 20 11880 0.7975596648312915 3120 
15 22 11708 0.36156076561387746 3404 
16 23 11508 0.11268103206831595 3766 
17 25 11905 0.7555941807564519 2922 
18 29 11156 0.2333031564282321 3333 
19 29 11489 0.3491674087677526 2971 
20 29 11520 0.6371095946892248 3030 
21 29 10242 0.8058199124907374 3608 
22 30 11505 0.2122443130187118 3304 
23 31 11733 0.502675611520187 3625 
24 31 11254 0.24258108407885387 3445 
25 34 10060 0.5370013365515302 3859 
26 37 10981 0.31368677751186225 3057 
27 38 10355 0.8221998692915974 3895 
28 38 10653 0.5955606005354361 3518 
29 39 11331 0.51500554768402 3105 
30 39 10921 0.4182259638431274 3080 
31 41 10847 0.20253331720855652 3832 
32 41 10487 0.5477024426272384 3366 
33 41 10766 0.6736940692304142 3723 
34 43 10852 0.34160996980663 3514 
35 43 11003 0.5681503170382436 3428 
36 44 11786 0.5247395796001855 3159 
37 47 11693 0.2956637001701294 3096 
38 49 10721 0.3383747928318332 3156 
39 50 10540 0.6032889792725828 3367 
40 50 10602 0.05475866978591365 3607 
41 52 10149 0.23346039508711744 3645 
42 52 11098 0.32273245775080334 3227 
43 53 10092 0.4355675518585426 3780 
44 53 12003 0.6977331746788609 3792 
45 54 11919 0.8240360784620422 3565 
46 55 11004 0.22621554331945448 3404 
47 57 11739 0.2195897581513759 3439 
48 58 11812 0.5488910410638594 3790 
49 62 10532 0.6891547770444943 3201 
50 62 11179 0.2959754977832022 3381 
51 62 10641 0.17113294529979065 3499 
52 64 11584 0.505980248025078 3751 
53 64 11555 0.8612542049761244 3368 
54 64 10813 0.03775689596087512 3540 
55 64 10169 0.23380611873454005 3495 
56 64 10181 0.47386961492209956 3147 
57 66 10332 0.6701323036001687 3716 
58 66 11998 0.7728013277095649 3297 
59 70 11116 0.3896940042032902 3340 
60 70 11506 0.21744035322795519 3668 
61 71 11725 0.199623013686117 3212 
62 72 10625 0.286798838165878 3633 
63 72 11867 0.07501754941129941 2954 
64 73 10351 0.7055145176402378 3724 
65 73 12024 0.8349358131380995 3195 
66 74 10817 0.7117361416476538 3316 
67 75 11716 0.5286771666303568 3483 
68 77 11390 0.7211815197150877 3119 
69 78 11028 0.7785264981651113 3145 
70 78 11400 0.17604848674228632 3215 
71 78 11448 0.8625054846592205 3470 
72 79 11389 0.8921928093092547 3290 
73 80 10398 0.5696375537704856 3893 
74 80 10989 0.506270725202343 3527 
75 80 10124 0.6962680357304621 3618 
76 84 10304 0.8397404612019047 3837 
77 85 11448 0.25174641221290556 3321 
78 85 10101 0.6351682625036396 3872 
79 88 11626 0.7079136896828603 3539 
80 89 10482 0.48234705432901154 3117 
81 90 10534 0.06944625236340388 3486 
82 91 11236 0.621341503847719 3143 
83 92 10854 0.11763431840560548 3351 
84 92 10612 0.37521579445586817 3552 
85 95 11575 0.36982093810074024 2970 
86 97 11700 0.7381543375185999 3468 
87 100 11536 0.5610078249115346 2972 
88 101 10468 0.06256784774299791 3731 
89 102 11166 0.10666713200403383 3122 
90 102 11111 0.3256131580031608 3071 
91 103 11250 0.8458747531834042 3225 
92 104 11899 0.7533379800784078 3061 
93 105 10119 0.3554080574690451 3682 
94 108 11488 0.6654542717026951 3763 
95 109 11725 0.5320745031761468 3323 
96 110 11399 0.5634443317642249 2999 
97 111 11008 0.5268030003671986 3155 
98 113 11871 0.695801184047518 3519 
99 114 11077 0.6093754866009938 3665 
100 115 11736 0.8405848947631968 3226 
101 117 10463 0.17695597025708126 3763 
102 118 11659 0.7117113022619909 3686 
103 119 11177 0.8830227302612715 3459 
104 119 11657 0.64583308029909 3761 
105 119 10242 0.39366721110798825 3108 
106 120 11809 0.7682927170151856 3315 
107 120 11559 0.1040574378391283 2993 
108 121 10288 0.01883065670657255 3887 
109 122 10708 0.45996959673435744 3408 
110 122 11955 0.7345128133717577 3488 
111 122 10124 0.5026497821061805 3685 
112 123 11730 0.2890933269757858 3379 
113 124 11242 0.20694917730395718 3129 
114 124 10778 0.34937606800312865 3339 
115 125 11814 0.5322777668595879 3853 
116 126 11987 0.24348621012453808 2989 
117 127 11055 0.6234823010803527 3908 
118 128 11863 0.07454497398915799 2927 
119 128 11015 0.04712248203202591 2922 
120 128 11671 0.2410821456575746 3760 
121 129 11851 0.2262730666633105 3876 
122 133 11659 0.3268640216680791 3560 
123 133 10400 0.06571836992692866 3262 
124 134 10590 0.8799931806265128 3566 
125 136 11148 0.5301532918893044 3891 
126 137 11079 0.42335576486281984 3011 
127 138 10849 0.6698654928587868 3779 
128 138 10172 0.5581433726582322 3770 
129 139 11388 0.0231811206086392 3843 
130 139 10559 0.2382383595398081 3322 
131 139 11088 0.5967788660751339 3245 
132 140 10541 0.6224308535420778 3897 
133 142 10349 0.1837642580657841 3772 
134 142 11001 0.34427245435354636 3168 
135 142 10794 0.02760281740822016 3620 
136 144 10098 0.7256723547488217 3478 
137 144 10744 0.6198180318803844 3658 
138 146 10391 0.25252355087083966 3806 
139 147 10226 0.08301545894686092 3897 
140 148 10101 0.7144797649183956 2911 
141 149 11766 0.1478517700172355 3210 
142 151 11006 0.5233127126678421 3292 
143 151 10688 0.22333773502016238 3291 
144 152 11722 0.2763777139009912 3002 
145 152 10861 0.34070140761182366 3236 
146 153 11304 0.10498688472994272 3162 
147 153 10484 0.31635377768216 3096 
148 154 10327 0.16370566083202484 3245 
149 155 10282 0.2630302689513295 3351 
150 156 10553 0.10328807499990066 3360 
151 158 10516 0.5917942853954363 3626 
152 158 10634 0.25803457334819835 3668 
153 159 11360 0.11508268936366997 3165 
154 160 10741 0.18338153863666773 3905 
155 160 11558 0.6949133099382997 3079 
156 163 11943 0.5092430161885584 3218 
157 163 10243 0.43402700780930786 3537 
158 165 11594 0.8256731414429211 2936 
159 165 10582 0.12293476501364478 3264 
160 165 10067 0.43584525740992486 3041 
161 166 11121 0.5657342860841358 2955 
162 167 11334 0.20542873813860554 3469 
163 168 10486 0.5404794134174761 3011 
164 173 10197 0.3838496721622584 3908 
165 175 10817 0.17791556479555687 2984 
166 175 10355 0.4557218347886829 3074 
167 176 11294 0.09272694663353347 3261 
168 178 10079 0.6631012230006674 3041 
169 178 10422 0.6508973343380295 3567 
170 178 10035 0.8320947035044756 3577 
171 178 11976 0.539178667589182 3721 
172 180 11864 0.3397474236459518 3204 
173 182 11316 0.8755160399278262 3299 
174 182 11940 0.0926105147741657 3673 
175 186 10948 0.16299365210722885 3704 
176 186 11762 0.32258055417122083 3078 
177 186 11864 0.4792187479940192 3615 
178 189 10109 0.6907436275983896 3851 
179 191 11753 0.49183253923110093 3034 
180 195 11746 0.2141376477928013 3576 
181 195 11540 0.6138259288081434 3005 
182 196 10618 0.42276724856075976 2934 
183 196 11289 0.016798277937641312 3694 
184 196 10711 0.6613731368525604 3895 
185 197 11592 0.15124805637304253 3251 
186 198 11332 0.4270106316919613 3271 
187 198 10479 0.3372751115274389 3659 
188 198 10724 0.7066321651780006 3722 
189 198 10973 0.03610604266736652 3142 
190 200 10082 0.4081037539315747 3139 
191 200 11617 0.8539912408542659 3538 
192 202 10564 0.7180639448714088 3777 
193 202 11381 0.36395418823782816 2928 
194 203 11242 0.35760879289957914 3143 
195 204 11849 0.2650522813219656 3772 
196 205 11189 0.45183703350669313 3252 
197 205 11352 0.3630396299018674 3429 
198 212 11198 0.2818111102995586 3373 
199 212 11789 0.07465762568982491 3389 
200 214 10148 0.8736496547803567 3410 
201 217 10056 0.6920313981698305 3805 
202 218 11261 0.39945263702961975 3132 
203 218 11196 0.5591890981079236 3439 
204 220 12024 0.11618647902534338 3454 
205 220 11985 0.07506533700362504 3374 
206 220 11317 0.12545494948255576 3100 
207 222 11867 0.055529125836049166 3836 
208 223 10192 0.308703421816899 2915 
209 223 11211 0.6443894396266133 3490 
210 224 11328 0.877359638010193 3163 
211 225 11930 0.7470918109183649 3174 
212 227 11601 0.4834393218489091 3214 
213 227 10835 0.05294405502294858 3788 
214 228 11765 0.134558879630061 3574 
215 229 11878 0.7519328433821248 3185 
216 229 10149 0.4112645968506892 3083 
217 230 11319 0.3642006156518004 2951 
218 231 10142 0.06330575996479346 3334 
219 231 11277 0.5370632906475046 3861 
220 234 10914 0.7997536046767042 3176 
221 234 10033 0.5461145588210831 3484 
222 235 11145 0.14970989118598282 2935 
223 236 10924 0.7752223299332966 3575 
224 238 10954 0.1945102903647313 3219 
225 240 11223 0.8990744559023115 3241 
226 240 11591 0.820352619200563 3511 
227 243 10496 0.11468020835011561 2987 
228 243 10881 0.322609921981449 3863 
229 243 10264 0.4608079665999728 3682 
230 244 10281 0.8753152217592274 3546 
231 245 10167 0.790374812060975 2949 
232 246 10485 0.018276157287154295 3623 
233 248 11592 0.612118160941054 3826 
234 250 11508 0.5348851209617344 3732 
235 252 10729 0.2725720289314679 3032 
236 256 11155 0.13537466332642215 3124 
237 256 11536 0.281014284646929 3162 
238 257 10275 0.525124663394987 3659 
239 257 10441 0.40207871297131037 3123 
240 259 11560 0.3115607083750486 3534 
241 260 10465 0.1246004002925941 3745 
242 262 11811 0.5884032464736626 3307 
243 263 11893 0.3538843132480807 3601 
244 263 11757 0.7420381911195011 3586 
245 266 10522 0.3599631978331536 3020 
246 267 11759 0.39028999811390247 3863 
247 267 10250 0.12272834962618319 3276 
248 268 10132 0.8125328751367816 3572 
249 270 11715 0.3949357379360022 3853 
250 274 11181 0.1015725330714265 3883 
251 277 11481 0.3519242786888944 3514 
252 277 11119 0.567682736770444 3653 
253 277 10864 0.37772280788350304 3103 
254 279 11779 0.7176075199593152 3445 
255 279 11216 0.6330455510589353 3397 
256 282 11396 0.02014662109810035 2978 
257 282 11626 0.8805533731228103 3070 
258 285 11508 0.330650959905821 3099 
259 286 10375 0.1065168864980782 3382 
260 287 10380 0.1201123248224488 3153 
261 287 10282 0.5052117868970846 3275 
262 288 10837 0.4088090762482055 3609 
263 292 11044 0.7120631960817938 3501 
264 292 11299 0.8357903323356285 3799 
265 293 10079 0.1909624353562112 3300 
266 296 10124 0.027368376793847217 3448 
267 297 10831 0.5553741661511737 3257 
268 299 11642 0.7454412631226057 3342 
269 299 10865 0.5445127722987326 3668 
270 300 10119 0.8448761111355356 3687 
271 300 11299 0.4931546512526026 3178 
272 301 11100 0.5070606935435591 3025 
273 301 10942 0.4494904519818225 3197 
274 302 11446 0.5330305011391205 3223 
275 302 11434 0.2789457820034761 3159 
276 302 11678 0.07335925700987707 3634 
277 303 11731 0.3287739928006017 3428 
278 304 10306 0.3236333173879942 3796 
279 304 10683 0.6106621584826256 3276 
280 304 10244 0.7340020307917667 2963 
281 306 11285 0.5355136672840743 3381 
282 307 11470 0.08536600916785923 3908 
283 307 10734 0.7394793007886233 3765 
284 310 11873 0.808811052475499 3264 
285 310 11552 0.7716364411595622 3640 
286 312 11522 0.4830104238782332 3295 
287 312 11820 0.8196792419782949 3476 
288 313 11130 0.12509883759534143 3735 
289 313 10802 0.5881015660253648 3903 
290 314 10789 0.777790569814598 3110 
291 314 10375 0.2172795713012227 3118 
292 316 10463 0.08612744561904283 3818 
293 317 11430 0.6862938708241033 3371 
294 317 11015 0.6439559208981958 3531 
295 318 10810 0.7351959949072268 3284 
296 319 10646 0.8908949453988113 2987 
297 320 11141 0.8358194591236694 3697 
298 320 11267 0.6376366844117622 3308 
299 321 10866 0.49498407218828533 3216 
300 321 11461 0.3710509611950107 3447 
301 321 11214 0.09651394165189986 3103 
302 322 10446 0.5926587044367533 3265 
303 323 11763 0.5426933238146102 3245 
304 323 11023 0.6804993654586883 3888 
305 323 11330 0.08796677167360503 2946 
306 324 10755 0.10430319261833487 3511 
307 325 11534 0.2640801004229129 2965 
308 325 11159 0.6936192244268241 2937 
309 325 10878 0.02537874381358056 3405 
310 327 11701 0.8484864087504093 3903 
311 327 10450 0.42048144720084824 3409 
312 328 11083 0.5187707064375672 3428 
313 329 11886 0.13989898937721884 3128 
314 330 11297 0.7194349999758715 3615 
315 332 10538 0.03499143783563465 3173 
316 337 10985 0.3894756532667077 3582 
317 337 11026 0.3564306376417352 3224 
318 337 11193 0.59894232537561 3616 
319 338 11792 0.5224869428645881 3490 
320 339 10179 0.07258804577209431 3524 
321 339 11909 0.5370449581378054 3030 
322 340 10046 0.02221761094538012 3446 
323 342 11404 0.364764974260943 3646 
324 342 11904 0.7890641548831455 3721 
325 345 10781 0.7980740028399844 3699 
326 346 11378 0.3062211032145097 3223 
327 347 10084 0.5977421057937511 3496 
328 352 10783 0.07479459286534607 3309 
329 355 10819 0.6269064918674748 3599 
330 356 11972 0.8156323033529215 3417 
331 357 10484 0.21987954857981992 3902 
332 357 11677 0.8795344155746369 3467 
333 357 11486 0.09359997227512036 3691 
334 358 10185 0.1528171611271885 3868 
335 359 11949 0.03889881884575883 3022 
336 359 11176 0.7256699903818734 3613 
337 360 12009 0.5662631706230153 3311 
338 361 11922 0.10741852486823496 3286 
339 362 10972 0.06490958538306006 3127 
340 362 11356 0.8561072177229639 2996 
341 365 11501 0.5422560243758613 2963 
342 366 11095 0.8498011640365899 3422 
343 366 10431 0.6880240422660059 3664 
344 366 11129 0.6283319770331424 3840 
345 368 10785 0.2677184418338554 3853 
346 368 11827 0.7494685929973327 3746 
347 374 11891 0.21553833267601527 3158 
348 374 11065 0.7723322835978342 3756 
349 376 11949 0.16328677096345506 3903 
350 377 11154 0.6747367286794241 3266 
351 377 10473 0.15279743336349857 3740 
352 381 11920 0.4642400384798101 3474 
353 381 11002 0.7383300764368624 2967 
354 382 11514 0.41971420958320377 3705 
355 382 11409 0.5444457546344378 3716 
356 382 10565 0.596751382445674 3827 
357 383 11135 0.6911104349272045 3884 
358 383 10326 0.810037237320384 3591 
359 383 10237 0.2835605562288238 3008 
360 384 10066 0.4958445763404011 3327 
361 384 10713 0.8057068364272331 3745 
362 386 11215 0.6998914291285381 3041 
363 386 10622 0.08760034495972113 3150 
364 387 10267 0.8324829900489973 3798 
365 389 11195 0.5530992104303001 3199 
366 390 11736 0.07211133157168623 3631 
367 390 11113 0.47619473402735546 3781 
368 391 11464 0.01120185847761752 3185 
369 392 11958 0.6063275797271875 3166 
370 394 10353 0.36289364463182616 3812 
371 394 10344 0.5652125199455731 2995 
372 394 11713 0.6963479597276734 2923 
373 395 10082 0.5828856622585832 3357 
374 396 10686 0.6477962264136615 3618 
375 396 10476 0.08620105993396941 3647 
376 397 11841 0.7816691619592226 3799 
377 401 11954 0.06606709036068242 3336 
378 401 10384 0.7499922501334295 3200 
379 402 10785 0.8685666023911708 3484 
380 404 10854 0.5796405695285147 3014 
381 406 10235 0.6456581974792445 3780 
382 407 10411 0.10522983315013901 3825 
383 409 10986 0.7578539242924119 3785 
384 411 10402 0.14721827224127046 3574 
385 411 10244 0.600329139950841 3599 
386 418 10498 0.23658599769888583 3570 
387 418 11957 0.494192033289856 3628 
388 419 10514 0.079210389747504 3525 
389 419 12002 0.6827927765819528 3309 
390 420 11401 0.40199904262497893 3713 
391 420 11657 0.34897808552465126 3681 
392 420 11258 0.057860906632625775 2973 
393 422 10318 0.7369994532559713 3869 
394 422 10071 0.2711091157053732 3770 
395 422 11919 0.7164728942450823 3378 
396 423 10956 0.7768663440529362 3633 
397 423 10846 0.3414305128336931 3133 
398 423 10131 0.3233621521042776 3026 
399 424 11875 0.18338354888823696 3542 
400 424 12003 0.2907162108538354 2928 
401 425 10907 0.15928910192626508 3680 
402 429 10862 0.5482174477054487 3728 
403 429 11941 0.28147811298718955 3775 
404 430 11879 0.6081311007563961 3328 
405 431 11063 0.40409041715677113 3433 
406 432 11099 0.7473433211120041 2954 
407 432 10897 0.12413274082205811 3013 
408 433 11757 0.03147191688696715 3448 
409 434 11200 0.18568118762666622 3396 
410 435 10473 0.45598052952576557 3732 
411 436 10843 0.7502887321949198 3801 
412 437 11958 0.33440108368412225 3660 
413 437 11452 0.45484609120897807 3801 
414 437 11965 0.6382093565062107 3489 
415 439 10098 0.20603729562673817 3097 
416 441 10833 0.5008256815408291 2985 
417 444 10884 0.5093577402948563 3528 
418 446 10992 0.582978268004632 3338 
419 446 10852 0.039081135331366514 3592 
420 446 10780 0.44256863041185773 3881 
421 447 11222 0.8771914429149722 3823 
422 448 11082 0.5816471236700087 3801 
423 448 11184 0.6909612663403824 3005 
424 449 11542 0.7821413009481473 3276 
425 451 11591 0.29572716603035304 3028 
426 451 10676 0.6651135574719613 3511 
427 455 10903 0.1011646337946938 3209 
428 456 12022 0.8393644036481067 2954 
429 458 10483 0.5162153377190233 3825 
430 458 10171 0.15711241645533952 2932 
431 458 11984 0.8965911323635329 3692 
432 459 10109 0.7561331205221485 3641 
433 461 11248 0.1771783974636274 3876 
434 464 11596 0.6763710257638422 2995 
435 464 11517 0.7954973871248948 3035 
436 466 10640 0.20373500401853561 3810 
437 468 11800 0.7824224921546629 3581 
438 469 10139 0.19634321911753796 3775 
439 470 10625 0.8328289947813966 3793 
440 470 11455 0.5550412610521961 3227 
441 470 10322 0.4901109375185095 3450 
442 470 10813 0.3631321078137982 2966 
443 472 10597 0.7142253397947443 3160 
444 474 10360 0.026721227384981366 3722 
445 475 10362 0.7759093994760077 3832 
446 476 11189 0.5857919681043878 3414 
447 476 11038 0.3416671210459559 2931 
448 477 11388 0.2704086897799431 3247 
449 477 10466 0.3586440324331324 3908 
450 479 10225 0.7128519963726353 3859 
451 480 10031 0.17139591477446325 3845 
452 480 10190 0.7949277911015556 3772 
453 480 11142 0.10207004007371814 3600 
454 484 11031 0.14480388462762941 3662 
455 485 10316 0.7984618689417884 3889 
456 486 10703 0.3598797283597217 3200 
457 486 11088 0.8936351880630536 3731 
458 489 10680 0.5893275745497337 3849 
459 490 10411 0.28341350265303267 3471 
460 490 10677 0.05256907650599896 3819 
461 492 10738 0.035743372158144326 3342 
462 492 10560 0.633791542997338 2940 
463 494 11659 0.8672109102529418 3581 
464 495 11424 0.5766828670746531 3588 
465 495 11868 0.48512797964007726 3043 
466 496 10871 0.7920028128760047 3243 
467 496 11064 0.1057537123339898 3263 
468 500 11027 0.5811511375217678 3832 
469 502 11872 0.3236805559965297 3071 
470 503 11580 0.6779750124418737 3048 
471 503 10703 0.17263364271701884 2933 
472 504 10624 0.14050471843204956 3674 
473 505 11558 0.07715607212984724 3800 
474 506 10661 0.5410924946048751 3093 
475 507 10900 0.5451158689344554 2969 
476 508 11544 0.8444675325125757 3659 
477 509 10983 0.5938704390326977 3888 
478 510 11185 0.5454522128284445 3775 
479 511 10828 0.7675005570342602 3033 
480 512 11353 0.8357447674583758 3698 
481 512 10967 0.12836728162998726 3188 
482 512 10523 0.13762411120380152 3164 
483 513 10327 0.5357383962298373 3227 
484 514 11480 0.3457793771955398 3759 
485 515 11967 0.4558425849729842 3823 
486 517 11466 0.84798596353702 3126 
487 517 10092 0.6073993987470789 3288 
488 517 10842 0.883969931806871 3556 
489 518 10516 0.6560965598073556 3465 
490 519 11641 0.694869745297062 3131 
491 519 11078 0.15648307582834223 2984 
492 521 11999 0.06257649064157443 3817 
493 521 11302 0.14856903831369647 3648 
494 524 10096 0.7986474750390912 3748 
495 526 11682 0.5261169672489934 3176 
496 528 11548 0.7745093860373453 3060 
497 529 10794 0.879543747582216 3535 
498 529 11490 0.38090132566882634 2921 
499 529 10372 0.6392048737455847 3197 
500 530 10280 0.3822517524950925 3515 
501 531 11547 0.11157794669578794 3110 
502 532 10777 0.20688624270283695 3828 
503 533 11723 0.8436312996413996 3629 
504 533 10349 0.6460034645716347 2973 
505 533 10288 0.12563549256274775 3778 
506 534 10940 0.40067574594084676 3219 
507 538 10145 0.04422763732139818 3827 
508 539 10642 0.30509615185043965 3567 
509 541 10736 0.3033659557575146 3260 
510 541 11694 0.6683092678478919 3736 
511 541 11935 0.24448679458952463 2935 
512 542 11074 0.8266851439351699 3046 
513 542 11359 0.7128049175763661 3432 
514 544 11666 0.7846153215975561 3078 
515 544 10732 0.5542645701311644 3663 
516 544 10358 0.4053976706206348 3324 
517 547 10653 0.8237027474673821 3125 
518 547 10416 0.8702293674232312 3751 
519 548 11175 0.6501108795496104 3017 
520 548 11132 0.6628378564922115 2955 
521 551 11571 0.2415409815598089 3189 
522 551 10960 0.3194162343492111 3423 
523 551 11670 0.7847333993898048 3784 
524 552 11641 0.8990145649587751 3411 
525 554 10906 0.24710335872197087 3475 
526 555 11773 0.2509855154061586 3312 
527 555 11256 0.5943076167298322 3261 
528 556 10392 0.3044761425965993 3264 
529 558 11695 0.41146835838496787 3654 
530 558 11190 0.17428635375415477 2989 
531 559 11649 0.11606563040248329 3039 
532 560 10269 0.30675877720263883 2915 
533 562 11495 0.4156910160876469 3588 
534 562 10636 0.7107394814964832 3164 
535 562 10192 0.6998072329498262 3873 
536 562 11110 0.1695674100656726 3471 
537 562 10894 0.3019906631461439 2991 
538 564 11743 0.8168514894216442 3242 
539 565 11103 0.12704467212654433 3769 
540 565 11416 0.08822218079416885 3528 
541 566 11797 0.5297750498498246 3224 
542 566 11121 0.5400479007018856 3771 
543 566 11473 0.7549928014677639 3714 
544 567 10670 0.21419720202474973 3077 
545 567 11647 0.7050404171980877 3278 
546 568 10035 0.036610005478242356 3375 
547 571 10586 0.6415103420792665 3319 
548 574 11276 0.6951439601677938 3551 
549 574 10088 0.6928378348825583 2976 
550 574 10157 0.7957761593095803 3554 
551 575 10768 0.8373862463133085 2946 
552 575 10544 0.7468781306753104 3469 
553 575 11173 0.8088086401301793 3908 
554 575 10530 0.7989384238916671 3432 
555 576 10926 0.0515622691974694 2938 
556 578 10496 0.6115621206431068 3432 
557 579 10575 0.6214073998339097 3786 
558 580 11561 0.5693829994358063 3845 
559 582 10433 0.5689323957223444 3176 
560 584 11969 0.6754452469413702 3148 
561 584 11039 0.6476064650608736 3259 
562 585 10999 0.3973221268887276 3259 
563 586 11773 0.627628844530679 3083 
564 587 10501 0.5689726673134063 3215 
565 589 11033 0.11542379771081746 3229 
566 590 10681 0.20849098536814895 3607 
567 590 11492 0.7114873635786884 3729 
568 590 11313 0.03309842840216558 3908 
569 593 10263 0.25792278111987166 3828 
570 594 10723 0.47161846028923543 3813 
571 595 11051 0.3118420836199567 3238 
572 595 11568 0.3431367294617115 3392 
573 597 11171 0.41778938278556 3029 
574 599 11315 0.8361404770077687 3155 
575 602 10237 0.5626776128058449 3762 
576 602 11295 0.5286834261071466 3841 
577 604 10107 0.8100382910383288 3498 
578 606 10559 0.5581562719588105 3275 
579 606 10334 0.20809217089464052 3544 
580 607 11684 0.5360327137982865 3184 
581 608 10940 0.21718770314983762 3678 
582 608 10843 0.2678234063578061 3713 
583 609 10453 0.8637593965044307 3867 
584 609 11013 0.6654918762743643 3236 
585 610 11769 0.8687791138062605 3345 
586 610 10556 0.3765840390805766 2948 
587 611 10970 0.8520102118820574 3625 
588 612 10293 0.3693121645543278 3397 
589 614 10521 0.6545201080696135 3006 
590 615 11204 0.6864035131373826 2982 
591 615 10595 0.24720889241791374 3089 
592 620 11629 0.5838251044179644 2987 
593 622 10300 0.8468912721885841 3328 
594 622 11277 0.7784782879643097 2943 
595 624 10872 0.3334080640883516 3205 
596 627 10575 0.6515544466467782 3678 
597 627 10935 0.25983279706461354 3697 
598 628 11075 0.15859541410990302 3208 
599 631 11918 0.37137943690249103 3283 
600 631 11391 0.33401223483276105 3664 
601 632 10983 0.6040663571923879 3257 
602 634 10582 0.814348447081756 3230 
603 635 11887 0.8850303675686495 3665 
604 635 11118 0.209912001384936 3456 
605 635 11645 0.8403000893222334 3797 
606 636 11637 0.5909252826394363 3076 
607 638 10121 0.4336292670675216 3837 
608 638 11879 0.17055090001209072 3049 
609 638 10506 0.026207281186375893 3142 
610 639 11281 0.07547733285388358 2963 
611 640 10875 0.856841772221775 3908 
612 641 10787 0.7845301062189536 3116 
613 642 11326 0.10683166751369305 3066 
614 643 11374 0.11479534317165782 3622 
615 645 10507 0.7632117042520807 3086 
616 646 10842 0.44256804994940635 3445 
617 646 10079 0.12886071613951447 3008 
618 648 11364 0.08449178719161707 3544 
619 648 10408 0.7554475449365045 3447 
620 648 11876 0.11479194148401829 3056 
621 648 11754 0.7650799673369916 3538 
622 651 10386 0.303365752185345 3595 
623 651 10856 0.529689240413373 3142 
624 653 10851 0.4952233175681646 3166 
625 655 11078 0.7585026256014948 3015 
626 655 11846 0.019208547981252745 3423 
627 656 12007 0.35135969737087774 3132 
628 656 11310 0.1393444408607729 3016 
629 656 10904 0.4032434088849244 3084 
630 659 10800 0.24825052756548505 3201 
631 661 10536 0.47111386517839016 3445 
632 662 10048 0.6776165176580201 3491 
633 662 11754 0.68445943837917 3679 
634 663 10735 0.7937322808565868 3361 
635 663 10526 0.3829388696275795 3039 
636 664 11176 0.8382414207795971 3728 
637 665 11744 0.47692875851297645 2982 
638 666 10132 0.7681618983386794 3283 
639 666 11211 0.3219228519431508 3692 
640 666 10541 0.7514902778299707 2985 
641 667 11728 0.04577176357371553 3287 
642 668 10775 0.7472763618256476 3619 
643 670 10477 0.8063159753221419 3905 
644 670 10159 0.5453949104154118 3445 
645 671 11218 0.2709323903686399 3555 
646 672 11188 0.46228428454158754 3087 
647 672 11856 0.7949380904460603 3899 
648 673 11065 0.30024479506109564 2975 
649 673 11044 0.7053482410973706 2914 
650 675 11436 0.056678174501080605 3859 
651 675 11179 0.19181184229994844 3182 
652 677 10258 0.42357074759780583 3703 
653 679 10140 0.6186569245706884 3845 
654 679 11583 0.6875402320234155 3728 
655 680 11379 0.025790672469308135 3784 
656 681 10839 0.3726902397076453 3714 
657 681 10571 0.13296897062410554 3633 
658 681 11694 0.7012220708800401 3696 
659 683 11956 0.695742458949238 3060 
660 684 11635 0.43032214524061635 3191 
661 685 11859 0.1323394102968187 3694 
662 685 11271 0.26067042144055946 3833 
663 687 11752 0.6432481636359624 3596 
664 688 11044 0.030845858310671548 3114 
665 690 10453 0.10587689337942087 3125 
666 691 10679 0.7508456287138207 3579 
667 691 10268 0.2661714309092497 3765 
668 692 11953 0.7618556553874327 3165 
669 693 11892 0.5133140507809453 3768 
670 694 11767 0.01146559034158869 2910 
671 694 10350 0.026579405859827043 3722 
672 694 10944 0.5721579665503254 3396 
673 698 10026 0.06512129892053553 3910 
674 698 12022 0.3659345303016465 3025 
675 699 10528 0.05261998408053845 3711 
676 699 10668 0.12927430555754804 3832 
677 702 11261 0.06388241530299288 3260 
678 702 10292 0.8202230820518448 3558 
679 703 11419 0.8951276101604957 3401 
680 703 11348 0.021519161963255307 3898 
681 704 10805 0.5135319483572222 3543 
682 704 11751 0.5319084810361641 3895 
683 706 10569 0.2541349668559877 3472 
684 706 10107 0.3862200327586583 3408 
685 708 10979 0.5879060994220561 3699 
686 709 11733 0.5262240016630036 3584 
687 710 10614 0.1765664905535468 3157 
688 713 12014 0.8171778352270491 3630 
689 714 11314 0.49383585305022903 3631 
690 716 10530 0.07676625631424065 3838 
691 719 10289 0.8506143145493583 2938 
692 721 10349 0.24513196790822128 3777 
693 721 10089 0.17212604504281212 3259 
694 723 11337 0.852645029902573 3027 
695 723 11212 0.8891321766909673 3691 
696 724 11614 0.41849758097898015 3377 
697 724 10024 0.8287378749408262 3216 
698 728 10152 0.05778909215796996 3484 
699 731 11160 0.3440805014490266 3554 
700 732 11089 0.11994682456936889 3145 
701 733 10037 0.7269981934057095 2967 
702 734 11968 0.570026107619301 3534 
703 735 11326 0.10199389666973963 3787 
704 735 10780 0.013245447018952493 3143 
705 735 11057 0.4854220971930895 3495 
706 736 10978 0.19585481769920388 3589 
707 736 11793 0.7590345778943481 2970 
708 739 10242 0.2021672711146186 3339 
709 739 10705 0.8023483944561219 3651 
710 741 11377 0.5383645554457074 3827 
711 741 10319 0.46722354714856784 3688 
712 743 10894 0.4176692556264084 3108 
713 746 11415 0.5480734943661568 3477 
714 746 11144 0.7949629278552455 3550 
715 747 10765 0.7059435644772961 3658 
716 748 10721 0.2376711006906929 3200 
717 748 11176 0.6986711445451216 3721 
718 749 11015 0.5749515438187034 3057 
719 751 10208 0.2496120618522001 3321 
720 751 10684 0.3626641258257504 3775 
721 752 10257 0.5203851805533741 3099 
722 752 11258 0.6204813562217136 3692 
723 758 11070 0.16367062957588557 3093 
724 758 11727 0.7593243881081616 3571 
725 758 11420 0.6547722858792493 3078 
726 759 10033 0.7995629316513588 3473 
727 759 10701 0.644312902189317 3361 
728 759 11779 0.8350810850551398 3152 
729 759 10630 0.22354891725372456 3414 
730 760 10468 0.5196565037117781 3190 
731 761 10955 0.16515256621647809 2982 
732 762 10527 0.6145156133375969 3589 
733 763 10035 0.18498118972128913 3112 
734 765 10233 0.09138591488254731 3878 
735 766 11560 0.3780939712560785 3851 
736 766 10764 0.21224992782653931 3829 
737 766 10148 0.11839099330881206 3246 
738 767 11539 0.35547302890508636 3421 
739 768 10643 0.714076947779734 3021 
740 768 10696 0.08435890314700216 3028 
741 771 11296 0.24200829063515888 3663 
742 776 11348 0.24338300163645832 3298 
743 778 10984 0.6817545391978136 3204 
744 778 11285 0.6018619746516333 3849 
745 781 11871 0.14153112456395042 3027 
746 784 10828 0.5448832481313185 3586 
747 784 10753 0.4515744595783638 3511 
748 785 11522 0.4651655364457579 3770 
749 785 11435 0.41990644303643637 3598 
750 786 10076 0.6565020911192803 3363 
751 787 10297 0.30214371954839964 3112 
752 787 11690 0.1759865319934278 3875 
753 790 11788 0.5633175107063428 3375 
754 791 11005 0.6724323079669229 3784 
755 792 10059 0.24053484062978447 3746 
756 792 11503 0.27493054972815517 2958 
757 792 10894 0.6309528065474991 3887 
758 793 11837 0.2716061323199687 3612 
759 793 11724 0.21991172330581568 3600 
760 793 11613 0.4465826310996768 3346 
761 794 10291 0.7368287689315564 3352 
762 795 10923 0.5395567435052401 2951 
763 797 11449 0.2679972488294424 3739 
764 798 11495 0.7251287385007626 3862 
765 799 11272 0.23244068806362067 3048 
766 802 10944 0.528796406509515 3190 
767 802 10240 0.20721030143034685 3905 
768 803 11455 0.16443725985782473 3692 
769 803 10817 0.8069243589080781 3666 
770 806 11532 0.5755642157701057 3679 
771 807 11042 0.2942949160641202 3512 
772 808 11591 0.6202196382244463 3176 
773 810 11252 0.10579776876442365 3869 
774 811 11139 0.37189889221878514 3415 
775 811 11952 0.7266440179953795 3848 
776 811 11811 0.32724745856508125 3284 
777 812 11479 0.751486387950983 3138 
778 813 10865 0.5885250242411288 3346 
779 813 11354 0.7575497019903363 3257 
780 814 10203 0.49216700087375354 3443 
781 815 11102 0.03327957407442719 3687 
782 815 10264 0.3350038200685526 3516 
783 815 10878 0.48660450327892224 3094 
784 817 11875 0.6606827109417007 3593 
785 817 11877 0.22736918855155866 3712 
786 819 10234 0.33676420558922165 3816 
787 820 11798 0.6383461919227255 3754 
788 820 10931 0.6924027799195134 3269 
789 820 11366 0.18005115713535325 3674 
790 821 11359 0.7870379422081304 3796 
791 821 11902 0.7120815666355172 3107 
792 822 11125 0.6685435598272924 3240 
793 823 11549 0.2370770734707946 3096 
794 823 10542 0.4238371331208006 2943 
795 826 11059 0.5795366608139804 3372 
796 828 11983 0.11662322372002365 3555 
797 830 10116 0.6495229346692614 3619 
798 830 11334 0.5565084034085424 3454 
799 831 11343 0.016190570043420494 3055 
800 832 10706 0.30354171261904106 3521 
801 834 11540 0.5935934293829236 3851 
802 837 11591 0.17060868724068162 3324 
803 839 10251 0.12896839380077252 3342 
804 839 10510 0.36617809462115447 3027 
805 839 10891 0.14434115005841894 3704 
806 840 11031 0.16990775656292528 3675 
807 841 10127 0.8959442361052812 3547 
808 841 10456 0.584496338165963 3135 
809 841 10582 0.03173751514459892 3461 
810 847 11935 0.42609759416638315 3728 
811 847 10602 0.5737668585395853 3732 
812 847 11992 0.2383097261876701 3204 
813 848 10532 0.7579831896017167 3835 
814 848 10988 0.19064687609527992 3257 
815 851 11397 0.07522585066461525 3628 
816 851 10725 0.8544623446236078 3586 
817 853 10599 0.21210566547164283 3415 
818 853 11905 0.5344841039230969 3406 
819 853 10886 0.33665046215197014 3157 
820 854 11406 0.40366322625315404 3888 
821 854 11884 0.3503257068835873 3899 
822 855 11629 0.6530485012146032 3009 
823 856 11532 0.7236531554622146 3247 
824 856 10275 0.2359797010830437 3796 
825 857 10949 0.25408465170285477 3053 
826 858 10355 0.05328109310975447 3209 
827 858 11325 0.4278800294965034 3634 
828 860 10822 0.5167014604000586 3321 
829 861 11307 0.06727879130748898 3431 
830 864 10184 0.08108996979623999 3683 
831 864 10341 0.06400472642945748 3480 
832 865 10945 0.2348051262843314 3710 
833 867 10177 0.7843517254464878 3774 
834 868 11002 0.7538277764091442 3399 
835 868 11282 0.6981974385033969 3793 
836 869 10061 0.3810050058763844 3775 
837 872 10471 0.7761155326524569 3910 
838 873 11784 0.709940599411844 2927 
839 877 11317 0.1469587272246974 3586 
840 878 10505 0.3280879365253949 3445 
841 881 10199 0.6588815780667674 3472 
842 883 11504 0.3474648103867307 3533 
843 883 11893 0.49933543361011623 3641 
844 883 11714 0.7745889321363028 3044 
845 885 10531 0.07671626941674993 3051 
846 887 10427 0.5534155893068294 3486 
847 889 10700 0.35520561509241827 3268 
848 892 11800 0.10450027980378225 3107 
849 893 11232 0.698121741702119 3608 
850 894 11290 0.7796779007827486 3264 
851 900 10514 0.8294629393752098 3002 
852 900 11222 0.34527204624138214 3338 
853 901 11319 0.8379554217662184 3646 
854 902 10387 0.24580327402437052 3199 
855 904 10805 0.6565249937748329 3656 
856 905 11859 0.8458262834122189 3810 
857 906 11611 0.3204860380476485 3845 
858 906 10543 0.1681227233851794 3094 
859 908 11347 0.8470528854691116 3871 
860 910 11079 0.5393475741795797 3508 
861 910 10598 0.48272468460182943 3170 
862 910 11239 0.40276946000622643 3124 
863 912 10234 0.7209316806569268 3512 
864 913 10627 0.2078829684375463 3087 
865 913 10722 0.6316013025495119 3178 
866 913 11068 0.774169929656784 3112 
867 913 10906 0.4285051336933759 3157 
868 914 11601 0.4471651029465936 3182 
869 914 11229 0.4548374865088025 3547 
870 915 10343 0.21717959257606848 2992 
871 916 10220 0.4864820905309286 2919 
872 917 11429 0.2263784028467482 3317 
873 917 10197 0.337179164641168 3832 
874 917 11895 0.22932113575092627 3094 
875 918 10737 0.2309994673496865 2943 
876 918 10539 0.758533993562775 3347 
877 919 11797 0.2013106710154331 3249 
878 919 10639 0.27685478255237417 3763 
879 919 10433 0.6841990926564625 3724 
880 920 11830 0.7771396232583409 3197 
881 925 10560 0.7578413167122562 3460 
882 925 10140 0.09020002606528582 3443 
883 928 11459 0.10855090841906573 3326 
884 930 10514 0.6991894404997281 3425 
885 930 10236 0.08399388974232777 3232 
886 930 11907 0.7496575233476122 3317 
887 931 10612 0.3887545995811206 3905 
888 933 10951 0.45988935899088695 3550 
889 935 11800 0.7734758504153663 3676 
890 936 10286 0.48693732695092745 3765 
891 937 11075 0.7175689611235457 3002 
892 938 10685 0.3748204501407134 3119 
893 939 10512 0.30109509270100876 3799 
894 940 11352 0.06827568350739494 3002 
895 941 11448 0.7543151843899281 3850 
896 944 11456 0.02602563037803645 3554 
897 949 10495 0.4997696645406596 3743 
898 949 11031 0.29356039477406476 3825 
899 951 11015 0.8009081762215637 3872 
900 955 11667 0.6065886681885237 3697 
901 957 11049 0.3931019339270682 3733 
902 957 11182 0.4790220845465709 3155 
903 957 11446 0.7095133956759916 3427 
904 958 11316 0.8343045304756677 3593 
905 958 10958 0.01737087483794337 3503 
906 958 10825 0.6160052000216066 3600 
907 958 10417 0.8612925452505773 3261 
908 958 11087 0.041119373313487785 3693 
909 958 10389 0.5725126003115708 3320 
910 959 11265 0.8575704728182758 3750 
911 960 11763 0.6742469517215491 3227 
912 960 11445 0.5453660293901372 2912 
913 961 11415 0.09304041294000402 3221 
914 962 11559 0.8155745457329294 2927 
915 963 10291 0.7390854650290386 3423 
916 964 11768 0.1860062246804745 3466 
917 965 11673 0.10534738071439216 3688 
918 966 11406 0.3978889967737979 3314 
919 967 10280 0.5566434778409595 3507 
920 967 10663 0.33610488922055926 3471 
921 967 10724 0.7343826401389156 3251 
922 968 11919 0.4314527503743448 3159 
923 970 11956 0.04968925661773459 3285 
924 972 10877 0.3367672988247647 2983 
925 973 11355 0.23081247386931467 3076 
926 973 11598 0.7349665117739607 3152 
927 973 11685 0.5856184743438184 3816 
928 974 10025 0.6884892779048478 3574 
929 974 11357 0.4100993095264801 3713 
930 976 11254 0.8128336823635359 2965 
931 976 11571 0.106600659975904 3482 
932 976 11283 0.1933309359195162 3399 
933 979 11019 0.16586364115131863 3578 
934 984 10881 0.6130697745053895 3248 
935 984 10691 0.8137154698871644 3287 
936 985 10825 0.1810030723882648 2971 
937 987 10532 0.3824662520937213 3032 
938 987 10469 0.2609594465496062 3451 
939 988 11019 0.21543408885395898 3036 
940 989 11631 0.7339824753052181 3350 
941 989 10123 0.0354252442158945 3391 
942 990 10154 0.3798508853118865 3551 
943 990 11719 0.8627088469255364 3257 
944 990 10502 0.22552719546242403 3335 
945 990 10801 0.5586885324273415 3831 
946 993 11862 0.39460873743215125 2970 
947 995 10647 0.04277273774721174 3616 
948 996 11686 0.5314722163314834 3578 
949 997 10484 0.43612731988599934 3636 
950 997 10852 0.38303482208689915 2912 
951 999 11762 0.32810967753095854 3311 
952 999 11374 0.7584805392187561 3359 
953 1000 10721 0.32023804623067714 3865 
954 1003 11185 0.14321844856771407 3845 
955 1004 10613 0.848263058217502 3097 
956 1005 11860 0.7426021771386894 3414 
957 1008 10309 0.6211786871511585 3608 
958 1010 11633 0.7841942511625858 3578 
959 1010 10398 0.776702376518184 3485 
960 1010 10445 0.6098402808807623 3278 
961 1011 11848 0.7133569323988754 3657 
962 1013 11305 0.4431881734065996 3264 
963 1014 11840 0.48459780426690846 3756 
964 1014 10898 0.6905120916339083 3775 
965 1017 10349 0.593711339527977 3778 
966 1020 11002 0.4923337577581705 3809 
967 1021 11804 0.27756474349864296 3469 
968 1021 11877 0.7454014742751847 3397 
969 1021 11377 0.06713297310091516 3570 
970 1023 11848 0.27993837362492846 3631 
971 1024 11713 0.09544947843919803 3239 
972 1025 11734 0.8822076969061217 3537 
973 1028 11053 0.623144307878544 3238 
974 1028 11861 0.8240762010925092 3577 
975 1028 11943 0.5193315615459307 3303 
976 1029 11196 0.1442975118479442 3903 
977 1030 10616 0.8449817490180078 2950 
978 1030 11282 0.02930540154158827 3351 
979 1032 11696 0.028196825981052637 3673 
980 1033 10486 0.8837961669850954 3395 
981 1034 11851 0.8718216680487081 3454 
982 1035 11255 0.08303242699128258 3360 
983 1036 11140 0.5696551576239492 3127 
984 1037 10042 0.31957648051276466 3429 
985 1038 10458 0.07610043852616004 3570 
986 1043 10097 0.6245973937222802 3233 
987 1047 10909 0.018713212234156458 3427 
988 1047 11028 0.2017855578488692 3402 
989 1048 11789 0.8927199378387127 2963 
990 1048 11821 0.4484553989436975 3790 
991 1048 10749 0.04827419295553399 3195 
992 1050 11668 0.6054987104878231 3682 
993 1050 11925 0.20894530474114184 3668 
994 1050 11199 0.32428200845652927 3169 
995 1051 11661 0.6337474947079212 2981 
996 1052 11377 0.20000240098496166 3559 
997 1053 10917 0.8168043300483622 3455 
998 1053 11999 0.21504655467654984 3519 
999 1055 10703 0.4353578117027456 3337 
1000 1057 11876 0.6514149428050334 3240 
1001 1057 10723 0.8797018229068023 3852 
1002 1058 11259 0.684656570894494 3232 
1003 1059 11291 0.729840169258518 3595 
1004 1061 10980 0.8999003579987878 3597 
1005 1061 11709 0.013431757762264887 3894 
1006 1062 11019 0.6232173384231233 3612 
1007 1062 11258 0.6452174983048345 3225 
1008 1063 10203 0.010808807375291607 2955 
1009 1063 11351 0.26659062201288913 3602 
1010 1064 11842 0.4275914364122123 3904 
1011 1064 10443 0.13696142191024638 3325 
1012 1064 10736 0.575315487468932 3218 
1013 1065 10067 0.5539123539123963 3300 
1014 1066 10375 0.25653438630833464 3654 
1015 1066 10166 0.6433312527600302 3208 
1016 1066 10364 0.852628036191144 3021 
1017 1069 11169 0.8224627854571022 3786 
1018 1069 11549 0.25443812542250677 3674 
1019 1070 11624 0.6550683167041459 3131 
1020 1070 11052 0.5138642713083835 3301 
1021 1071 11434 0.5215069667842795 3405 
1022 1073 10340 0.5083416737294123 3175 
1023 1073 10411 0.45227255782729076 3578 
1024 1073 10829 0.48452500984230573 3210 
1025 1074 10657 0.8626025164013811 3763 
1026 1074 10111 0.14283598009717635 3562 
1027 1075 11388 0.40704688975905307 3167 
1028 1078 10158 0.5997731838794509 3056 
1029 1079 11143 0.1459653664933327 3228 
1030 1081 11055 0.5417417611077964 3598 
1031 1081 11061 0.8660625392915455 3833 
1032 1082 11037 0.7486742435453915 3648 
1033 1082 11302 0.33242551422316197 3500 
1034 1084 10974 0.17444265068243875 3643 
1035 1085 10970 0.5918632682120234 3418 
1036 1085 11986 0.7205772105978364 3039 
1037 1085 11538 0.7099943658316358 3506 
1038 1085 10109 0.05650328881184047 2910 
1039 1086 11520 0.7356697971050783 3411 
1040 1086 10488 0.6012444697026227 3717 
1041 1087 10894 0.8507158566003592 3902 
1042 1087 11521 0.28213191316213176 3638 
1043 1087 11683 0.7879384124346878 2999 
1044 1087 10487 0.42768500177866553 3192 
1045 1087 11918 0.7931275864107701 3757 
1046 1088 10480 0.6808896874306729 3756 
1047 1089 11717 0.20539130510443135 3473 
1048 1089 10993 0.14541657704700042 3898 
1049 1089 11009 0.7483664628510825 3701 
1050 1090 11328 0.028966305782153187 3371 
1051 1093 11042 0.5091639118843728 3351 
1052 1093 10386 0.40265714537671915 3672 
1053 1093 11676 0.35478463859699155 3108 
1054 1095 10088 0.8668376749969776 3600 
1055 1096 10250 0.44395137606891466 3852 
1056 1097 11128 0.44616493524042966 2985 
1057 1098 11417 0.3104062033428145 3716 
1058 1098 11844 0.6855809095242341 3691 
1059 1099 10041 0.7984091908144859 3723 
1060 1099 11076 0.09574055865720216 3247 
1061 1100 10826 0.8042815168719704 3223 
1062 1102 10858 0.3681315949230079 3781 
1063 1104 11467 0.4389688376420855 3827 
1064 1105 11873 0.24684713387346013 3003 
1065 1105 11173 0.6805300090794588 3292 
1066 1105 10735 0.19173722041027147 3511 
1067 1105 10771 0.48231378263253294 3112 
1068 1106 11272 0.38253451579581393 3037 
1069 1107 11130 0.09630277423591078 3397 
1070 1108 11360 0.8618796401790415 3014 
1071 1109 11451 0.13123973434182729 3538 
1072 1109 10388 0.5349854543785459 3365 
1073 1110 10799 0.13738102216198894 3818 
1074 1110 10991 0.09994800005001928 2996 
1075 1112 10330 0.038316947633283666 2912 
1076 1113 10141 0.8920843576190218 3485 
1077 1113 10351 0.24340720084785747 3776 
1078 1116 10360 0.6702439434755044 3904 
1079 1117 10250 0.45738948001810154 3097 
1080 1117 10372 0.2620122359031396 3062 
1081 1119 10088 0.8546380335650913 3329 
1082 1121 10876 0.1689506206772739 3309 
1083 1123 12006 0.045726959182287204 3661 
1084 1123 11770 0.5609553179455472 3640 
1085 1126 10908 0.15774772041949395 3383 
1086 1127 10907 0.2649378134412776 3154 
1087 1127 11587 0.8709117440484516 3649 
1088 1127 11871 0.10028403074009207 3459 
1089 1128 10776 0.39353750666372805 3585 
1090 1128 11862 0.6059887634726492 3288 
1091 1129 11082 0.7724205379190864 3752 
1092 1129 11785 0.38046582010186913 2992 
1093 1131 11734 0.23647946486496943 3781 
1094 1132 11002 0.3117388162324671 2956 
1095 1133 11381 0.12307980121188981 2993 
1096 1134 11369 0.5489982301795481 3794 
1097 1135 11674 0.28607678377769086 3501 
1098 1137 10552 0.1746696637836726 3226 
1099 1137 11994 0.33807785492695663 3421 
1100 1138 11461 0.2162310114819447 3725 
1101 1138 10716 0.6291541184752928 2960 
1102 1138 11260 0.6466288220823146 2933 
1103 1138 10463 0.15541105647992082 3647 
1104 1139 11724 0.8072016114771849 3049 
1105 1140 11121 0.4282855122007637 2954 
1106 1142 10276 0.8750095742468632 3148 
1107 1144 10804 0.24915561038449452 3535 
1108 1144 10987 0.5887652133845259 3447 
1109 1144 10355 0.8953855329584804 3650 
1110 1144 11150 0.40249838163812707 2958 
1111 1144 11290 0.09121051513645878 2998 
1112 1145 10170 0.7017466964285741 3905 
1113 1146 10494 0.7959464796616132 3113 
1114 1147 11256 0.08926265597737602 3482 
1115 1147 10092 0.13280382177258393 3404 
1116 1148 11053 0.41381611662317597 3345 
1117 1148 11144 0.21903628822933094 3157 
1118 1148 11528 0.3981587210155169 3551 
1119 1149 10744 0.30273023711780345 3796 
1120 1150 12000 0.14579229864773185 3481 
1121 1151 11681 0.8424882145274831 3039 
1122 1151 11952 0.31125082662393744 3422 
1123 1152 10739 0.7631783737232675 3127 
1124 1153 11148 0.044199415523286434 2987 
1125 1154 11420 0.784864047771186 3893 
1126 1155 11649 0.7666181282313812 2985 
1127 1155 11817 0.5301991762946683 2933 
1128 1156 10327 0.26011410746578756 3251 
1129 1158 10848 0.25982284339570033 3347 
1130 1159 10253 0.7475130018870559 3486 
1131 1159 10491 0.746697184011581 3114 
1132 1160 11732 0.7358934758993301 3783 
1133 1161 11654 0.7020374548972738 3626 
1134 1165 11421 0.40362132455448907 3599 
1135 1170 10597 0.7769181652572149 3447 
1136 1172 11889 0.8210720854059366 3814 
1137 1172 11737 0.5226559864459606 3694 
1138 1174 10936 0.05064581542764293 3637 
1139 1180 10866 0.4900574294159914 3566 
1140 1180 10775 0.4849220717102443 3759 
1141 1181 11764 0.8431566424751972 3746 
1142 1182 10851 0.4418762884307784 3547 
1143 1183 11453 0.8510337179521412 3453 
1144 1184 11371 0.040910840967205486 3418 
1145 1184 10456 0.05906800246109616 3409 
1146 1185 11291 0.35196729351060996 3420 
1147 1185 11825 0.3646585586775963 3347 
1148 1186 10876 0.2248121589318018 3867 
1149 1187 10036 0.2399075028448371 3743 
1150 1187 11475 0.42754124396211285 3759 
1151 1188 10609 0.5857372063301106 2970 
1152 1188 10658 0.16948085273895036 3262 
1153 1188 11501 0.0522041414212772 3469 
1154 1189 11327 0.6524581734141257 3580 
1155 1191 11791 0.17115468580375368 3428 
1156 1192 10916 0.8052474900087238 2976 
1157 1193 11189 0.408581471187494 3312 
1158 1194 11562 0.04413496487723302 3830 
1159 1195 11943 0.011396263641348221 3684 
1160 1196 10268 0.312412561660894 3513 
1161 1198 11807 0.38507040803964154 3851 
1162 1198 10883 0.3194020615392226 3041 
1163 1199 10956 0.2843628629030622 3029 
1164 1200 11559 0.1890069641464106 3770 
1165 1201 10944 0.5509736255604789 3900 
1166 1201 10112 0.3022058106009479 3367 
1167 1206 11675 0.782196853795335 3430 
1168 1207 11385 0.17730012037896542 2985 
1169 1208 10598 0.8095458206665835 3818 
1170 1209 11800 0.15645579692775768 3548 
1171 1211 11155 0.3434220330934536 3769 
1172 1212 11917 0.8622115365950218 2970 
1173 1213 10050 0.7510428451458105 3435 
1174 1214 10201 0.8491891397732172 3433 
1175 1214 10024 0.12951943877448793 3659 
1176 1215 10997 0.6001561200955213 3610 
1177 1216 10173 0.6240317714432608 2975 
1178 1217 11508 0.23450228905261622 3219 
1179 1220 10700 0.25299916539583156 3378 
1180 1221 11932 0.3336074127478363 3020 
1181 1221 11890 0.1505086552974398 3149 
1182 1222 11558 0.6831719160160618 3037 
1183 1222 10514 0.2458910675075357 3328 
1184 1223 10921 0.3944522399316287 3179 
1185 1225 10374 0.890815134106144 3378 
1186 1226 11062 0.03978670434705536 3286 
1187 1228 10871 0.8544883901320258 3440 
1188 1230 10243 0.8685632589588737 3294 
1189 1230 10522 0.24532789081654266 3220 
1190 1230 11750 0.41479868484493504 3499 
1191 1231 10140 0.5674733931602407 3562 
1192 1232 10578 0.28202794347421906 3036 
1193 1232 10167 0.7554247233763489 3254 
1194 1235 11686 0.21373327450785687 3907 
1195 1235 11628 0.5677974708019445 3583 
1196 1235 10843 0.34639239477391337 3608 
1197 1237 11046 0.663488941411309 3680 
1198 1238 11757 0.4905741586155156 3236 
1199 1238 10971 0.35904032425621457 3475 
1200 1238 10750 0.811621695228069 3623 
1201 1242 11701 0.5344900343582344 2974 
1202 1242 11750 0.2443451569861517 3461 
1203 1243 11794 0.017423423621361452 2968 
1204 1244 10064 0.02631376191044353 3338 
1205 1246 10389 0.7380065166120007 3295 
1206 1248 10176 0.06035510983392857 3281 
1207 1249 11013 0.4065015207173092 2955 
1208 1250 10402 0.7242493156767359 3592 
1209 1250 11253 0.6499193722210974 3275 
1210 1250 11129 0.8935493080319343 3217 
1211 1251 11997 0.4433853585016528 3247 
1212 1253 10490 0.19853289163809254 3607 
1213 1256 11484 0.44222937179669125 3709 
1214 1257 10671 0.12413178857702203 3342 
1215 1257 11121 0.5639415801637705 3686 
1216 1261 11623 0.37755929174398456 3878 
1217 1262 11601 0.015521006773471815 3564 
1218 1262 10833 0.31739054892862967 3058 
1219 1263 11460 0.23370868771178965 3237 
1220 1263 11987 0.4366505357876979 3100 
1221 1264 10781 0.11395860163142972 3755 
1222 1264 11373 0.68476214708619 3175 
1223 1265 11060 0.3216673730667327 3896 
1224 1265 10851 0.2659218819872613 3232 
1225 1266 10358 0.042563715025711935 3277 
1226 1266 10207 0.08306216884075032 3508 
1227 1266 11184 0.6487642650849158 3454 
1228 1267 11874 0.053265862147331484 3677 
1229 1269 10601 0.780946217822943 3508 
1230 1270 11436 0.06604740310429276 3117 
1231 1272 10437 0.7938188257673254 3176 
1232 1272 10496 0.8374210331862627 3203 
1233 1273 11826 0.8400904995737599 3865 
1234 1275 11872 0.42732357991114817 3773 
1235 1276 11526 0.3512683042281079 3578 
1236 1276 10301 0.6595571392720568 3573 
1237 1276 10513 0.3985288495562471 3777 
1238 1278 10477 0.6891450703542255 3777 
1239 1280 10235 0.30852356645839424 3306 
1240 1280 11265 0.6146264653523835 3422 
1241 1280 11230 0.05987716226789429 3008 
1242 1281 11628 0.634077742595641 3273 
1243 1282 11072 0.5268216044806914 3618 
1244 1284 10977 0.30036398439389417 3682 
1245 1286 10188 0.8533985671883545 3099 
1246 1287 10153 0.8021285403627464 3499 
1247 1289 10534 0.2712607752698328 3188 
1248 1291 10821 0.15499207867169865 3883 
1249 1291 11761 0.09703753358376502 3253 
1250 1291 10452 0.17746476711119852 3879 
1251 1291 10165 0.10665352059364588 3668 
1252 1291 11603 0.3631841464214621 3492 
1253 1292 10784 0.09832674860469943 3814 
1254 1292 11277 0.8614473642995856 3872 
1255 1293 11376 0.10883335490528875 3449 
1256 1299 10565 0.6124335293653246 3291 
1257 1302 11092 0.05449741988840283 3349 
1258 1303 10839 0.32030401202613024 3834 
1259 1303 10359 0.2057062570884937 3275 
1260 1307 11323 0.13185101608294506 3436 
1261 1307 11312 0.33114721901834526 3231 
1262 1309 10738 0.5255067029481686 3869 
1263 1310 10054 0.728371184953069 3279 
1264 1311 11089 0.7886830887598806 3670 
1265 1311 11394 0.598012702918861 3230 
1266 1312 11932 0.6152082997700015 3703 
1267 1312 10576 0.07218773984663318 3116 
1268 1312 11988 0.3183243415499437 3817 
1269 1313 10282 0.5217170894380544 3066 
1270 1315 11557 0.3981843952666086 3000 
1271 1315 11150 0.7573396954135886 3519 
1272 1317 10420 0.038256526399784226 3083 
1273 1317 11089 0.44375909999936636 2990 
1274 1317 10053 0.3121767370574284 3218 
1275 1320 11350 0.8839639313786889 3121 
1276 1323 10229 0.8731153194456649 3892 
1277 1323 11142 0.8729178300867143 3619 
1278 1324 11111 0.8810354642781524 3870 
1279 1324 11650 0.556157763470791 3675 
1280 1326 11823 0.8517113409425867 3620 
1281 1328 11793 0.4240696752640457 3531 
1282 1329 11761 0.41032174388818743 3587 
1283 1329 11838 0.8824365152973345 3706 
1284 1330 11320 0.5671180646468196 3126 
1285 1331 11559 0.8686481799056905 3504 
1286 1331 10117 0.7185285486891207 3085 
1287 1332 11767 0.563719966072542 3410 
1288 1332 11779 0.6595508166327978 3366 
1289 1333 11507 0.4685176874302102 3245 
1290 1333 10663 0.3450955612855424 3238 
1291 1336 11248 0.4079562168800994 3611 
1292 1336 10685 0.8277021123184759 3493 
1293 1338 10609 0.5986885931521208 3429 
1294 1338 11162 0.6799567734697513 3480 
1295 1339 10770 0.5640793249038039 3744 
1296 1340 11709 0.2883341087526642 3043 
1297 1340 10750 0.5730555874367816 3242 
1298 1341 10441 0.2046507380334247 3718 
1299 1342 11377 0.6516938310337406 2977 
1300 1345 10236 0.4654943697709679 3233 
1301 1346 10735 0.8739299434392578 3596 
1302 1348 11838 0.15546857516662874 3865 
1303 1351 10934 0.43901464802378387 3055 
1304 1354 11189 0.028732485531811486 3031 
1305 1355 10537 0.1379505828443059 3105 
1306 1355 11859 0.19119182194802453 3052 
1307 1356 11798 0.47591860675129016 3146 
1308 1356 10699 0.36069643520996103 3176 
1309 1357 11904 0.27295801053867425 2939 
1310 1359 11957 0.5506324278431506 3115 
1311 1360 11166 0.19939562808620995 3455 
1312 1360 11105 0.688099383434637 2969 
1313 1360 11852 0.5927336379745803 3849 
1314 1360 10071 0.03687797149162865 3113 
1315 1361 11371 0.7845315205929183 3594 
1316 1361 11814 0.09625654623644093 3866 
1317 1365 11022 0.13754103077634894 3365 
1318 1365 10623 0.18848846478624198 3408 
1319 1366 11474 0.8995953553156644 3883 
1320 1367 11774 0.4321425063114036 3806 
1321 1368 10986 0.4933781243484719 3906 
1322 1368 10056 0.7297922608643865 3762 
1323 1371 10573 0.23761930389895355 3348 
1324 1372 11691 0.4601852337600673 3172 
1325 1372 10048 0.6688211615156219 3031 
1326 1374 11562 0.33952010471013655 3717 
1327 1374 11630 0.7825801669929202 3572 
1328 1376 11468 0.2919267660051757 2951 
1329 1376 10816 0.3357391111652333 3665 
1330 1377 12011 0.140099172015497 3429 
1331 1379 10277 0.03258883490554214 3433 
1332 1380 10418 0.1600531458833524 3222 
1333 1381 11424 0.7998575289208475 3209 
1334 1381 10928 0.362394739311023 3110 
1335 1383 11917 0.6687420094508951 3716 
1336 1386 10492 0.12355740336076346 3562 
1337 1386 10195 0.6939151825424175 3355 
1338 1387 11006 0.30433471221989083 3049 
1339 1388 11431 0.3886477169901056 3431 
1340 1388 11269 0.04509211929931823 3185 
1341 1390 11622 0.5048968604573221 3125 
1342 1391 11507 0.7543166225026718 3294 
1343 1392 10748 0.2230333731423015 3163 
1344 1393 11253 0.397969156829939 3638 
1345 1395 10353 0.42235565658076135 3836 
1346 1395 11273 0.5950139213766255 3336 
1347 1396 11573 0.016486036455041715 3296 
1348 1397 10287 0.43403094527635155 3016 
1349 1398 10757 0.29935736718656714 3514 
1350 1401 11439 0.7177756158981553 3364 
1351 1403 10579 0.4698694846769086 3401 
1352 1404 10906 0.574229997184196 3150 
1353 1405 10977 0.336297461502582 3172 
1354 1406 11917 0.3166609707048199 3846 
1355 1411 11530 0.8581252049920369 3646 
1356 1411 10572 0.672917730189495 3195 
1357 1411 10336 0.8641403892207029 3064 
1358 1411 10966 0.040674038384943684 3461 
1359 1412 11508 0.6380914064229523 3616 
1360 1413 10786 0.7090041849140925 3434 
1361 1413 11832 0.8388758543383322 3562 
1362 1413 11524 0.7556993150629483 3215 
1363 1413 10154 0.5727934291055918 3774 
1364 1414 10404 0.33126885257458366 3136 
1365 1415 11516 0.7225757345627384 3502 
1366 1415 11919 0.08540236985560104 3768 
1367 1416 11074 0.3978023019794033 3687 
1368 1418 10437 0.7034033980930995 3454 
1369 1418 11179 0.03945251031802529 3734 
1370 1420 11813 0.8151752302855869 3041 
1371 1422 11996 0.43154792625903066 3188 
1372 1422 11165 0.8523971237532846 3062 
1373 1422 11720 0.010195652685742023 3347 
1374 1423 10461 0.7194082992105346 3364 
1375 1423 10795 0.6885787145178124 2965 
1376 1424 10123 0.08643063632038561 3362 
1377 1424 10307 0.33480340796917096 3501 
1378 1425 10941 0.4549701765920629 3010 
1379 1425 11916 0.3021861888730267 3126 
1380 1427 11222 0.6757761561735062 3899 
1381 1429 11285 0.2083828656030405 3556 
1382 1430 11425 0.2205791518867814 3079 
1383 1432 10448 0.01661357750167376 3282 
1384 1432 10365 0.6637941617908455 3395 
1385 1433 10744 0.06335938563839623 3137 
1386 1435 11514 0.8590720455704894 3204 
1387 1436 11723 0.7238914663562682 2979 
1388 1438 10835 0.2049273173831606 3772 
1389 1439 10400 0.7624151822902202 3329 
1390 1442 10556 0.18052227915773522 3635 
1391 1445 11299 0.4383845279365267 3397 
1392 1446 12002 0.4817768189579174 3630 
1393 1448 11665 0.42273862563563885 3771 
1394 1449 11950 0.015131279779226074 3270 
1395 1451 11365 0.30575887031612486 3904 
1396 1452 11215 0.06383921210774587 3143 
1397 1453 10643 0.20856755891031872 3390 
1398 1454 10058 0.24002793742423154 3385 
1399 1454 10966 0.13838188168880927 3182 
1400 1454 10540 0.3521703907728836 3632 
1401 1459 10292 0.25140634960288094 3441 
1402 1459 11616 0.5834919673194887 2914 
1403 1460 10253 0.23032579397013225 3088 
1404 1460 10413 0.08624935693320686 3037 
1405 1460 11636 0.30276356260835013 3330 
1406 1461 11572 0.06807326103021556 3228 
1407 1461 11380 0.1226419548111067 3163 
1408 1462 10358 0.07334710681934828 3450 
1409 1463 10588 0.3711444062141164 3650 
1410 1464 10730 0.4382645304669107 3870 
1411 1466 10223 0.2615558139894688 3233 
1412 1466 12014 0.41705474009782595 3492 
1413 1468 11340 0.5838056173436611 3361 
1414 1469 11600 0.5164488348164961 3361 
1415 1471 10707 0.2486125214767409 3033 
1416 1471 11581 0.7212109542076434 3487 
1417 1473 10175 0.21954149679435062 3782 
1418 1475 10882 0.7856016916911662 2944 
1419 1475 10382 0.11366924425882659 3873 
1420 1476 11956 0.3342704428165297 3805 
1421 1477 11702 0.47823750778527546 3173 
1422 1479 10499 0.8978312901571206 3622 
1423 1480 10551 0.22678570013621993 3408 
1424 1481 10812 0.35083865355036675 3618 
1425 1481 11692 0.18030576200878276 3775 
1426 1482 11668 0.36999498518637586 3377 
1427 1483 10044 0.37389860719548057 3792 
1428 1483 11290 0.17830907573684018 3078 
1429 1484 11632 0.6442921589324608 3705 
1430 1485 11375 0.3507074088758319 3145 
1431 1485 11440 0.5579115719144389 3209 
1432 1486 10970 0.22890755100718096 3893 
1433 1486 11615 0.31834143280216964 3585 
1434 1486 11643 0.44268745490631356 3705 
1435 1490 11460 0.4499941088050338 3455 
1436 1491 10998 0.2861059240236173 3045 
1437 1491 11888 0.6691344107068691 2928 
1438 1492 10643 0.6085951573650626 3619 
1439 1492 10407 0.17155891090787745 3792 
1440 1492 11839 0.7768379408598596 2939 
1441 1493 10745 0.3926547604041422 3780 
1442 1495 10273 0.5264713815642197 3410 
1443 1495 10744 0.12842221788118766 3552 
1444 1497 11413 0.6774174912475015 3705 
1445 1498 10291 0.44049691275507047 3602 
1446 1499 11519 0.8248212768393063 3120 
1447 1499 10228 0.6334966984022554 3083 
1448 1500 11879 0.39911894293453715 3297 
1449 1501 11721 0.6408274107185529 3856 
1450 1501 10058 0.891208058975358 3632 
1451 1502 10732 0.4216323307055418 2936 
1452 1502 11782 0.11323781409256164 3454 
1453 1504 10676 0.06667071175718765 2922 
1454 1504 11248 0.5755792661611708 3864 
1455 1504 11843 0.4609957017954079 3010 
1456 1505 10190 0.755389430855387 3724 
1457 1507 10183 0.6366090293304368 3656 
1458 1507 10933 0.5481644647459258 3541 
1459 1508 11111 0.8913641563867387 3219 
1460 1509 10817 0.22619619621384604 3576 
1461 1509 10134 0.4420052755943129 3767 
1462 1510 10281 0.5670202884449983 3381 
1463 1511 10059 0.4399255710103714 3908 
1464 1513 11026 0.2849369709452277 3746 
1465 1513 11468 0.3514958947713673 3129 
1466 1515 10896 0.2163958136295802 3867 
1467 1515 10663 0.44760100712477413 3761 
1468 1516 10119 0.8743947292069812 3215 
1469 1517 10945 0.3415117409470389 2958 
1470 1517 10154 0.5794758189210972 3679 
1471 1518 11933 0.3034174444048451 3159 
1472 1522 11915 0.5532913397959914 3702 
1473 1522 10632 0.832755957826614 3801 
1474 1523 11726 0.28189709537778784 3652 
1475 1524 11850 0.25055693843282373 3571 
1476 1524 11856 0.6226776903385339 3587 
1477 1524 11370 0.6134562311585853 2964 
1478 1524 11501 0.39435335224164647 3685 
1479 1525 10133 0.4635033377435625 2998 
1480 1525 10236 0.022929893326731277 3585 
1481 1526 11776 0.3501464541960844 3439 
1482 1526 10302 0.4423606672239541 3868 
1483 1526 10200 0.32405488713966235 3349 
1484 1527 10499 0.47719008501287324 3142 
1485 1528 10636 0.5381053310664108 3738 
1486 1528 11583 0.5747223960102884 2986 
1487 1532 11768 0.8771347802146048 3507 
1488 1533 10235 0.6347629263152756 3252 
1489 1533 10639 0.4829046058731975 3130 
1490 1534 10672 0.7511617906251709 3213 
1491 1535 11655 0.53966019076938 3540 
1492 1535 11668 0.5558707495555627 3893 
1493 1535 10033 0.18528251642404223 2997 
1494 1535 10237 0.6544293476532954 3074 
1495 1535 10992 0.20755499465631333 3242 
1496 1535 10634 0.5077341526687015 3015 
1497 1536 11228 0.2155343024645311 3566 
1498 1537 11220 0.6625721556701815 2999 
1499 1539 11307 0.44010243420171813 3032 
1500 1539 10167 0.02934995372882717 3618 
1501 1540 11119 0.24381475603291536 3089 
1502 1542 11001 0.354378886208531 3652 
1503 1547 11747 0.22880843130604198 3803 
1504 1548 11504 0.5763336629032766 3459 
1505 1548 10568 0.8352397881762279 3354 
1506 1549 11725 0.1017639003559409 2983 
1507 1551 10095 0.47458967000501956 2981 
1508 1551 10497 0.6045568092910704 3711 
1509 1555 11115 0.16412984575205888 2964 
1510 1555 11548 0.4880009171194195 3005 
1511 1557 11617 0.5656565277216339 3697 
1512 1559 11978 0.8457818949670962 3740 
1513 1560 10942 0.682240769039684 3699 
1514 1560 10422 0.42958784069956213 3661 
1515 1561 10215 0.5365631801991522 3384 
1516 1563 10133 0.8043551289950018 3539 
1517 1563 10457 0.4734974690260295 3122 
1518 1564 10040 0.40807724679612284 3640 
1519 1569 11603 0.3069353795837913 3222 
1520 1569 11457 0.5160735907731197 3799 
1521 1569 11613 0.8220942555344173 3612 
1522 1570 11707 0.16017342464879744 3170 
1523 1572 10203 0.532828374259 3909 
1524 1573 10077 0.8267690869935191 2919 
1525 1573 11267 0.41286044737726485 3444 
1526 1574 11704 0.2403475711130424 3435 
1527 1575 11135 0.08284998895389932 3875 
1528 1575 11800 0.5802174456902535 3472 
1529 1575 10761 0.5042555293265042 3511 
1530 1575 10407 0.5555591774806103 3082 
1531 1576 10997 0.3995616358915797 3072 
1532 1579 11611 0.6264496673757094 3386 
1533 1580 11355 0.8677980121744152 3218 
1534 1581 11599 0.10065926274122802 3228 
1535 1582 10829 0.542447503933703 3194 
1536 1582 11218 0.8879582003320131 3108 
1537 1583 10222 0.024414442327365796 3618 
1538 1584 11147 0.25770805130762164 3199 
1539 1587 10600 0.8212953078901741 3065 
1540 1590 10479 0.8517224449455674 3043 
1541 1590 11482 0.143131459442145 3126 
1542 1592 10712 0.061715964587606385 3459 
1543 1596 10243 0.1437137079675614 3803 
1544 1597 10918 0.5865904967531548 3512 
1545 1598 10784 0.6976879853137254 3782 
1546 1599 10679 0.44766621155185166 3240 
1547 1600 10299 0.2937990102684782 3190 
1548 1601 10469 0.26357387869198196 3651 
1549 1601 11836 0.8794921289016354 3495 
1550 1602 11323 0.5633733823838478 2963 
1551 1603 11986 0.5084657885452881 3131 
1552 1603 11477 0.7086599475198246 3743 
1553 1605 11957 0.7616971256795766 3296 
1554 1605 10597 0.3647279792945112 3448 
1555 1606 10816 0.3219511143252678 2923 
1556 1606 10776 0.18800516276057816 3011 
1557 1608 11665 0.07363371141910144 3108 
1558 1608 10722 0.3749977915538842 3551 
1559 1608 11297 0.588890668706352 3227 
1560 1609 11831 0.24268028094969943 3556 
1561 1611 11303 0.023056989655639876 3681 
1562 1614 11017 0.2427955689660583 3128 
1563 1615 11237 0.37255816432933203 3148 
1564 1615 10991 0.6826596976458904 3514 
1565 1615 10687 0.6136201408512101 3307 
1566 1615 11731 0.8025922568716126 2952 
1567 1617 11447 0.3454150059952209 3183 
1568 1618 11763 0.43861509804801596 3141 
1569 1619 11492 0.3315805832086834 3524 
1570 1619 10057 0.7776781118670357 3878 
1571 1619 10821 0.44460395495507826 3123 
1572 1620 10434 0.24826749957553634 2948 
1573 1623 11557 0.2705023041566706 3796 
1574 1623 11927 0.3430541722772548 3018 
1575 1624 10418 0.42107274321029803 3536 
1576 1624 11439 0.21776116263549447 3746 
1577 1625 11255 0.0755819775968668 3771 
1578 1626 10897 0.839702076928482 3432 
1579 1627 10210 0.47089311384600374 3136 
1580 1628 10109 0.48030085197296574 3132 
1581 1628 10470 0.8191801549497001 3271 
1582 1628 10999 0.27201255565637883 3240 
1583 1628 10576 0.8461744782875832 3735 
1584 1629 11843 0.36128725388624977 3518 
1585 1630 10706 0.3206147276408024 3806 
1586 1631 10718 0.8796381945035163 3459 
1587 1631 10292 0.7763525814131846 3115 
1588 1633 10101 0.42814314012546584 3889 
1589 1634 11774 0.6994591758921043 3040 
1590 1636 11143 0.4100368329030097 3907 
1591 1636 10092 0.11033068547059269 3281 
1592 1637 10363 0.054881020539697636 3619 
1593 1638 11729 0.2518104882669265 2918 
1594 1639 11457 0.029499420481834397 3641 
1595 1639 11734 0.1297807241026666 3135 
1596 1639 11032 0.6542524792130763 2982 
1597 1639 11804 0.3270196610778835 3254 
1598 1641 11307 0.3576669903627789 3773 
1599 1642 11744 0.31922706997915196 3808 
1600 1648 10579 0.37993347302622493 3211 
1601 1649 10394 0.631113076180844 3649 
1602 1649 10602 0.5217646387236664 3893 
1603 1650 10856 0.8424579721797879 3708 
1604 1650 10615 0.24858396445506753 3561 
1605 1651 11697 0.3261893523616108 3428 
1606 1652 10471 0.06168253508121334 3265 
1607 1652 11156 0.2399534861594787 3001 
1608 1653 11365 0.15577257035633948 2978 
1609 1654 11714 0.2374141788161978 3065 
1610 1655 10418 0.7836724240946085 3373 
1611 1656 11173 0.015244260665443602 3329 
1612 1657 10455 0.4408610942971109 3350 
1613 1658 10300 0.889321853949573 3700 
1614 1658 11686 0.270635554909155 3731 
1615 1659 11239 0.27584957843986463 2933 
1616 1659 10661 0.7485518912661893 3858 
1617 1659 10953 0.09239898791066531 3305 
1618 1659 11478 0.5321283635560142 3840 
1619 1660 10534 0.24083826994980706 3129 
1620 1662 11843 0.8372224565725888 3309 
1621 1662 11318 0.06870801303018743 3655 
1622 1662 10503 0.07081395072862262 3457 
1623 1663 11439 0.44104627262060475 3047 
1624 1664 10563 0.8836119828282328 3665 
1625 1665 10838 0.3122760420830882 3426 
1626 1666 11998 0.33148401896090796 3786 
1627 1666 11161 0.8916224650590441 3623 
1628 1668 11796 0.056636670039729414 3185 
1629 1668 11490 0.8885310337834136 3047 
1630 1668 11702 0.6178503736277575 3425 
1631 1668 10532 0.7559269427425859 3257 
1632 1669 10748 0.06573297183170458 3800 
1633 1670 11578 0.37794892314664086 3707 
1634 1672 10736 0.8502349783062115 2948 
1635 1675 10578 0.8429047529613538 3484 
1636 1677 10498 0.36073056383389296 3643 
1637 1677 11357 0.5864238414705458 3249 
1638 1678 10817 0.7522469216578114 3139 
1639 1682 10935 0.0647101156401955 3829 
1640 1684 11788 0.19887298046183893 2999 
1641 1685 10977 0.12442331412615938 3336 
1642 1685 11735 0.4285344342274048 2912 
1643 1686 11389 0.31345202722915105 3250 
1644 1686 11979 0.02413438428635862 3537 
1645 1688 10557 0.25083131649843654 3461 
1646 1689 11426 0.015033219619211887 3041 
1647 1692 11673 0.7256271282072548 3490 
1648 1693 11393 0.12104292517574847 3479 
1649 1696 11216 0.41522153772635106 3800 
1650 1696 10507 0.18149003077067985 3676 
1651 1696 10405 0.7078741801701818 3723 
1652 1697 10877 0.07112396187263524 3350 
1653 1697 11938 0.5858592430203814 3194 
1654 1698 10316 0.6434887518589358 3586 
1655 1698 11613 0.07982573951885352 3373 
1656 1699 10212 0.37778406979707296 3030 
1657 1700 10617 0.3907919278494344 3425 
1658 1701 11114 0.6287424791086373 3385 
1659 1702 10615 0.2570551636592382 3152 
1660 1702 10307 0.8603723790405732 3074 
1661 1703 11068 0.8696367059249709 3643 
1662 1704 11544 0.041380193502999624 3834 
1663 1706 11458 0.06621242090368504 3305 
1664 1706 11101 0.43017388147118696 3632 
1665 1706 11722 0.8431841453725508 2960 
1666 1707 11913 0.2894785037019295 3864 
1667 1708 10553 0.3643639785407151 3822 
1668 1709 10567 0.17396399189528336 2947 
1669 1709 11094 0.01085549011412545 3379 
1670 1711 11150 0.5832631116548436 3677 
1671 1712 11884 0.4233259033077307 3348 
1672 1713 10792 0.12361987101194169 3888 
1673 1713 11244 0.1331595890578094 3801 
1674 1714 11657 0.012169443268604693 3865 
1675 1716 11590 0.36438803750188725 3798 
1676 1718 11435 0.22846851162840792 3368 
1677 1719 11082 0.2354754217101803 3305 
1678 1720 10934 0.5309338479045712 3659 
1679 1720 10777 0.8470666478708234 3553 
1680 1720 11411 0.8502952852498273 3105 
1681 1720 11603 0.8392623690747159 3542 
1682 1721 10465 0.07162136539153596 3476 
1683 1722 11359 0.6781799894628875 3782 
1684 1722 11265 0.7179853646651025 2995 
1685 1723 10126 0.3316072494920118 3178 
1686 1723 11798 0.02267054145111303 3678 
1687 1723 11315 0.3630059912788777 3114 
1688 1723 11630 0.5463601084865465 3446 
1689 1725 11408 0.7320541788647614 3719 
1690 1725 11988 0.09514483436190303 3162 
1691 1725 10426 0.6018732116714258 3806 
1692 1726 10638 0.5182010047614094 2985 
1693 1727 11176 0.247006991085899 3677 
1694 1728 10733 0.20600214824698349 3655 
1695 1730 11878 0.8469048733162559 3289 
1696 1731 11120 0.656291988272339 3094 
1697 1731 10639 0.5615797132168947 3892 
1698 1732 11393 0.45362598320328235 3839 
1699 1732 11917 0.8078267695486929 3900 
1700 1732 11557 0.5879831629206896 3240 
1701 1733 10742 0.12708436159285996 3487 
1702 1734 11358 0.17084916409295364 3399 
1703 1734 11478 0.29288696394583047 3203 
1704 1734 11218 0.2241119681954519 3316 
1705 1734 10565 0.8126649888544346 3044 
1706 1735 11150 0.6041235723926578 3203 
1707 1735 11743 0.7466356669089396 3463 
1708 1735 11190 0.6070510452769248 2976 
1709 1736 11530 0.839205912707872 3384 
1710 1736 11998 0.7946207894660018 2916 
1711 1737 12006 0.02554469247846364 3176 
1712 1739 10448 0.10775927342694622 3111 
1713 1739 11843 0.5690137720720851 3004 
1714 1739 10221 0.35165154076392036 3748 
1715 1739 10837 0.18094523460678316 2912 
1716 1739 11063 0.3511317402274516 3202 
1717 1740 10338 0.03199957478810492 3668 
1718 1740 10139 0.558840455396941 2998 
1719 1742 10845 0.8554021060740139 3810 
1720 1742 11860 0.8280155817027661 3235 
1721 1743 10257 0.4019668390740472 3602 
1722 1743 11137 0.3007807731700851 3038 
1723 1744 10232 0.38213954019594565 3456 
1724 1748 11666 0.4250380865300706 3408 
1725 1749 10344 0.6772051021387134 2916 
1726 1752 11062 0.15616956177256558 3598 
1727 1753 10239 0.4921288804946153 3448 
1728 1754 10173 0.42482829644381115 3090 
1729 1755 10345 0.3758463445294883 3525 
1730 1755 10923 0.7602690079552763 3243 
1731 1756 11213 0.6655582456777146 3443 
1732 1757 10177 0.3547903753072936 3812 
1733 1759 11944 0.10259222608734053 3836 
1734 1760 11769 0.34849392153173303 3327 
1735 1760 10852 0.6188783004993673 3682 
1736 1762 11546 0.3293534482361228 3187 
1737 1763 10967 0.6362315048515849 2950 
1738 1763 11068 0.5726444849439533 3608 
1739 1765 11606 0.5859900023189266 3488 
1740 1765 10858 0.11006962450143332 3837 
1741 1766 10609 0.6638774107069122 3829 
1742 1767 11958 0.24325658446935708 3737 
1743 1767 11815 0.24384912394373962 3620 
1744 1768 11852 0.7665317107598334 3028 
1745 1768 11963 0.5861354644301489 3481 
1746 1768 10844 0.5487049940600828 3694 
1747 1769 10328 0.761733824379181 3774 
1748 1770 12011 0.34134768674258553 3262 
1749 1771 11637 0.33458300176203754 3337 
1750 1771 10483 0.40436899075633703 3541 
1751 1771 10144 0.5021053042637569 3228 
1752 1772 11754 0.12530681018055914 3750 
1753 1774 10243 0.4248747188360125 3532 
1754 1774 10810 0.3934641665992919 3107 
1755 1775 11176 0.47366854916146733 3493 
1756 1777 11856 0.1272186588682783 3347 
1757 1777 10480 0.6222084585723094 3075 
1758 1778 10483 0.8749131302268185 3142 
1759 1778 11607 0.1572365220853926 3622 
1760 1779 10895 0.16501712357202433 3496 
1761 1779 11524 0.5366714959087171 3643 
1762 1781 10821 0.48037611587009044 3108 
1763 1781 10995 0.5472071841822832 3058 
1764 1782 11053 0.20230774733814896 3138 
1765 1783 11732 0.3246550562055202 3869 
1766 1784 10280 0.28115766713748724 3131 
1767 1787 11285 0.2811070506844908 3062 
1768 1788 11380 0.6168379424020435 3834 
1769 1789 11125 0.388552466794278 3352 
1770 1789 10713 0.5520576923637789 3570 
1771 1790 10871 0.27128522242398323 3230 
1772 1790 11612 0.27695171210079833 3756 
1773 1790 10202 0.13501142838370817 3712 
1774 1793 10763 0.4449737376997313 3137 
1775 1794 10685 0.4779891928814289 3463 
1776 1794 10519 0.03805718805928823 3515 
1777 1796 10622 0.5943022205653218 3384 
1778 1798 11226 0.27704131971019536 3885 
1779 1802 10968 0.13340758291606084 3424 
1780 1802 11333 0.5172211708578616 3208 
1781 1805 11835 0.45255192659490867 3445 
1782 1806 10168 0.7914149563639234 3696 
1783 1807 10286 0.8697241757737135 3261 
1784 1808 11232 0.570328842886759 3096 
1785 1809 11836 0.5960594589778087 3815 
1786 1809 11897 0.4706212406909381 3188 
1787 1811 10430 0.6004403946654057 3309 
1788 1812 10915 0.7191553152981633 3060 
1789 1812 10599 0.7868955231632293 3906 
1790 1813 11503 0.12214707976064382 3210 
1791 1814 11779 0.41853225431397817 3708 
1792 1815 10946 0.8575754197392413 3419 
1793 1816 11881 0.2926089223583748 3416 
1794 1817 11696 0.6702378539341067 3761 
1795 1818 10757 0.8523018014336535 3549 
1796 1819 10536 0.40792266193469334 3398 
1797 1819 10702 0.8299600929372093 3513 
1798 1820 11259 0.7033829407760213 3261 
1799 1820 11686 0.06860661544071303 3555 
1800 1820 11182 0.3394296935625563 3003 
1801 1824 10058 0.10494109211613468 3082 
1802 1829 10254 0.19012191520716978 3545 
1803 1830 11503 0.7961392363157527 3736 
1804 1831 11914 0.21913763240039047 3906 
1805 1832 11374 0.33604014887001493 3687 
1806 1838 11542 0.6373061340383924 3797 
1807 1839 11591 0.5717139319253441 3711 
1808 1839 11436 0.536181819231106 3429 
1809 1839 11153 0.027265464087318343 3296 
1810 1839 10249 0.5966744144819986 3537 
1811 1840 11647 0.45663672356032214 3046 
1812 1841 11025 0.28549059660008247 3853 
1813 1842 11500 0.84346450853861 3308 
1814 1842 10968 0.06368092615390553 3008 
1815 1842 10323 0.6721830923971522 3704 
1816 1843 10480 0.8780865301926977 3137 
1817 1843 10120 0.48622238743358354 3730 
1818 1845 10711 0.7707544873358402 3533 
1819 1846 11349 0.8418954765947515 3641 
1820 1846 10569 0.7513688165596036 3097 
1821 1846 10653 0.8736440634665977 3227 
1822 1847 10798 0.11940610602946633 3423 
1823 1847 10425 0.49568159977586573 3085 
1824 1847 10145 0.8639446839105404 3198 
1825 1849 11761 0.018029137066406933 3129 
1826 1849 11308 0.10922679349134713 3062 
1827 1850 11176 0.7387264871778213 3216 
1828 1850 11227 0.593371787208941 3722 
1829 1851 10200 0.6778744903622214 3405 
1830 1853 11269 0.3181693054669029 3106 
1831 1853 10439 0.6631872642304725 3492 
1832 1854 10484 0.43275928814592024 3897 
1833 1854 11289 0.7986888301266485 3592 
1834 1854 11242 0.3145503069955099 2988 
1835 1855 11682 0.5154473464847582 3166 
1836 1855 11449 0.7395969259841781 3480 
1837 1858 11562 0.5333483500162015 3420 
1838 1859 10037 0.14976101868850888 3131 
1839 1860 10428 0.07651450253621332 2942 
1840 1860 10576 0.17197718429685785 3086 
1841 1861 10757 0.45501409876865906 3034 
1842 1861 10400 0.8301403937317366 2919 
1843 1862 10918 0.1554607608267111 3401 
1844 1862 10318 0.023627638142617507 3498 
1845 1863 10966 0.6055067499871354 3354 
1846 1866 10700 0.7033772100801341 3361 
1847 1866 11275 0.41557169401312044 3855 
1848 1866 10229 0.07469025738078404 3552 
1849 1867 10662 0.5324304682887964 3512 
1850 1867 10158 0.260899575550857 3486 
1851 1868 11415 0.3651184090208691 3843 
1852 1870 11011 0.08988236401992644 2970 
1853 1870 11639 0.5289145858278206 3622 
1854 1871 10392 0.344029907905208 3032 
1855 1872 10868 0.2571036139332335 3840 
1856 1872 10130 0.09233409934180978 3877 
1857 1874 10233 0.7085183929170347 3203 
1858 1879 10930 0.7702050309038474 3736 
1859 1879 10033 0.2833840484999067 3293 
1860 1880 11316 0.712706785842417 3438 
1861 1880 10916 0.8716321637372483 2942 
1862 1880 11062 0.050242311796227714 3006 
1863 1880 10785 0.5240783402903929 3822 
1864 1882 10407 0.4584533237411256 3333 
1865 1883 11457 0.7524557217710303 3481 
1866 1884 11156 0.0793041541741133 3258 
1867 1884 10055 0.8818535789134602 2914 
1868 1885 10326 0.1107227030718562 3402 
1869 1885 11753 0.5117700315829257 3182 
1870 1885 10524 0.5999199733399446 3448 
1871 1888 11781 0.02574576946151364 3484 
1872 1889 11004 0.5494872628372185 3845 
1873 1891 10332 0.10336037581803562 3031 
1874 1892 11324 0.693392409488891 3189 
1875 1892 10487 0.339228000261655 3567 
1876 1893 10488 0.7944602247492738 3056 
1877 1894 10978 0.8453197556173271 3724 
1878 1894 10752 0.756706242728399 3450 
1879 1896 10498 0.8253310657747032 3837 
1880 1899 10671 0.8910723425864486 3233 
1881 1900 11578 0.1576553099796104 3383 
1882 1901 10727 0.3848941560285669 3771 
1883 1901 11080 0.6278135584818262 3792 
1884 1902 10399 0.3552806608501134 3692 
1885 1902 11278 0.5166763076278887 3126 
1886 1902 11701 0.15158967579628554 3862 
1887 1902 10814 0.10481657564562642 3754 
1888 1904 11494 0.7304550862562164 3492 
1889 1904 11061 0.12861708671200103 3463 
1890 1904 10084 0.8564656378017744 3382 
1891 1905 10711 0.12924775726878385 3217 
1892 1905 11612 0.8011907648643144 3248 
1893 1905 10286 0.5708659455755167 3865 
1894 1906 11913 0.13377092342233934 3342 
1895 1907 11721 0.3599840689305741 3521 
1896 1909 11285 0.2629672334461131 3887 
1897 1909 10235 0.18533458271737835 3125 
1898 1910 11560 0.3639398082522316 3668 
1899 1912 10951 0.012245349862975895 3687 
1900 1912 11625 0.6969594349511135 3711 
1901 1912 11028 0.29982157773851054 3745 
1902 1914 10707 0.09315781094758732 3384 
1903 1914 11593 0.6298753058237413 2986 
1904 1915 10462 0.2643482115159506 3373 
1905 1915 10982 0.02148776513858502 3500 
1906 1915 10362 0.5019950216770458 3184 
1907 1918 11659 0.5133430292039353 3640 
1908 1919 10485 0.4338567302228217 3727 
1909 1920 11582 0.10571540346331394 3101 
1910 1920 10524 0.17573409278940985 3706 
1911 1920 10352 0.015894791164594933 3530 
1912 1921 10846 0.841956160217572 3813 
1913 1922 10264 0.6122393505981379 3877 
1914 1923 11515 0.8046602146105621 3003 
1915 1925 10719 0.6732881147204967 3830 
1916 1926 11611 0.7726861252184082 3154 
1917 1927 11470 0.48868050527095724 3513 
1918 1927 11712 0.6119866640126923 3376 
1919 1928 11821 0.46384264668107666 2936 
1920 1929 11586 0.1371272971217947 3433 
1921 1930 10337 0.2736619155746266 3276 
1922 1930 12022 0.532631270148536 3824 
1923 1931 10039 0.23080949551008537 3198 
1924 1932 10757 0.8673053428184267 3782 
1925 1933 10905 0.15805667773142623 2954 
1926 1934 10434 0.31109591042157975 3877 
1927 1936 10638 0.6168903160028825 3020 
1928 1937 11154 0.3013985885349112 3603 
1929 1938 11136 0.15352575316254213 3273 
1930 1939 10028 0.11263000805621934 3249 
1931 1940 11123 0.3135559616864209 3080 
1932 1940 10639 0.8241780814446658 3486 
1933 1941 10735 0.5534930173756952 3605 
1934 1941 11057 0.33375585515117523 3904 
1935 1942 10134 0.7077986696423678 3721 
1936 1943 11476 0.039495304386135306 3511 
1937 1943 11038 0.49472017144404073 2933 
1938 1944 11625 0.17031709232576064 2968 
1939 1946 10847 0.6668378976316282 3104 
1940 1947 10694 0.421956071932083 3670 
1941 1948 10098 0.2574652254556821 3500 
1942 1948 10401 0.06119157986518623 3230 
1943 1949 10300 0.20692336316742102 3468 
1944 1949 11961 0.31585069892441076 3707 
1945 1957 11059 0.4483307076174163 3319 
1946 1960 10181 0.5751013211487472 3597 
1947 1961 11171 0.24008219590209365 3259 
1948 1964 11404 0.6304903986507385 3021 
1949 1964 11161 0.3200463442025807 3042 
1950 1964 11572 0.398746084008396 3187 
1951 1964 11351 0.5035523990750077 3406 
1952 1965 10258 0.02073317894741522 3347 
1953 1965 11562 0.2903675701875247 3202 
1954 1967 11646 0.11174596052162676 3726 
1955 1968 11373 0.6981021378038378 3298 
1956 1969 11121 0.17719955904295132 3207 
1957 1970 10025 0.01109236412971689 3113 
1958 1970 11352 0.5447452224160532 3742 
1959 1971 11917 0.1177014725457695 3796 
1960 1972 10098 0.41108429436393257 3070 
1961 1974 10665 0.03635474356415917 3145 
1962 1974 10489 0.8805423010336082 3496 
1963 1974 11844 0.7979630215142477 3499 
1964 1975 11597 0.2677059395785926 3201 
1965 1977 11398 0.1459025323857087 3338 
1966 1978 11356 0.45466790930416007 2985 
1967 1978 10805 0.5642829744587738 3610 
1968 1979 12002 0.05003536532790706 3633 
1969 1980 10450 0.2976756510791525 3821 
1970 1981 10647 0.5345231952938996 3603 
1971 1981 11173 0.5924367982754665 3901 
1972 1982 11819 0.34542123489861515 3518 
1973 1982 10578 0.3842130975103763 3796 
1974 1983 11098 0.7315002147093522 3255 
1975 1983 10090 0.46729740744802484 3059 
1976 1983 11407 0.3285490136670927 2991 
1977 1983 10452 0.7474391127484221 3064 
1978 1984 10879 0.0737589541369839 3077 
1979 1984 10997 0.6555978725698269 3553 
1980 1985 10927 0.6576338942915768 3070 
1981 1985 11758 0.4807615763109541 3193 
1982 1986 10331 0.15328542947330312 3098 
1983 1986 10081 0.14490202332128677 2928 
1984 1987 11648 0.3247254960708182 3907 
1985 1987 10335 0.3592384665525682 3377 
1986 1989 11164 0.7918486504785825 3191 
1987 1989 10596 0.47312297542479476 3764 
1988 1989 11970 0.014604720512250636 3714 
1989 1990 10353 0.011969340596711531 3209 
1990 1992 10265 0.18113108462168698 3886 
1991 1993 10543 0.14436759586922965 3586 
1992 1995 10547 0.24396291500063075 3657 
1993 1995 11554 0.5415047079012538 3515 
1994 1997 11594 0.6806523086469172 3366 
1995 1998 11088 0.5785255957823693 3150 
1996 1998 10964 0.3026942099351752 3000 
1997 1998 10154 0.7439714836489582 3811 
1998 2000 11574 0.6414362457244797 3695 
1999 2000 11588 0.31897215389348993 3485 
2000 0 10717 0.7645082162563183 2928 
