1 7 14 0.08858543271093168 203 
2 7 15 0.08471232534493424 192 
3 7 13 0.08852927083320845 190 
4 7 13 0.021454931752823717 191 
5 7 15 0.0738594229461588 192 
6 7 13 0.05904705672104362 206 
7 8 13 0.0778374021909416 204 
8 12 14 0.02213573041502938 196 
9 12 15 0.028149830969999356 197 
10 15 14 0.0748257563938171 195 
11 16 15 0.0039466295647481095 192 
12 17 14 0.0792247531332318 209 
13 18 15 0.025262141508195717 191 
14 20 13 0.029932076704324278 200 
15 24 14 0.046140542822494274 199 
16 26 15 0.06849206626489969 210 
17 27 13 0.04155057549534126 190 
18 28 15 0.07984357680372611 209 
19 28 15 0.06097785804862909 200 
20 29 13 0.03654043767807992 199 
21 30 15 0.060666065003183514 200 
22 31 15 0.049220787338647105 205 
23 32 14 0.06879088349166008 200 
24 35 14 0.05957083342894688 208 
25 36 14 0.053533585491302244 198 
26 37 14 0.08526325645276911 206 
27 37 15 0.04804347982227803 204 
28 37 14 0.008424309582849954 202 
29 38 13 0.07694984779616369 193 
30 39 14 0.03769291069010649 192 
31 39 14 0.05256606226380654 192 
32 42 13 0.05021929120915872 191 
33 44 15 0.06396244151983908 209 
34 44 13 0.04891062391103571 191 
35 45 15 0.0555460615360141 194 
36 46 13 0.058740731949322035 200 
37 49 15 0.05430499058336994 196 
38 50 14 0.06606738487096589 193 
39 50 14 0.05016693822554281 199 
40 52 15 0.06167548591562873 190 
41 54 15 0.03876561564762174 191 
42 55 15 0.027697031605129433 205 
43 55 13 0.06224523920838615 207 
44 57 13 0.061668026559011116 206 
45 59 13 0.06014524628975599 194 
46 59 15 0.014175416828594838 197 
47 60 13 0.0350001029824472 200 
48 60 15 0.035340716293895666 198 
49 61 14 0.08951994959721432 192 
50 62 14 0.024334732393559776 206 
51 62 14 0.011899641973171261 200 
52 62 15 0.08166514609638155 194 
53 62 13 0.08409421352785035 206 
54 63 14 0.03717731074227564 210 
55 64 13 0.08195222545476821 191 
56 66 13 0.01796493799389302 197 
57 66 14 0.04416763381606373 190 
58 66 14 0.05436734717403237 203 
59 67 15 0.0463613323476377 200 
60 67 14 0.05134783745502073 193 
61 69 14 0.030681984321460305 196 
62 70 14 0.07248333755764566 193 
63 71 15 0.029104301892080492 199 
64 73 14 0.009734770720844551 203 
65 73 14 0.05773899025725292 194 
66 73 14 0.08260633555119196 207 
67 74 14 0.050278051830584716 195 
68 75 15 0.02514237836231994 191 
69 80 13 0.07098128604164475 190 
70 81 13 0.08364036372938989 195 
71 84 15 0.05612827241796167 210 
72 85 14 0.08536060159366117 193 
73 87 13 0.06891572894215049 205 
74 88 15 0.07327765264837162 198 
75 88 14 0.06817725084859307 197 
76 89 14 0.05328824531413902 198 
77 92 13 0.07132472331150247 193 
78 95 15 0.05356435733068467 191 
79 95 15 0.02303405110194711 195 
80 96 13 0.008907019463247085 205 
81 99 14 0.06396797120458643 209 
82 101 13 0.014456839580428982 203 
83 101 15 0.07993566802249082 205 
84 103 14 0.009113829389253716 198 
85 104 14 0.048090561480394756 192 
86 105 13 0.0038171703170498976 205 
87 106 13 0.08576436821220829 194 
88 107 13 0.06320446848859473 192 
89 107 14 0.024928709724807024 208 
90 108 13 0.08842300858158984 204 
91 109 14 0.07344600571976048 193 
92 109 13 0.014538634967473235 207 
93 110 15 0.004379016294552399 193 
94 111 13 0.02013316116157104 207 
95 112 13 0.06459215165903791 193 
96 113 15 0.07531992052395396 202 
97 113 14 0.03237854549737758 192 
98 114 13 0.07794296377393589 197 
99 115 15 0.08975942688515486 198 
100 115 13 0.053478774789943666 201 
101 115 13 0.005629279310428302 205 
102 115 15 0.022454686030217334 210 
103 120 13 0.01661073914769936 190 
104 122 13 0.08478486124575994 207 
105 122 15 0.07739237119013102 199 
106 123 15 0.08973162923415093 205 
107 124 15 0.028899516178016667 200 
108 124 15 0.051701672883797734 209 
109 124 13 0.038121903743991874 205 
110 124 15 0.08211742357999069 190 
111 124 15 0.015425370515386314 197 
112 126 15 0.061901847924693824 190 
113 128 14 0.03422101990166583 193 
114 128 13 0.023534553008705068 204 
115 130 13 0.0075234510614927514 191 
116 130 15 0.05546974895854597 197 
117 130 15 0.00866294124364177 197 
118 132 15 0.04180438416939083 210 
119 132 14 0.06736974767873559 192 
120 133 14 0.016986873556330353 208 
121 133 14 0.024179192066898 208 
122 134 13 0.07324083047957582 204 
123 134 13 0.04245557461735046 206 
124 136 14 0.05976303117417508 200 
125 136 13 0.024174793679839858 203 
126 137 15 0.03557637406549646 207 
127 138 15 0.055878383445207534 198 
128 138 14 0.008690401031910707 195 
129 138 13 0.08975808531363072 209 
130 143 14 0.046048088278310556 206 
131 143 14 0.01731357940654546 204 
132 144 14 0.05059107762735159 203 
133 144 15 0.05226868368842026 200 
134 147 15 0.027503697103935767 204 
135 147 15 0.01970295062874707 210 
136 148 14 0.005730730061814533 192 
137 150 14 0.008459194342792518 198 
138 152 13 0.08020527633783504 207 
139 156 14 0.0507654478978245 191 
140 156 14 0.04704999388746767 200 
141 157 13 0.0694903451459937 200 
142 157 14 0.015376575807142304 206 
143 158 15 0.03537148231063749 203 
144 158 15 0.017101742106367328 210 
145 159 13 0.07674315834919701 199 
146 160 14 0.062267253245535586 190 
147 161 13 0.06681731267002977 194 
148 162 13 0.006206460466779667 196 
149 162 14 0.014486436420967627 191 
150 162 14 0.037670187472743914 196 
151 162 13 0.06633171629140633 193 
152 163 13 0.005296828378283119 191 
153 163 13 0.02377748263573884 192 
154 164 15 0.03465940212415912 190 
155 165 13 0.042527499506175605 196 
156 165 13 0.013701434246292974 205 
157 165 13 0.03545133347208211 210 
158 169 13 0.01783207556891261 191 
159 169 14 0.08372289890428147 201 
160 169 15 0.07279611766258035 202 
161 171 13 0.0573797287322975 207 
162 173 14 0.06050055892397678 209 
163 175 14 0.028696407976348662 190 
164 176 13 0.07838902915171803 200 
165 178 13 0.010551380275653142 192 
166 178 13 0.05663326786849666 206 
167 178 13 0.027305067979998373 199 
168 179 15 0.04111285437873637 199 
169 180 15 0.026371759272777264 202 
170 180 13 0.0024849201503034254 199 
171 185 15 0.08587246869283027 195 
172 185 15 0.046740491140627276 209 
173 186 14 0.07444955835142596 198 
174 188 14 0.08344460141009093 195 
175 189 14 0.07797061997864098 195 
176 189 15 0.007963141842285831 202 
177 190 14 0.0016209164085801732 205 
178 192 15 0.02053079493471585 203 
179 193 14 0.024394116191291088 192 
180 197 15 0.03463612940681724 195 
181 198 13 0.03465504322947339 196 
182 201 15 0.024779809956768716 199 
183 201 14 0.004689147215625937 195 
184 201 15 0.026908338230492178 190 
185 202 15 0.07938575806926053 195 
186 204 13 0.08268003136170708 199 
187 205 14 0.035337052736785425 208 
188 208 14 0.0648638893382984 204 
189 209 13 0.04834407053377502 202 
190 211 13 0.058729025629445694 200 
191 211 15 0.004497434902938642 207 
192 212 14 0.0738837633841545 202 
193 213 14 0.02740546821787614 201 
194 213 14 0.06717739001251999 205 
195 216 13 0.08589583870220788 207 
196 216 13 0.03631784480351347 197 
197 218 14 0.022702152261982213 195 
198 218 13 0.04791148583278974 206 
199 219 14 0.0063327663033171545 195 
200 220 13 0.022495129536431586 210 
201 221 15 0.01757324653874208 207 
202 222 14 0.011468064601392654 195 
203 223 13 0.010989206358177968 196 
204 228 15 0.08941964781944713 210 
205 231 15 0.07199929920331179 208 
206 232 15 0.0336119852867943 196 
207 232 14 0.03786932720939897 207 
208 233 15 0.017131024741656908 197 
209 235 13 0.07830997008054945 208 
210 235 13 0.04981450664395068 200 
211 236 13 0.012576883982976333 198 
212 237 15 0.00416761327406393 193 
213 237 14 0.023380897403223994 198 
214 238 15 0.06990490046992272 193 
215 245 13 0.08058165459660611 191 
216 245 14 0.03766709904882268 190 
217 245 14 0.04119129165659925 206 
218 248 13 0.024843627505503785 190 
219 248 15 0.0365513147988032 200 
220 248 15 0.0396303544592246 196 
221 248 13 0.08819471327405885 206 
222 249 13 0.07567733003000128 203 
223 249 13 0.04289754857531203 198 
224 249 14 0.08829375901581965 191 
225 249 14 0.05245518219135985 193 
226 251 15 0.006297704433693646 202 
227 252 14 0.05125059975236288 201 
228 253 13 0.07981382790251687 195 
229 256 13 0.06637526213096887 199 
230 257 15 0.08322776881677642 202 
231 257 14 0.06871002620414804 194 
232 258 14 0.08854090837871363 207 
233 259 14 0.0742217218053719 195 
234 259 13 0.052615851507933825 206 
235 265 15 0.079429251426932 208 
236 265 15 0.07209598885966961 202 
237 266 13 0.041479886798858986 205 
238 268 13 0.0579486196579892 195 
239 269 15 0.00548903379550232 194 
240 270 15 0.050129224612049925 192 
241 272 14 0.048561348518423794 191 
242 272 13 0.07769752870536882 201 
243 272 13 0.06705236553739748 204 
244 272 15 0.08068580805999978 200 
245 273 14 0.0074093956060122075 207 
246 274 15 0.052701166118805896 198 
247 278 15 0.01982490887376473 192 
248 280 13 0.02332423703247686 194 
249 281 13 0.04766487627586232 190 
250 282 14 0.04976881886395616 208 
251 283 15 0.07733932714671907 192 
252 284 13 0.008066890758482156 191 
253 285 14 0.056091124596870844 191 
254 285 15 0.07499662539730731 196 
255 288 14 0.03943971361476073 209 
256 289 14 0.03271560721077102 203 
257 290 15 0.03998057242863383 199 
258 292 15 0.014239538336592243 202 
259 294 15 0.0056169691059683585 205 
260 294 13 0.05663993649406921 192 
261 294 13 0.07795443346207272 200 
262 295 14 0.07954463155311084 199 
263 299 13 0.050608837190944174 195 
264 301 14 0.017981522554154854 197 
265 302 13 0.023652976499502907 200 
266 302 15 0.07569421185512651 207 
267 302 13 0.07691645294707408 191 
268 304 14 0.006484665740333516 202 
269 307 13 0.05611030902914477 203 
270 307 15 0.05436453705352629 208 
271 308 15 0.08713666739411 201 
272 310 13 0.05063101827256707 210 
273 312 13 0.05386360383946813 194 
274 312 13 0.026631578483732765 200 
275 315 14 0.06613708319341201 210 
276 315 13 0.004018532898797781 202 
277 315 14 0.030501928133731454 190 
278 315 15 0.07365158100872413 194 
279 316 14 0.06415725285640277 202 
280 317 14 0.04508992491535147 203 
281 317 14 0.03212762576096686 200 
282 317 14 0.04834038180662592 210 
283 317 14 0.013954791449366469 191 
284 317 15 0.06892152842730045 196 
285 321 13 0.02141729104267594 198 
286 321 14 0.058108209916796334 192 
287 323 15 0.016448865537563438 209 
288 324 14 0.0742994059396981 197 
289 324 13 0.06797356820764669 204 
290 324 15 0.020624583945970554 204 
291 325 13 0.062495940598345054 209 
292 326 14 0.006631758747047125 208 
293 326 14 0.07614966117246545 208 
294 327 14 0.014121061274032953 207 
295 329 14 0.006401552876521679 190 
296 331 15 0.02974732217664959 201 
297 332 13 0.004483681332108467 197 
298 333 15 0.06218519289112797 209 
299 334 15 0.05095704831836062 192 
300 336 15 0.02418030360122536 206 
301 337 13 0.0850408924239403 209 
302 339 14 0.0035543334510142093 205 
303 339 13 0.08832907800780779 190 
304 339 13 0.014060653906615483 196 
305 339 13 0.06078998988805408 200 
306 339 15 0.005496436783555501 195 
307 340 15 0.013026559340387201 206 
308 340 13 0.013233739167163725 193 
309 341 14 0.07298688472721164 191 
310 342 15 0.08881146399560821 209 
311 344 14 0.03356563146137358 198 
312 345 14 0.06419312805646003 202 
313 345 13 0.08052745990775526 192 
314 345 15 0.05799471958404004 202 
315 348 14 0.025811683853378318 194 
316 349 14 0.07696863109941526 208 
317 350 13 0.02756419755994005 194 
318 352 13 0.07099500823437889 206 
319 353 13 0.016779196331212633 192 
320 353 13 0.046105762680986366 197 
321 355 14 0.07252374778213717 206 
322 356 13 0.004192393585640284 207 
323 357 15 0.0669754391203973 199 
324 358 15 0.0323298072508107 204 
325 358 13 0.06555610682683498 202 
326 359 14 0.04943721443234686 206 
327 361 13 0.03289025042736221 200 
328 361 13 0.08909302949056389 191 
329 362 15 0.07902512276372833 204 
330 362 15 0.001840541376380172 203 
331 362 15 0.015424088857506273 206 
332 363 13 0.018711027114091755 190 
333 364 14 0.030190276568933683 208 
334 367 14 0.06915675177114709 204 
335 369 13 0.03843718312399641 203 
336 370 14 0.030100524321238428 210 
337 370 14 0.04824234534407207 201 
338 372 15 0.07836111720255536 193 
339 373 15 0.05696023549418152 207 
340 373 15 0.010785354355588698 193 
341 373 14 0.07904056481090613 190 
342 374 14 0.007864696336853876 201 
343 375 13 0.05643335363469671 191 
344 380 15 0.04735462867600812 190 
345 380 13 0.08114659454700823 198 
346 383 15 0.04673782764142136 207 
347 386 14 0.01588692802734775 194 
348 387 13 0.08533402674269135 208 
349 387 15 0.02974811703992181 204 
350 389 15 0.0306075284891694 196 
351 389 15 0.01982498711499416 201 
352 389 13 0.0034018108733820072 192 
353 390 13 0.0034042415288029313 193 
354 390 14 0.007491789527652282 203 
355 393 13 0.07539292801678266 197 
356 393 13 0.03663978325086521 200 
357 394 15 0.03772761067484184 204 
358 396 15 0.038778364022740104 209 
359 396 14 0.07711156748196227 197 
360 396 13 0.01486896989769779 193 
361 397 15 0.07387669569240596 194 
362 397 14 0.06752375966905867 206 
363 399 14 0.050333525220606794 200 
364 401 14 0.07232577077062487 201 
365 402 13 0.04173399080651684 204 
366 404 15 0.023799026293896842 209 
367 407 14 0.0319731474686169 202 
368 407 14 0.07552244813485952 207 
369 407 15 0.00634103004681736 201 
370 409 15 0.04595325925244877 204 
371 410 15 0.050409071450378755 210 
372 410 15 0.056599833272687194 207 
373 411 15 0.022823585310035203 193 
374 412 14 0.035527830087851806 202 
375 413 13 0.029520863358968093 207 
376 414 14 0.0652507029315977 191 
377 415 15 0.01767785045405534 205 
378 416 14 0.08814429920361945 203 
379 417 15 0.006256957905676847 209 
380 419 13 0.03532038092991953 207 
381 419 14 0.015147851070386777 210 
382 420 14 0.004739963462424205 197 
383 420 15 0.04808763451212314 191 
384 420 14 0.06983068253948058 205 
385 423 14 0.011578018624461173 205 
386 424 13 0.07036342266363242 204 
387 424 13 0.041539773946728656 198 
388 424 13 0.051745032073501014 199 
389 428 14 0.07970353807042156 200 
390 428 15 0.04374400156019334 201 
391 430 13 0.05273524821208617 190 
392 431 13 0.06233859720867651 198 
393 432 15 0.02288039949683957 196 
394 433 15 0.07596263649079552 201 
395 434 14 0.05480603326047426 190 
396 435 13 0.02859974833284026 206 
397 435 14 0.05107761207078202 196 
398 435 15 0.030281223011245407 197 
399 437 15 0.07706561673150582 198 
400 439 14 0.08435633683332106 209 
401 441 14 0.07433659622792065 206 
402 443 13 0.05320497208802506 201 
403 444 14 0.08505903332321202 205 
404 444 15 0.05246826423542774 192 
405 445 14 0.010687369597918984 196 
406 446 15 0.0438192576592047 207 
407 447 14 0.027737653194773955 210 
408 448 13 0.02977133295339588 202 
409 450 15 0.04510120890129809 194 
410 450 13 0.013341107567350918 202 
411 451 15 0.08761207955350003 202 
412 451 15 0.02181928743689579 207 
413 451 14 0.050987657081810245 195 
414 451 14 0.03668205915289354 209 
415 452 13 0.08251875778884145 202 
416 452 13 0.057545482622787344 210 
417 452 13 0.053431769793320455 198 
418 452 13 0.07432335904528886 198 
419 453 13 0.08049872113520354 191 
420 455 14 0.06576055018645255 208 
421 455 14 0.007893151388979006 196 
422 455 15 0.06297415030734937 197 
423 457 13 0.018247614738812385 203 
424 458 14 0.08919769481571724 209 
425 459 13 0.07600906808213372 197 
426 459 14 0.03724471405872883 208 
427 460 15 0.059383393789126125 205 
428 461 14 0.07929678618633346 206 
429 462 14 0.0677782223539557 191 
430 462 13 0.06697767851090217 204 
431 463 13 0.05448389673461812 194 
432 464 13 0.08085079506597101 192 
433 464 14 0.017033996628400147 198 
434 464 14 0.015384845894323363 204 
435 467 14 0.08602741251568326 194 
436 467 15 0.06558587093285335 200 
437 469 13 0.04358284060364725 193 
438 469 15 0.041485773908644955 196 
439 470 15 0.08625424983385446 192 
440 472 14 0.01925047191153805 208 
441 473 14 0.030084693335620014 204 
442 473 15 0.031239451283814442 195 
443 474 13 0.06091587366708266 197 
444 477 13 0.005029081484420778 202 
445 477 13 0.04066552096181638 190 
446 483 13 0.06730777661862014 191 
447 484 13 0.06281182506004053 201 
448 484 15 0.024784324814057665 202 
449 485 15 0.047531304191130865 192 
450 486 13 0.06699181336957952 196 
451 487 15 0.08030976630648912 193 
452 489 15 0.07465243883397536 191 
453 491 15 0.01315957869598508 200 
454 492 15 0.06347551816983363 201 
455 494 14 0.010384768460765373 197 
456 494 15 0.015308484360663559 208 
457 494 13 0.053165849915766915 207 
458 495 15 0.04340294961937884 202 
459 496 13 0.040432297186916065 194 
460 496 14 0.057379141330449926 197 
461 497 13 0.020399350293682107 199 
462 498 15 0.08511666036833596 206 
463 498 14 0.05508429675460968 204 
464 499 13 0.0122200372564437 194 
465 499 15 0.0603700353325681 198 
466 499 13 0.008400039095507426 191 
467 503 13 0.02518047466571736 190 
468 503 15 0.024846985810252888 201 
469 505 15 0.015639689859330015 196 
470 505 15 0.04854386896217163 200 
471 505 15 0.017257680930211232 205 
472 506 14 0.05790551110161347 199 
473 509 14 0.07384899150567238 205 
474 509 14 0.029668698885974277 209 
475 509 15 0.038940995357991684 196 
476 511 15 0.04281193105298798 209 
477 512 14 0.06859943007650272 195 
478 513 14 0.026477613196447276 194 
479 513 15 0.036672372433898016 195 
480 513 15 0.0357300573813205 202 
481 514 15 0.03581878138491775 206 
482 514 15 0.08522824361253674 205 
483 515 15 0.013024953239309175 200 
484 515 14 0.07019410144095382 205 
485 517 14 0.06528941939625502 209 
486 517 13 0.07426428740784233 191 
487 520 15 0.0034054855912744176 192 
488 520 14 0.02336904993292641 208 
489 521 15 0.02522940235719047 198 
490 521 13 0.025153060992364928 194 
491 524 14 0.07404880299643674 210 
492 525 15 0.006612008679986703 199 
493 525 15 0.06584973088504302 210 
494 526 14 0.03277579540772199 208 
495 528 15 0.006461626563536964 210 
496 529 15 0.05276562777050295 205 
497 530 15 0.012874826193770155 196 
498 532 14 0.07543410686582862 190 
499 533 14 0.02249762149650231 193 
500 533 13 0.008460178683610936 196 
501 535 15 0.04550253829614697 196 
502 539 13 0.019382938137767945 192 
503 540 14 0.023982850297271027 194 
504 540 14 0.001133590907924336 209 
505 540 15 0.04299447368971898 204 
506 541 13 0.00285777011911275 206 
507 543 15 0.0625977845243262 208 
508 544 15 0.00669044539497989 192 
509 545 13 0.020913932193961923 192 
510 545 14 0.00416207455542727 204 
511 546 15 0.04084244026787654 194 
512 546 14 0.03124690482895586 194 
513 546 15 0.08511240383637689 193 
514 547 14 0.0014700738276832638 200 
515 548 13 0.0742524314851879 202 
516 548 15 0.007401917344077764 195 
517 551 15 0.026777364931883128 197 
518 551 15 0.00796596878452469 202 
519 554 14 0.0689706019455091 192 
520 555 13 0.05708437771002748 205 
521 555 14 0.02477535046316456 198 
522 555 14 0.08947375940789427 199 
523 556 13 0.07536839627391696 193 
524 557 15 0.004944163319589181 191 
525 558 15 0.05797421945597925 193 
526 559 14 0.0585386426940142 192 
527 559 15 0.039308346175920404 191 
528 560 13 0.07902206217260048 200 
529 560 15 0.003470047249112959 207 
530 564 14 0.06191546334163216 194 
531 564 14 0.04182785842012979 204 
532 566 14 0.029402209940441723 201 
533 568 13 0.014756492137126865 204 
534 570 13 0.054154590030891465 196 
535 571 14 0.01728520610048642 201 
536 572 14 0.07641259475372546 203 
537 572 15 0.06131689850064506 193 
538 572 13 0.003555854294334814 204 
539 573 13 0.05505403938790322 200 
540 574 13 0.013305332597992808 207 
541 574 14 0.08688237726879694 195 
542 575 14 0.011599361839425323 208 
543 576 13 0.04217355695624783 202 
544 577 15 0.08737224179162095 199 
545 577 14 0.02675499901569663 197 
546 577 14 0.06394601775683134 202 
547 578 14 0.08528343771599953 204 
548 578 15 0.009303005352219292 210 
549 578 14 0.04043454606065234 192 
550 579 14 0.03210139007643297 198 
551 580 13 0.05266866375829105 198 
552 580 13 0.04097694661983773 197 
553 580 13 0.04208043317815397 192 
554 582 14 0.010318872508338003 204 
555 583 14 0.028698516772538412 208 
556 583 13 0.08923290003113332 201 
557 584 14 0.06258699518289725 199 
558 585 13 0.03556162294724353 191 
559 586 14 0.0695029418567792 200 
560 586 14 0.059696027005340144 203 
561 586 13 0.023933183122440926 201 
562 588 14 0.07756652234124843 206 
563 589 14 0.07275242985099244 195 
564 590 13 0.08730607214504439 204 
565 591 15 0.04754768689567111 210 
566 591 13 0.08162159922790638 210 
567 591 14 0.07125619489782821 203 
568 592 15 0.024131431609669313 200 
569 595 14 0.027770537618941726 198 
570 596 14 0.07672260552998209 190 
571 596 13 0.018847660611850406 196 
572 597 15 0.06198785603332397 204 
573 597 14 0.052362725314355006 201 
574 598 15 0.06663816738123657 190 
575 598 15 0.021435180971296843 196 
576 598 13 0.08256837531400978 208 
577 599 13 0.06400136169261955 206 
578 599 14 0.029226872533283644 199 
579 599 15 0.08915463380294647 204 
580 600 13 0.05969179273730855 193 
581 600 13 0.02707157514738622 203 
582 600 14 0.015712667187161713 197 
583 601 13 0.007289509493671734 204 
584 602 13 0.04388778835284456 195 
585 604 14 0.01969430138086132 202 
586 604 15 0.049639108875711685 209 
587 605 14 0.05842098766203824 202 
588 605 14 0.06680513361473928 207 
589 606 13 0.05709487984811083 202 
590 607 14 0.06419187341398139 201 
591 608 15 0.028629689625025764 200 
592 612 13 0.08760560900016229 197 
593 613 14 0.0020325068530968734 198 
594 617 14 0.015222245735091813 194 
595 617 15 0.08740155518694105 209 
596 619 14 0.03044370163660845 210 
597 620 15 0.02437969279624794 191 
598 622 14 0.015222060474454912 192 
599 622 13 0.07665563987006391 203 
600 622 15 0.08295257304513359 196 
601 623 15 0.052842898659254976 210 
602 624 15 0.06809867595250245 200 
603 624 15 0.066086407146291 196 
604 626 13 0.01747621653674006 194 
605 627 14 0.06849223709190656 208 
606 627 15 0.0062666211677897396 202 
607 628 14 0.0644832208692323 202 
608 628 15 0.0777784848097544 203 
609 629 14 0.05169443773873988 206 
610 630 14 0.057144416205631675 193 
611 632 14 0.002485128565476902 200 
612 633 15 0.08457141839402248 204 
613 634 14 0.07186174055139949 204 
614 634 14 0.03133478364262928 193 
615 635 15 0.04445869293720929 195 
616 638 15 0.004675885917439988 190 
617 638 15 0.07124015291505927 204 
618 640 14 0.031608666317782724 200 
619 641 15 0.050473197510183365 196 
620 646 14 0.059771908534254965 198 
621 646 13 0.025097902229910696 193 
622 647 14 0.022106720054026398 195 
623 647 15 0.016917148119296302 200 
624 647 14 0.06696255066548001 208 
625 648 14 0.0734708991353288 199 
626 652 14 0.021505067121807456 197 
627 652 14 0.0774562414536637 210 
628 659 13 0.08825586303431265 205 
629 659 14 0.08939695605554791 202 
630 662 15 0.03762954964154801 207 
631 662 14 0.07857876993203328 202 
632 663 13 0.08773634517716514 194 
633 665 14 0.035127516554043274 191 
634 665 14 0.0586625693164956 195 
635 665 13 0.06375633839920485 196 
636 668 14 0.0406411585329044 199 
637 668 14 0.007177350077135305 198 
638 670 13 0.04359442011998648 194 
639 670 14 0.0472046244136958 194 
640 671 15 0.014991711991362483 197 
641 671 15 0.07240998627833398 202 
642 672 13 0.0756448560439522 200 
643 673 15 0.017609095282658586 191 
644 673 14 0.07413232564876353 203 
645 673 15 0.010386518798022739 210 
646 674 15 0.04452169581773943 207 
647 675 13 0.03538114652304723 205 
648 675 15 0.0805809716756887 195 
649 676 13 0.04425666089647296 195 
650 677 14 0.06817938036337699 208 
651 677 15 0.019691682228286222 206 
652 678 15 0.03891308139948485 197 
653 678 14 0.0876659526014756 191 
654 681 14 0.0813628185765471 198 
655 681 13 0.03382286165169722 194 
656 681 15 0.08651862279337649 205 
657 683 15 0.07189365001683115 193 
658 683 13 0.08435600833536855 191 
659 686 14 0.02208583231009193 198 
660 686 13 0.06283248543400898 204 
661 686 13 0.016792781039690348 202 
662 687 13 0.06189895407635843 210 
663 687 14 0.0673108752196413 193 
664 688 15 0.004018779149873914 191 
665 689 13 0.0737131662617821 206 
666 690 14 0.07498813654011424 203 
667 691 15 0.048498168427496456 198 
668 691 15 0.05786156020647745 193 
669 691 14 0.024605169737229347 203 
670 693 14 0.004350748438337304 207 
671 694 13 0.05096077265265284 208 
672 694 14 0.060459570729215255 210 
673 700 13 0.044375248065250665 197 
674 702 15 0.02160241959411535 192 
675 705 13 0.015698946227909138 201 
676 705 15 0.0333470651814654 209 
677 706 15 0.07434604473117842 200 
678 706 13 0.007387633436221732 200 
679 707 13 0.00964561529676963 205 
680 707 13 0.013486040362453107 208 
681 707 13 0.05514949804791455 207 
682 708 15 0.024807417231682182 199 
683 711 14 0.003184579698467 200 
684 712 14 0.06621924996542494 202 
685 713 15 0.06628800176116005 191 
686 714 14 0.06320513935986918 195 
687 714 13 0.06641776096013914 191 
688 715 13 0.021386573303315996 205 
689 716 13 0.0024736378374851176 210 
690 721 14 0.031920394942076026 202 
691 721 14 0.010755894118248777 199 
692 721 13 0.023542713137883482 209 
693 722 13 0.0644539947477925 210 
694 724 15 0.03170477083627948 210 
695 724 15 0.003956912687883939 195 
696 724 15 0.08273882471620685 190 
697 726 15 0.02989003747432553 192 
698 727 13 0.0517003860171692 199 
699 727 15 0.04648058364819149 205 
700 729 15 0.049139531370267005 209 
701 729 15 0.05732836893099838 192 
702 730 13 0.0834659872288281 190 
703 731 14 0.023376538799411792 201 
704 731 14 0.02398602912282257 205 
705 733 14 0.04307977228330738 207 
706 733 14 0.06527508491440509 191 
707 734 13 0.0014139929752692206 196 
708 736 13 0.02667037220564336 209 
709 739 14 0.05884925144776609 196 
710 739 13 0.05916029568584184 204 
711 741 14 0.04271340541833389 207 
712 741 15 0.019188753514674004 190 
713 742 15 0.06678265712933823 197 
714 745 14 0.03183056757530211 209 
715 745 14 0.07224574079634745 202 
716 746 15 0.0796755968156337 190 
717 747 13 0.08703239501386312 192 
718 747 14 0.023669159561741416 210 
719 750 13 0.026164198636418293 197 
720 750 15 0.02359028785337301 193 
721 753 15 0.02010281486543775 192 
722 755 13 0.06693117236216188 200 
723 755 14 0.055236716298855175 201 
724 756 15 0.08837555914497737 197 
725 757 13 0.07395996464525352 208 
726 757 15 0.04618328739458948 209 
727 758 13 0.08735370891856122 203 
728 759 13 0.02661693906492785 206 
729 761 15 0.054280264526892066 203 
730 762 15 0.08214462801102942 198 
731 762 14 0.07128947893126457 195 
732 763 13 0.023715665427445874 205 
733 765 15 0.06433540239906736 192 
734 765 13 0.05306895161563026 206 
735 765 15 0.05680195723281878 198 
736 766 13 0.01537121159020512 202 
737 766 15 0.033702062861992683 199 
738 767 13 0.008327009812131797 197 
739 769 14 0.03204132466395818 204 
740 771 14 0.05990443172117289 200 
741 772 15 0.008157902888619612 201 
742 773 15 0.0036774475660082424 202 
743 773 14 0.04124139369288734 205 
744 774 15 0.08203240579339115 200 
745 775 14 0.049739697980927575 191 
746 776 14 0.001452516198816389 203 
747 776 15 0.010090417744813084 201 
748 777 13 0.036853824723003456 209 
749 778 15 0.01146968628585721 197 
750 779 15 0.08387651036597053 191 
751 780 14 0.01103048446323546 202 
752 783 15 0.061603137240004845 209 
753 783 13 0.08472014329294128 196 
754 784 13 0.05324500773309771 210 
755 785 14 0.0021041641511320456 203 
756 785 14 0.0720536321841664 194 
757 785 15 0.035011876565368014 199 
758 786 14 0.06148410070484654 197 
759 787 13 0.08092462635219277 193 
760 788 14 0.06904222547363954 196 
761 789 15 0.0017513697682207713 198 
762 790 13 0.009348848468376792 199 
763 790 15 0.08050473994663754 201 
764 791 13 0.03205231097893985 192 
765 793 15 0.021692606787305578 210 
766 793 14 0.05168093009279441 192 
767 794 13 0.06842842400620379 204 
768 795 15 0.07508247815650106 199 
769 797 15 0.06342873238678093 204 
770 797 14 0.03479479123976182 196 
771 798 15 0.04363008504845745 204 
772 799 14 0.018561968888424485 190 
773 800 13 0.0042247466997720985 201 
774 802 15 0.07633765413901078 208 
775 803 13 0.057731366382479395 199 
776 805 13 0.024853138125866432 193 
777 805 13 0.04855825436126314 206 
778 806 14 0.002089605806250626 199 
779 806 15 0.03109477982320096 207 
780 809 14 0.00483535081457216 202 
781 810 14 0.08765635017133093 191 
782 811 15 0.04313329111885408 200 
783 812 15 0.04062043636246719 202 
784 812 13 0.033841809455074125 197 
785 813 15 0.031479315788731276 195 
786 814 15 0.030581807989385333 199 
787 816 13 0.04248694961589094 204 
788 817 13 0.021819398768790466 204 
789 818 13 0.027918238385102448 196 
790 818 13 0.043705214101349386 197 
791 818 15 0.010138132395781617 194 
792 823 15 0.06625877319358307 191 
793 824 14 0.06873542668515505 203 
794 825 13 0.019925367000796338 194 
795 827 15 0.0019049282764886902 191 
796 827 15 0.05674206014091972 200 
797 828 15 0.06097833985215473 201 
798 828 13 0.019848390735295776 196 
799 828 15 0.05015803205773375 198 
800 831 15 0.06586829955439512 200 
801 831 15 0.03072359558986128 207 
802 832 13 0.04881922277496614 194 
803 833 15 0.05116190842372834 206 
804 835 15 0.06909968289409904 193 
805 838 13 0.05540716630494469 198 
806 838 14 0.02881950523830045 210 
807 838 14 0.08936905517551756 197 
808 838 15 0.04465709009582702 193 
809 840 15 0.03232210842766036 193 
810 840 15 0.08693146316166284 204 
811 844 13 0.06203645416137579 200 
812 845 13 0.0036727587811755625 202 
813 846 14 0.07179477183836566 193 
814 846 13 0.03899376354470012 195 
815 847 14 0.04273198694688356 206 
816 848 14 0.0158919168896578 199 
817 848 14 0.02320246945493152 210 
818 850 15 0.020299282296145894 195 
819 850 13 0.0827613844364218 197 
820 851 14 0.03508576777449871 206 
821 853 14 0.0630502522250645 209 
822 855 13 0.05395551387800795 206 
823 855 14 0.06060044895622655 200 
824 857 14 0.019684835043160792 193 
825 858 14 0.00501791835189516 197 
826 861 14 0.04283956309168921 208 
827 862 13 0.028927269340269565 195 
828 863 13 0.023504608046331445 210 
829 863 15 0.08466565891734647 192 
830 864 13 0.025668526807473613 201 
831 865 13 0.05906032078050238 205 
832 866 14 0.07538867864216339 198 
833 867 13 0.060209572181853986 209 
834 869 13 0.008825718659270974 202 
835 869 15 0.06458598091115876 199 
836 870 14 0.01034403098405538 201 
837 871 13 0.01881537864860655 202 
838 873 14 0.08686560092166977 190 
839 874 15 0.08970961066159676 197 
840 874 15 0.0317087757969821 192 
841 874 13 0.04090200535495019 190 
842 876 15 0.08231474845940658 202 
843 877 14 0.027321422939435652 206 
844 878 13 0.03630219180391363 197 
845 880 14 0.05481848412584222 199 
846 880 13 0.04022626917505627 196 
847 880 13 0.024181386333539754 204 
848 881 13 0.043470860394886686 197 
849 883 13 0.05982679822589714 203 
850 884 15 0.060600275373782854 195 
851 885 15 0.04654340557214337 208 
852 886 15 0.018854989873067128 200 
853 888 15 0.03635625473663748 204 
854 889 15 0.020945301304102916 209 
855 889 13 0.06587400344417543 196 
856 889 13 0.07809299047838532 197 
857 892 15 0.04582141859001085 206 
858 892 13 0.08213152051939651 200 
859 893 13 0.04202622543808683 200 
860 893 15 0.08258453197110951 203 
861 894 14 0.055941902449230994 199 
862 895 14 0.08214123091944016 207 
863 896 15 0.05858038513115866 204 
864 899 14 0.001646861172207143 208 
865 900 14 0.07383631760302303 201 
866 900 13 0.07506903770895458 204 
867 904 14 0.03804980264685777 203 
868 905 15 0.028931020249849126 196 
869 907 15 0.06707423735006314 203 
870 909 15 0.03783431213395874 195 
871 910 13 0.010584531573403302 203 
872 910 15 0.004769054883000608 204 
873 911 14 0.027016521939812646 194 
874 913 15 0.005451090684695028 198 
875 913 13 0.033850399850362756 200 
876 914 15 0.03687802397401872 191 
877 914 15 0.08541682911328222 203 
878 915 14 0.05867056924064263 199 
879 919 13 0.03011233170833282 201 
880 922 13 0.012700642899468907 199 
881 923 14 0.07636768848105306 193 
882 924 15 0.039923794984025936 191 
883 924 14 0.06284342071373127 203 
884 930 13 0.04446621114935188 203 
885 931 15 0.08729311874296077 204 
886 934 13 0.06802458312003232 208 
887 934 15 0.01018569042542819 193 
888 935 15 0.048428761308767436 207 
889 935 13 0.03886092003819769 193 
890 936 14 0.0031160489031390594 210 
891 938 13 0.05978385143564213 193 
892 941 13 0.0691358715589124 209 
893 943 14 0.07354774413249364 204 
894 945 14 0.001360008310340983 195 
895 946 15 0.07843894225422456 198 
896 946 13 0.06565037842468736 205 
897 946 13 0.02943004530523928 200 
898 946 14 0.021539744224845222 201 
899 946 15 0.01648891640409912 196 
900 947 15 0.07543038312986018 203 
901 947 13 0.08621734587870805 194 
902 948 13 0.07965323281066848 199 
903 951 13 0.07215822336663447 195 
904 955 14 0.005937968739438168 205 
905 955 13 0.06651743938461455 206 
906 955 13 0.012644389140763795 205 
907 956 13 0.08803328869768942 190 
908 956 14 0.07190948533830617 203 
909 957 13 0.06331746789443737 206 
910 957 14 0.07558900188391354 207 
911 958 14 0.07056596766592982 197 
912 958 15 0.08961020248210962 202 
913 961 14 0.029532244997486124 201 
914 961 14 0.016352827450822782 209 
915 963 13 0.03750824634462105 207 
916 965 14 0.005994361853864059 205 
917 966 14 0.027549579725282974 204 
918 968 15 0.03576734466327063 191 
919 968 15 0.03067692961460172 194 
920 968 13 0.028441423587560452 200 
921 968 14 0.018686878205756666 195 
922 970 15 0.0782141017395617 203 
923 970 13 0.012477125108837559 209 
924 972 14 0.013885706618264035 207 
925 973 15 0.014067106199784608 197 
926 973 15 0.001727260099056785 204 
927 973 14 0.0064420975754084205 203 
928 977 14 0.08105514577776542 209 
929 977 13 0.08006235413044134 210 
930 978 15 0.01854543221943823 193 
931 979 14 0.008021643036705097 209 
932 979 14 0.005334466462800002 195 
933 979 14 0.04871789349105692 210 
934 979 15 0.03883833243335213 207 
935 980 14 0.08597812257107118 202 
936 992 14 0.052177377708768756 206 
937 994 13 0.055899351181468125 202 
938 994 15 0.027833724499092837 198 
939 994 13 0.08057779329794108 210 
940 995 13 0.010258516853644314 208 
941 999 14 0.05966663322143227 192 
942 999 14 0.05493976175516417 192 
943 1001 13 0.0826456245584872 204 
944 1001 15 0.015028674259461056 193 
945 1003 13 0.014640268505095026 192 
946 1004 14 0.021431240031429512 200 
947 1004 14 0.027279032151985648 204 
948 1006 15 0.0640823331715723 204 
949 1007 15 0.038003232752855255 197 
950 1007 14 0.056271411312933776 198 
951 1008 15 0.0879084535719366 196 
952 1008 15 0.031000883615008135 206 
953 1008 15 0.001841633063443648 194 
954 1009 14 0.005589300201625959 207 
955 1010 14 0.05779289807708368 198 
956 1010 14 0.06816606561362828 192 
957 1012 13 0.055251880243943556 208 
958 1015 14 0.04591527492106672 196 
959 1016 15 0.02165515458093276 201 
960 1016 14 0.08841501697822636 205 
961 1017 15 0.01117458359898224 196 
962 1018 14 0.01223578092394216 205 
963 1021 14 0.016287117864287735 192 
964 1021 15 0.03407527144132299 191 
965 1023 13 0.07722189524010035 199 
966 1023 14 0.08160720684746814 200 
967 1024 15 0.017114347802209596 200 
968 1024 13 0.044766402677010035 203 
969 1025 15 0.03299378099364966 199 
970 1028 14 0.02991661059633191 208 
971 1031 15 0.08279187643642062 200 
972 1033 15 0.08569904855684551 207 
973 1033 15 0.033005831875893205 192 
974 1033 14 0.08011236994189799 200 
975 1034 15 0.02512662585467195 194 
976 1034 14 0.02084614432596293 202 
977 1035 13 0.04367102052349204 207 
978 1038 15 0.07305202849277585 198 
979 1039 13 0.01025948497797968 198 
980 1040 14 0.03488056193086282 206 
981 1041 15 0.0586159093577416 203 
982 1043 14 0.052693579226887666 202 
983 1044 15 0.032735557185195385 209 
984 1045 15 0.060765641366303705 207 
985 1045 14 0.013699942912828195 192 
986 1046 15 0.03893346462357945 199 
987 1047 13 0.08737003033448604 197 
988 1049 15 0.017552709862480684 197 
989 1049 15 0.007003478896515492 203 
990 1049 14 0.023300175156367262 198 
991 1049 15 0.008933195056353125 194 
992 1050 15 0.019143717566720075 197 
993 1051 13 0.026007620586893054 200 
994 1051 14 0.0034286875578273114 190 
995 1051 13 0.05031724821691558 198 
996 1052 15 0.009384409190596198 193 
997 1053 13 0.0886546699039843 202 
998 1053 14 0.08900367054059646 194 
999 1055 14 0.024976486967750566 202 
1000 1055 14 0.030221231712228007 192 
1001 1056 13 0.02990224117406505 208 
1002 1059 13 0.02228974432331211 193 
1003 1062 15 0.043005231743862504 205 
1004 1063 13 0.033976113406951634 202 
1005 1063 14 0.02841908831957835 200 
1006 1063 14 0.014261347812905441 196 
1007 1064 14 0.007749985951749987 210 
1008 1064 13 0.0426176876353293 202 
1009 1064 15 0.019934597431901943 198 
1010 1066 15 0.08304491075907107 192 
1011 1067 13 0.05630633268988839 201 
1012 1068 15 0.05753417138316523 203 
1013 1069 15 0.02747247126530699 200 
1014 1070 15 0.0032130659556308854 202 
1015 1071 13 0.04718861409923672 196 
1016 1072 15 0.06742139888422033 201 
1017 1073 15 0.04194610202427583 210 
1018 1075 13 0.020246924306916384 209 
1019 1075 14 0.006773495510591223 195 
1020 1077 13 0.003961277349382844 195 
1021 1077 15 0.05760903313114746 206 
1022 1077 13 0.047803134316162406 193 
1023 1080 13 0.003390813874428478 200 
1024 1080 13 0.0792723316501622 192 
1025 1081 15 0.022977109346203468 205 
1026 1082 14 0.040737844163061775 209 
1027 1082 13 0.08557981856139316 206 
1028 1083 15 0.0494044658194527 204 
1029 1083 14 0.03801544405535307 198 
1030 1084 13 0.08244349025617861 204 
1031 1085 14 0.03749925217734292 201 
1032 1085 13 0.05910169750886739 197 
1033 1086 13 0.07542661627580034 206 
1034 1086 15 0.07870943247335506 206 
1035 1087 13 0.06597004585940808 196 
1036 1087 13 0.005511138478355419 199 
1037 1088 15 0.06554830067413561 207 
1038 1089 14 0.016358124569395907 201 
1039 1090 13 0.07517066543042562 208 
1040 1090 13 0.0046601353203489185 210 
1041 1092 14 0.06453625890678957 207 
1042 1092 13 0.009823487968199658 195 
1043 1093 14 0.003175552751142542 210 
1044 1095 14 0.055235571252489596 204 
1045 1096 13 0.0683178155262611 191 
1046 1097 14 0.05441838275485135 196 
1047 1097 13 0.015623280127220081 197 
1048 1097 13 0.08240744250530407 208 
1049 1099 13 0.027453452182925626 190 
1050 1099 13 0.025687296489855436 190 
1051 1100 15 0.02836270278985285 204 
1052 1101 15 0.07070228604411212 194 
1053 1102 13 0.04692427406858661 190 
1054 1103 15 0.03207913102483179 207 
1055 1104 13 0.07278042870560625 209 
1056 1104 14 0.030867108838157024 190 
1057 1105 14 0.06437680747313161 210 
1058 1105 13 0.03165900124228418 196 
1059 1105 13 0.0687263541949516 190 
1060 1105 14 0.0071533301917731185 210 
1061 1106 15 0.039646677241804054 195 
1062 1107 14 0.012740096558782867 190 
1063 1108 14 0.05094664144343188 199 
1064 1108 15 0.027596695857673527 201 
1065 1108 15 0.08167516977765443 207 
1066 1109 13 0.026137936557238714 192 
1067 1109 13 0.05736836603322544 198 
1068 1110 14 0.005731198736080772 207 
1069 1111 14 0.012303602073841846 203 
1070 1111 13 0.034534866345369564 191 
1071 1112 15 0.04849808701797544 210 
1072 1112 15 0.010849241445168495 206 
1073 1113 15 0.06615554618972225 206 
1074 1113 13 0.04207183303054219 197 
1075 1117 13 0.08498920407989526 210 
1076 1118 15 0.018403374168526224 204 
1077 1119 13 0.012767519919643713 202 
1078 1121 13 0.07145653804256422 208 
1079 1121 14 0.017504127447876498 199 
1080 1123 14 0.008272309964009624 190 
1081 1124 14 0.05186792313221503 204 
1082 1124 13 0.024809194068539556 200 
1083 1126 15 0.028140662157135937 204 
1084 1127 13 0.07861411285502548 203 
1085 1127 13 0.08265712550434874 206 
1086 1128 14 0.041336898823990054 196 
1087 1131 14 0.044994356206247484 201 
1088 1131 14 0.017318769836264045 191 
1089 1133 14 0.03385927827116094 203 
1090 1133 14 0.03869591476587948 210 
1091 1133 14 0.06654110406359556 202 
1092 1134 14 0.014274848989148048 194 
1093 1134 15 0.001559650108566151 197 
1094 1134 13 0.08502922242504685 199 
1095 1135 15 0.01618401484907061 193 
1096 1135 14 0.0018554297054084136 204 
1097 1135 15 0.009385725989042061 207 
1098 1136 15 0.024552327158788922 194 
1099 1138 15 0.039210053934428446 206 
1100 1138 15 0.004174979467106645 207 
1101 1138 13 0.027283195332539128 195 
1102 1139 13 0.055542788505627536 191 
1103 1139 13 0.033962050457024676 204 
1104 1141 15 0.08751563426321399 190 
1105 1141 15 0.04745416535240244 208 
1106 1141 15 0.08228124935799994 199 
1107 1142 15 0.05898059936171676 202 
1108 1142 15 0.025830196455656054 210 
1109 1143 13 0.015522446006822125 202 
1110 1143 15 0.04150575197824056 198 
1111 1144 13 0.06238144556490604 197 
1112 1148 15 0.012643874772566604 201 
1113 1148 15 0.01901704531123446 198 
1114 1149 13 0.07541126620147348 203 
1115 1149 13 0.014190262184454402 193 
1116 1149 15 0.06480266128498734 190 
1117 1150 14 0.08159156715899332 202 
1118 1150 13 0.0743027436991473 206 
1119 1151 15 0.060724930808762734 194 
1120 1153 13 0.0668988187902002 192 
1121 1153 13 0.046049840180376445 198 
1122 1153 14 0.0066036397633612255 191 
1123 1154 14 0.018605154427022413 209 
1124 1154 13 0.003949365491916606 196 
1125 1154 13 0.017540453514107254 190 
1126 1159 15 0.006511929287573646 203 
1127 1161 15 0.04690638124422761 190 
1128 1162 15 0.0767935228995461 190 
1129 1162 13 0.06055986097373646 195 
1130 1162 13 0.038634152568872294 200 
1131 1164 15 0.029170197264485262 193 
1132 1164 15 0.0056892848222551634 198 
1133 1165 14 0.06460529156235106 195 
1134 1165 13 0.015616294814107808 198 
1135 1166 13 0.08360751036191501 194 
1136 1166 13 0.03984728562559117 209 
1137 1172 13 0.012193107201417554 206 
1138 1174 14 0.04159468519361472 204 
1139 1177 14 0.08898150948882104 209 
1140 1177 14 0.04134550082619878 200 
1141 1178 13 0.0674139156173642 202 
1142 1179 13 0.06949369822764043 201 
1143 1181 15 0.04633063185400985 199 
1144 1181 14 0.002727579495202047 193 
1145 1181 15 0.05211514476439392 205 
1146 1185 14 0.0626298042605806 191 
1147 1185 14 0.024542807143309173 193 
1148 1186 14 0.05939963334882035 190 
1149 1186 15 0.011900501077500202 199 
1150 1188 14 0.0024480951152363495 197 
1151 1192 14 0.05767503941528049 197 
1152 1193 14 0.04027149372165793 195 
1153 1197 15 0.05003153530721404 207 
1154 1197 14 0.08085652851390546 190 
1155 1197 14 0.06991165718926776 196 
1156 1199 13 0.03683847331472095 205 
1157 1200 14 0.03636080660317159 197 
1158 1200 13 0.04697520286474247 209 
1159 1202 13 0.04794928906355133 190 
1160 1202 15 0.01057878865815648 196 
1161 1203 15 0.07281583277438018 210 
1162 1204 15 0.030079314182395175 200 
1163 1204 14 0.03556970562373759 194 
1164 1207 14 0.0072303564988169455 204 
1165 1209 14 0.05881858734891205 201 
1166 1210 15 0.07088498889749582 203 
1167 1210 15 0.019027328627197887 193 
1168 1210 15 0.02732233023226394 199 
1169 1211 15 0.059381080099772894 201 
1170 1213 15 0.07655633987570448 199 
1171 1214 14 0.00978384620117681 199 
1172 1214 15 0.04840559580355066 192 
1173 1215 13 0.04419992429482442 197 
1174 1216 15 0.0818876609026368 192 
1175 1216 15 0.04779054662078221 206 
1176 1216 15 0.046338356579639875 190 
1177 1216 14 0.04622305124656532 203 
1178 1217 14 0.08850541893087782 199 
1179 1217 14 0.014076055567630173 195 
1180 1217 14 0.05681046385422291 193 
1181 1218 14 0.059056642604520905 208 
1182 1218 15 0.0075267035418513095 199 
1183 1219 14 0.05319797886322372 193 
1184 1221 13 0.049435066136292304 193 
1185 1221 14 0.0808832759554024 197 
1186 1223 13 0.035374435803525464 206 
1187 1223 14 0.07274822572941102 193 
1188 1224 14 0.06727988483056765 210 
1189 1224 15 0.04542309295089192 208 
1190 1225 14 0.02793137714981167 207 
1191 1226 13 0.04033314395623833 190 
1192 1227 13 0.06779243396652147 205 
1193 1227 15 0.03261510701739787 191 
1194 1227 15 0.07918583170880973 208 
1195 1229 15 0.08238383394834435 210 
1196 1229 14 0.06990603409597915 191 
1197 1230 13 0.0597371611562436 197 
1198 1230 13 0.07267685178036004 202 
1199 1231 13 0.021437639285156365 198 
1200 1231 15 0.022836809573934688 202 
1201 1231 15 0.05748997771685297 210 
1202 1232 15 0.020053805639040308 200 
1203 1233 13 0.018064651623416684 193 
1204 1233 14 0.06914426322257049 201 
1205 1233 13 0.019620930601774084 199 
1206 1234 13 0.06653704332031106 194 
1207 1237 14 0.0406432276174052 203 
1208 1239 14 0.08758680380207379 193 
1209 1240 15 0.04894428740036566 204 
1210 1241 14 0.010341841609898518 195 
1211 1242 14 0.08779031773755308 196 
1212 1242 14 0.02267768358627489 194 
1213 1243 13 0.07702935195442714 202 
1214 1243 13 0.0681895281097646 209 
1215 1247 15 0.019106375313744726 191 
1216 1250 13 0.002418792882056468 190 
1217 1252 14 0.04746200810534063 207 
1218 1252 14 0.00876377236535816 207 
1219 1252 15 0.08561160550165288 200 
1220 1252 13 0.03160748673078435 202 
1221 1255 15 0.06863309116191464 205 
1222 1256 13 0.0889717275045718 200 
1223 1257 15 0.023825220896630323 198 
1224 1257 14 0.06285554227443431 209 
1225 1258 14 0.07574823193070966 197 
1226 1259 14 0.06857076346895331 194 
1227 1260 13 0.03871794593483055 203 
1228 1260 14 0.017428738224106195 201 
1229 1262 14 0.04364974727821408 194 
1230 1263 14 0.012414378427722628 205 
1231 1263 14 0.026395581637077527 193 
1232 1266 13 0.007341184367369277 197 
1233 1267 13 0.011512969059239337 198 
1234 1267 14 0.06199193965125312 210 
1235 1267 15 0.07981692120573837 193 
1236 1268 13 0.05511982041742916 192 
1237 1269 14 0.017193369802131004 206 
1238 1269 14 0.031040269786280404 206 
1239 1270 13 0.07595694244518146 206 
1240 1272 15 0.02198798417485732 207 
1241 1272 13 0.048422346709980434 194 
1242 1272 14 0.010560833043968574 205 
1243 1276 14 0.08274420330229264 192 
1244 1276 14 0.056767623597379156 207 
1245 1277 13 0.013556432447399024 203 
1246 1278 13 0.04819758067190908 191 
1247 1279 14 0.027283154108865837 204 
1248 1280 15 0.01584318569027543 196 
1249 1282 14 0.002141137684747731 204 
1250 1284 15 0.04664360805692513 192 
1251 1284 15 0.07272489925773203 209 
1252 1285 14 0.027823158608312096 208 
1253 1286 15 0.013843747576335254 210 
1254 1288 14 0.0526165586318568 202 
1255 1288 15 0.037138193053897345 204 
1256 1291 15 0.08760517361113289 200 
1257 1292 14 0.018802387446997335 193 
1258 1292 13 0.08655453858008266 204 
1259 1292 13 0.08895634158842561 196 
1260 1293 15 0.0562237384789672 193 
1261 1293 14 0.07853360044648627 199 
1262 1294 13 0.08040240750945797 201 
1263 1297 14 0.0693617394557508 191 
1264 1297 13 0.053501903773057906 195 
1265 1297 14 0.0419423988556259 207 
1266 1299 14 0.01625925155903517 196 
1267 1308 14 0.08317932415487465 191 
1268 1309 14 0.05596953335033793 190 
1269 1310 13 0.06660360122251893 207 
1270 1311 14 0.012969267389687695 194 
1271 1312 14 0.03598462335553747 194 
1272 1313 15 0.06888393072945516 192 
1273 1315 14 0.049959525456086604 209 
1274 1315 15 0.07806520638381964 208 
1275 1318 13 0.04283989485042133 193 
1276 1320 14 0.04360571529758674 207 
1277 1320 14 0.07952540291806584 202 
1278 1320 14 0.055122151830897685 192 
1279 1321 15 0.06441502489181725 203 
1280 1323 15 0.06217912128783791 197 
1281 1324 13 0.05369925536388065 208 
1282 1328 14 0.004673245880617055 195 
1283 1329 15 0.08311914392110897 195 
1284 1332 13 0.06349126405101184 197 
1285 1334 15 0.04364702608256327 203 
1286 1335 13 0.035591910946096345 197 
1287 1335 13 0.044145003259191795 204 
1288 1336 13 0.07155611910275696 207 
1289 1336 13 0.08730398801618341 194 
1290 1338 14 0.07810761031463291 191 
1291 1338 14 0.07919590839696458 197 
1292 1339 13 0.052705814458257234 200 
1293 1339 13 0.06023668423126214 204 
1294 1339 13 0.08940845810474947 204 
1295 1344 13 0.026311599491687265 194 
1296 1345 14 0.02375057500013301 200 
1297 1346 15 0.03457675184640919 207 
1298 1346 13 0.0785509665364324 190 
1299 1349 14 0.007198439764837809 210 
1300 1349 14 0.04419806223192727 190 
1301 1349 13 0.030375865961726565 196 
1302 1350 15 0.021932273874279692 199 
1303 1350 13 0.02885517859125345 210 
1304 1352 15 0.07757145434909757 201 
1305 1352 15 0.028405613330159056 210 
1306 1354 15 0.018810263575022575 210 
1307 1355 14 0.0411208241642998 191 
1308 1356 14 0.01725797372621949 192 
1309 1359 13 0.0535895235630142 190 
1310 1359 15 0.024324822620864387 207 
1311 1359 13 0.005998753161818613 195 
1312 1361 13 0.08490680458911466 202 
1313 1362 15 0.049704492909513134 190 
1314 1362 15 0.011943930446286822 195 
1315 1362 15 0.08916814985757783 192 
1316 1362 13 0.016119864050613414 192 
1317 1364 14 0.006523991985833687 191 
1318 1365 14 0.03748020601476165 197 
1319 1365 14 0.04572982485142501 203 
1320 1366 15 0.08345546784552316 200 
1321 1367 15 0.07496503966950013 190 
1322 1368 14 0.005381397127908683 202 
1323 1368 13 0.06511343828754786 205 
1324 1368 15 0.07827840983267381 207 
1325 1370 13 0.030013525007376102 205 
1326 1371 14 0.0659810509102723 200 
1327 1372 13 0.07209829073058592 209 
1328 1374 13 0.0028765063681609497 193 
1329 1375 14 0.03166123860188879 207 
1330 1377 13 0.050131169071554633 191 
1331 1377 13 0.04505362905471883 206 
1332 1381 15 0.007816374877542153 209 
1333 1381 14 0.0800218837199386 195 
1334 1383 14 0.07767449527248534 192 
1335 1384 14 0.06809009282864618 196 
1336 1385 15 0.012597978229813935 202 
1337 1386 13 0.01508505766868955 210 
1338 1387 15 0.0027192472736006484 204 
1339 1388 13 0.0845143378586031 201 
1340 1388 15 0.03272857952537925 201 
1341 1388 15 0.054561662390843896 210 
1342 1388 15 0.059087507771980255 192 
1343 1389 13 0.04340450979895222 195 
1344 1390 14 0.04070383051050955 198 
1345 1393 15 0.08984233845598717 208 
1346 1394 13 0.0678554217411144 199 
1347 1395 14 0.06273647383149039 208 
1348 1396 14 0.03376189740313156 206 
1349 1397 15 0.06028166475540341 200 
1350 1397 14 0.07384641121544791 194 
1351 1397 13 0.016467314678277185 208 
1352 1397 13 0.051832452353299294 197 
1353 1397 13 0.007876160183630444 201 
1354 1398 13 0.05945780967770361 191 
1355 1403 15 0.05892038654000966 210 
1356 1407 13 0.040427878989610304 203 
1357 1407 13 0.04611926167055163 193 
1358 1408 13 0.05803702803652415 196 
1359 1410 15 0.08448361576836813 207 
1360 1410 15 0.04736631525298869 194 
1361 1410 14 0.012910572864789763 192 
1362 1411 14 0.07764219348841199 199 
1363 1412 15 0.07333398410462873 199 
1364 1412 14 0.06863720515741939 203 
1365 1414 13 0.03249143056435684 197 
1366 1419 13 0.04645930051147878 203 
1367 1420 14 0.05380193482800715 198 
1368 1420 14 0.006387393797420026 195 
1369 1421 13 0.0755404187194022 193 
1370 1422 15 0.020777563915868994 197 
1371 1422 14 0.0730800583266006 199 
1372 1422 13 0.022022758783539653 204 
1373 1423 14 0.07399795071415442 193 
1374 1425 14 0.07185546392609968 207 
1375 1425 15 0.0795570401758462 190 
1376 1425 14 0.01890791721501052 202 
1377 1426 15 0.0716787214992162 197 
1378 1426 13 0.043747554174843065 200 
1379 1427 15 0.07035249792095265 199 
1380 1430 13 0.009191307961126112 207 
1381 1432 15 0.035462432125284535 190 
1382 1433 13 0.013647960467270851 200 
1383 1434 15 0.0193659197111786 208 
1384 1434 13 0.0806601906142641 205 
1385 1434 15 0.04601147601221086 195 
1386 1434 14 0.02021438595130027 199 
1387 1435 14 0.003765046466653977 209 
1388 1436 13 0.002061022686518394 205 
1389 1436 14 0.05053198748886409 204 
1390 1437 14 0.05287676960042049 207 
1391 1437 13 0.08400971867700667 205 
1392 1438 13 0.07899593966366765 194 
1393 1438 14 0.05679412124012429 198 
1394 1440 13 0.04811890543116933 209 
1395 1440 15 0.016401532884401413 199 
1396 1442 13 0.04866778928078699 190 
1397 1443 13 0.02944149777425479 209 
1398 1445 14 0.036127908717026154 205 
1399 1446 14 0.08950586215673066 190 
1400 1447 15 0.001733167279664716 203 
1401 1448 15 0.025634375770832295 190 
1402 1449 13 0.04484915851684692 199 
1403 1452 13 0.054790407854053605 191 
1404 1452 15 0.009619125114911212 193 
1405 1454 15 0.07520131407978896 191 
1406 1455 13 0.0711283786308544 201 
1407 1457 15 0.08764200214530503 200 
1408 1458 15 0.05891023701091847 206 
1409 1459 14 0.06759727900155303 196 
1410 1461 15 0.07107228011506908 190 
1411 1463 14 0.01730824569046868 191 
1412 1463 14 0.06262303135734476 200 
1413 1464 14 0.02867242390969605 196 
1414 1465 14 0.026299569481892195 208 
1415 1466 14 0.004187303027815222 198 
1416 1468 15 0.04780414730497482 196 
1417 1470 14 0.010066317860670346 210 
1418 1471 14 0.023782948187032794 201 
1419 1472 14 0.08265614431744617 194 
1420 1477 14 0.03044933636439879 208 
1421 1477 13 0.00899320489531416 202 
1422 1479 13 0.04442959005952236 206 
1423 1480 15 0.05462857931691963 190 
1424 1481 13 0.013517216536949803 194 
1425 1482 15 0.08421124406644447 200 
1426 1482 14 0.0829575292868936 207 
1427 1482 15 0.01606235738666813 210 
1428 1483 13 0.06663287433125917 197 
1429 1484 13 0.019004827935218932 206 
1430 1484 13 0.014755378547368206 195 
1431 1485 14 0.011645695572615473 194 
1432 1486 15 0.052405148097893095 198 
1433 1487 14 0.017943657315539385 191 
1434 1489 15 0.018724724966078573 205 
1435 1489 13 0.057050649529371326 196 
1436 1491 14 0.029067990019566354 203 
1437 1491 14 0.08172914737809384 210 
1438 1491 14 0.04968196916726286 210 
1439 1491 14 0.03563716797682308 190 
1440 1492 15 0.06824311741562548 210 
1441 1492 14 0.05408704041559123 192 
1442 1492 14 0.08526405926863415 199 
1443 1494 14 0.024163860699472198 191 
1444 1494 15 0.025122992555909617 207 
1445 1496 13 0.061552416053280774 197 
1446 1497 14 0.0786429302372196 191 
1447 1498 13 0.03601252716642778 202 
1448 1499 13 0.050702542372187055 199 
1449 1499 14 0.0367871413932289 204 
1450 1501 14 0.04823706658908397 206 
1451 1501 14 0.013084185726584888 205 
1452 1502 15 0.049364960630449005 204 
1453 1503 14 0.02466919559622977 200 
1454 1504 14 0.03523429462652874 192 
1455 1504 15 0.023004374480965675 200 
1456 1504 13 0.05509815804284803 205 
1457 1505 14 0.06150723993596646 203 
1458 1505 14 0.07777403947075062 191 
1459 1508 15 0.01297123587839654 197 
1460 1509 13 0.06129196365221128 198 
1461 1510 15 0.08048956176056012 190 
1462 1511 15 0.06212600676909297 190 
1463 1512 13 0.0013197831764387952 198 
1464 1513 13 0.003326611155439426 206 
1465 1514 14 0.04100452632092456 208 
1466 1514 14 0.08588162293810564 208 
1467 1514 13 0.030367748164539538 205 
1468 1518 15 0.08650334692678537 193 
1469 1518 14 0.07007698801588166 192 
1470 1519 13 0.05900354132075227 201 
1471 1520 14 0.024432023336218613 209 
1472 1522 14 0.04973866149520445 207 
1473 1523 14 0.037021163051188646 195 
1474 1523 14 0.0017311020652181963 207 
1475 1523 15 0.0329649811398295 198 
1476 1524 15 0.02124099983622173 201 
1477 1525 13 0.009332185019176664 191 
1478 1525 14 0.03030830506058373 207 
1479 1526 15 0.03814077196632263 199 
1480 1526 15 0.037012767332966434 207 
1481 1528 13 0.05416909220793634 202 
1482 1529 15 0.08531991569825981 193 
1483 1529 14 0.045500128226797436 207 
1484 1530 15 0.06627573391059041 203 
1485 1530 14 0.07599439781845921 207 
1486 1533 14 0.07887308686061587 207 
1487 1533 14 0.027093568857728196 192 
1488 1533 13 0.06810290169351604 208 
1489 1534 15 0.023222199434167902 191 
1490 1534 13 0.05299270267261707 209 
1491 1535 14 0.0838002625916371 207 
1492 1535 15 0.031857447541273995 193 
1493 1536 15 0.04267460616420608 203 
1494 1538 14 0.06330838527591251 204 
1495 1538 13 0.07975892629282759 195 
1496 1539 14 0.024213880748225242 201 
1497 1540 13 0.08080954425716741 197 
1498 1540 13 0.08488638562189654 199 
1499 1540 13 0.06183637973652007 207 
1500 1540 13 0.07093230912439624 203 
1501 1545 14 0.08515399109999049 192 
1502 1546 13 0.060318165826237016 210 
1503 1547 15 0.08025659501872257 194 
1504 1547 14 0.0640834948302314 202 
1505 1548 13 0.03910501706930654 195 
1506 1548 13 0.08938076262101638 201 
1507 1549 15 0.07892967834703048 205 
1508 1551 13 0.07571272495645236 210 
1509 1551 14 0.03768804145235101 197 
1510 1556 14 0.027519686438799863 209 
1511 1556 13 0.058909139605774666 194 
1512 1558 14 0.052561218504736766 197 
1513 1558 13 0.005054280397332793 196 
1514 1560 15 0.07653936918233327 191 
1515 1562 15 0.005803741327576914 209 
1516 1562 14 0.0038420794122572444 209 
1517 1563 15 0.06414911700459541 195 
1518 1564 13 0.07120373618403811 209 
1519 1566 14 0.035646670562279735 203 
1520 1567 14 0.0645631876150409 206 
1521 1567 14 0.023251341043123184 210 
1522 1568 15 0.0543742878159155 207 
1523 1569 13 0.03708505545330943 202 
1524 1570 13 0.08360202839914499 190 
1525 1571 14 0.06170446540966513 195 
1526 1572 13 0.07062772034336995 201 
1527 1572 13 0.00927999212786344 194 
1528 1573 14 0.025112096743344633 191 
1529 1573 15 0.062217223032701406 206 
1530 1574 14 0.03726907503437198 210 
1531 1576 14 0.08599358297051757 203 
1532 1577 14 0.004300174255242328 202 
1533 1579 13 0.07565707949727965 196 
1534 1580 13 0.08331100758443655 201 
1535 1580 15 0.07681141954131206 206 
1536 1581 14 0.061522325134638435 191 
1537 1581 13 0.03859160673874085 201 
1538 1585 15 0.05972401251193582 208 
1539 1587 13 0.08865999106160938 209 
1540 1588 15 0.06979669814708223 205 
1541 1588 15 0.06309989989557538 193 
1542 1588 14 0.03679435270722455 208 
1543 1588 13 0.0569234290840544 191 
1544 1589 13 0.051959318425762825 205 
1545 1590 15 0.005368248384357735 208 
1546 1590 13 0.022542968174281627 199 
1547 1591 15 0.04483809136651642 203 
1548 1592 13 0.025954876060388835 190 
1549 1593 13 0.022896425847443815 200 
1550 1594 14 0.0391042698392695 204 
1551 1595 15 0.011124370733425402 200 
1552 1595 13 0.00329876786924631 203 
1553 1595 15 0.020964646873450652 204 
1554 1597 15 0.07353669811546695 201 
1555 1598 13 0.07295172086831976 198 
1556 1599 14 0.07715509410909048 206 
1557 1600 13 0.0751729428155934 201 
1558 1603 13 0.04990945411019151 200 
1559 1605 13 0.06993603741734053 200 
1560 1606 15 0.07787067572154523 199 
1561 1607 14 0.05775064363332431 191 
1562 1608 15 0.006258245787506179 196 
1563 1609 15 0.009134000847705992 207 
1564 1610 13 0.06789401940570336 205 
1565 1613 15 0.025516005187224022 192 
1566 1615 15 0.0018464276767793757 198 
1567 1616 14 0.02024878793970724 199 
1568 1619 14 0.0449583102369408 198 
1569 1620 15 0.06960714567532769 205 
1570 1621 15 0.059263768056835364 208 
1571 1623 13 0.047868632081230406 198 
1572 1623 13 0.0370229656398384 202 
1573 1624 15 0.028417302047648463 196 
1574 1626 15 0.014880693806006283 190 
1575 1626 13 0.023809855870075943 209 
1576 1627 13 0.021113806528314884 210 
1577 1628 14 0.07817785693740596 199 
1578 1631 14 0.023837969548589178 192 
1579 1632 14 0.08753593616506002 204 
1580 1634 13 0.08871572774822745 206 
1581 1635 14 0.06351455169258687 202 
1582 1635 14 0.03410206511401672 207 
1583 1635 14 0.06828594783948375 195 
1584 1637 13 0.08285755910118292 210 
1585 1638 14 0.0872463212993389 203 
1586 1638 15 0.04864951753396469 202 
1587 1638 13 0.05731024886531517 196 
1588 1639 13 0.024710260021258368 202 
1589 1639 13 0.015560495978978312 204 
1590 1641 15 0.0023308960451478237 210 
1591 1643 15 0.01275989264726779 203 
1592 1644 14 0.04352859140076553 192 
1593 1644 15 0.07071989668388329 198 
1594 1646 14 0.08929399798297573 190 
1595 1647 13 0.08809808008540707 207 
1596 1648 13 0.035830034593968114 199 
1597 1649 15 0.05286145033858589 201 
1598 1649 15 0.02710288292985935 196 
1599 1651 14 0.04335378195382305 197 
1600 1652 13 0.015980834174384465 210 
1601 1653 13 0.04564554801043893 208 
1602 1655 14 0.04513352194557551 205 
1603 1656 15 0.0026497294236171682 207 
1604 1656 15 0.015991127802489118 190 
1605 1656 13 0.017656067081340848 207 
1606 1657 15 0.024221468112712176 195 
1607 1657 14 0.051885448667449714 204 
1608 1658 14 0.03587893951377263 203 
1609 1658 14 0.023903062275844905 194 
1610 1658 13 0.014756163048021294 208 
1611 1659 15 0.03424509982482684 205 
1612 1659 13 0.024711907994744133 193 
1613 1660 14 0.0658176676100609 209 
1614 1661 13 0.029589438928496543 207 
1615 1663 15 0.031375544826495065 210 
1616 1663 15 0.060031892133985916 198 
1617 1664 14 0.04066073907565192 196 
1618 1666 15 0.0034539923375229995 203 
1619 1668 13 0.014870514783382888 203 
1620 1668 13 0.01871219931471487 202 
1621 1668 14 0.039168400941794204 194 
1622 1671 15 0.07141484125214867 197 
1623 1673 13 0.08486288446232672 201 
1624 1673 15 0.059443924101439755 199 
1625 1673 13 0.015757768959038253 209 
1626 1674 14 0.07765017614660205 193 
1627 1676 14 0.04455578300576342 197 
1628 1677 15 0.08002828556089225 199 
1629 1678 14 0.006841345115262197 204 
1630 1678 15 0.03223409989487023 196 
1631 1679 13 0.006882514991490986 205 
1632 1680 15 0.03750720369409732 208 
1633 1680 15 0.022066093575514024 190 
1634 1682 14 0.0033767185774682264 197 
1635 1682 15 0.035882801728566886 204 
1636 1685 13 0.013876294113117645 207 
1637 1686 14 0.04282584304528839 192 
1638 1687 15 0.06231016788206269 206 
1639 1687 13 0.08747221587234953 198 
1640 1687 15 0.057950281958238384 192 
1641 1688 15 0.011769259176722016 199 
1642 1688 13 0.0877942759525087 198 
1643 1688 13 0.030037940406098355 191 
1644 1689 14 0.03524547518345212 195 
1645 1689 15 0.04073276797189399 197 
1646 1690 13 0.07243299767477232 206 
1647 1692 14 0.019669405317585566 195 
1648 1694 15 0.023318734540672344 203 
1649 1694 15 0.055638622723136445 192 
1650 1697 14 0.032595586041305184 207 
1651 1700 15 0.06020071551117866 210 
1652 1700 13 0.08493228795892276 203 
1653 1701 14 0.04883588838514094 199 
1654 1701 15 0.005807039859570007 193 
1655 1702 15 0.022055180514294462 204 
1656 1703 15 0.004365917011197599 192 
1657 1704 14 0.02781338781283579 209 
1658 1705 14 0.07330110607886609 196 
1659 1705 15 0.06985283660899681 191 
1660 1705 14 0.025265834807580382 201 
1661 1706 15 0.08293745463164746 206 
1662 1706 13 0.04149094658663723 193 
1663 1707 15 0.04880711289098312 198 
1664 1707 15 0.05600340045290883 204 
1665 1707 15 0.06265021548222383 209 
1666 1709 13 0.06786525684508735 202 
1667 1709 14 0.03237464855009159 203 
1668 1711 15 0.035731355392110475 206 
1669 1711 15 0.018769428055212325 206 
1670 1712 13 0.04078228963136544 196 
1671 1712 13 0.05253448596440197 210 
1672 1713 13 0.04341674765515442 192 
1673 1715 14 0.019075266724709255 190 
1674 1715 15 0.038029526406854745 200 
1675 1716 13 0.08738629757675513 208 
1676 1716 14 0.049269435744547535 210 
1677 1717 14 0.0171122265540908 194 
1678 1718 15 0.06632900667339739 199 
1679 1719 14 0.01856454549400061 191 
1680 1721 15 0.02484194174102808 202 
1681 1721 14 0.07632413293217072 210 
1682 1722 13 0.027755492899356193 191 
1683 1723 13 0.00782947083491265 196 
1684 1723 13 0.08321764935439765 208 
1685 1724 14 0.07531604102533027 208 
1686 1724 15 0.0328153224205923 206 
1687 1725 15 0.07617744650932325 200 
1688 1725 14 0.01011934197714915 190 
1689 1725 15 0.02325727381171602 205 
1690 1725 15 0.034888381401068806 202 
1691 1726 13 0.08467804958614374 204 
1692 1728 13 0.047724211178657175 195 
1693 1729 13 0.018434899659946036 207 
1694 1730 13 0.04476794665705377 192 
1695 1730 14 0.08007008475217264 204 
1696 1730 13 0.05882363078016794 203 
1697 1734 15 0.04588134615846911 208 
1698 1734 13 0.04794290257676222 197 
1699 1734 13 0.0648698617026301 209 
1700 1735 14 0.06059656736996293 198 
1701 1736 14 0.029211954185446743 207 
1702 1736 14 0.012312285433625805 191 
1703 1737 14 0.050595182583214875 197 
1704 1738 14 0.0895059779497436 194 
1705 1739 14 0.050811613583407966 204 
1706 1739 13 0.05593154487732136 202 
1707 1740 13 0.026242352764331733 192 
1708 1740 14 0.014819802241427763 190 
1709 1744 14 0.055782765535628 198 
1710 1744 13 0.009634984809103731 193 
1711 1747 15 0.06870558130959535 191 
1712 1747 13 0.07454555389530039 207 
1713 1748 14 0.00746774274426862 193 
1714 1748 14 0.02547907030954289 195 
1715 1749 15 0.027995348480351397 195 
1716 1749 15 0.03824490295266802 194 
1717 1749 13 0.03302666233345478 204 
1718 1749 15 0.05214831660813782 198 
1719 1750 15 0.015030628279653506 192 
1720 1751 15 0.008105648604069489 209 
1721 1753 14 0.061638128306190594 200 
1722 1755 14 0.045273276896529394 193 
1723 1755 13 0.07129744368050187 202 
1724 1755 15 0.03672936932825845 203 
1725 1756 15 0.00756840194075652 198 
1726 1756 15 0.04037638164318782 208 
1727 1759 14 0.07310254384885043 206 
1728 1760 14 0.012223838212087317 201 
1729 1760 14 0.08461858383484397 200 
1730 1761 13 0.018358704598411366 203 
1731 1762 13 0.011801263330281312 210 
1732 1766 15 0.01628732224909006 210 
1733 1769 13 0.06802983697027071 197 
1734 1770 13 0.07602490015369423 202 
1735 1770 13 0.04718907831080466 197 
1736 1770 15 0.012594438470146012 206 
1737 1771 15 0.007090903100079483 209 
1738 1772 13 0.01898031364753872 191 
1739 1772 15 0.019824720929665054 205 
1740 1773 15 0.042260174926054266 195 
1741 1773 15 0.05351531905365036 193 
1742 1773 15 0.0626941879927496 195 
1743 1773 14 0.06373116595509713 190 
1744 1774 15 0.07966985998051428 199 
1745 1774 14 0.07905609995447409 199 
1746 1774 13 0.026030354594097978 204 
1747 1775 14 0.07749814074944175 206 
1748 1776 13 0.07741301198451543 207 
1749 1777 14 0.021582126007729362 200 
1750 1777 15 0.009969381974334605 205 
1751 1777 14 0.04279488636132769 207 
1752 1778 15 0.0624699697951752 196 
1753 1779 15 0.028018921582000297 192 
1754 1779 13 0.006526729755640771 195 
1755 1782 14 0.06801103686911408 199 
1756 1782 15 0.07787663254328586 207 
1757 1782 13 0.06342869580729481 200 
1758 1782 13 0.08335623308536137 206 
1759 1782 13 0.021213409375610733 197 
1760 1783 14 0.07556449426217424 191 
1761 1784 15 0.06663559074919549 190 
1762 1784 14 0.013057270477333061 208 
1763 1784 13 0.08566146317916391 203 
1764 1786 15 0.0608022368489922 196 
1765 1787 13 0.0465226854863682 193 
1766 1787 15 0.013805676438847603 190 
1767 1788 14 0.013784012505579243 200 
1768 1788 15 0.033927813305002975 200 
1769 1790 15 0.0887036554278529 202 
1770 1791 15 0.030334613360739247 192 
1771 1792 13 0.04896126091629518 198 
1772 1793 14 0.054293538745263235 209 
1773 1793 15 0.03382997492197451 209 
1774 1794 15 0.07774097184411449 195 
1775 1795 13 0.014279219114385469 202 
1776 1796 13 0.044552414358823234 195 
1777 1797 15 0.020974624155995766 195 
1778 1798 14 0.064692693978916 195 
1779 1799 14 0.08892611470563905 199 
1780 1799 14 0.05751215142091225 190 
1781 1799 13 0.06178019566330717 201 
1782 1802 14 0.050879615159297 200 
1783 1803 14 0.08614227806456104 202 
1784 1805 14 0.06964612782122376 190 
1785 1805 14 0.05274789488849392 198 
1786 1805 15 0.08011080687196023 201 
1787 1807 13 0.060147522722576466 206 
1788 1807 14 0.05699579973499826 191 
1789 1808 14 0.042436399044322004 206 
1790 1809 13 0.06780375469640514 195 
1791 1811 15 0.01986785513094117 209 
1792 1811 13 0.07020059415145308 207 
1793 1812 15 0.06858477720117026 200 
1794 1812 13 0.003993548323475616 192 
1795 1813 15 0.06597558358952278 206 
1796 1813 14 0.013370560390270226 190 
1797 1813 14 0.05924360944332287 198 
1798 1814 15 0.0629132373680071 197 
1799 1817 15 0.04670232467820848 205 
1800 1817 15 0.07341526370829982 197 
1801 1817 15 0.05055140810633507 192 
1802 1819 14 0.07135321588358468 192 
1803 1819 14 0.047409107169036 210 
1804 1822 14 0.08677206519808287 209 
1805 1823 14 0.02752864553881403 210 
1806 1823 13 0.06434657629581189 204 
1807 1825 13 0.008231842605501997 209 
1808 1825 15 0.013849434983576783 202 
1809 1833 15 0.08374601331612039 207 
1810 1834 15 0.010935670138691966 202 
1811 1835 15 0.006617744368616891 210 
1812 1835 13 0.0808968631764421 201 
1813 1838 13 0.008894403512902375 201 
1814 1841 14 0.07110916211411132 196 
1815 1842 13 0.0889509246485723 190 
1816 1843 14 0.0436897728805395 195 
1817 1845 13 0.0026656374098020155 193 
1818 1845 15 0.06053661419961759 209 
1819 1846 14 0.020954355934034604 208 
1820 1847 14 0.08597059194191192 194 
1821 1847 15 0.022947581571879153 196 
1822 1847 15 0.05428855918320326 193 
1823 1848 15 0.026919981600106467 209 
1824 1848 13 0.07468118969268844 210 
1825 1851 15 0.04628848194666582 193 
1826 1851 15 0.058243153312294384 210 
1827 1851 15 0.02134077806232684 197 
1828 1852 13 0.008108797146739937 198 
1829 1852 15 0.03403592844355914 199 
1830 1852 14 0.08716486396411986 194 
1831 1853 14 0.02237609315842528 206 
1832 1856 13 0.04651154049171936 193 
1833 1857 15 0.06159032418721226 205 
1834 1858 14 0.027599126396057713 198 
1835 1859 13 0.045327414071687055 208 
1836 1859 13 0.03411838764052004 198 
1837 1860 13 0.02421088026251848 197 
1838 1862 15 0.014260073187061895 195 
1839 1862 13 0.08953787745509682 195 
1840 1862 14 0.08235283518540332 201 
1841 1863 13 0.08862165939592934 200 
1842 1864 15 0.0852056026223376 199 
1843 1864 13 0.047195447254794326 199 
1844 1864 14 0.07871178356759635 204 
1845 1867 15 0.04450454231394565 191 
1846 1869 14 0.04223153082968605 192 
1847 1869 14 0.045966468677266864 196 
1848 1869 15 0.06545387223357449 205 
1849 1869 15 0.046212109509570526 194 
1850 1869 15 0.035954967983229 198 
1851 1870 13 0.013438085421218132 208 
1852 1871 15 0.011674778723362821 190 
1853 1871 15 0.07579134684177277 205 
1854 1872 14 0.032932615567462326 197 
1855 1873 14 0.08001798860940669 194 
1856 1873 13 0.046751796772014756 207 
1857 1874 13 0.06682310656544181 197 
1858 1875 14 0.056877954097067224 193 
1859 1876 14 0.06384644502660758 201 
1860 1876 13 0.07068325658968341 200 
1861 1876 15 0.055976961316793895 206 
1862 1877 15 0.034479542914208905 206 
1863 1877 15 0.08335939008917663 199 
1864 1878 15 0.04782862902572918 199 
1865 1880 15 0.05458039396715596 203 
1866 1880 15 0.028175295880389563 196 
1867 1882 13 0.06013812857219422 193 
1868 1883 14 0.0062637897940626954 199 
1869 1884 13 0.030201386345718326 208 
1870 1885 14 0.014397911536661943 210 
1871 1885 15 0.005703445454290418 200 
1872 1886 14 0.045422686944250786 200 
1873 1888 15 0.03678581451480725 194 
1874 1889 14 0.014243693146391321 199 
1875 1889 14 0.004005447938166321 198 
1876 1891 14 0.04301208731953593 191 
1877 1891 15 0.0735904562305361 202 
1878 1892 13 0.07495350216283468 199 
1879 1892 13 0.08341490804466964 210 
1880 1894 13 0.027226758075819934 208 
1881 1894 15 0.06965310295010871 203 
1882 1895 14 0.06494104596584654 192 
1883 1896 14 0.01903393093598086 197 
1884 1897 13 0.004611979500583577 202 
1885 1898 14 0.03223752069740788 194 
1886 1899 14 0.07761826238690209 197 
1887 1902 15 0.021794885331872096 203 
1888 1902 13 0.02893475632081316 204 
1889 1903 14 0.07986479631783808 201 
1890 1903 13 0.0770572198765344 200 
1891 1905 14 0.0485398976328429 201 
1892 1906 13 0.010946602503970497 196 
1893 1906 15 0.023865517942910013 203 
1894 1906 15 0.07918637012026451 194 
1895 1908 14 0.0806428298065058 203 
1896 1909 14 0.03235045650535584 194 
1897 1911 13 0.08274483602792083 190 
1898 1912 14 0.06577993193140966 210 
1899 1913 15 0.0654926119227655 190 
1900 1913 15 0.06548713183372397 201 
1901 1914 15 0.076384914982077 201 
1902 1918 14 0.0013605405523265167 193 
1903 1918 13 0.023189296076546424 204 
1904 1918 14 0.020183552435887746 190 
1905 1921 13 0.004234268675800648 207 
1906 1921 15 0.01348640778414139 201 
1907 1921 15 0.040861669968364 205 
1908 1922 13 0.046496429730788345 192 
1909 1922 14 0.0034106953675379975 206 
1910 1922 15 0.03220489678148754 201 
1911 1924 13 0.08892322233678338 208 
1912 1925 13 0.08096210159600213 192 
1913 1925 13 0.08701774370233958 198 
1914 1926 13 0.06259925905565068 201 
1915 1927 14 0.06561695029797078 195 
1916 1928 14 0.04839742297211052 202 
1917 1930 15 0.04580363226052371 198 
1918 1931 13 0.03793695923671724 191 
1919 1932 14 0.008735644614868919 207 
1920 1933 14 0.008909080357755544 192 
1921 1934 13 0.08999120089548035 208 
1922 1934 13 0.047556759733559 207 
1923 1934 14 0.02697784246373318 202 
1924 1935 15 0.03688080970723844 208 
1925 1936 14 0.04048925207538158 201 
1926 1936 13 0.014327667161336505 207 
1927 1936 13 0.07628716156644011 208 
1928 1938 13 0.024897799915048594 199 
1929 1940 13 0.07966565271238799 207 
1930 1940 15 0.07963984240316876 202 
1931 1941 14 0.02203011232526601 201 
1932 1942 13 0.029752485685904436 201 
1933 1944 13 0.010632157941755704 193 
1934 1945 13 0.026243138096517182 197 
1935 1945 13 0.0072919970147702975 190 
1936 1946 13 0.025364173697858206 194 
1937 1946 13 0.047571508134393606 202 
1938 1947 15 0.08321913150019423 203 
1939 1949 13 0.03108777148605171 203 
1940 1951 14 0.02130892675103729 208 
1941 1954 15 0.07061262591059955 203 
1942 1954 14 0.08720072446992135 208 
1943 1956 13 0.06416719879582514 190 
1944 1956 14 0.06938558349913598 192 
1945 1958 15 0.07748362460276552 208 
1946 1958 13 0.06371289241661494 209 
1947 1960 14 0.03355851573885623 195 
1948 1962 13 0.053233492206925866 204 
1949 1963 15 0.0796533275414734 201 
1950 1963 14 0.013522260446547012 191 
1951 1965 13 0.03184490176100643 201 
1952 1965 13 0.048940210931123086 190 
1953 1966 14 0.02737249902979034 192 
1954 1968 13 0.06349849647457598 204 
1955 1968 13 0.054797933369038876 197 
1956 1970 15 0.07813151909499778 199 
1957 1972 15 0.05119459025208355 210 
1958 1973 15 0.06642228913977757 195 
1959 1973 14 0.017205164142527683 209 
1960 1974 14 0.06138889804215235 201 
1961 1974 15 0.07846614468003221 205 
1962 1975 14 0.04270091059334296 199 
1963 1975 15 0.006178273337305729 200 
1964 1978 15 0.020499388943715082 205 
1965 1979 13 0.03891597208129797 199 
1966 1980 14 0.014650322232032241 203 
1967 1981 14 0.07823775769807187 199 
1968 1982 13 0.004676174847066651 203 
1969 1983 14 0.0732940305433057 190 
1970 1984 14 0.050342078636307484 196 
1971 1984 14 0.08111129926844171 206 
1972 1984 14 0.003796207604958929 199 
1973 1985 15 0.07734370363948105 205 
1974 1985 14 0.01950909896332592 194 
1975 1985 15 0.025453408099545053 200 
1976 1985 13 0.03286658036207296 200 
1977 1986 14 0.05225108447888235 194 
1978 1986 15 0.06418207675986139 206 
1979 1988 15 0.017931341147614247 203 
1980 1989 13 0.05106079568042371 198 
1981 1989 15 0.017553116343899597 196 
1982 1990 14 0.03174589274555806 192 
1983 1990 13 0.047548833795822636 205 
1984 1992 14 0.07287331199007407 201 
1985 1993 13 0.07967503911316799 199 
1986 1993 13 0.01372605097004851 203 
1987 1993 14 0.03579410683938842 202 
1988 1994 15 0.055905181887594614 209 
1989 1994 15 0.05334670127749193 210 
1990 1995 14 0.007499876565317081 210 
1991 1995 13 0.0062052233895751475 200 
1992 1996 15 0.04284618809091478 194 
1993 1997 14 0.051539950469959454 198 
1994 1997 15 0.05228629405767597 192 
1995 1998 14 0.028275332285603992 194 
1996 1998 13 0.08939074560604712 196 
1997 2000 15 0.008640801581399491 203 
1998 2000 13 0.023902125638666515 205 
1999 2000 13 0.059227366830169645 201 
2000 0 14 0.07021167683833585 198 
