1 2 16 0.0028042248217518785 290 
2 3 15 0.08755867957067226 290 
3 9 15 0.0010627490320577544 284 
4 10 17 0.020071175011832934 272 
5 11 17 0.0260584200259645 290 
6 12 17 0.0259808900713559 282 
7 12 16 0.022757757688050967 281 
8 13 15 0.0452460464129542 292 
9 14 16 0.06032911500461643 287 
10 14 17 0.030652878308084924 292 
11 14 17 0.08202336616690406 283 
12 15 15 0.024883381801817005 288 
13 19 16 0.04561241888994907 276 
14 19 17 0.03241162432072842 272 
15 19 16 0.023298948228890917 279 
16 19 15 0.015779434975704307 278 
17 24 15 0.006632591033852901 289 
18 25 15 0.0051873430027864495 278 
19 26 16 0.046624889152537194 292 
20 27 17 0.08374939204863492 275 
21 28 17 0.0622302936343715 291 
22 28 16 0.0010958217137542522 283 
23 30 17 0.08245499455633941 272 
24 30 16 0.06592440363841183 288 
25 31 17 0.0223215432116921 273 
26 32 16 0.07017157813512202 282 
27 33 17 0.03226980728653124 272 
28 37 17 0.01905651492888598 290 
29 39 15 0.08825432951249414 287 
30 39 15 0.034063638305145784 291 
31 40 17 0.007629573421149985 273 
32 41 16 0.04301184608398959 272 
33 42 16 0.05170426106035466 286 
34 44 17 0.032293447534555056 287 
35 44 16 0.03889824852020281 288 
36 45 15 0.0239764269953963 273 
37 46 16 0.010520587911495651 285 
38 56 16 0.08459446690228306 287 
39 58 15 0.03608430823318657 279 
40 62 15 0.016976752358837163 275 
41 64 15 0.007754725138957909 285 
42 65 15 0.0687743931720585 274 
43 66 15 0.07333043394288448 273 
44 66 15 0.039349196577176955 281 
45 67 15 0.027125910409548457 275 
46 68 16 0.0017817893035037796 273 
47 68 17 0.008661456369749427 284 
48 70 16 0.02756158599643886 286 
49 72 16 0.020274669881136027 272 
50 72 17 0.004172930591189287 275 
51 72 17 0.005271382258000861 273 
52 73 16 0.08867405262278183 279 
53 74 17 0.08348348844873407 277 
54 75 17 0.0786136905297691 272 
55 78 17 0.006758263037370696 277 
56 80 17 0.047100960013759276 278 
57 82 16 0.004683520796367968 272 
58 82 15 0.07478052442856427 289 
59 83 15 0.07332897851439539 287 
60 83 17 0.05827258568135668 275 
61 83 15 0.023181377983709322 290 
62 86 16 0.07957028350401178 278 
63 87 17 0.002269732816616227 283 
64 90 17 0.06219302649509668 291 
65 91 17 0.08139706488752167 286 
66 93 16 0.02667804255518544 272 
67 93 16 0.02092822563482396 288 
68 94 17 0.011028467451516796 272 
69 94 15 0.07499122745259408 290 
70 96 15 0.027860956172135475 284 
71 97 17 0.0613653462121094 281 
72 99 15 0.013972209989436768 287 
73 99 17 0.044171483985694 278 
74 100 16 0.05305495900742599 280 
75 101 15 0.08889843270697166 277 
76 101 15 0.07859555599882896 280 
77 101 17 0.050282948869686324 283 
78 105 17 0.07783011659263125 285 
79 106 15 0.07413741060839714 292 
80 108 16 0.002416132940122206 285 
81 112 15 0.057918945812796524 275 
82 113 17 0.010665639869405899 272 
83 113 15 0.03193417293393079 280 
84 113 15 0.019433693331506123 278 
85 114 15 0.04983870212991407 290 
86 115 17 0.04441531776859093 278 
87 115 15 0.011294375846896219 288 
88 115 16 0.08093970442530525 289 
89 115 15 0.06810526300553335 292 
90 120 16 0.013587551659568708 284 
91 122 15 0.05237475567164626 283 
92 122 16 0.02901736942239953 288 
93 123 15 0.035718890817797916 275 
94 123 15 0.041799307332132316 292 
95 124 15 0.08348981489961557 275 
96 124 16 0.060355273922390866 275 
97 124 17 0.015093217625790377 287 
98 124 17 0.04021337254077809 285 
99 126 15 0.05991114897147882 283 
100 127 17 0.04752961023426271 290 
101 128 15 0.02392770966068318 286 
102 129 17 0.04493618139399319 288 
103 133 17 0.060765203848921284 285 
104 137 16 0.08180467266605794 284 
105 140 17 0.06832344160302695 287 
106 140 17 0.028306480617080076 282 
107 143 15 0.0889539932135685 276 
108 143 16 0.01868266085963935 282 
109 144 17 0.07976190264710235 283 
110 145 16 0.036283689305063156 276 
111 146 16 0.0024933712787828352 287 
112 149 16 0.057867458689145224 275 
113 150 15 0.08865866690429886 279 
114 152 17 0.05593281946875739 274 
115 154 15 0.0282535894436964 291 
116 155 15 0.0551599399144752 280 
117 156 16 0.0011147153424505007 291 
118 157 17 0.0202263447102341 291 
119 159 16 0.048948574174186396 286 
120 160 17 0.027057439300184876 288 
121 164 17 0.07720019221361663 282 
122 164 17 0.04837051656250344 275 
123 165 15 0.019809977944761498 275 
124 165 15 0.036605815155166026 290 
125 167 15 0.06418653893769961 292 
126 168 16 0.00108854719466542 292 
127 169 16 0.014689258434437951 280 
128 171 17 0.03149125633804382 273 
129 173 16 0.08960474251054389 277 
130 173 17 0.07965211903105225 283 
131 173 16 0.07347930458140997 281 
132 173 17 0.06288337321307516 277 
133 175 15 0.03506784232536085 285 
134 177 16 0.07798577349391496 275 
135 177 16 0.04529581101735853 280 
136 178 15 0.010318556359988795 289 
137 179 16 0.03506335898179966 291 
138 179 16 0.07105010229122252 274 
139 180 15 0.08381760168192351 278 
140 183 15 0.07966387615492045 286 
141 183 15 0.04270052191867586 286 
142 183 15 0.0668307146937069 291 
143 184 15 0.034835273175599694 290 
144 184 16 0.07432371662186497 279 
145 186 16 0.04343643203331251 283 
146 186 17 0.071035458404222 285 
147 187 15 0.04267695062540817 273 
148 187 16 0.08459682054993718 278 
149 188 17 0.04273772031258234 287 
150 190 17 0.010299558112793122 290 
151 190 17 0.041482523124934216 283 
152 190 17 0.08837686072448304 284 
153 190 15 0.02927103136913519 287 
154 191 17 0.0184651915009497 289 
155 193 17 0.06924691684144332 288 
156 194 15 0.03632519261074095 274 
157 195 15 0.051880198538797447 287 
158 195 16 0.005717540988331732 292 
159 200 15 0.07168076692036725 282 
160 202 17 0.05448346325940132 272 
161 202 15 0.07095069429166706 273 
162 202 17 0.00480122436965561 288 
163 202 15 0.035722099818965486 278 
164 203 16 0.042787566538931475 279 
165 203 17 0.03549124986643031 274 
166 203 17 0.021833786190900588 278 
167 205 15 0.02188164713446436 285 
168 206 17 0.06309027502224379 287 
169 207 17 0.08399109438515934 277 
170 207 17 0.06898567969416829 280 
171 208 15 0.07775190923238585 282 
172 209 17 0.05568002438497457 275 
173 210 16 0.020961057099660545 280 
174 211 16 0.0264010089214509 274 
175 211 16 0.052871459789298844 280 
176 211 16 0.04375524747125345 287 
177 214 16 0.028590739383746757 282 
178 215 16 0.08514497025470065 285 
179 216 16 0.07294357649609048 281 
180 219 15 0.007262769329490994 287 
181 224 15 0.008515012380557506 286 
182 225 15 0.013302560609790657 287 
183 226 17 0.015318287043978362 291 
184 226 15 0.0715468783383725 277 
185 227 17 0.061231164175653115 291 
186 227 17 0.038303847108703604 285 
187 229 16 0.0024813861785597064 290 
188 229 16 0.031015325058506467 286 
189 231 16 0.00940486810194308 292 
190 232 15 0.036747349291716344 273 
191 232 17 0.029362334085891312 272 
192 232 15 0.047524735781016146 273 
193 234 17 0.08079418871187874 280 
194 235 17 0.021015962084472335 274 
195 236 16 0.08795353666058105 275 
196 236 17 0.0659273881352926 277 
197 237 16 0.02721689783983089 292 
198 238 17 0.007916608947755824 279 
199 238 16 0.03249635072340177 286 
200 240 17 0.00789867182091137 278 
201 240 16 0.018500776408697513 275 
202 241 15 0.07983251902799701 281 
203 241 16 0.047948422769004746 272 
204 242 17 0.03578487241052593 286 
205 242 17 0.021545961307449388 286 
206 243 16 0.018797749588798467 273 
207 247 17 0.06923150283232692 274 
208 248 16 0.04719960631624456 289 
209 248 17 0.08102641494151895 284 
210 248 15 0.07060994376741649 272 
211 250 17 0.04306994754056353 273 
212 251 15 0.01250626024256115 282 
213 252 15 0.07341473516162854 289 
214 253 17 0.03495991394193658 282 
215 254 15 0.08068814673308064 277 
216 254 17 0.010068585044768135 276 
217 257 15 0.08049212312466454 280 
218 257 15 0.08398008633448452 274 
219 258 15 0.06288288534483619 288 
220 258 16 0.06850328713966179 275 
221 259 17 0.0076487063608072815 288 
222 260 17 0.06690634133803264 281 
223 260 17 0.03534681209236874 283 
224 260 17 0.06486152228130974 291 
225 260 17 0.03511838399959254 278 
226 261 15 0.08456834772171741 280 
227 262 17 0.014157368391198261 276 
228 265 16 0.05782421216881382 275 
229 266 16 0.01970405459994519 280 
230 267 17 0.07705233611927599 291 
231 267 16 0.06459717260827896 285 
232 268 17 0.07146010267275706 287 
233 269 17 0.07043552315152929 283 
234 272 17 0.0866164534087168 283 
235 273 17 0.047061297744596095 273 
236 274 15 0.0871541737576777 275 
237 274 17 0.02479764596714981 288 
238 275 16 0.02406168231876244 290 
239 276 16 0.054078159761583734 287 
240 278 16 0.08901361391901766 275 
241 279 17 0.014757761738532847 292 
242 279 15 0.0866490457127528 275 
243 279 17 0.05494085935969648 273 
244 280 17 0.04293366246130833 273 
245 280 16 0.02691197697024307 281 
246 282 17 0.020399652566215554 279 
247 285 16 0.029012052564535692 272 
248 287 16 0.05746469855787879 286 
249 289 15 0.03979539332364529 281 
250 290 16 0.07601208170226374 280 
251 291 15 0.055839495608360566 280 
252 292 17 0.06542670243854104 286 
253 292 15 0.020637296322957313 280 
254 294 16 0.018902091944499856 282 
255 295 17 0.04609013848864102 288 
256 296 17 0.026111694708806407 283 
257 297 16 0.08636970179241665 287 
258 297 15 0.05222258082130887 285 
259 300 17 0.02491190866927315 286 
260 300 15 0.08014561666498812 274 
261 301 16 0.07391899007407673 278 
262 302 16 0.060158450735488596 282 
263 302 17 0.07322978573693753 277 
264 304 15 0.0619216687809499 287 
265 304 17 0.03935242787374479 278 
266 306 16 0.05445134408931272 277 
267 309 15 0.06034821931793742 286 
268 310 15 0.03742864810912607 281 
269 310 16 0.003322232053063613 273 
270 310 15 0.0390620758386595 289 
271 314 15 0.03728471615001035 272 
272 315 15 0.06496665709663631 280 
273 315 15 0.019233871069892872 282 
274 316 17 0.04998413946673749 285 
275 316 15 0.0791941614114989 289 
276 316 17 0.04917052454149496 281 
277 317 17 0.064672804955528 289 
278 319 17 0.007121943173516885 276 
279 322 15 0.08846277224167627 286 
280 322 15 0.07577964080975319 282 
281 323 17 0.028061111856723327 281 
282 323 15 0.055430109269339854 292 
283 324 15 0.07609989862336794 290 
284 324 15 0.07424754718692449 276 
285 325 16 0.051885467034133846 276 
286 325 17 0.06241667975721468 290 
287 326 17 0.05163944194763192 283 
288 326 16 0.04995965036347064 278 
289 327 15 0.01855110612559125 288 
290 328 17 0.0402676988869713 275 
291 329 16 0.03668065905317413 289 
292 330 17 0.005894703994087296 288 
293 331 16 0.024974971644473896 276 
294 332 17 0.013167495803899636 285 
295 332 15 0.05234941641264683 283 
296 335 15 0.06047729314416917 286 
297 337 16 0.01687183271986968 288 
298 337 17 0.024448648592298106 289 
299 338 16 0.04115111105293059 287 
300 339 15 0.08416418232964099 277 
301 341 17 0.07073135005193808 286 
302 343 16 0.017986978773549798 289 
303 343 17 0.014329494338311394 291 
304 344 15 0.0836896813444251 284 
305 344 16 0.04630651438337928 279 
306 347 16 0.047542635347490016 274 
307 347 16 0.053820675030183986 287 
308 347 15 0.049593988836159925 275 
309 348 17 0.06061521392712584 279 
310 349 15 0.06860157016357106 280 
311 349 17 0.054129867113277795 286 
312 349 15 0.027078926809878667 279 
313 351 15 0.06689792566284915 273 
314 352 15 0.08982872344981531 285 
315 354 15 0.023295044874246038 279 
316 357 17 0.041405854835956456 274 
317 357 16 0.040696483273855735 275 
318 358 17 0.0883494580295173 277 
319 359 15 0.01598156827833969 287 
320 361 17 0.08242122742195013 273 
321 362 16 0.08443009147366792 282 
322 362 17 0.03700045084471972 284 
323 362 15 0.026003869386805264 289 
324 363 15 0.016973914303680622 283 
325 364 17 0.06665057515173713 292 
326 366 17 0.04350950316293265 277 
327 366 16 0.05912478488601447 279 
328 366 16 0.030905122932284913 275 
329 367 15 0.003326025354803334 277 
330 369 17 0.017471120647759502 272 
331 370 17 0.007453338510121104 272 
332 372 17 0.051857962957436075 290 
333 372 16 0.010825018096386203 289 
334 373 16 0.05341467479335747 285 
335 375 15 0.06243567508667171 290 
336 375 15 0.06305393789882481 282 
337 376 17 0.0545030649002814 283 
338 376 17 0.08238786784104539 287 
339 378 15 0.011828104939188386 272 
340 378 16 0.02754143196266259 280 
341 380 16 0.003659444150334898 281 
342 381 16 0.0796107630483241 284 
343 382 15 0.07927272103978292 289 
344 383 15 0.06268133498324323 272 
345 384 17 0.05805483492978226 283 
346 385 17 0.08244686295350719 279 
347 387 15 0.07258871571063198 280 
348 387 16 0.03197731440938065 279 
349 388 15 0.08381468050390654 282 
350 388 16 0.06311859164670088 279 
351 389 17 0.004991889832240989 290 
352 389 16 0.056120982663263805 283 
353 389 16 0.06359079498222388 291 
354 391 15 0.016065244551537107 283 
355 391 17 0.06296226266030902 278 
356 392 16 0.009277869194578108 284 
357 393 15 0.01338548132549695 280 
358 393 15 0.04506070554855136 275 
359 394 16 0.04856305453539843 281 
360 394 17 0.08884920354423421 272 
361 394 17 0.08880106715544885 274 
362 397 17 0.0710178587669406 290 
363 397 17 0.025487058925704804 287 
364 397 15 0.07771086648046922 279 
365 397 16 0.08415176004417126 289 
366 398 16 0.009597889321106674 276 
367 399 17 0.016713782358936925 278 
368 400 15 0.009252258976298725 281 
369 402 17 0.015457379279012397 290 
370 402 16 0.08204271971250776 289 
371 402 15 0.022947321388722325 283 
372 403 17 0.08444940774619668 274 
373 404 17 0.039817694544252116 287 
374 404 17 0.05025430697532267 283 
375 405 16 0.009730614311303207 283 
376 406 16 0.08483541074411063 277 
377 406 17 0.011108504768471757 291 
378 407 16 0.020777818401952683 290 
379 412 15 0.07871880716536114 277 
380 414 17 0.04928267972801725 272 
381 414 17 0.022766424546960862 272 
382 415 15 0.03243730597960502 278 
383 416 17 0.06451063054982985 289 
384 417 16 0.08957648285060327 274 
385 418 15 0.049307096619502576 285 
386 419 16 0.06229118806209379 275 
387 420 15 0.04687281860352656 281 
388 422 17 0.0695756276407014 286 
389 422 15 0.07567674337266528 286 
390 423 15 0.06723303696671501 276 
391 424 16 0.01229215048334829 292 
392 426 16 0.035229943459018434 290 
393 428 15 0.03186498552473349 274 
394 428 17 0.07865424116607543 277 
395 428 17 0.0627099868973952 286 
396 429 16 0.053852903303482434 283 
397 430 15 0.03517545997995634 283 
398 433 17 0.019557652874203902 287 
399 434 17 0.04701647522282496 282 
400 435 15 0.08505976471960645 279 
401 435 17 0.06243430015587439 275 
402 437 17 0.07953095293688377 283 
403 437 17 0.023871964444256558 278 
404 437 16 0.08096260636081792 275 
405 438 17 0.04350209980601658 287 
406 439 17 0.016082262633978012 274 
407 439 15 0.0054357428851846456 282 
408 440 17 0.05724913243947427 282 
409 440 17 0.053807998269344584 284 
410 441 16 0.072385224406839 291 
411 441 17 0.07851647217630978 282 
412 443 16 0.05159053611288315 287 
413 443 16 0.057041145961299514 282 
414 444 17 0.01305711467508924 278 
415 444 17 0.014695908945170574 283 
416 446 17 0.061268718900887705 292 
417 446 17 0.044940468855350454 287 
418 447 17 0.020134610165779134 274 
419 449 17 0.02052955920226421 290 
420 450 15 0.07072845954446086 272 
421 452 15 0.06578762040056893 274 
422 453 17 0.013281474848207356 280 
423 456 15 0.004884115752323615 273 
424 458 17 0.0878180381839513 284 
425 458 16 0.04639614421559978 290 
426 459 15 0.0551478600672469 273 
427 459 16 0.034656427559775264 272 
428 461 17 0.020311993811376702 275 
429 462 16 0.07567406714471729 292 
430 463 15 0.04875103686747515 273 
431 463 17 0.08225016301005299 274 
432 463 17 0.08913019027368065 277 
433 464 17 0.031241475203706414 292 
434 464 16 0.03081181367966006 284 
435 464 17 0.01952258419675741 285 
436 464 16 0.050607378342629815 284 
437 465 15 0.07837674349183879 276 
438 466 15 0.0500364304027723 280 
439 469 17 0.08287853780291086 272 
440 469 15 0.0051477436853274655 277 
441 470 16 0.029463783889828555 287 
442 471 15 0.05980991126123586 277 
443 475 17 0.0687628108656421 285 
444 476 15 0.004951111708951726 281 
445 476 17 0.03427996160841919 289 
446 477 17 0.08372764285650763 277 
447 478 17 0.05834100131995114 286 
448 478 15 0.08848699979469844 286 
449 478 16 0.006516034573493894 275 
450 479 17 0.07841925822124468 276 
451 479 16 0.08500077836252876 281 
452 480 15 0.02424066810716659 276 
453 482 17 0.023806254047182233 284 
454 482 15 0.013742177078091476 282 
455 482 17 0.00820231688317941 289 
456 482 17 0.0033322937089670006 288 
457 483 15 0.03447092083590537 290 
458 484 17 0.07376938680484471 284 
459 484 15 0.07218108278174934 278 
460 484 15 0.07874505158976484 275 
461 486 15 0.03297650476206794 282 
462 486 15 0.027553642473503684 286 
463 487 16 0.07417831177723952 291 
464 488 15 0.002479213760089651 283 
465 489 16 0.07611335910136349 277 
466 489 17 0.054526468515607586 290 
467 490 15 0.08421025334706074 288 
468 490 16 0.012861702097535194 278 
469 491 16 0.019580533960704243 278 
470 493 16 0.04671726510941137 273 
471 497 17 0.017675483768151957 290 
472 497 15 0.013302691618822943 285 
473 499 16 0.05355417658205458 289 
474 502 16 0.08149270461574769 286 
475 502 16 0.022038062929482745 284 
476 504 16 0.06833289141725264 283 
477 504 16 0.05452585047336804 291 
478 504 16 0.06444756804521432 290 
479 504 17 0.07847588869458126 291 
480 504 15 0.059834537918626585 274 
481 504 17 0.06501330292388206 289 
482 505 17 0.049814530790236816 284 
483 505 15 0.027175461803870597 287 
484 506 17 0.00176729441284887 289 
485 506 16 0.03548914931332307 291 
486 506 16 0.007078452003589261 278 
487 507 16 0.0225322969465145 285 
488 507 16 0.004363999273087975 282 
489 507 15 0.022145272263407106 281 
490 507 17 0.06379523776044153 274 
491 508 16 0.059696418491619115 291 
492 508 16 0.02977858068019189 288 
493 511 17 0.04355147706293115 286 
494 514 15 0.04775537611069955 289 
495 518 15 0.016421537697873075 281 
496 519 15 0.03154989992519929 274 
497 521 15 0.04646219444083596 289 
498 521 15 0.04954396128306173 289 
499 523 17 0.07545576075720632 275 
500 525 17 0.004951437207870334 286 
501 526 16 0.06617462696272873 281 
502 528 17 0.008914471562070508 272 
503 529 17 0.047801110870724785 276 
504 530 17 0.0778286269506025 277 
505 531 15 0.08850792944177728 283 
506 532 16 0.06218657390288058 285 
507 533 16 0.019175143728923254 275 
508 534 17 0.08707521333163429 283 
509 536 15 0.0464470061158264 278 
510 537 17 0.06636587803381504 281 
511 538 15 0.03497383340133481 291 
512 540 15 0.019752646295133628 292 
513 542 17 0.018266084934904326 280 
514 542 17 0.08213569854178097 287 
515 542 15 0.0553759634631179 285 
516 544 17 0.04077413365740817 280 
517 544 15 0.02054803282564275 285 
518 545 17 0.006908495667848739 277 
519 545 15 0.06413578304261275 273 
520 546 17 0.018282791120292324 291 
521 548 17 0.0062571547187968745 283 
522 549 17 0.05739864295826605 275 
523 551 16 0.0848647833109492 289 
524 551 15 0.07237987583480689 279 
525 552 15 0.006442654509583259 288 
526 552 15 0.03205846679111708 280 
527 552 17 0.022173798794776232 289 
528 553 15 0.024538177318945833 281 
529 553 15 0.03584608254725434 283 
530 554 16 0.08608382478373873 274 
531 555 16 0.08035296301391702 283 
532 555 16 0.03334182091638421 277 
533 556 17 0.0881665453562119 273 
534 557 17 0.020838765060079187 285 
535 559 16 0.014955024872018635 276 
536 561 17 0.024156805939030707 280 
537 561 15 0.0060611788731849085 284 
538 563 15 0.032675471233778106 286 
539 565 15 0.053840171864726345 289 
540 566 17 0.046300014670955625 278 
541 568 17 0.06510258089662617 289 
542 569 16 0.03520092863341512 282 
543 570 15 0.08066196001712088 277 
544 571 17 0.04120782312962293 273 
545 573 16 0.06730444477673168 289 
546 573 17 0.056823145393852456 272 
547 574 15 0.03318134957714744 276 
548 575 16 0.07995375850488803 286 
549 575 17 0.07703885333339627 273 
550 577 17 0.037066529125850706 283 
551 579 17 0.07109331817443941 276 
552 579 17 0.023587752906859515 276 
553 579 16 0.0828389853527429 281 
554 582 15 0.023248250090887428 273 
555 584 15 0.03582652200059673 279 
556 585 17 0.0848806167105526 281 
557 586 16 0.010608224735602512 289 
558 587 17 0.040924658547771976 289 
559 587 15 0.031711578631943675 278 
560 587 17 0.02454741548587116 274 
561 588 16 0.08499945087360074 287 
562 589 17 0.007797848327079373 290 
563 591 15 0.07548868159119146 281 
564 592 16 0.003748612971125536 288 
565 592 17 0.06500069857898731 279 
566 596 16 0.08069918414371409 285 
567 597 17 0.07174046161533858 281 
568 598 17 0.011983578346273477 290 
569 599 17 0.05737926368723896 281 
570 599 16 0.039921401197914125 277 
571 600 16 0.023441395063682497 275 
572 603 16 0.0035638763174457976 286 
573 604 15 0.07614083877530486 276 
574 604 17 0.027186658775442674 276 
575 605 15 0.05627216529579149 273 
576 605 17 0.07605232902828456 273 
577 606 16 0.061976484050772565 281 
578 608 17 0.05976799470171437 291 
579 609 17 0.08873250761451183 284 
580 609 16 0.026805633164546042 275 
581 609 16 0.04478856846777683 284 
582 610 17 0.023291321705306393 283 
583 611 16 0.05535817158052484 289 
584 612 16 0.007145853917684401 278 
585 612 17 0.050812783565603384 286 
586 613 15 0.07500731856168041 272 
587 613 17 0.05237197830196806 290 
588 615 16 0.07799144658195059 281 
589 617 15 0.0181502566260124 286 
590 617 16 0.037631651328347566 277 
591 618 15 0.05719059463843156 286 
592 623 16 0.02801826175258617 272 
593 624 15 0.07537866325224761 285 
594 625 16 0.0675735746581362 288 
595 626 17 0.011995988796509 282 
596 628 17 0.012824280228476797 273 
597 629 15 0.08270671291855045 280 
598 632 17 0.054117409607874055 273 
599 634 15 0.0040633317056127174 288 
600 635 17 0.009495744842744902 284 
601 635 16 0.00732728367839771 291 
602 636 16 0.053321009338813924 274 
603 637 16 0.022048133499467448 272 
604 638 16 0.0055350325282887795 290 
605 639 16 0.04146929343243294 292 
606 639 15 0.08420311110356435 289 
607 641 17 0.02070751480878344 272 
608 641 17 0.011658764658748197 272 
609 643 17 0.01486515737935449 280 
610 643 17 0.024555436740594516 272 
611 643 15 0.057874937180298174 290 
612 644 15 0.0436768270398625 277 
613 644 15 0.06975241413335175 292 
614 646 16 0.027273592015593345 285 
615 650 16 0.030660633845232592 288 
616 650 15 0.03191799359853948 282 
617 651 17 0.05609008287217856 289 
618 652 15 0.08252896066328871 272 
619 654 16 0.004543295800842163 284 
620 654 17 0.009177071894700267 283 
621 656 17 0.0486446762264583 286 
622 656 17 0.051578578852124995 290 
623 658 15 0.01470068003624659 279 
624 658 15 0.018177062928420584 287 
625 659 17 0.047910874160411863 273 
626 659 15 0.07512870864384373 292 
627 659 16 0.06785913547258358 290 
628 662 15 0.04294057728150038 288 
629 664 17 0.0759570913171331 276 
630 664 17 0.019716068331978313 282 
631 665 15 0.08375662524966229 285 
632 666 17 0.03689079882807024 286 
633 667 17 0.002081000435494449 284 
634 668 17 0.01019723413188953 288 
635 670 16 0.07359222793200017 292 
636 671 16 0.06434025609103611 278 
637 671 15 0.019953259845473807 289 
638 672 16 0.08198469299070106 284 
639 675 17 0.08712181856168597 288 
640 676 16 0.023077510079125504 279 
641 677 15 0.00523837937817738 278 
642 677 15 0.03729222354629325 276 
643 679 17 0.018417476941609886 286 
644 681 17 0.06340952513484621 281 
645 681 16 0.004786183317977458 273 
646 688 15 0.05964851056231742 290 
647 689 17 0.042400810140475295 291 
648 689 15 0.04681549374930989 285 
649 690 15 0.03264626865685814 275 
650 690 16 0.06382443405861049 272 
651 691 15 0.017693559403120465 289 
652 693 15 0.02035908510348004 284 
653 694 15 0.022358986841248096 276 
654 694 17 0.04577257806097748 277 
655 694 16 0.07944626723676071 273 
656 696 16 0.007455920924397902 279 
657 697 17 0.030412131817260966 272 
658 697 16 0.039161954738109274 286 
659 697 15 0.060276941732668045 290 
660 697 16 0.012962804170381079 288 
661 698 16 0.026072222405957062 272 
662 698 15 0.08067062187299517 285 
663 700 16 0.056416980064526695 274 
664 702 16 0.011997610347757249 291 
665 702 15 0.07591816701895435 279 
666 702 17 0.04098685540363388 277 
667 705 15 0.01657460434168013 275 
668 706 17 0.02716404306304209 282 
669 707 15 0.0011023159421616067 274 
670 708 15 0.05347591120592811 272 
671 709 17 0.031832597220820893 278 
672 709 15 0.06451635663349345 286 
673 711 15 0.027293712043434754 284 
674 713 17 0.05755096793951468 276 
675 714 16 0.03503697500618007 283 
676 714 15 0.015253736115717339 275 
677 715 17 0.02682357178750706 285 
678 717 15 0.08979712236502001 279 
679 721 16 0.03880480499840621 280 
680 721 16 0.06291100093658215 272 
681 722 15 0.07912316874318717 277 
682 722 17 0.08587128388037951 280 
683 726 17 0.08022358298074458 290 
684 726 15 0.08488136899225243 279 
685 726 16 0.04107726740418452 273 
686 726 15 0.02674416018137156 277 
687 727 15 0.016371640937417848 276 
688 728 17 0.08953623610655867 276 
689 730 17 0.041051286248551894 277 
690 731 15 0.059247427124962296 280 
691 731 15 0.0448445518743188 277 
692 731 17 0.06499328433860271 281 
693 732 16 0.059182890729539625 291 
694 732 15 0.045916105057821385 272 
695 732 17 0.07033515135570924 280 
696 734 15 0.07155878367077897 276 
697 735 17 0.08709454380985047 290 
698 735 17 0.01901404060302457 279 
699 735 15 0.02348082082374819 289 
700 736 15 0.03308813187916643 291 
701 737 15 0.06402926933432596 290 
702 738 15 0.036561077489020204 273 
703 739 16 0.0044209397830359525 287 
704 739 15 0.08355710771712033 276 
705 740 15 0.015796179939833423 277 
706 741 17 0.041168628191682204 285 
707 741 15 0.07843882672801733 287 
708 745 16 0.05757066560575041 286 
709 746 16 0.0526001729368839 276 
710 746 16 0.08659444118616878 284 
711 747 16 0.008349086647129834 280 
712 747 15 0.06211491604853155 283 
713 747 16 0.06712139396910116 288 
714 751 15 0.04810390327434557 272 
715 751 15 0.030107056275259277 292 
716 752 16 0.03765303237608356 291 
717 753 17 0.05128802449580238 275 
718 753 17 0.05429062822848763 273 
719 756 16 0.0011494294946679429 276 
720 757 17 0.003487640660980853 284 
721 759 17 0.0015929570306992239 278 
722 761 16 0.03956992014998962 274 
723 762 15 0.05912722235996938 274 
724 762 15 0.024639788380045713 292 
725 763 17 0.02477111963955056 283 
726 763 17 0.052628208676898186 292 
727 764 16 0.036071546979221304 277 
728 765 16 0.006282499656244439 281 
729 765 15 0.03564267482120862 291 
730 767 15 0.018856937274109496 283 
731 771 17 0.06720473287221952 292 
732 771 15 0.063071500382447 291 
733 771 17 0.06305083540890859 277 
734 773 15 0.05258146427872131 289 
735 773 17 0.04066205271098117 272 
736 773 15 0.013633036937519306 286 
737 774 17 0.06727658534381271 277 
738 775 16 0.057195440530593195 292 
739 779 16 0.02019781980339641 286 
740 779 16 0.07885619113651073 278 
741 780 15 0.054457494117180004 276 
742 782 15 0.024186085123948767 278 
743 783 16 0.06357896633890085 290 
744 784 17 0.07079326227825568 276 
745 785 15 0.0856828351432435 282 
746 785 17 0.04706714707531451 286 
747 786 17 0.04118741805860372 281 
748 787 15 0.04506093259796167 280 
749 788 16 0.05249735919489134 292 
750 790 17 0.05557095728994688 278 
751 791 16 0.08606338812449141 278 
752 792 15 0.07387618178013815 279 
753 793 16 0.05193209971423925 282 
754 794 16 0.005824394675082242 279 
755 794 16 0.06814178493011859 289 
756 796 16 0.06338658911996584 278 
757 799 17 0.08682805436630094 276 
758 801 17 0.07066496614906737 285 
759 802 16 0.0716416173218344 285 
760 803 16 0.08134941083082026 275 
761 804 16 0.07620146287757482 285 
762 804 15 0.07896823175997533 283 
763 805 16 0.011761074695123889 279 
764 807 16 0.06588774308592532 285 
765 807 17 0.0586871001541393 280 
766 807 16 0.020728845432285703 278 
767 809 17 0.05886176822556656 279 
768 809 15 0.08414090866263885 273 
769 810 15 0.07670453067880569 277 
770 812 17 0.010500489976379458 276 
771 813 16 0.07096367330850019 279 
772 813 15 0.023864795754136605 291 
773 814 15 0.0750747698423709 273 
774 814 15 0.023886568820884947 278 
775 815 15 0.04271437400445025 274 
776 815 15 0.08094358225651702 277 
777 816 16 0.0405280804515471 279 
778 817 17 0.017578179413152872 277 
779 818 15 0.04421785792579837 283 
780 818 17 0.04618228170506794 279 
781 818 15 0.029788154928202096 279 
782 819 15 0.029809800967399082 280 
783 819 17 0.010024565695425307 287 
784 821 17 0.0070842277139248865 280 
785 822 17 0.023241812837823544 278 
786 822 16 0.007208090478784379 288 
787 822 15 0.02861035023499225 278 
788 822 16 0.002461864043458774 287 
789 823 16 0.0350461789208506 290 
790 825 16 0.08739602257696748 283 
791 827 15 0.0018748382507055498 286 
792 827 17 0.06952088633653533 286 
793 827 15 0.0699894894083729 282 
794 828 16 0.04409302914419274 291 
795 829 17 0.03868122977105204 285 
796 830 16 0.05400792209448361 291 
797 830 15 0.062307144242692625 287 
798 831 15 0.01080783559927577 281 
799 833 16 0.009610475683322142 274 
800 834 16 0.029931761210203005 280 
801 834 15 0.03989841912327343 279 
802 838 17 0.04947349323007057 281 
803 839 15 0.06419427246653567 272 
804 840 17 0.025961016372407195 281 
805 841 17 0.06858470142825904 276 
806 841 15 0.049756259213972205 273 
807 842 17 0.03149354932932564 286 
808 844 17 0.032253235780093044 291 
809 848 16 0.024420857193865504 274 
810 848 16 0.051492048464718415 273 
811 851 16 0.04675359577843645 289 
812 851 17 0.02701407882630886 272 
813 853 16 0.026773450692251108 277 
814 854 17 0.06709813548651497 284 
815 854 16 0.054631530609199785 288 
816 855 16 0.008657901091557327 288 
817 855 17 0.04778818337648525 272 
818 856 17 0.05447973077471736 287 
819 856 15 0.04241235504446856 284 
820 856 16 0.07292095706020671 283 
821 857 16 0.06914265910394336 288 
822 858 17 0.05456444734240136 274 
823 858 15 0.05610991312385589 284 
824 859 17 0.07787617759713009 287 
825 859 15 0.008315697724696406 276 
826 860 16 0.03061792155611966 285 
827 862 16 0.036480920541529904 285 
828 863 16 0.022836609262828732 290 
829 868 17 0.05191859283970031 281 
830 869 15 0.07702817535031259 287 
831 869 17 0.07532018521409128 276 
832 870 17 0.03662843680032299 290 
833 871 16 0.06247902719407597 284 
834 872 15 0.06350467624744369 282 
835 872 15 0.021987263158174106 273 
836 872 15 0.08048690596395623 280 
837 874 16 0.026065286682460248 285 
838 875 16 0.033220270911348694 278 
839 875 17 0.04546111167481372 289 
840 876 17 0.06574015174535872 292 
841 876 15 0.018836864614586734 274 
842 879 15 0.03319868630727925 286 
843 879 16 0.08159585012782332 280 
844 882 16 0.049079008883389064 278 
845 882 15 0.003615512194856213 288 
846 883 17 0.049257266814726766 282 
847 886 16 0.05645695698879486 288 
848 888 16 0.06154183945940124 283 
849 889 15 0.06889572725912621 282 
850 889 16 0.02958343636080748 275 
851 889 16 0.0015402082382975826 286 
852 890 16 0.08255811782060914 273 
853 891 17 0.08197318135849345 283 
854 891 15 0.013226318506577878 281 
855 891 15 0.026079276030644423 289 
856 892 17 0.058002253664358114 279 
857 892 17 0.03406398462625901 274 
858 894 17 0.04727631171007702 292 
859 894 17 0.08427971585432946 276 
860 894 15 0.0165427557853324 277 
861 894 16 0.07852186777132751 277 
862 896 15 0.010195267875390341 272 
863 897 15 0.08636657069658736 280 
864 897 15 0.05952591895550826 279 
865 898 15 0.07948651346168807 284 
866 898 17 0.08100451073640573 292 
867 898 17 0.04489459301359496 275 
868 899 17 0.03309492588009418 292 
869 902 17 0.026057090025611095 292 
870 902 16 0.0843852324618127 284 
871 903 17 0.006659901564895316 292 
872 904 17 0.06373721519014815 291 
873 904 15 0.010549370627099725 284 
874 904 15 0.04588195896413247 282 
875 905 17 0.06775485966378751 286 
876 906 17 0.06787660136599641 287 
877 906 15 0.08854573199769093 278 
878 906 16 0.08802554146088579 283 
879 907 16 0.0213003496820056 274 
880 908 17 0.06168705992102718 289 
881 910 15 0.02458603059447795 279 
882 910 17 0.07162456492790853 286 
883 910 17 0.05577644920314228 289 
884 910 16 0.0539708456914853 275 
885 911 15 0.05660522505677961 273 
886 913 16 0.08632359141570975 275 
887 913 17 0.08134106698917731 291 
888 914 16 0.02254855994619366 285 
889 914 17 0.057379600690767286 284 
890 915 17 0.026289207424831103 279 
891 916 16 0.04047095556721408 288 
892 916 17 0.06848200210882703 280 
893 916 17 0.02319100275172068 280 
894 917 16 0.03164763155042656 273 
895 918 15 0.011134155755435835 274 
896 919 15 0.08885675819807787 284 
897 921 17 0.010674391001075152 274 
898 921 17 0.07493999338774512 279 
899 923 15 0.08369019902213733 273 
900 923 17 0.016703424459050247 289 
901 924 15 0.07820526833274977 282 
902 925 15 0.06172513011165727 285 
903 925 17 0.02621831196094719 280 
904 927 16 0.04392323784343078 279 
905 929 16 0.051491377448904745 290 
906 929 15 0.04077826274806955 275 
907 929 16 0.021155169204462913 288 
908 929 15 0.08537715593782431 292 
909 929 15 0.044181630622677194 287 
910 931 17 0.0529470999814136 283 
911 934 15 0.054777855678572594 281 
912 934 16 0.08258173199195465 282 
913 935 15 0.008046316472037851 285 
914 935 16 0.016107092320610125 283 
915 935 15 0.07524771426916584 280 
916 936 15 0.08092912773402948 272 
917 936 17 0.005373209796024 288 
918 937 17 0.07014066388180568 288 
919 939 15 0.08351753896344437 280 
920 939 16 0.01936118530324078 279 
921 940 16 0.040550154123360056 278 
922 940 15 0.07362711770437533 277 
923 941 15 0.0037833296022227775 278 
924 943 15 0.07576284071461799 284 
925 945 16 0.07099862891707286 277 
926 946 17 0.022151786390632897 282 
927 947 16 0.03142580704752211 280 
928 948 16 0.07175512837459434 274 
929 950 17 0.02930862231607274 290 
930 950 15 0.03712041129356861 278 
931 950 17 0.02086542665124656 281 
932 951 16 0.05877498782930021 290 
933 951 16 0.04272025585177349 282 
934 952 15 0.0115529410332447 272 
935 953 16 0.06325261311291534 283 
936 954 15 0.08236150822833596 289 
937 955 17 0.057155221307678215 273 
938 955 15 0.07930036612108829 272 
939 956 15 0.0070732825354089274 280 
940 959 16 0.02069530985238067 290 
941 961 17 0.07942367026196243 278 
942 961 15 0.06653894837664723 290 
943 964 17 0.08952493989913682 282 
944 966 17 0.07052853205982118 284 
945 967 16 0.0773927945782692 281 
946 967 16 0.05312180991188825 288 
947 968 15 0.0058020767664422905 285 
948 968 15 0.013780999242408123 289 
949 968 15 0.07509816037442954 279 
950 969 15 0.012931950495601977 283 
951 971 17 0.0752059289149888 275 
952 971 17 0.043515433347412216 275 
953 974 15 0.07745949723751089 292 
954 976 16 0.05759924187742685 274 
955 976 15 0.05150419538169305 291 
956 979 16 0.0601439978088783 289 
957 980 16 0.002807798634869404 275 
958 980 15 0.0773802280503328 277 
959 981 15 0.04168215957703813 273 
960 981 15 0.07737966119315046 285 
961 983 15 0.055523342896580584 275 
962 985 17 0.08078879251260628 292 
963 986 17 0.08508219902519154 276 
964 986 17 0.06640669347772639 273 
965 986 17 0.06495752223131535 287 
966 986 17 0.021882332660644665 278 
967 989 16 0.010836253913377808 289 
968 989 17 0.020144561369156423 288 
969 991 17 0.04032264048712985 279 
970 991 17 0.04927053176659633 287 
971 993 17 0.03945378654724413 273 
972 994 17 0.026772212122621746 276 
973 997 16 0.08267207726860282 277 
974 998 16 0.06624530688925065 278 
975 998 16 0.019653111858041104 274 
976 1001 16 0.023578483232536283 280 
977 1001 17 0.06926409727000066 290 
978 1002 17 0.038003944652173174 273 
979 1006 17 0.0310192827542144 283 
980 1006 17 0.028811328439743825 288 
981 1007 15 0.04170196890286196 272 
982 1007 16 0.053928790374427986 277 
983 1009 16 0.028296251439058936 283 
984 1010 17 0.07473367358837586 292 
985 1012 15 0.009693362126754836 283 
986 1016 16 0.026904529862059785 290 
987 1017 17 0.016892508967265997 275 
988 1017 15 0.037958112017879325 279 
989 1020 16 0.07053832871982414 281 
990 1021 17 0.010591983494982669 287 
991 1022 16 0.07053158723962662 274 
992 1022 16 0.057460110225973804 288 
993 1023 15 0.017891807159512513 285 
994 1023 15 0.03644086914738198 272 
995 1024 17 0.0406403974208399 278 
996 1024 15 0.081252254211927 281 
997 1027 16 0.061248519003554165 292 
998 1028 17 0.08725227387151342 285 
999 1029 15 0.04003464563198553 291 
1000 1029 15 0.08036021808266541 291 
1001 1034 17 0.04194998691357355 284 
1002 1035 16 0.06704037402579908 289 
1003 1036 16 0.029313628292963474 284 
1004 1036 16 0.026297857820234086 275 
1005 1038 16 0.06415579425485485 283 
1006 1039 15 0.055018623486138354 272 
1007 1040 15 0.019115709083409288 279 
1008 1041 15 0.04978627333223002 287 
1009 1042 15 0.08443406077228066 278 
1010 1042 17 0.08460850787481868 273 
1011 1043 16 0.04626639025837067 288 
1012 1048 16 0.015097755981125793 279 
1013 1048 16 0.053428591051971515 277 
1014 1050 16 0.03751176580324231 278 
1015 1050 16 0.07547029751897458 289 
1016 1051 16 0.08151325488816685 283 
1017 1051 17 0.08915262496185634 274 
1018 1054 16 0.0639955285724313 272 
1019 1055 15 0.04948397150587656 288 
1020 1056 15 0.0016337393582921676 283 
1021 1057 17 0.00498872412748993 272 
1022 1058 17 0.0264732694607797 284 
1023 1058 16 0.07336177960722488 284 
1024 1058 17 0.07577490630546654 273 
1025 1060 16 0.050114472584712466 272 
1026 1061 15 0.016768500875821525 288 
1027 1062 15 0.08347423362321799 273 
1028 1063 15 0.03302298044912119 283 
1029 1063 16 0.06676758088052888 292 
1030 1063 15 0.016980589695582235 273 
1031 1063 17 0.08669505962479347 289 
1032 1065 15 0.06808241105946236 290 
1033 1065 17 0.042103867530278796 291 
1034 1067 16 0.0283636384403073 276 
1035 1067 15 0.02559148814400423 292 
1036 1067 15 0.017164627974601634 276 
1037 1067 15 0.05231205401670871 282 
1038 1069 16 0.03619849179243678 273 
1039 1071 16 0.04794444392300826 274 
1040 1072 17 0.06813888719763349 281 
1041 1072 17 0.0110494860976703 286 
1042 1074 15 0.06498441936902256 278 
1043 1074 17 0.05240445094670622 280 
1044 1074 17 0.029246059137855027 277 
1045 1080 17 0.07178171667026861 275 
1046 1080 17 0.04113269063145443 280 
1047 1080 15 0.05740191349143087 281 
1048 1081 17 0.06066554507507969 282 
1049 1083 15 0.07030930201291094 282 
1050 1083 17 0.03741851854963804 273 
1051 1086 17 0.07634251380132305 275 
1052 1088 17 0.06864361498040193 289 
1053 1089 16 0.015362660258868437 276 
1054 1089 17 0.015430140928672197 282 
1055 1089 16 0.08175018575128151 279 
1056 1090 15 0.06687251978168406 276 
1057 1090 16 0.004486822660140338 284 
1058 1091 17 0.06942963235894839 291 
1059 1091 16 0.019237046184867712 280 
1060 1092 15 0.005239076726231775 291 
1061 1092 16 0.08341141036930814 289 
1062 1093 15 0.025595876582626208 279 
1063 1094 17 0.061325577017836405 272 
1064 1094 15 0.07587186128065064 275 
1065 1096 16 0.0810695898584518 292 
1066 1096 15 0.07540360603242241 272 
1067 1099 17 0.042203156976918794 289 
1068 1099 17 0.06434868468497706 286 
1069 1099 15 0.03184887852886147 290 
1070 1100 17 0.01177439598480019 288 
1071 1101 15 0.033088363764437 275 
1072 1101 16 0.07006380856471602 281 
1073 1101 17 0.02256008099635106 287 
1074 1105 17 0.0887723200005713 273 
1075 1107 15 0.08269649716836874 275 
1076 1107 17 0.028787214813449046 277 
1077 1107 15 0.08311200936463943 292 
1078 1108 17 0.07126869348756944 289 
1079 1111 15 0.06932638660753822 291 
1080 1114 16 0.007651172947338075 291 
1081 1114 16 0.009819593439351633 285 
1082 1114 15 0.033174725186945093 282 
1083 1115 15 0.019866645198944936 272 
1084 1115 17 0.015361990154965588 278 
1085 1117 16 0.06316995285561233 274 
1086 1119 16 0.01556551256289751 290 
1087 1120 17 0.014909174231066306 285 
1088 1120 17 0.03412276980849525 273 
1089 1121 15 0.020676521716053824 290 
1090 1121 15 0.0586153723497213 285 
1091 1123 15 0.019790191235452958 292 
1092 1124 15 0.008264784508915872 281 
1093 1127 17 0.027238272145234645 278 
1094 1129 15 0.0037588877651380413 287 
1095 1130 15 0.03916939778665768 282 
1096 1131 16 0.03175621804715066 274 
1097 1131 17 0.04515355662005596 278 
1098 1131 17 0.06534302526444359 288 
1099 1132 17 0.03466422426658166 275 
1100 1132 16 0.04542157226120379 277 
1101 1132 16 0.0886063887458356 287 
1102 1132 15 0.0884053894119459 276 
1103 1133 15 0.07862718392562443 274 
1104 1134 17 0.04521091653552151 282 
1105 1134 17 0.027352685718033794 276 
1106 1135 17 0.04977833467144125 289 
1107 1135 16 0.06747686164161291 281 
1108 1139 16 0.08658240920845778 285 
1109 1142 16 0.009663739496908724 283 
1110 1142 17 0.07822371085693308 276 
1111 1145 17 0.019167665629060145 285 
1112 1145 15 0.04533217034954703 273 
1113 1145 17 0.005636454405516609 273 
1114 1146 17 0.0227040698139623 284 
1115 1147 15 0.04937125510250204 282 
1116 1147 16 0.05211906378478117 291 
1117 1148 15 0.08044583696147581 279 
1118 1148 17 0.022848019582192767 282 
1119 1152 16 0.055244828013021316 288 
1120 1153 16 0.06109560787545284 274 
1121 1155 17 0.07695633056734506 278 
1122 1157 15 0.06759153577442734 276 
1123 1158 16 0.02472656942364389 286 
1124 1159 16 0.05745688986533249 277 
1125 1161 16 0.00667608608101484 281 
1126 1161 15 0.04841535289634166 272 
1127 1162 17 0.03816803547833066 292 
1128 1163 15 0.0625426211316908 286 
1129 1165 15 0.039326676511438646 272 
1130 1165 16 0.006797966966184924 280 
1131 1166 15 0.040501673990587836 292 
1132 1169 15 0.03119841717864081 289 
1133 1170 17 0.08466605802946456 272 
1134 1171 15 0.04682990685489935 280 
1135 1172 17 0.08439960040448342 291 
1136 1173 15 0.037454141250849754 284 
1137 1173 17 0.044036909284016185 284 
1138 1175 15 0.06970854886412681 279 
1139 1175 15 0.059089615243452145 283 
1140 1176 15 0.017143265476983076 292 
1141 1176 17 0.07691830535792217 277 
1142 1176 17 0.05266320897264231 273 
1143 1177 16 0.08554188014472143 279 
1144 1179 15 0.03203499759869185 289 
1145 1179 17 0.05661867659185733 291 
1146 1180 17 0.07336737307057063 280 
1147 1181 16 0.01061507404832113 277 
1148 1181 16 0.06334447464959454 280 
1149 1181 17 0.0106875390770526 273 
1150 1181 17 0.022223071413438905 276 
1151 1181 15 0.06580041692148586 275 
1152 1182 15 0.06002711125882698 275 
1153 1182 15 0.0455213700560157 288 
1154 1182 17 0.07020530782775539 290 
1155 1184 17 0.022928193850021997 281 
1156 1184 15 0.026963674620621284 289 
1157 1185 15 0.08586171870607336 285 
1158 1186 16 0.040486424979686075 287 
1159 1186 16 0.04604548011528759 283 
1160 1188 15 0.06959790495653513 286 
1161 1189 15 0.08107962299203729 280 
1162 1189 15 0.05169349021346833 281 
1163 1189 15 0.05985485189926 284 
1164 1190 15 0.01018397721915209 277 
1165 1192 16 0.06829072926630479 276 
1166 1195 17 0.03428469577762489 272 
1167 1196 16 0.01422100105387631 273 
1168 1197 16 0.018395733241778248 290 
1169 1198 15 0.0655396727708934 292 
1170 1198 15 0.0629100631355007 292 
1171 1199 15 0.022402862303537968 272 
1172 1199 15 0.059832850661043394 291 
1173 1200 17 0.070954033879042 284 
1174 1200 15 0.07345772825568966 289 
1175 1203 17 0.06753509222056853 282 
1176 1203 17 0.052144725878131494 277 
1177 1203 16 0.02174149576318977 280 
1178 1203 16 0.012510639130967387 274 
1179 1205 15 0.007896973719165062 276 
1180 1205 16 0.0017477055563165332 288 
1181 1206 16 0.059641090484310176 286 
1182 1206 17 0.08200467238493282 273 
1183 1206 17 0.06497827462574773 276 
1184 1207 15 0.05928329573352728 288 
1185 1209 17 0.07642295353178637 272 
1186 1210 16 0.0582099959944461 277 
1187 1210 16 0.014549876931860443 275 
1188 1213 16 0.015745865828730936 279 
1189 1213 17 0.01818861420830698 277 
1190 1215 17 0.08465529131108518 285 
1191 1215 16 0.058949518536550845 281 
1192 1216 17 0.08491614038119528 284 
1193 1216 16 0.04506022627240443 281 
1194 1217 17 0.06569830321808198 277 
1195 1219 16 0.08222241514277322 281 
1196 1219 17 0.08652594978145382 282 
1197 1222 17 0.07049850122523607 279 
1198 1224 15 0.01298095657585337 274 
1199 1225 15 0.055998947883421836 276 
1200 1226 17 0.015264911194252512 281 
1201 1226 16 0.04168366801630563 288 
1202 1226 16 0.007042357785337438 281 
1203 1228 16 0.03766934077458856 279 
1204 1229 16 0.019429735661921632 275 
1205 1230 17 0.049228139533300394 282 
1206 1231 15 0.007885204276712809 286 
1207 1232 16 0.02156273639646342 285 
1208 1233 15 0.02738001815134023 282 
1209 1235 16 0.04965414703934142 274 
1210 1236 15 0.042718041966103695 281 
1211 1237 16 0.0393594335299591 276 
1212 1237 17 0.044650699124509155 292 
1213 1239 16 0.014565279956093871 287 
1214 1243 15 0.0717797694545232 289 
1215 1246 17 0.037403404250902834 273 
1216 1246 15 0.05155913385594195 290 
1217 1246 16 0.03597950138928218 272 
1218 1246 16 0.041337462335227296 274 
1219 1247 17 0.05053852659306153 275 
1220 1247 15 0.029356609541539173 282 
1221 1247 15 0.07044001558194694 277 
1222 1248 17 0.060006093393200295 291 
1223 1248 17 0.008350500247703382 283 
1224 1249 15 0.07758887784582175 287 
1225 1249 15 0.04799841518975354 287 
1226 1249 17 0.052203583282637286 282 
1227 1250 16 0.03678518540571295 291 
1228 1252 17 0.04618705266997206 285 
1229 1252 17 0.04023241076736453 273 
1230 1255 16 0.0778533675128888 290 
1231 1257 15 0.056705680831279734 285 
1232 1258 15 0.0407086246011226 290 
1233 1258 15 0.04062386645836249 272 
1234 1258 15 0.025541195134876748 287 
1235 1259 17 0.0641408177026717 279 
1236 1260 17 0.04543873708814706 277 
1237 1260 16 0.037405878315531285 292 
1238 1260 16 0.06407773271585301 275 
1239 1261 16 0.07091394185502518 291 
1240 1261 17 0.0833559413931557 281 
1241 1263 16 0.037401863269870515 288 
1242 1264 17 0.05615930601630542 284 
1243 1267 17 0.07821643926835355 283 
1244 1267 16 0.03308680118949915 277 
1245 1267 17 0.04744361537709323 281 
1246 1269 16 0.022344373391898972 290 
1247 1270 17 0.059769605973890055 285 
1248 1271 17 0.03282166840432155 283 
1249 1272 16 0.05450268844920036 281 
1250 1273 16 0.03231608516654963 292 
1251 1273 15 0.057436966051123285 276 
1252 1274 17 0.0391848499515126 275 
1253 1275 17 0.08483542681036514 290 
1254 1276 16 0.039300032282411565 281 
1255 1278 17 0.05603413117544591 290 
1256 1279 16 0.049988522542455366 276 
1257 1280 16 0.07655130569410298 279 
1258 1280 16 0.06452120357480702 288 
1259 1281 15 0.051408809773710484 274 
1260 1282 15 0.07167130264539251 278 
1261 1282 16 0.033423922896817865 290 
1262 1283 16 0.07495768817686953 272 
1263 1284 15 0.056458638972870914 273 
1264 1285 16 0.04686003112196549 276 
1265 1285 15 0.009289569716442275 275 
1266 1287 17 0.04625632149499702 279 
1267 1290 17 0.030468733273610733 285 
1268 1291 15 0.013419489756397819 290 
1269 1292 15 0.003867281636539666 280 
1270 1292 16 0.028163290688480103 290 
1271 1293 15 0.03590353927448768 272 
1272 1295 17 0.05825094792154297 277 
1273 1295 15 0.061060527167237616 277 
1274 1295 15 0.03929780473767046 273 
1275 1296 16 0.03714070903018007 283 
1276 1296 15 0.012099864808830907 282 
1277 1296 16 0.02811929350784939 283 
1278 1297 17 0.027642010929991453 286 
1279 1299 17 0.07820486960801941 277 
1280 1300 16 0.016622713088178722 290 
1281 1300 15 0.06283885448397428 272 
1282 1302 17 0.024130096161306284 275 
1283 1302 15 0.0012519806789832032 275 
1284 1304 15 0.056941315714641706 275 
1285 1304 17 0.010100120204543091 280 
1286 1304 17 0.08866748008562854 292 
1287 1306 17 0.006796209417414137 276 
1288 1307 17 0.08351200821313269 284 
1289 1307 16 0.009881262983514435 289 
1290 1309 17 0.042984470255921385 274 
1291 1310 16 0.02662229590110471 276 
1292 1311 16 0.065839005445576 277 
1293 1313 16 0.04096281629782588 285 
1294 1315 17 0.012220872520415062 290 
1295 1317 15 0.029974110323045963 279 
1296 1317 15 0.022382303092994646 285 
1297 1318 17 0.07677123077293385 278 
1298 1318 16 0.05423701431214796 274 
1299 1320 16 0.03957473948211017 277 
1300 1321 15 0.03353333071554119 282 
1301 1321 15 0.04019220887142461 285 
1302 1323 15 0.07365582019453443 275 
1303 1323 15 0.0023783412870415277 280 
1304 1324 16 0.005887480281222791 275 
1305 1325 15 0.02273029483288807 284 
1306 1326 17 0.02033591449990784 273 
1307 1327 15 0.03341851987643641 288 
1308 1327 16 0.007546077038794219 281 
1309 1328 16 0.04756711299303842 284 
1310 1328 16 0.03649952252748677 289 
1311 1331 15 0.06700878488385621 281 
1312 1331 15 0.05417050740968465 281 
1313 1331 17 0.03008388102099032 280 
1314 1332 16 0.020206552084868008 290 
1315 1333 17 0.053225700652410314 276 
1316 1335 16 0.007396129513412502 273 
1317 1338 16 0.05427380215546087 277 
1318 1339 15 0.004978542624962589 288 
1319 1339 15 0.057643823865651145 287 
1320 1341 17 0.010189200811741014 274 
1321 1343 16 0.08328311113872111 276 
1322 1343 17 0.04363702988807763 289 
1323 1345 16 0.0010559288912914725 286 
1324 1345 17 0.0805357341411634 287 
1325 1345 17 0.019383074079764053 277 
1326 1346 16 0.0024952713257442635 281 
1327 1346 17 0.012896974696528982 287 
1328 1347 17 0.08440352390427078 272 
1329 1348 15 0.032107668539271474 292 
1330 1350 17 0.06272355605622314 284 
1331 1353 17 0.02918195699752404 276 
1332 1354 17 0.05168801936976701 279 
1333 1354 17 0.023553664776081545 288 
1334 1354 15 0.05026705369231261 283 
1335 1355 15 0.02484626740427995 277 
1336 1358 15 0.0050487938446185845 289 
1337 1359 16 0.08964212931292864 292 
1338 1361 16 0.04269957448975123 282 
1339 1361 17 0.04695081377716951 289 
1340 1363 15 0.003908246452386712 275 
1341 1363 15 0.05713502155660748 287 
1342 1363 17 0.0353610425463245 292 
1343 1364 17 0.06776867209104719 289 
1344 1364 16 0.07548680028449863 275 
1345 1367 15 0.05682211829538976 275 
1346 1367 15 0.009932549484656664 290 
1347 1368 16 0.029282128629895002 281 
1348 1368 15 0.01390744131751204 276 
1349 1368 16 0.03594788986432245 278 
1350 1370 17 0.04738133076358421 285 
1351 1370 17 0.0571782272256208 288 
1352 1371 15 0.08530690459263092 285 
1353 1373 16 0.06053302163235315 273 
1354 1373 17 0.03104235085760952 272 
1355 1373 15 0.07597387560986416 286 
1356 1374 16 0.01335020095349997 281 
1357 1375 16 0.04494277841836904 282 
1358 1376 17 0.01379373621875675 287 
1359 1376 16 0.009617388033290923 282 
1360 1376 15 0.08679156548905885 289 
1361 1378 17 0.0011943433436544795 272 
1362 1379 17 0.08711855418000236 277 
1363 1381 16 0.006852041604899612 286 
1364 1385 15 0.06303677413985545 281 
1365 1386 16 0.0027777915540720156 292 
1366 1386 17 0.0766882460684994 285 
1367 1387 16 0.06490603384519075 273 
1368 1387 16 0.07562312651545107 273 
1369 1387 17 0.03902421001714885 275 
1370 1388 17 0.07158040122883003 272 
1371 1388 16 0.0370167344972782 274 
1372 1390 15 0.04009263690370227 283 
1373 1391 15 0.04566528491879667 280 
1374 1391 17 0.061575144455918905 275 
1375 1391 15 0.06253302376427777 272 
1376 1392 17 0.032057716909318364 275 
1377 1393 16 0.030006959314339162 288 
1378 1394 17 0.07451101886274004 273 
1379 1394 15 0.0038735162371448415 291 
1380 1394 15 0.020697970304489215 284 
1381 1394 15 0.05017544449807576 289 
1382 1394 15 0.06533451634838155 290 
1383 1397 17 0.014087482096892708 284 
1384 1399 17 0.08837858878745156 275 
1385 1400 16 0.04749697885796685 288 
1386 1402 15 0.05353315640684759 283 
1387 1404 15 0.006038876279088464 280 
1388 1406 15 0.01166372473021159 272 
1389 1407 16 0.05445633659745747 276 
1390 1410 17 0.014664839425834453 285 
1391 1412 17 0.00616295244227045 278 
1392 1413 15 0.014388153623039107 279 
1393 1413 15 0.03683036526326017 280 
1394 1414 15 0.0872378871935287 273 
1395 1414 16 0.07582711005019636 282 
1396 1414 16 0.07308844976102452 291 
1397 1415 15 0.0775392091315229 272 
1398 1416 17 0.0422480887885623 276 
1399 1416 15 0.04454112517799016 284 
1400 1417 15 0.07806055154850707 287 
1401 1418 17 0.08104297126118314 283 
1402 1419 17 0.01889933669325872 288 
1403 1419 16 0.01896487047099088 280 
1404 1421 17 0.08039525273509514 278 
1405 1421 16 0.08964855156906726 280 
1406 1422 16 0.04816801293257959 274 
1407 1423 16 0.035230281201228196 288 
1408 1423 17 0.049745185060445465 287 
1409 1425 16 0.08221179898722523 281 
1410 1425 15 0.06403970773887684 282 
1411 1425 17 0.054611872607116474 279 
1412 1426 17 0.08429972533657064 274 
1413 1427 17 0.06206172591211953 285 
1414 1428 17 0.015097726003721848 278 
1415 1429 17 0.08446515588645938 276 
1416 1430 17 0.03204735549851062 276 
1417 1435 15 0.02206932625402713 279 
1418 1437 17 0.03856178733211424 288 
1419 1437 17 0.08943432189138088 275 
1420 1441 16 0.07940153273185553 273 
1421 1442 16 0.03312782670678518 278 
1422 1443 17 0.07701117050524488 275 
1423 1444 15 0.083036640961118 280 
1424 1444 17 0.08372335026080094 272 
1425 1448 17 0.013778774259853462 274 
1426 1449 16 0.05338914904721813 279 
1427 1449 15 0.08937133979421075 280 
1428 1450 16 0.08626072831351281 279 
1429 1450 15 0.025178439114210603 280 
1430 1451 15 0.013155718142545434 288 
1431 1453 15 0.08824368835108128 275 
1432 1453 16 0.07252342021262587 273 
1433 1453 17 0.08600238471355297 286 
1434 1453 15 0.04962861142663104 272 
1435 1455 15 0.027266381054488382 277 
1436 1456 16 0.03932447943232628 292 
1437 1458 15 0.0881332122112801 281 
1438 1458 16 0.07531227112144907 280 
1439 1458 15 0.062045370674387035 286 
1440 1460 17 0.0319381251953233 292 
1441 1461 15 0.011480920066494763 285 
1442 1462 17 0.08085969171645808 274 
1443 1462 15 0.011935352747542621 292 
1444 1463 17 0.048869689644719265 281 
1445 1463 16 0.06828161360544918 284 
1446 1464 15 0.03828965421172314 279 
1447 1464 15 0.07079626944772913 280 
1448 1465 16 0.06661832751972087 274 
1449 1466 16 0.08466959332111802 273 
1450 1466 15 0.07700417353438392 290 
1451 1466 15 0.0615728611172688 273 
1452 1468 16 0.032159919715301966 285 
1453 1473 16 0.04002887802958433 273 
1454 1473 17 0.029643589683892576 288 
1455 1474 15 0.0033041797445977935 290 
1456 1474 17 0.03798802282015656 282 
1457 1474 17 0.07269645896642764 275 
1458 1475 17 0.04183343179432625 289 
1459 1476 15 0.0638643116991389 272 
1460 1478 15 0.018779903458213256 277 
1461 1479 15 0.07600830957746191 279 
1462 1481 17 0.05967994948943486 287 
1463 1483 15 0.04722414961909255 292 
1464 1484 16 0.001523254173944182 282 
1465 1485 16 0.04984499534551873 276 
1466 1486 16 0.08275060808941745 286 
1467 1486 17 0.028615790065283586 275 
1468 1486 15 0.018062467645185057 285 
1469 1487 16 0.057068711463547285 274 
1470 1488 15 0.07678303949846325 281 
1471 1488 15 0.07095837408282024 278 
1472 1490 16 0.010088437473771084 284 
1473 1491 15 0.0464372565735804 282 
1474 1492 16 0.059388152312720995 290 
1475 1492 17 0.05981673578134706 282 
1476 1493 16 0.011868171152470259 282 
1477 1493 15 0.059530927036506934 290 
1478 1494 17 0.08666553763853932 274 
1479 1494 16 0.08522245979952206 284 
1480 1495 16 0.03704353852518262 279 
1481 1496 17 0.06224728414514051 278 
1482 1496 15 0.03340639414484642 290 
1483 1497 15 0.07008264702583471 286 
1484 1497 16 0.061730990140983134 291 
1485 1501 15 0.061781625384094874 292 
1486 1502 15 0.05199018942693989 276 
1487 1503 15 0.025751281431068352 272 
1488 1506 17 0.06717045695524529 288 
1489 1508 16 0.0271625806765 274 
1490 1508 17 0.012513105430776425 276 
1491 1510 16 0.07919086112054613 284 
1492 1513 15 0.022857703412774075 283 
1493 1515 15 0.001094397265416921 274 
1494 1516 17 0.012433969006301237 292 
1495 1516 15 0.02633958828329992 287 
1496 1517 15 0.07751256781921168 272 
1497 1520 17 0.02513025172685407 273 
1498 1520 16 0.06655878506088606 273 
1499 1521 17 0.07684321341585573 275 
1500 1521 16 0.0773078846668351 291 
1501 1522 16 0.05444486902257003 277 
1502 1527 16 0.0377326372791725 278 
1503 1530 17 0.05881728445467602 282 
1504 1530 15 0.07094011146864905 284 
1505 1534 15 0.03806379994654389 286 
1506 1538 15 0.07590923368695328 291 
1507 1538 16 0.056307779484061626 278 
1508 1539 16 0.05745922050833597 292 
1509 1539 16 0.0752952441993536 288 
1510 1540 16 0.00953172410796126 283 
1511 1541 17 0.018381532137078733 291 
1512 1541 16 0.04471724479004883 282 
1513 1543 16 0.08923359448534807 279 
1514 1544 16 0.020245340308121126 289 
1515 1545 16 0.031156947696895806 289 
1516 1546 17 0.028769296843780736 290 
1517 1547 17 0.014800927639824314 286 
1518 1547 17 0.08503649182600606 285 
1519 1548 15 0.06540016609858752 284 
1520 1549 15 0.07949864639845317 274 
1521 1549 15 0.0682924366655861 290 
1522 1550 17 0.0295270181837009 272 
1523 1550 15 0.07228816398892439 276 
1524 1551 17 0.06645273942353815 291 
1525 1551 15 0.008811535431767145 274 
1526 1551 15 0.014238653755829424 280 
1527 1555 17 0.08864052586910111 277 
1528 1557 17 0.034138845165656885 281 
1529 1557 15 0.012484788168754403 288 
1530 1559 15 0.013447332878252755 289 
1531 1561 15 0.04635415943181337 291 
1532 1561 16 0.07577402846817127 278 
1533 1562 16 0.05402224697186063 290 
1534 1562 17 0.03762243637912148 274 
1535 1562 17 0.04677520011418106 291 
1536 1562 15 0.009497585851034291 292 
1537 1563 16 0.029960615968808904 282 
1538 1563 16 0.014941615880584687 275 
1539 1563 17 0.05170729950494928 286 
1540 1564 15 0.08607913502009593 281 
1541 1564 16 0.06473534256662572 286 
1542 1564 15 0.03886232376968141 287 
1543 1565 15 0.0016546895137337016 286 
1544 1566 15 0.03095841112442706 282 
1545 1566 17 0.07042125682626497 284 
1546 1570 16 0.0052350103320426365 275 
1547 1572 16 0.0846943070273008 287 
1548 1572 16 0.07187922363290862 277 
1549 1572 15 0.01785628630808988 288 
1550 1574 15 0.0028593438190733815 281 
1551 1574 15 0.0042086783762357955 279 
1552 1575 17 0.002358643928492026 285 
1553 1577 16 0.041472414168969976 288 
1554 1577 16 0.04158043690305497 291 
1555 1578 16 0.014517160636463699 278 
1556 1578 17 0.06316272913908129 273 
1557 1578 17 0.039654454832785686 290 
1558 1579 16 0.053938481705932156 282 
1559 1579 15 0.03250634246524973 272 
1560 1579 15 0.02817346386511629 292 
1561 1580 15 0.04660096286775019 292 
1562 1580 15 0.015662197591771142 292 
1563 1581 15 0.08860403176668126 278 
1564 1582 17 0.03916458301814209 276 
1565 1584 16 0.043402346155852305 289 
1566 1584 15 0.020027958068017618 283 
1567 1586 15 0.06670463511203185 292 
1568 1586 17 0.05760149002441906 288 
1569 1586 16 0.007344693876980933 275 
1570 1590 17 0.06684037929637528 273 
1571 1591 17 0.07049635086893422 274 
1572 1592 17 0.052942384220171695 278 
1573 1592 17 0.019339756347535847 272 
1574 1593 15 0.05512638130843958 287 
1575 1593 17 0.05108267465963305 278 
1576 1593 17 0.02203916356979003 287 
1577 1594 17 0.07729646399215305 284 
1578 1597 16 0.03190847544457861 286 
1579 1597 16 0.07149907370543053 282 
1580 1597 17 0.011147536957646986 287 
1581 1598 15 0.012880616230209457 275 
1582 1598 17 0.0038133800591489244 292 
1583 1598 17 0.044627694496556104 291 
1584 1601 16 0.082079423272059 275 
1585 1603 16 0.036998632623195235 274 
1586 1606 17 0.04780106165509895 287 
1587 1606 17 0.04914393628311384 292 
1588 1609 15 0.029344585586962835 274 
1589 1611 16 0.08807780671677125 281 
1590 1613 16 0.04218308752155996 277 
1591 1614 16 0.08479568191397817 287 
1592 1617 16 0.0896929900039801 287 
1593 1617 16 0.031084515967313885 273 
1594 1619 16 0.042026566409152276 280 
1595 1620 15 0.03552889057537675 282 
1596 1621 17 0.03687562867266429 274 
1597 1622 17 0.051754770908926176 289 
1598 1622 17 0.05716067891991387 283 
1599 1624 15 0.07247834329383922 289 
1600 1624 16 0.01218928064473044 285 
1601 1629 15 0.04173978700041084 278 
1602 1630 16 0.03435582456178521 272 
1603 1631 17 0.03972144918390975 282 
1604 1631 16 0.027202765184897497 275 
1605 1631 15 0.010421026637412949 280 
1606 1632 16 0.05468805094085018 288 
1607 1633 16 0.048702678433297654 277 
1608 1634 17 0.08680383108334586 286 
1609 1635 17 0.029173405957922994 278 
1610 1636 16 0.04745437541968723 289 
1611 1638 16 0.011992717537743034 278 
1612 1640 17 0.04972542046665636 288 
1613 1641 16 0.009540573315260575 280 
1614 1643 17 0.05676970824705451 285 
1615 1643 17 0.020708998177723887 286 
1616 1644 16 0.027506793706981784 292 
1617 1645 15 0.04962456804151653 279 
1618 1645 17 0.010601546310049566 287 
1619 1648 17 0.02816728501163491 279 
1620 1648 17 0.06394127467431802 292 
1621 1652 17 0.08598398665658469 276 
1622 1653 15 0.06437377265517279 272 
1623 1653 16 0.014385522839998135 291 
1624 1655 15 0.06879609470434034 277 
1625 1655 15 0.053388171602237515 274 
1626 1656 17 0.039913833461629654 281 
1627 1656 15 0.008920310358518885 287 
1628 1657 16 0.05333471701139927 292 
1629 1658 16 0.023376511034944536 278 
1630 1659 15 0.018154841335098346 275 
1631 1659 17 0.021317811770621798 284 
1632 1661 17 0.08685137849822269 273 
1633 1661 17 0.06848872884342566 280 
1634 1663 17 0.02413216196542865 278 
1635 1664 17 0.009697856647581618 287 
1636 1664 16 0.07489680069623068 292 
1637 1664 16 0.015045327803927554 288 
1638 1666 16 0.030763405355655492 273 
1639 1666 17 0.06942067825509306 279 
1640 1667 17 0.011001662885330218 289 
1641 1669 15 0.038426834970918824 292 
1642 1669 15 0.07339867532193127 279 
1643 1669 16 0.08937739610129149 282 
1644 1671 16 0.0236094360372702 284 
1645 1673 17 0.05292983494916154 284 
1646 1673 16 0.029129882079290532 280 
1647 1673 16 0.017783474707988713 278 
1648 1674 15 0.07522784728615568 272 
1649 1674 16 0.022702159027263417 285 
1650 1675 15 0.04524774646279596 274 
1651 1675 15 0.023419432797657045 275 
1652 1676 16 0.015446023665188258 278 
1653 1677 15 0.019082075849049775 275 
1654 1677 15 0.0215922368977671 286 
1655 1681 16 0.02391114206164729 279 
1656 1681 17 0.06158987777583437 281 
1657 1681 16 0.034866797009545224 285 
1658 1682 16 0.051246870983666516 292 
1659 1685 16 0.019472163386423814 277 
1660 1685 16 0.033382903378297205 273 
1661 1686 16 0.07399693850867463 280 
1662 1686 16 0.04482555207450473 274 
1663 1687 17 0.05118667912218008 287 
1664 1689 17 0.07786448858740067 289 
1665 1689 15 0.01584446647635237 279 
1666 1691 15 0.032093598078361096 280 
1667 1691 15 0.08290719012930617 280 
1668 1691 16 0.05753638736736591 281 
1669 1692 16 0.07060934852547887 277 
1670 1692 15 0.06872351207951204 272 
1671 1695 15 0.06538495789845337 286 
1672 1696 15 0.059747506658670076 286 
1673 1698 15 0.04357918033959599 284 
1674 1699 15 0.0577647355906889 282 
1675 1700 16 0.08893422887977247 288 
1676 1700 16 0.06474193455267209 278 
1677 1704 15 0.04675397795857012 282 
1678 1705 15 0.08897304265372345 290 
1679 1705 16 0.03372627393789803 280 
1680 1705 17 0.03681801727144227 273 
1681 1706 16 0.08405482498377358 288 
1682 1708 16 0.012162721344080783 287 
1683 1708 15 0.0014264504581527095 277 
1684 1709 15 0.03677485485825216 286 
1685 1711 16 0.04396573681696321 292 
1686 1712 15 0.033338177427762634 273 
1687 1713 17 0.05158326110740196 273 
1688 1713 17 0.07470033347289123 284 
1689 1714 15 0.01484277477039789 287 
1690 1715 15 0.06994736458640126 275 
1691 1717 15 0.03779256536727691 278 
1692 1717 16 0.08257221976188427 285 
1693 1717 17 0.054342317916843595 278 
1694 1718 17 0.07309955906825162 275 
1695 1720 15 0.029849477536159616 279 
1696 1722 15 0.012508823480389033 277 
1697 1722 16 0.05913387876912365 290 
1698 1724 17 0.018018058180955386 292 
1699 1725 17 0.0327516590005307 282 
1700 1725 16 0.07678651534382666 283 
1701 1725 15 0.03781673438939432 273 
1702 1728 15 0.0774850827022249 289 
1703 1728 17 0.022066317578388304 286 
1704 1729 16 0.08591481260277396 284 
1705 1729 16 0.022620901956943773 274 
1706 1730 17 0.03393440365641909 277 
1707 1731 15 0.00978175958223106 286 
1708 1732 15 0.013856842756364406 275 
1709 1732 16 0.017512710720861604 284 
1710 1732 16 0.05564750517927947 291 
1711 1733 16 0.04567979292918223 274 
1712 1733 16 0.051112757799731734 281 
1713 1735 15 0.032665090494771946 275 
1714 1735 16 0.007553351500868562 285 
1715 1735 15 0.03226134241173367 278 
1716 1735 15 0.016104123728739216 283 
1717 1736 15 0.0456988710974208 277 
1718 1738 15 0.006370511887843869 284 
1719 1738 16 0.004336195071928587 279 
1720 1739 17 0.01155119920203651 292 
1721 1740 15 0.05222389171729066 289 
1722 1740 15 0.07733043382133119 290 
1723 1740 16 0.08372010522572566 286 
1724 1743 16 0.032549645278095035 275 
1725 1744 17 0.007635571638461588 290 
1726 1744 15 0.018443273102217363 286 
1727 1745 16 0.03055105616475341 285 
1728 1748 15 0.045609656194597586 276 
1729 1749 16 0.06194161804803353 282 
1730 1749 16 0.07534114887839262 284 
1731 1751 17 0.0036263081741772494 290 
1732 1755 15 0.06191218942162817 284 
1733 1755 16 0.029328227245044098 276 
1734 1756 15 0.05574318808398915 284 
1735 1757 17 0.015600963621732546 289 
1736 1757 16 0.04254805162047709 273 
1737 1758 15 0.05165693635379897 291 
1738 1761 17 0.07550916323431582 277 
1739 1761 15 0.06383491335141012 281 
1740 1761 16 0.07186343572426947 278 
1741 1762 16 0.03139651304612565 275 
1742 1762 17 0.010219790064014467 272 
1743 1763 16 0.029326286590039066 287 
1744 1763 17 0.026392465186650962 288 
1745 1763 15 0.06643839341617755 273 
1746 1763 15 0.016825321068592535 275 
1747 1764 16 0.01562009921943356 287 
1748 1764 15 0.05169187869483731 280 
1749 1765 17 0.02742357220411278 292 
1750 1765 16 0.004691509996024617 282 
1751 1765 15 0.013449365268378168 272 
1752 1765 15 0.05724389868292631 289 
1753 1765 16 0.08182554284679118 272 
1754 1765 16 0.007571685127052498 283 
1755 1766 17 0.08375981997318141 284 
1756 1767 17 0.023565911533479977 291 
1757 1770 16 0.06982120899846822 288 
1758 1770 16 0.0014464399039740695 275 
1759 1772 15 0.006137270958361503 285 
1760 1774 15 0.0652798478714011 272 
1761 1775 17 0.04057511313409711 289 
1762 1775 17 0.054795263507393936 279 
1763 1778 16 0.027909465719614203 279 
1764 1778 17 0.06074592554152018 278 
1765 1779 16 0.03058502277488179 286 
1766 1780 15 0.05929414462086947 275 
1767 1781 17 0.04779872843610898 279 
1768 1781 16 0.07333267617084993 279 
1769 1781 16 0.0709958355732614 276 
1770 1783 15 0.04020397681039427 287 
1771 1783 15 0.006551489412711662 281 
1772 1783 15 0.015195870430425085 291 
1773 1784 17 0.026346036427974843 274 
1774 1785 16 0.007804638101504772 272 
1775 1785 17 0.043435377002366916 292 
1776 1786 15 0.06832334724752118 275 
1777 1786 15 0.07160185546332512 273 
1778 1788 15 0.03996482364214244 278 
1779 1789 17 0.04706447274390957 272 
1780 1789 17 0.01758046086997628 292 
1781 1789 17 0.08480744081851865 288 
1782 1789 15 0.052695574432259744 275 
1783 1790 16 0.023889358420855277 282 
1784 1790 15 0.0781720035323061 288 
1785 1792 15 0.045571415996969 276 
1786 1792 15 0.07182314463407354 279 
1787 1792 17 0.06047533296887261 280 
1788 1793 17 0.06178938407703572 292 
1789 1795 16 0.07169769200659065 273 
1790 1795 16 0.04543992490293092 284 
1791 1798 15 0.036818804385916594 288 
1792 1799 15 0.07440356635845678 275 
1793 1804 17 0.06832886802513231 289 
1794 1804 17 0.02799934019406641 277 
1795 1806 15 0.006864947685182808 290 
1796 1807 15 0.054661120480290225 290 
1797 1807 15 0.03952846581530637 276 
1798 1809 15 0.05535416679622489 277 
1799 1811 15 0.06491984800439243 278 
1800 1811 16 0.07469650615160542 287 
1801 1813 16 0.0773182532236584 274 
1802 1814 17 0.01002166309991719 288 
1803 1814 15 0.022458356944477106 281 
1804 1815 17 0.06030242229333314 289 
1805 1820 17 0.06069829019756898 292 
1806 1821 15 0.08486747518208708 280 
1807 1821 15 0.024800002027430306 289 
1808 1821 17 0.02813018609050652 278 
1809 1824 16 0.02641127605484259 277 
1810 1824 16 0.0611816364506089 272 
1811 1829 16 0.08062284827228758 286 
1812 1829 15 0.06511191454237172 277 
1813 1829 16 0.06277454754365111 286 
1814 1832 16 0.08929452703734504 291 
1815 1834 15 0.04100092517430122 283 
1816 1835 17 0.02291981692652473 276 
1817 1835 17 0.007206239618787752 280 
1818 1835 15 0.07959448345780887 287 
1819 1836 15 0.015753698899916208 282 
1820 1837 16 0.018615918375678674 279 
1821 1838 17 0.005867784800494249 272 
1822 1841 15 0.07757318149395241 286 
1823 1841 15 0.07194507107875599 285 
1824 1843 17 0.019781992932002203 292 
1825 1843 15 0.01731917925860539 275 
1826 1844 15 0.040381760568051046 274 
1827 1844 17 0.019063258705794867 292 
1828 1846 15 0.0138541859567517 273 
1829 1847 17 0.050051727154849394 278 
1830 1849 15 0.08392366843268101 276 
1831 1851 15 0.0883936747029574 282 
1832 1853 17 0.02494545814622519 291 
1833 1854 17 0.019837532564901533 276 
1834 1855 17 0.04345144592274846 279 
1835 1855 15 0.0072715590420089436 288 
1836 1855 16 0.02604145755475294 285 
1837 1856 17 0.02100247287873105 272 
1838 1859 17 0.054097912637066994 287 
1839 1859 17 0.05722313920197859 290 
1840 1860 17 0.07339588255054581 281 
1841 1861 16 0.03233927226608635 274 
1842 1861 16 0.019074999040550506 272 
1843 1863 16 0.061333646490857915 277 
1844 1864 17 0.020426430898000295 287 
1845 1865 16 0.07841730451001613 284 
1846 1866 17 0.07342461984447256 274 
1847 1867 17 0.07535795701890079 278 
1848 1867 15 0.08086056219684358 280 
1849 1867 16 0.07210768427207666 277 
1850 1868 15 0.04630168485661635 282 
1851 1870 17 0.07515432992877087 284 
1852 1870 15 0.03946603220443187 281 
1853 1872 17 0.007578594085824696 279 
1854 1872 15 0.04337849609724778 289 
1855 1873 17 0.015477288507571123 288 
1856 1873 15 0.043980120777147164 279 
1857 1873 17 0.004291627909784688 285 
1858 1874 16 0.031293854697518816 284 
1859 1875 15 0.07372069326776853 282 
1860 1875 16 0.004515059634976601 278 
1861 1876 17 0.01755223151393206 283 
1862 1876 17 0.0779838179109881 287 
1863 1877 16 0.03159509195382742 286 
1864 1877 17 0.020148789937132688 282 
1865 1878 17 0.013589116083657104 278 
1866 1879 17 0.0614905527463939 292 
1867 1880 16 0.059389709835781485 289 
1868 1880 17 0.06416666413081684 272 
1869 1882 17 0.03861501221636346 285 
1870 1883 17 0.031768396109554835 287 
1871 1883 17 0.021922997588078173 287 
1872 1884 17 0.045931844113939725 277 
1873 1886 17 0.03736494622539349 291 
1874 1887 17 0.05945197166423539 283 
1875 1888 17 0.06028774276395417 281 
1876 1888 16 0.04968524784527094 277 
1877 1889 16 0.026229422790369127 278 
1878 1890 17 0.07504258103178457 276 
1879 1891 15 0.011570669161600308 291 
1880 1893 16 0.012155241878147992 284 
1881 1893 17 0.08671903080907167 280 
1882 1894 17 0.03100702456085916 284 
1883 1894 15 0.03465376995547545 290 
1884 1898 16 0.003389828661135692 278 
1885 1898 17 0.03683991809667833 285 
1886 1899 15 0.020049695786454397 276 
1887 1900 15 0.06188418003835454 290 
1888 1901 16 0.023119668101435988 290 
1889 1901 15 0.025490992449320172 273 
1890 1901 17 0.044033527887009045 285 
1891 1902 16 0.06876052612559436 284 
1892 1902 17 0.009373130147032113 281 
1893 1905 15 0.08330472507575262 291 
1894 1905 15 0.05568441487440607 272 
1895 1906 17 0.006049092556740296 278 
1896 1906 15 0.05888468484609191 287 
1897 1907 17 0.05696467080511939 281 
1898 1908 15 0.08112696531718253 277 
1899 1908 15 0.055979649525058336 290 
1900 1910 15 0.007077456051252674 278 
1901 1911 17 0.08440020250699005 272 
1902 1912 16 0.03199590463756662 272 
1903 1912 17 0.05793906930342836 285 
1904 1912 16 0.048130476097108334 275 
1905 1916 17 0.03791024872604992 284 
1906 1916 17 0.06489962497881406 285 
1907 1918 15 0.009212610134312741 289 
1908 1919 15 0.05553160392568615 292 
1909 1919 17 0.06875884549287395 272 
1910 1922 15 0.010905052658538406 279 
1911 1924 16 0.07345468334788254 286 
1912 1924 17 0.020407980723570158 291 
1913 1924 16 0.08412132265930874 275 
1914 1924 17 0.08049977193065937 278 
1915 1926 16 0.07508703867809925 285 
1916 1927 16 0.07037108582365477 285 
1917 1927 16 0.07577603522956142 285 
1918 1928 17 0.06239608344434896 292 
1919 1930 16 0.043528964810892384 284 
1920 1930 17 0.04944118635234605 282 
1921 1931 15 0.07684762553029408 275 
1922 1932 15 0.08171152696128248 279 
1923 1933 17 0.0017395230830821859 272 
1924 1934 15 0.08582696959943652 276 
1925 1934 17 0.0766326630120092 273 
1926 1936 17 0.005373946344470408 272 
1927 1937 15 0.08614249232830018 284 
1928 1937 15 0.06381513248524119 283 
1929 1937 15 0.024389757747065567 292 
1930 1938 17 0.08437465898387303 283 
1931 1939 17 0.020376748456069092 284 
1932 1940 17 0.035360870813598524 272 
1933 1942 15 0.00895379364697119 274 
1934 1943 16 0.0030658470999774283 287 
1935 1943 16 0.06950705141858957 291 
1936 1943 17 0.05416349505336657 273 
1937 1945 16 0.08414976288103607 278 
1938 1946 15 0.08720458429892909 274 
1939 1946 16 0.00779024667427276 275 
1940 1946 16 0.060750352368915246 287 
1941 1946 17 0.0481952115744627 291 
1942 1947 17 0.046148357012976114 292 
1943 1949 15 0.03870178621451842 276 
1944 1949 17 0.07611570313452388 279 
1945 1950 15 0.07407759973042026 287 
1946 1951 17 0.06718332440329254 282 
1947 1951 15 0.018582961492610333 289 
1948 1952 16 0.025309799213895614 281 
1949 1959 17 0.06115547874848332 289 
1950 1959 15 0.053647928065953025 292 
1951 1960 15 0.008388497027940086 283 
1952 1961 16 0.04406884772942493 281 
1953 1962 15 0.05033953026678692 285 
1954 1963 16 0.05278201426089144 277 
1955 1965 16 0.060331482349768234 280 
1956 1965 15 0.08376406178668638 285 
1957 1967 16 0.062462571004014054 281 
1958 1968 16 0.08593627979563642 292 
1959 1971 17 0.054230945052274264 278 
1960 1971 15 0.0739985143656865 281 
1961 1971 16 0.07617281448253692 275 
1962 1972 16 0.06965273994550719 282 
1963 1972 15 0.07240409209503965 291 
1964 1973 17 0.07728327821142957 290 
1965 1974 16 0.0633766877310891 278 
1966 1975 16 0.034897949640743206 292 
1967 1976 15 0.045882747866053106 275 
1968 1976 17 0.012574128313053344 273 
1969 1977 15 0.020519555929218936 274 
1970 1978 17 0.07135304055828876 292 
1971 1979 16 0.06047417419299323 278 
1972 1979 15 0.08811258604387454 275 
1973 1979 16 0.025435278153283242 277 
1974 1979 17 0.06342424191672082 291 
1975 1981 16 0.07817760904783295 279 
1976 1983 16 0.08708869560917469 274 
1977 1983 16 0.013526274999040539 291 
1978 1984 15 0.01708082663271647 277 
1979 1985 15 0.08763770554175766 282 
1980 1985 16 0.03932109671146701 291 
1981 1987 17 0.02174830460600527 276 
1982 1988 17 0.009480816611561929 289 
1983 1990 17 0.06893494336532506 287 
1984 1991 15 0.07528061373609068 281 
1985 1992 16 0.04435990490387479 290 
1986 1992 17 0.06751618449350105 273 
1987 1992 15 0.07134722176595475 291 
1988 1993 16 0.07452709903800406 283 
1989 1993 15 0.02119171823148027 278 
1990 1993 16 0.046926657821214565 276 
1991 1993 17 0.060635199960948086 280 
1992 1994 17 0.08270151827677108 292 
1993 1995 17 0.08894630052718897 286 
1994 1997 16 0.055529757865004456 273 
1995 1997 17 0.06931348365887344 288 
1996 1997 16 0.04013431580755119 289 
1997 1998 16 0.01879511080438319 278 
1998 1999 17 0.027835675950742596 290 
1999 2000 15 0.007798585006353055 280 
2000 0 15 0.0867892283619334 273 
