1 4 10 0.005008342734999845 374 
2 4 8 0.06347122641477149 368 
3 5 10 0.023803838962008866 373 
4 6 10 0.07166200010262702 361 
5 7 9 0.004585325862677209 372 
6 8 10 0.03522242378909786 365 
7 8 9 0.04063666455834439 372 
8 10 9 0.04363541710232343 367 
9 11 9 0.012989034278268585 370 
10 12 10 0.02158364698466681 373 
11 12 9 0.04676249155281489 381 
12 13 8 0.06734558160705363 376 
13 17 10 0.004496399706512949 375 
14 17 9 0.062362463610147266 363 
15 19 10 0.07520758067544216 367 
16 19 9 0.012119194579433269 365 
17 20 8 0.03563284437622781 377 
18 21 9 0.05276440975286108 369 
19 22 9 0.04875848800552074 371 
20 23 9 0.06543141039895888 373 
21 24 8 0.042169113833534416 369 
22 26 9 0.07208240426416755 375 
23 28 8 0.02477184244571918 369 
24 29 9 0.02863785008853134 362 
25 29 8 0.04636251891019376 365 
26 29 10 0.01540764979247693 366 
27 32 8 0.037524353046966004 362 
28 34 8 0.010215611123904737 376 
29 34 10 0.03950132173561837 367 
30 34 9 0.06472515492979079 380 
31 40 8 0.0141812124451389 375 
32 44 8 0.0780436609050996 361 
33 45 10 0.08309452695455963 364 
34 46 8 0.06590615433174475 366 
35 48 10 0.019715604572916753 366 
36 49 10 0.017307565555200827 361 
37 49 9 0.08150939645449204 372 
38 49 9 0.029178170715910248 374 
39 51 8 0.08128939325726296 372 
40 52 8 0.00343553639061749 381 
41 52 8 0.05342692305890316 371 
42 52 10 0.08519917465325236 371 
43 52 9 0.04781433111401569 370 
44 53 10 0.04061289319048791 366 
45 53 8 0.06718075224567925 370 
46 54 9 0.04164049433598205 380 
47 54 10 0.07442140046340268 372 
48 55 8 0.00464764204698818 368 
49 56 10 0.03162014294249716 362 
50 57 9 0.025716943144061054 366 
51 57 10 0.06346983816975908 374 
52 57 9 0.08694666710563458 369 
53 59 10 0.030064738539239456 381 
54 60 10 0.03683434710165402 371 
55 60 8 0.013757218551726586 369 
56 62 8 0.007447721275479259 361 
57 63 9 0.07896036525559438 369 
58 63 9 0.019719296721884924 380 
59 64 9 0.07197509203960412 377 
60 65 8 0.06991123762613954 376 
61 65 8 0.004393218580100588 377 
62 66 9 0.06216568286220401 379 
63 66 8 0.043787233562317146 372 
64 67 8 0.026194629279168994 376 
65 68 9 0.009778355942499293 366 
66 70 9 0.06259084712008499 372 
67 71 9 0.07329029105160685 369 
68 73 10 0.02620985055908003 377 
69 73 8 0.01890670556889433 380 
70 74 8 0.03562268820467214 379 
71 75 9 0.048795861571383846 369 
72 75 10 0.07590177727210068 375 
73 77 10 0.03881913710848546 379 
74 77 10 0.021565045724316424 381 
75 77 10 0.0013525782710756273 380 
76 78 10 0.00781530333283526 366 
77 79 10 0.05546467369955571 364 
78 80 10 0.00554321559112125 370 
79 82 9 0.06482649984789442 363 
80 82 10 0.06649760961248966 372 
81 85 8 0.07960058886454509 367 
82 89 9 0.07130780412385168 373 
83 89 10 0.06559377962815596 368 
84 90 9 0.03545710696969798 375 
85 90 8 0.0198846782623249 376 
86 91 10 0.03432093052499334 373 
87 94 8 0.056017159483082 365 
88 95 8 0.052465309344306744 370 
89 96 8 0.01664042310494339 366 
90 96 9 0.04793373804086147 363 
91 97 9 0.013476825312641567 376 
92 97 10 0.04822135464432044 379 
93 99 10 0.03840547259263051 372 
94 99 8 0.01743375942994584 362 
95 103 8 0.04167453369760704 376 
96 106 10 0.035223949706511624 373 
97 107 8 0.0017272672157838138 368 
98 109 9 0.0019089324279554412 381 
99 110 10 0.02470281495816486 364 
100 112 9 0.012002837807912784 363 
101 113 8 0.08578371707595975 361 
102 114 10 0.00873176392514734 374 
103 117 9 0.0017466817098004957 376 
104 118 9 0.061763951387883674 369 
105 123 8 0.034480732933851406 372 
106 124 8 0.03132965119220617 377 
107 125 9 0.05866767463124186 381 
108 125 8 0.058483466376334725 367 
109 126 10 0.07068686382514626 381 
110 127 9 0.012180298668684395 373 
111 128 8 0.05078596779023414 363 
112 131 10 0.0018403340499367842 365 
113 131 8 0.07282259496604841 381 
114 132 10 0.04063424359679683 366 
115 132 9 0.08786268108440481 364 
116 132 9 0.0723569077073426 378 
117 133 9 0.056523436447894704 380 
118 134 8 0.0228482450475403 368 
119 134 9 0.045232468989993856 374 
120 134 10 0.04050487278075233 378 
121 134 10 0.03379372279668815 363 
122 134 8 0.058537597292266146 363 
123 135 9 0.04615705491543117 370 
124 137 9 0.010651693390990122 362 
125 137 8 0.013805040040142966 364 
126 137 9 0.024970100305845414 365 
127 138 9 0.016412352100061388 364 
128 138 9 0.07563095841688443 378 
129 139 10 0.006651807427647075 362 
130 139 10 0.04698992802720514 366 
131 139 10 0.03502804521882413 380 
132 140 9 0.08833506083107458 378 
133 140 9 0.053133188765885395 367 
134 141 10 0.08421089817966666 378 
135 146 8 0.07857191166660245 377 
136 147 8 0.02854073780997231 373 
137 148 8 0.014841374615097526 363 
138 149 9 0.08512762960262542 377 
139 150 8 0.05197842179832519 380 
140 154 9 0.02472212254430537 367 
141 155 9 0.0525143496232257 362 
142 156 8 0.08599346292252245 368 
143 156 10 0.07019422731340794 361 
144 157 8 0.043801947135124565 376 
145 158 10 0.02455417808462178 364 
146 158 8 0.02176479719478122 361 
147 158 8 0.05469346625364369 377 
148 159 9 0.04306985515982291 379 
149 159 9 0.030218945944497293 365 
150 160 9 0.05092879890969541 368 
151 162 8 0.06569540786032893 380 
152 163 8 0.03195395375916446 373 
153 165 8 0.008262071144836246 361 
154 165 8 0.02219617356793274 380 
155 165 8 0.05526532954301699 377 
156 165 10 0.08332024657428572 371 
157 165 10 0.007496353829751124 375 
158 166 10 0.04483042888677345 376 
159 170 9 0.0033028093318841455 361 
160 170 10 0.045979768324370715 380 
161 171 9 0.06369618690405063 364 
162 171 8 0.04001447737170562 381 
163 171 8 0.010554151129666244 374 
164 172 8 0.054888940109343996 369 
165 174 9 0.011981128373674817 378 
166 178 9 0.07171020524117236 372 
167 178 8 0.02588236680797563 371 
168 179 10 0.0285004068590075 364 
169 182 8 0.0883765377387091 371 
170 183 8 0.047589067414417485 376 
171 183 8 0.05031179888157607 379 
172 186 10 0.07675525307698952 375 
173 187 9 0.08762238418755346 366 
174 189 10 0.011628303860103318 361 
175 190 8 0.002308218080721087 363 
176 191 9 0.01369275770544887 370 
177 194 8 0.08279080088910279 361 
178 195 10 0.05916073151480577 381 
179 195 9 0.028982094958398357 376 
180 195 10 0.017853783789969484 362 
181 195 8 0.012497167292964025 367 
182 198 9 0.04265180439976825 367 
183 201 10 0.04950841153285281 373 
184 201 8 0.049025518242278965 381 
185 203 9 0.06345519846319879 366 
186 204 10 0.08427781321870333 376 
187 207 10 0.059716873080697654 374 
188 207 9 0.08034591144314099 372 
189 211 10 0.08691738526976144 366 
190 212 9 0.006910909905317124 373 
191 213 8 0.07269057755896532 374 
192 213 9 0.08638525521897929 377 
193 213 8 0.06100704526929264 377 
194 214 8 0.029521197150837893 373 
195 215 8 0.029109174026018342 361 
196 215 10 0.01444500569938402 381 
197 215 10 0.06659384886276858 364 
198 216 8 0.01956702874932334 364 
199 216 8 0.03988028810218586 374 
200 217 8 0.032303108701004626 376 
201 219 9 0.028123967176690988 376 
202 221 8 0.02791592970546658 379 
203 223 9 0.036789829584594466 377 
204 223 9 0.02902884884329463 366 
205 223 9 0.05286066731077039 365 
206 224 8 0.01899057054538953 369 
207 224 8 0.013515875777949 379 
208 227 9 0.07017247341544812 378 
209 227 8 0.04387003145993954 368 
210 227 10 0.009576074194164948 366 
211 228 10 0.053936525407223566 376 
212 228 9 0.02741630736757202 377 
213 229 9 0.03360777829203762 366 
214 229 8 0.06896205681590725 362 
215 230 9 0.08164967876344625 371 
216 230 10 0.04027020891998984 366 
217 230 10 0.0849016486279126 362 
218 230 8 0.03731938445382356 366 
219 232 9 0.01745411888131978 374 
220 232 10 0.06397028468680654 363 
221 233 10 0.056815029581752274 370 
222 234 9 0.0724196663501648 364 
223 236 8 0.031246367304103618 373 
224 236 10 0.05356372627676042 363 
225 237 10 0.0704641891781005 375 
226 238 9 0.0800967744762396 364 
227 239 10 0.023901507205169113 367 
228 239 8 0.08818073507693548 378 
229 240 8 0.00777874914193006 376 
230 243 9 0.06663848536007458 374 
231 243 10 0.02133906309202199 367 
232 245 10 0.03307445733074769 377 
233 246 8 0.08795580883773156 367 
234 247 10 0.06525951070600529 381 
235 247 10 0.059482264674235445 378 
236 248 10 0.04162792030124958 365 
237 248 8 0.06760678110414532 372 
238 248 9 0.028248346044883348 371 
239 249 9 0.0877814746025499 371 
240 249 8 0.04635916708602613 376 
241 249 8 0.05607000996602836 363 
242 250 10 0.08439045431863981 379 
243 253 8 0.04001790683975202 361 
244 253 8 0.03883196365347421 361 
245 256 8 0.04965514169271208 366 
246 256 10 0.057533348054382816 365 
247 257 8 0.056839255812629955 374 
248 259 10 0.04187603476786567 369 
249 261 9 0.05534441795572506 368 
250 262 10 0.06858938337039522 367 
251 263 9 0.005690496695025467 362 
252 263 8 0.06610439820457539 372 
253 264 8 0.08122329552861526 372 
254 264 9 0.08422539659300013 381 
255 264 8 0.08188218412979659 379 
256 266 10 0.05896030928868446 366 
257 266 8 0.0817950623971542 374 
258 266 8 0.08674701012328005 377 
259 267 8 0.06682114575982263 373 
260 267 10 0.07423556446458067 378 
261 268 10 0.03556589716462634 371 
262 268 8 0.08842556032768113 372 
263 268 10 0.07666912926646301 378 
264 270 10 0.010507590497280558 363 
265 271 9 0.015028590432106918 378 
266 272 10 0.03718373855011592 381 
267 272 9 0.0060001193139049705 367 
268 272 10 0.00489107500012027 364 
269 273 8 0.02245415160535448 362 
270 275 8 0.005364207690004292 367 
271 275 9 0.08753700222969941 371 
272 277 10 0.056977190639138274 366 
273 277 10 0.012296966729845288 363 
274 277 8 0.0627340145609746 377 
275 280 8 0.0834563685369498 362 
276 280 10 0.050448960871445035 363 
277 282 9 0.05709257509919849 375 
278 282 8 0.023261635567176708 373 
279 282 10 0.08321336237492674 373 
280 285 10 0.01015204526068392 375 
281 285 10 0.03848801061465393 371 
282 289 8 0.036900138687758884 377 
283 289 8 0.00828459416368324 361 
284 289 10 0.05928219675460174 376 
285 291 10 0.03557989258165068 376 
286 291 8 0.022891477210058266 380 
287 291 9 0.0075645832513185325 372 
288 295 8 0.004751454945592376 374 
289 297 9 0.030977598525519047 376 
290 297 8 0.001345592826440052 381 
291 298 8 0.08781458647383932 369 
292 298 9 0.08861089626068755 380 
293 299 8 0.0076507979923323265 368 
294 299 10 0.03694145954840876 361 
295 301 8 0.047854143114928284 379 
296 301 10 0.06343151892157647 364 
297 302 9 0.006020071785733995 374 
298 303 9 0.06248579485139083 374 
299 304 10 0.0019833697704794203 361 
300 305 8 0.005953240140890153 362 
301 307 8 0.021586976767235158 370 
302 308 9 0.0022352644863694233 380 
303 308 8 0.08839860015792428 377 
304 309 10 0.03616552288762137 375 
305 309 10 0.08981033869460968 372 
306 311 8 0.07624061199790008 381 
307 313 9 0.04587984792598312 364 
308 318 8 0.05566113848851839 381 
309 318 8 0.06023033542625112 377 
310 318 10 0.020077061294012058 374 
311 320 9 0.05743644583357954 372 
312 320 8 0.03692145496853994 374 
313 321 9 0.04895107743756914 365 
314 321 8 0.03689981066678636 380 
315 322 9 0.01576947361109131 373 
316 322 8 0.04287317117325118 371 
317 324 9 0.05598254565960837 369 
318 326 9 0.009523739734734499 380 
319 326 9 0.01956076605648331 377 
320 327 10 0.07171896111849976 377 
321 329 10 0.04108523061698278 379 
322 333 10 0.01657999348087205 366 
323 334 8 0.025897071602095575 366 
324 336 9 0.03510709296116284 374 
325 336 9 0.06952351551191334 366 
326 337 10 0.07300814247132656 378 
327 337 9 0.05679991273074319 381 
328 338 8 0.05478492571872719 377 
329 339 9 0.031117714511363363 381 
330 340 10 0.043153305200524225 378 
331 341 8 0.00851985938871647 378 
332 342 8 0.07253364880541888 371 
333 343 8 0.03619844683906612 365 
334 343 10 0.06283436564889607 371 
335 345 9 0.01209516475333736 362 
336 345 10 0.08423680978914318 361 
337 346 10 0.04858478444195551 365 
338 346 9 0.013188891663658962 366 
339 347 8 0.05711803690916026 377 
340 348 8 0.07055164318814362 371 
341 350 9 0.04123249375572563 377 
342 351 10 0.03602186232490218 373 
343 354 10 0.05174199792874586 368 
344 356 8 0.08114844948696011 373 
345 357 9 0.02871367429110422 374 
346 358 10 0.0801301601339105 369 
347 358 10 0.05886601468005863 370 
348 359 9 0.017100409599425097 371 
349 359 9 0.07494061146843344 366 
350 360 10 0.07457011735893918 367 
351 361 10 0.07644408193237852 370 
352 362 9 0.008360675333520015 381 
353 363 9 0.01591488911061585 380 
354 364 10 0.07985415369514716 371 
355 364 10 0.06085965810478397 381 
356 365 8 0.016985117461997216 374 
357 367 9 0.07200683594274483 366 
358 368 10 0.06011925509527164 366 
359 370 9 0.08481720245485369 377 
360 370 8 0.02411771435274924 365 
361 370 8 0.050658122801133715 362 
362 370 8 0.049321519272659896 372 
363 370 8 0.04952814158279348 362 
364 371 10 0.06566101030837967 373 
365 373 10 0.08224510980392412 378 
366 373 10 0.07695953477503213 377 
367 375 8 0.02430052457279327 364 
368 376 8 0.08493646431159382 369 
369 377 9 0.05047566439356252 364 
370 378 9 0.06752969470717395 378 
371 378 9 0.07845776261480228 378 
372 379 9 0.04862093769071761 368 
373 380 10 0.05392352478165108 371 
374 381 9 0.02584821301876649 362 
375 383 9 0.010539010996004194 361 
376 384 9 0.06313802995233392 367 
377 384 10 0.006082278561867981 365 
378 385 10 0.004892028521034512 381 
379 385 8 0.04278399103915213 370 
380 386 9 0.07730485507094977 371 
381 386 10 0.06765533063428016 377 
382 386 10 0.07539506182303926 366 
383 387 10 0.020391775332575513 372 
384 389 10 0.06191319905313177 371 
385 390 9 0.005862478977896307 380 
386 390 8 0.0031402831543744366 381 
387 391 9 0.04233757606932963 379 
388 391 10 0.04723815688086488 373 
389 394 8 0.061088146120359434 366 
390 396 8 0.05528815478568921 379 
391 396 10 0.08731445340572096 376 
392 397 10 0.008936521813519348 364 
393 397 10 0.07033570926489457 369 
394 399 9 0.0018376318017137212 375 
395 402 8 0.02505239453813819 363 
396 405 10 0.044169687471148945 381 
397 407 9 0.07254676241880041 379 
398 407 9 0.010381551295522654 381 
399 409 9 0.02873298809286856 370 
400 409 9 0.07379633755068916 372 
401 409 10 0.0525317218841279 372 
402 411 10 0.01630304455820798 370 
403 411 10 0.07503153726987467 361 
404 413 8 0.005924105981432306 361 
405 415 8 0.07781233828438175 362 
406 415 10 0.07268619644815699 374 
407 416 10 0.04006363645928307 366 
408 417 8 0.0054630672275076675 381 
409 419 8 0.0032178754307221275 370 
410 419 10 0.05626920487614325 363 
411 420 9 0.07431012191891188 368 
412 421 9 0.061349019062318884 369 
413 421 8 0.013665599383323623 379 
414 423 9 0.08275564231003624 367 
415 424 9 0.009625494473178255 371 
416 425 9 0.07300939990369824 381 
417 427 8 0.06095440285204317 365 
418 427 10 0.018366832135219054 370 
419 428 8 0.036013768274792524 381 
420 429 9 0.012380248351682738 367 
421 432 9 0.07529014592125118 370 
422 433 9 0.007767741932914045 367 
423 437 9 0.03332317765821709 369 
424 438 10 0.058883270715379674 379 
425 441 10 0.07810060072381224 366 
426 441 9 0.011604513571539025 365 
427 443 8 0.03348860715562918 371 
428 445 8 0.029672130598797072 381 
429 445 8 0.08077021733791358 365 
430 447 10 0.0508302109338354 367 
431 447 8 0.08442504403478322 369 
432 448 9 0.05866873194623427 377 
433 449 9 0.01778155089556349 381 
434 450 9 0.002750780300234749 363 
435 450 9 0.0600960400813851 371 
436 451 9 0.08557638059286529 368 
437 452 10 0.055349396724716234 376 
438 455 9 0.018103225384821023 380 
439 455 9 0.06983093404073328 367 
440 457 8 0.04036444668303612 378 
441 460 9 0.08562915598076086 381 
442 461 8 0.005394319232028716 380 
443 461 8 0.033404440960556836 364 
444 461 10 0.06909258226912021 377 
445 462 9 0.0648368113488221 376 
446 463 10 0.048615997115140135 366 
447 464 8 0.02271820190922895 364 
448 465 10 0.0776963014279977 379 
449 465 10 0.038072232975035425 369 
450 466 9 0.08914369621529654 372 
451 467 9 0.03132515766944071 361 
452 470 9 0.05387775290882984 372 
453 471 10 0.007549870028693257 365 
454 472 9 0.005157856172650199 377 
455 473 9 0.050176584182209216 371 
456 473 10 0.014189485322495355 370 
457 473 8 0.012204736388119832 361 
458 474 8 0.08472914398013033 361 
459 477 9 0.0363573453591136 373 
460 478 10 0.06886613104656088 364 
461 478 10 0.07303827640742555 369 
462 480 10 0.017596119826482185 367 
463 482 10 0.08355312677917787 361 
464 483 9 0.02796578133561819 378 
465 483 9 0.03118560171878564 374 
466 484 8 0.0419224208878842 375 
467 486 8 0.08091738333026081 369 
468 486 10 0.013956001896184546 381 
469 487 8 0.08795475833424622 373 
470 488 8 0.046343746328446914 374 
471 488 8 0.04025303369993614 373 
472 488 9 0.05055878422086136 379 
473 490 10 0.02319266294417811 366 
474 490 8 0.02070847203932886 362 
475 491 8 0.0025122259459628357 378 
476 492 10 0.07343650592803748 381 
477 493 10 0.06618115163289086 363 
478 494 10 0.034034288615011024 364 
479 494 8 0.013406070189257935 381 
480 498 10 0.016579300473044727 370 
481 498 10 0.05459284616731987 364 
482 499 9 0.04765976760903938 379 
483 500 8 0.035395330777719045 375 
484 500 10 0.06680538269228989 361 
485 501 8 0.03609571833800391 368 
486 502 9 0.004603634562103354 377 
487 504 8 0.02150865041961797 366 
488 506 10 0.08753708636928244 375 
489 506 8 0.02762019696414114 366 
490 507 9 0.005376174008185705 361 
491 508 10 0.06737362057828929 375 
492 509 8 0.0742742834542179 374 
493 510 9 0.04819360328407558 375 
494 510 9 0.07000995860982247 363 
495 510 10 0.04827893310709897 363 
496 511 8 0.05894614715414873 365 
497 512 8 0.05172064526497889 371 
498 513 10 0.08119871334808217 373 
499 514 9 0.001703265890626842 370 
500 515 9 0.02167588785873117 370 
501 516 10 0.059080513474955236 366 
502 518 9 0.05445851989033019 366 
503 520 9 0.06501959398532493 375 
504 521 8 0.04887564740240945 373 
505 521 8 0.02466973832201256 376 
506 522 8 0.028596859613715338 381 
507 523 10 0.049804844054622856 378 
508 523 8 0.03931233587593122 366 
509 523 8 0.04701973960494691 381 
510 524 8 0.057052670734387044 368 
511 524 8 0.047654796953663855 371 
512 525 8 0.01579178532919471 366 
513 529 9 0.007413533843097089 362 
514 529 8 0.08155314448063432 381 
515 530 8 0.06440223700735793 361 
516 531 9 0.06529626495171764 380 
517 532 9 0.06554766534871276 381 
518 532 10 0.0015657688352923066 367 
519 532 8 0.017527256529367555 362 
520 533 8 0.028477356509686094 381 
521 535 10 0.009683258358459648 373 
522 536 10 0.04031459699092179 361 
523 537 9 0.015481224574626955 379 
524 537 8 0.0607990089766153 370 
525 539 9 0.06495462910568621 361 
526 540 9 0.045960516393918245 373 
527 541 9 0.0855179951500977 362 
528 541 9 0.028359202825824815 368 
529 542 9 0.053326467828289585 365 
530 543 10 0.018175354444690754 381 
531 546 8 0.007915245060373732 380 
532 549 10 0.06876590718321127 369 
533 549 10 0.02173576998625743 371 
534 550 8 0.05304076602336866 376 
535 551 10 0.049174286676461364 381 
536 551 8 0.03204935461415306 364 
537 552 8 0.07675365982976734 361 
538 557 8 0.0091000715761833 370 
539 558 10 0.05136393170043083 374 
540 560 8 0.07119796425578546 363 
541 560 10 0.04625644195139348 381 
542 562 10 0.03782645384213441 369 
543 564 10 0.029396336608031388 381 
544 564 9 0.02234204025529682 367 
545 564 9 0.05661876247828124 370 
546 565 9 0.0393137014222811 381 
547 565 9 0.0282018557348278 373 
548 568 9 0.0315178469876901 375 
549 570 10 0.010488502628133223 364 
550 570 9 0.08494373511554952 380 
551 571 9 0.005716440745849112 376 
552 572 9 0.019478141968042716 364 
553 572 10 0.017129712505070456 372 
554 572 10 0.008161758027357177 363 
555 575 9 0.08623034088963719 366 
556 576 8 0.015258474527542736 372 
557 576 10 0.033328064526234415 378 
558 576 10 0.07393896892871865 370 
559 577 10 0.001963245047807962 363 
560 578 8 0.0670946782374862 364 
561 578 9 0.026749369197397448 363 
562 579 10 0.039809096536748925 367 
563 579 8 0.004271521871181858 375 
564 580 9 0.03602850805635936 377 
565 580 8 0.007735361786360073 381 
566 580 8 0.026596923314031844 379 
567 580 9 0.009171255974466105 369 
568 582 8 0.03182112199174456 370 
569 583 8 0.037162718347173586 372 
570 584 9 0.016759328614837712 378 
571 586 8 0.07011529238167057 377 
572 588 8 0.027851278807831125 361 
573 588 10 0.04025667340893631 375 
574 588 10 0.029448398141283742 368 
575 589 9 0.05617979167074073 376 
576 589 9 0.08852916404397008 374 
577 589 10 0.0820314042860474 369 
578 592 9 0.003990442862858414 365 
579 594 8 0.06340849395231708 374 
580 595 9 0.026126750414182914 380 
581 595 8 0.021187774512448635 367 
582 596 8 0.005929826770766777 370 
583 596 10 0.06490081523424744 361 
584 598 10 0.07561180779995286 376 
585 598 9 0.0656384831678369 370 
586 599 10 0.03202512363550501 377 
587 599 9 0.05144365823403243 362 
588 600 10 0.04205521789753764 364 
589 601 10 0.02261817450508868 373 
590 602 9 0.05407373462917981 369 
591 603 10 0.08138170526424673 378 
592 604 8 0.07594966898649148 375 
593 604 8 0.027568109930266357 364 
594 605 8 0.0210590369424936 365 
595 605 10 0.046908175172467835 369 
596 605 8 0.01789616803798123 377 
597 606 8 0.059122797272487544 379 
598 607 8 0.030339303053284507 365 
599 607 10 0.07539704268111268 364 
600 608 8 0.0587177211047708 361 
601 608 9 0.05259276689696343 378 
602 608 10 0.03414250326480079 370 
603 609 9 0.033416448297334936 374 
604 612 10 0.026337115871939713 380 
605 614 8 0.0824165081953473 367 
606 614 9 0.04809041454006203 370 
607 615 8 0.031934836086743704 374 
608 616 10 0.08256859036419806 362 
609 616 8 0.05868288294464563 378 
610 616 9 0.04569338939938611 379 
611 618 8 0.024682981956865996 366 
612 618 8 0.08061436904276559 378 
613 620 10 0.005198284392479086 381 
614 622 8 0.06013287340332181 366 
615 623 8 0.016260262903266518 372 
616 623 8 0.08426401474564828 363 
617 623 8 0.08563850610011865 381 
618 625 10 0.006384386649810058 363 
619 627 9 0.019342099971180075 364 
620 629 10 0.03972629834978194 371 
621 629 8 0.016204119841833012 376 
622 630 10 0.023856217545191967 370 
623 630 8 0.05845553198453603 364 
624 631 8 0.009047128431661663 361 
625 633 9 0.07429881174778663 381 
626 634 9 0.023036939820493846 365 
627 635 8 0.010045321945968678 366 
628 636 9 0.07856114235421657 371 
629 638 9 0.08910803024545838 381 
630 640 10 0.03885214751252008 368 
631 643 9 0.002237656046056215 363 
632 644 8 0.05083848515822099 363 
633 646 9 0.06272372699470849 361 
634 647 9 0.009727055160316862 363 
635 647 10 0.02551141735797349 379 
636 647 9 0.07714913092385137 364 
637 648 10 0.05990104415195798 371 
638 652 9 0.04051157946888547 372 
639 653 10 0.06721481285014001 370 
640 656 8 0.020997031924615234 368 
641 657 9 0.04209523555148123 370 
642 658 10 0.08447005492903878 371 
643 659 9 0.012693009744861893 377 
644 659 9 0.008772649286523156 364 
645 659 8 0.08094690050683115 375 
646 664 8 0.006935546690398705 372 
647 665 8 0.04688267554632703 361 
648 666 8 0.028298650532749905 374 
649 667 9 0.08413682010130041 364 
650 667 9 0.07456983525615273 375 
651 667 9 0.006054572072200612 381 
652 668 8 0.05888044621863422 363 
653 668 8 0.05395214717875183 375 
654 668 9 0.04856823540791618 373 
655 669 9 0.06160081977718683 381 
656 670 8 0.054439526620964684 378 
657 670 8 0.04912082233984193 377 
658 671 8 0.07803491109835908 362 
659 674 9 0.018627643062125818 373 
660 676 9 0.06006487979932074 379 
661 676 8 0.07233062737679224 379 
662 682 9 0.0027289396904165916 373 
663 683 8 0.049508380154011454 380 
664 684 8 0.078785249853888 366 
665 685 8 0.05448235252083661 366 
666 686 8 0.08206234172248318 367 
667 686 9 0.062440289149471806 364 
668 687 8 0.060853687533081624 367 
669 689 9 0.07886783704712047 364 
670 691 9 0.04891793645541479 381 
671 691 10 0.004084238664650432 376 
672 691 8 0.019247421429751894 361 
673 692 8 0.035464328831117935 362 
674 693 9 0.07070354078377376 373 
675 693 10 0.08554494871462437 372 
676 694 10 0.07818858543730649 362 
677 695 9 0.08902753793210162 377 
678 695 10 0.041263191531900084 361 
679 696 10 0.01988559351357382 378 
680 697 9 0.06952926669021145 364 
681 698 10 0.04969241337943947 371 
682 699 9 0.03355844520360367 366 
683 699 9 0.020902542671165026 372 
684 700 8 0.024085173129891897 365 
685 702 10 0.03763792793952475 364 
686 702 8 0.024739514979005364 362 
687 703 10 0.016225973889257825 361 
688 703 8 0.006987882184628262 374 
689 704 8 0.03718476392635156 369 
690 704 9 0.042732853205241034 364 
691 705 10 0.011809409931729877 377 
692 705 10 0.02911649765761736 373 
693 706 10 0.024787015156703163 365 
694 706 9 0.07010520035389856 362 
695 707 9 0.08868000763713592 370 
696 707 8 0.04067282985057585 376 
697 707 10 0.029961844045577127 378 
698 707 8 0.03817552296353214 369 
699 708 9 0.0579872847620548 364 
700 711 10 0.0025992983033468857 365 
701 711 9 0.01774230824649092 381 
702 713 9 0.08789801608314753 364 
703 713 9 0.006699061734073083 365 
704 713 8 0.030340595482068466 381 
705 715 8 0.01676115163628535 373 
706 716 8 0.0689882254287591 368 
707 717 8 0.08116603576779051 362 
708 718 10 0.04766892596664578 380 
709 718 8 0.0015221461136744052 362 
710 718 8 0.0464018303942212 371 
711 719 8 0.06423190939733414 365 
712 719 10 0.0028767739453306293 367 
713 720 9 0.01109990432623692 378 
714 720 9 0.07644294379240593 381 
715 722 9 0.07031626437678838 380 
716 726 8 0.050663960403331675 363 
717 728 8 0.029707604438101453 376 
718 729 8 0.02709129325059525 371 
719 730 10 0.081722926644615 364 
720 731 10 0.04597568450888391 372 
721 735 10 0.08259604210280869 363 
722 736 10 0.058913496315526434 379 
723 737 9 0.030991114234946902 378 
724 738 9 0.009294341307934089 376 
725 740 10 0.0774510320987396 369 
726 741 9 0.07992820957502715 361 
727 741 9 0.04812289234286877 380 
728 743 8 0.019127107216919615 361 
729 743 9 0.03616963620537479 381 
730 746 9 0.05698855664486974 367 
731 747 9 0.0666357949831944 370 
732 748 10 0.03892443933782864 381 
733 749 10 0.021398762619865338 372 
734 751 10 0.03052697900477743 380 
735 752 8 0.07314870163238242 363 
736 754 8 0.05620934956574575 370 
737 756 10 0.04264633450783312 371 
738 757 9 0.047484940874871644 367 
739 757 10 0.03273796830657495 371 
740 758 9 0.015266910847662178 375 
741 760 10 0.003763947850103582 376 
742 760 10 0.017322998800945264 378 
743 764 8 0.019999177545811563 361 
744 764 8 0.0032373160224261864 378 
745 766 8 0.06530666971006886 373 
746 767 9 0.04908903855873947 371 
747 769 10 0.0029626371858921803 366 
748 772 9 0.07916349127274876 377 
749 773 8 0.03090326489156113 365 
750 773 10 0.06934070821288241 369 
751 773 9 0.030937686264240177 368 
752 774 9 0.04137211517450074 366 
753 775 9 0.03140560231526365 381 
754 777 9 0.060603720332324675 379 
755 777 10 0.06682717158044871 366 
756 778 10 0.013198102492834117 375 
757 780 10 0.012912087976340306 368 
758 780 10 0.07453094340893564 367 
759 780 8 0.08656331394885886 368 
760 782 10 0.04815546189062025 374 
761 784 8 0.08885422097804775 363 
762 785 8 0.047773536026972596 367 
763 786 9 0.03223270867023463 375 
764 787 10 0.022399011827767892 381 
765 787 8 0.08259453111893914 365 
766 790 10 0.04837457558182098 372 
767 790 9 0.027617775293439225 379 
768 790 10 0.06300835221054768 362 
769 792 10 0.0789397650061672 376 
770 792 9 0.07184199702038752 375 
771 793 9 0.04223061125173841 372 
772 794 9 0.030225565006570324 368 
773 795 8 0.005324992597853243 365 
774 795 10 0.06950289678907216 365 
775 795 10 0.047284367761146515 361 
776 796 8 0.025680497332373788 366 
777 797 10 0.03728177939414376 380 
778 800 8 0.01556673685576157 364 
779 800 10 0.07823137809622445 370 
780 801 9 0.037398160450094226 370 
781 801 9 0.025128994972052995 365 
782 802 9 0.016967348374327063 367 
783 802 10 0.04845278253161939 368 
784 803 9 0.08623245937682457 367 
785 803 10 0.011373915005747762 363 
786 804 10 0.007289073064047287 378 
787 805 10 0.08926868558533468 363 
788 805 8 0.062372567214522584 381 
789 812 10 0.05678743546584186 374 
790 814 9 0.06460334876984676 380 
791 816 10 0.06085960939910864 371 
792 817 9 0.06034430102746066 380 
793 817 8 0.0736341698282478 364 
794 820 8 0.021862291989551665 381 
795 822 9 0.047230000830632314 362 
796 822 9 0.06605336799410012 361 
797 823 10 0.06343937657109662 369 
798 823 10 0.026864781605028212 374 
799 823 10 0.02663536260695105 366 
800 824 10 0.08914203294326914 377 
801 825 9 0.06533844231460689 381 
802 829 8 0.03466587043796433 380 
803 830 9 0.061822405598744266 377 
804 831 9 0.040347388627455114 368 
805 832 8 0.03572280814539604 377 
806 834 10 0.053353122402584906 377 
807 834 9 0.02711860340714633 380 
808 835 8 0.07637825122404004 367 
809 836 10 0.05331706026293077 370 
810 837 9 0.042117537818407706 365 
811 837 10 0.025379658487446454 379 
812 843 9 0.07290829470502028 362 
813 844 8 0.031725436385389855 362 
814 845 8 0.023119130514386375 363 
815 846 8 0.05864014278647685 373 
816 847 9 0.0364345868960411 370 
817 848 10 0.014005995622038317 371 
818 848 10 0.05936924759897819 374 
819 851 8 0.07756961574296778 375 
820 852 9 0.057359700356133136 368 
821 853 9 0.016822629049940332 364 
822 855 9 0.0847342420652643 377 
823 856 8 0.029395640799456467 373 
824 856 10 0.04893716383888061 363 
825 857 9 0.0582185601131701 371 
826 857 10 0.0341879327445092 363 
827 858 9 0.02757032401365373 364 
828 860 10 0.03593834235217088 375 
829 862 8 0.0790570343594534 368 
830 862 8 0.07683463084561336 379 
831 862 10 0.0028439972998722937 375 
832 863 10 0.01351645980617528 364 
833 864 10 0.08877499431333007 366 
834 865 8 0.08908604842437118 363 
835 865 8 0.03338938988274174 372 
836 865 8 0.02546316607033699 370 
837 866 10 0.0608050314436607 369 
838 866 8 0.03732487212455353 362 
839 867 10 0.05023190445132506 370 
840 869 10 0.06218876400532333 372 
841 871 10 0.06768014551259723 364 
842 872 10 0.04269954739391813 364 
843 873 10 0.014171224571192374 378 
844 873 10 0.05511526455287142 366 
845 874 9 0.055788156161836355 378 
846 874 10 0.009887240075769299 371 
847 874 10 0.01054157308621622 370 
848 875 8 0.0648716371752769 366 
849 876 8 0.004536923116940997 373 
850 879 9 0.08482513678095355 363 
851 879 9 0.06398441255313236 364 
852 880 10 0.006086611056998512 376 
853 884 10 0.05692459399222177 378 
854 884 9 0.011115695177201762 362 
855 885 10 0.06518857179916916 365 
856 886 9 0.027419668132632434 365 
857 886 8 0.07532314781055327 374 
858 886 10 0.021013629572522383 376 
859 887 8 0.04845646810199168 375 
860 887 9 0.07870439425798155 363 
861 889 8 0.05653902467592106 375 
862 892 8 0.025613807768332615 371 
863 895 8 0.05083085212005247 367 
864 895 9 0.05993622702982144 380 
865 896 8 0.0031032398730258355 377 
866 896 10 0.08525557541798325 375 
867 896 8 0.00850211445640567 370 
868 896 9 0.022080044575801726 365 
869 898 8 0.02334329036763513 366 
870 899 10 0.026813286267520196 380 
871 901 8 0.009105946850051408 369 
872 902 10 0.030613790289232296 365 
873 902 10 0.022416620354681043 362 
874 904 10 0.08384731813252329 362 
875 904 10 0.03396739751434127 374 
876 904 8 0.03134401637989694 378 
877 904 9 0.006735278464245631 375 
878 905 9 0.033957594467514646 363 
879 906 8 0.04244971472329036 368 
880 906 10 0.024597417390529307 369 
881 907 10 0.056133399950386374 368 
882 908 9 0.05042841899153291 381 
883 910 10 0.08457409080062912 364 
884 911 10 0.06201631478380685 367 
885 913 9 0.014178285041020106 364 
886 915 10 0.0012044098408983287 377 
887 915 8 0.0447455418644064 376 
888 915 9 0.019640489407190813 364 
889 916 10 0.08626144643535734 372 
890 917 9 0.07122523206115339 374 
891 919 8 0.012492472574838692 361 
892 920 9 0.016018839787084297 374 
893 920 8 0.02122364998510648 371 
894 921 9 0.01891744261798959 371 
895 922 8 0.08391319473114445 368 
896 924 8 0.023909647391733357 364 
897 926 8 0.054104603709050944 363 
898 928 8 0.08495861595354032 375 
899 930 8 0.05393527148193232 370 
900 931 10 0.07927931955129723 367 
901 931 9 0.041577473058378715 367 
902 932 8 0.03441393788396142 366 
903 932 9 0.07025354908962905 373 
904 933 10 0.062215168788034986 369 
905 933 9 0.07400926001096993 366 
906 936 10 0.08525186505917583 380 
907 936 10 0.022376747638911485 371 
908 937 8 0.017831914750443142 365 
909 937 8 0.009058361759986894 381 
910 939 8 0.0752300738711962 361 
911 940 9 0.06794455572850906 372 
912 940 10 0.020959730096652317 376 
913 941 10 0.023223429154686663 363 
914 942 8 0.06011095701404501 371 
915 943 8 0.04013249545781319 373 
916 943 8 0.0025894781858322898 369 
917 943 9 0.027396780902577876 374 
918 945 9 0.03311954112911021 378 
919 946 8 0.021663725898083835 367 
920 947 8 0.045297811438409365 374 
921 948 9 0.05771635139893652 368 
922 949 10 0.06554283236759215 362 
923 949 9 0.08811477571620616 380 
924 950 9 0.045531234202173636 373 
925 951 9 0.07351479190943275 376 
926 951 8 0.020709462369436854 369 
927 951 9 0.08922006731805432 374 
928 952 8 0.06328291161266396 362 
929 953 9 0.03579979691898449 372 
930 953 10 0.03695537501073491 378 
931 959 9 0.05694265927132301 361 
932 959 8 0.02024341614523857 371 
933 962 8 0.04923525243505686 376 
934 962 9 0.050062486810295244 361 
935 965 9 0.03817030218288395 371 
936 966 9 0.08095334510406436 379 
937 967 8 0.004960153541465432 362 
938 967 10 0.06846342035186917 365 
939 968 10 0.08901369045263322 375 
940 968 9 0.08698193986256098 369 
941 968 10 0.08939514007897793 366 
942 969 10 0.035299491644967255 363 
943 970 8 0.0567911461395829 376 
944 971 8 0.06937190297777282 376 
945 972 10 0.06735532866886558 371 
946 975 9 0.03246685807588104 361 
947 976 9 0.08278540415056351 378 
948 976 9 0.011226670980786526 379 
949 976 9 0.0494051764179235 377 
950 978 8 0.03907992439738661 374 
951 980 9 0.03985883512187831 375 
952 981 8 0.010279938329479502 369 
953 981 8 0.04225862337603504 373 
954 982 8 0.03598743527309944 380 
955 983 9 0.062318159929678554 370 
956 984 8 0.020114214656353966 363 
957 984 10 0.03315287326410071 364 
958 984 9 0.07797991763441965 374 
959 985 10 0.07476778385070848 363 
960 987 9 0.042063093624376185 378 
961 987 10 0.035969972694352446 364 
962 988 10 0.043151564399553706 362 
963 989 10 0.08487068054343204 363 
964 990 10 0.055879143720967146 378 
965 990 10 0.010162301161335138 369 
966 991 8 0.00472620710349772 381 
967 991 8 0.02950510159679024 381 
968 992 10 0.08536712546405116 364 
969 993 8 0.08695997509366601 370 
970 996 10 0.0398829541486536 364 
971 996 8 0.08274071458949005 373 
972 997 9 0.040691496144996044 367 
973 997 8 0.03591393285216485 372 
974 997 10 0.035676923353352964 374 
975 998 9 0.05630204966804997 378 
976 999 9 0.02196069729258301 379 
977 1001 10 0.015342222065684273 373 
978 1003 9 0.03221512468615938 371 
979 1005 8 0.08147585297357188 366 
980 1008 10 0.008777102185113947 371 
981 1009 10 0.08876669740078842 368 
982 1010 10 0.004546376022198124 380 
983 1010 10 0.034264782676418866 369 
984 1011 10 0.024323118394750105 377 
985 1012 10 0.06191978925635312 362 
986 1012 10 0.023676083049921637 362 
987 1013 9 0.07212286379856227 376 
988 1014 9 0.03740632247726938 366 
989 1014 9 0.024581222474416565 376 
990 1015 9 0.08188947426413949 362 
991 1016 9 0.06604770938939586 365 
992 1016 8 0.08769381638060317 364 
993 1018 8 0.0791322621313151 364 
994 1018 8 0.08303518752617817 368 
995 1019 9 0.08460062207505727 373 
996 1020 10 0.06815356489081718 369 
997 1020 9 0.07320959049201356 370 
998 1020 8 0.08311788675012509 373 
999 1021 10 0.040863657284168874 363 
1000 1022 9 0.00709003883696351 363 
1001 1023 10 0.07470891014253729 365 
1002 1025 9 0.009045727289929601 381 
1003 1028 9 0.03848864891460916 377 
1004 1028 10 0.08356477527944446 373 
1005 1029 8 0.051060209273751524 381 
1006 1031 9 0.06769683966736753 370 
1007 1031 10 0.0451105803428152 379 
1008 1032 10 0.08281314155567 368 
1009 1034 10 0.023559352583714683 369 
1010 1034 8 0.00777675422085215 365 
1011 1034 8 0.07717236151410091 361 
1012 1036 8 0.012554808635954956 379 
1013 1037 10 0.02023142863141674 376 
1014 1038 10 0.04882820131268935 367 
1015 1038 8 0.004022441344190374 365 
1016 1040 9 0.05017618477853529 372 
1017 1041 9 0.04148784572028377 375 
1018 1042 8 0.04729136643892078 367 
1019 1043 9 0.010501102913337342 375 
1020 1044 10 0.06872254275016003 370 
1021 1044 8 0.009900056460099508 362 
1022 1044 10 0.039349623703395446 364 
1023 1044 9 0.014440980333897586 379 
1024 1044 10 0.0677535945011927 380 
1025 1045 10 0.013276037459635293 362 
1026 1045 10 0.05261229082843779 370 
1027 1047 8 0.017793183385401208 370 
1028 1049 9 0.018285748987646587 361 
1029 1049 10 0.08357870599807174 374 
1030 1049 10 0.009032500398159983 362 
1031 1050 8 0.004539848839554652 381 
1032 1052 8 0.051931485034311976 361 
1033 1052 9 0.013108101839521182 363 
1034 1053 9 0.08901884740594655 374 
1035 1053 9 0.004817574512541231 372 
1036 1055 9 0.061490348357033126 365 
1037 1056 10 0.044519400883720396 361 
1038 1058 8 0.0678338134746465 372 
1039 1058 8 0.03674438426208965 368 
1040 1059 10 0.04173180827523789 365 
1041 1059 8 0.03308595914459387 373 
1042 1061 8 0.02848577719397523 371 
1043 1062 10 0.028303945204292833 368 
1044 1063 10 0.017520547334252318 365 
1045 1063 8 0.04946792341077237 366 
1046 1063 9 0.014063934303216351 374 
1047 1063 8 0.05366089024396803 368 
1048 1063 8 0.051230996570219366 381 
1049 1064 9 0.05063476802887656 378 
1050 1065 9 0.02950974371865576 362 
1051 1066 10 0.0530113672382852 367 
1052 1066 9 0.08560056728178918 362 
1053 1068 10 0.005106129209377876 376 
1054 1068 10 0.05964706543044961 369 
1055 1069 9 0.04275493462098216 365 
1056 1069 8 0.01172650715201307 370 
1057 1070 8 0.08027872212069113 369 
1058 1071 9 0.05533895088186846 370 
1059 1071 9 0.022427450361217943 380 
1060 1073 10 0.020043150548673092 376 
1061 1073 8 0.08085263392427393 366 
1062 1073 9 0.01645323607190208 372 
1063 1077 8 0.04698037425062766 378 
1064 1077 10 0.02203915149113329 362 
1065 1079 10 0.046922604246559974 373 
1066 1079 8 0.07414440770036144 373 
1067 1079 9 0.003565897717266703 373 
1068 1081 8 0.037473447184227765 370 
1069 1082 9 0.053119808854105284 377 
1070 1082 10 0.08168392885328367 377 
1071 1083 8 0.0018232083945531048 375 
1072 1084 9 0.08290252933072735 371 
1073 1085 10 0.008568506755877723 368 
1074 1085 8 0.04761772570070447 380 
1075 1088 8 0.05247399499581562 361 
1076 1088 10 0.01703413384219625 370 
1077 1089 8 0.002899358776417553 369 
1078 1089 8 0.08936567988047338 374 
1079 1093 9 0.011923656235903815 381 
1080 1096 10 0.07812912368431874 373 
1081 1097 8 0.022062044653290543 369 
1082 1097 9 0.01585729633411655 363 
1083 1098 10 0.002429504731833916 369 
1084 1098 8 0.0051148373274060785 377 
1085 1099 8 0.03740066345026604 376 
1086 1100 9 0.020258410605640785 381 
1087 1100 9 0.03362173708127854 380 
1088 1106 9 0.07527446055272538 364 
1089 1110 8 0.05433802693977178 368 
1090 1110 8 0.0651030204531582 379 
1091 1111 9 0.07985411253069856 378 
1092 1113 10 0.013340032565438392 365 
1093 1114 10 0.025278261189738638 374 
1094 1114 10 0.010209833959184875 380 
1095 1115 9 0.07950288730475097 380 
1096 1115 9 0.02938318835613503 361 
1097 1117 8 0.057450587119364106 363 
1098 1121 10 0.06467367249427665 373 
1099 1121 8 0.07365303334761542 374 
1100 1123 10 0.07811351903067819 378 
1101 1124 9 0.08098076266743069 381 
1102 1124 10 0.009004486815844304 374 
1103 1125 8 0.019703426072524708 370 
1104 1125 8 0.07071221537101323 379 
1105 1125 8 0.03176728275061316 374 
1106 1126 10 0.08624555809514588 363 
1107 1130 9 0.010837058881889416 377 
1108 1131 8 0.05514850218666902 365 
1109 1132 10 0.02634238924319197 380 
1110 1133 8 0.048371121194983824 365 
1111 1136 8 0.06618465300901268 363 
1112 1137 9 0.010522244956545159 373 
1113 1138 9 0.02968308059878796 371 
1114 1139 10 0.03586136177266791 367 
1115 1139 9 0.08623862307058226 368 
1116 1139 8 0.05511528912206537 370 
1117 1140 10 0.009902940188844418 378 
1118 1141 8 0.060751916946455944 366 
1119 1141 8 0.01778318704205473 377 
1120 1141 9 0.07916051013480326 374 
1121 1142 8 0.0020150438732228727 378 
1122 1144 8 0.0375399006929976 375 
1123 1144 10 0.07571284776330352 363 
1124 1145 10 0.024455405486651788 365 
1125 1146 10 0.010104960437676759 373 
1126 1149 10 0.008959450775286783 367 
1127 1149 8 0.05638383372654835 366 
1128 1151 8 0.08127471168107141 378 
1129 1153 10 0.07852787540078053 373 
1130 1154 8 0.04647151500671587 365 
1131 1154 9 0.04860722799402078 375 
1132 1155 9 0.001546761217846784 361 
1133 1158 8 0.025467128789618827 365 
1134 1158 10 0.0761968077142568 377 
1135 1162 8 0.0686194400630624 376 
1136 1162 9 0.03938477104080317 377 
1137 1163 8 0.027070947684371478 379 
1138 1164 10 0.0582848988281073 361 
1139 1167 9 0.05144472608495875 372 
1140 1167 8 0.08987059616848815 376 
1141 1167 8 0.0811878747635547 379 
1142 1169 9 0.009174720683000941 372 
1143 1170 10 0.03905324306162057 375 
1144 1170 9 0.04274327337781094 371 
1145 1172 10 0.08117841182580289 376 
1146 1172 9 0.07638045859485502 365 
1147 1175 9 0.08837890503859212 381 
1148 1176 9 0.03967682549755419 366 
1149 1177 8 0.035036329759524205 370 
1150 1177 9 0.07304882158225055 363 
1151 1180 8 0.0781044040587196 372 
1152 1180 9 0.0587024091448534 376 
1153 1183 10 0.07042053701626667 368 
1154 1184 9 0.04273275376854181 361 
1155 1184 8 0.03800531084225434 372 
1156 1184 9 0.079796064322962 373 
1157 1186 9 0.06619008825504936 372 
1158 1188 8 0.00612096682421061 364 
1159 1188 9 0.07510120650868231 372 
1160 1189 10 0.018287945584158312 374 
1161 1189 8 0.052367920592260635 371 
1162 1191 9 0.05566866428227038 374 
1163 1192 8 0.06693199329483757 368 
1164 1193 8 0.03485154536204943 375 
1165 1194 10 0.04707081450958678 379 
1166 1195 9 0.020202107599307545 368 
1167 1199 8 0.057025647465526595 377 
1168 1199 9 0.08748666214379935 361 
1169 1202 10 0.043751772839661085 361 
1170 1203 9 0.020304244246735305 361 
1171 1203 8 0.01256707628681794 372 
1172 1205 9 0.018639178555781455 365 
1173 1206 10 0.04731392802922955 378 
1174 1206 8 0.01359786316850449 373 
1175 1207 8 0.027427303383354053 380 
1176 1208 9 0.07663235040163832 370 
1177 1209 8 0.0567281748665737 378 
1178 1209 10 0.010446335952485685 364 
1179 1209 10 0.00474023542626705 380 
1180 1211 10 0.01461604438000949 362 
1181 1212 8 0.007477401728432766 378 
1182 1214 8 0.06715702927818852 377 
1183 1214 9 0.07803329383401438 372 
1184 1215 10 0.02915494237327365 374 
1185 1215 9 0.017203292320844447 371 
1186 1217 9 0.0038855990068627313 379 
1187 1219 10 0.07058879501592932 367 
1188 1220 8 0.08082029258201093 379 
1189 1220 8 0.02613751232787455 363 
1190 1220 9 0.04020212358687835 377 
1191 1221 8 0.037909159406483775 375 
1192 1222 10 0.08930800449802193 373 
1193 1222 8 0.05668866456751946 361 
1194 1222 9 0.004367264646884734 371 
1195 1225 8 0.08533353128172952 362 
1196 1230 8 0.07749304634449375 365 
1197 1231 10 0.0025535950833443307 370 
1198 1232 10 0.021428968889571243 371 
1199 1233 8 0.03478291911726805 376 
1200 1233 8 0.07119301482051561 361 
1201 1233 10 0.06430877545649064 363 
1202 1237 9 0.08628078330160086 363 
1203 1237 10 0.032754562144912264 373 
1204 1238 8 0.07711828334466442 375 
1205 1240 8 0.009958496625710404 377 
1206 1241 8 0.05807247858812914 377 
1207 1241 10 0.08745259590895707 369 
1208 1243 10 0.019811612241281164 368 
1209 1245 9 0.06739806506733133 379 
1210 1245 9 0.0335193511324214 370 
1211 1246 9 0.012778411076610978 376 
1212 1247 8 0.05321052895449174 365 
1213 1249 9 0.01633159531362333 379 
1214 1250 9 0.014983771750272962 372 
1215 1253 8 0.058475514161573074 369 
1216 1253 9 0.010708401782576933 378 
1217 1253 9 0.019896009379929212 372 
1218 1254 8 0.08001549335859713 375 
1219 1256 9 0.058099163454158054 379 
1220 1259 10 0.03534759328470653 368 
1221 1259 9 0.0632512462543842 379 
1222 1259 8 0.02343340656408784 372 
1223 1259 9 0.01928041899855678 375 
1224 1259 10 0.08554080813115836 365 
1225 1261 8 0.011916606033221127 362 
1226 1263 8 0.049672166643792585 381 
1227 1263 10 0.018377390047782282 368 
1228 1264 9 0.03564683695691893 368 
1229 1264 10 0.005792619556879947 372 
1230 1265 9 0.07984129390866837 373 
1231 1266 10 0.03559228459447111 368 
1232 1268 8 0.012622484784865523 376 
1233 1269 9 0.04522770586382561 370 
1234 1269 9 0.07131001114707251 378 
1235 1271 9 0.08984789733706856 378 
1236 1271 10 0.030264816404104868 362 
1237 1273 10 0.01376723012113876 369 
1238 1274 10 0.008138659796487611 373 
1239 1274 8 0.08942137878312578 379 
1240 1277 8 0.07202128407470815 370 
1241 1277 9 0.07143947670529673 363 
1242 1277 10 0.024155416857641485 362 
1243 1278 10 0.03841363158335856 376 
1244 1278 10 0.012506152147477599 373 
1245 1282 10 0.08137794426519437 375 
1246 1282 8 0.08582921672767688 376 
1247 1283 9 0.021107649366173438 375 
1248 1283 8 0.04271385300214183 373 
1249 1284 9 0.04298672896728138 377 
1250 1284 8 0.07669823835435098 381 
1251 1284 8 0.08423984234983053 363 
1252 1284 9 0.05992321459609208 363 
1253 1285 10 0.07705537350534351 381 
1254 1285 9 0.06041214035457168 364 
1255 1286 8 0.0880755603715039 376 
1256 1287 8 0.017256035729122574 361 
1257 1287 9 0.04801887581268652 381 
1258 1288 10 0.04821311381270353 374 
1259 1289 8 0.04955988964971209 371 
1260 1289 10 0.010927046975350727 381 
1261 1289 9 0.07914037508438972 375 
1262 1289 10 0.018989325576565602 362 
1263 1291 10 0.0737513842068482 363 
1264 1291 10 0.034922798983824006 373 
1265 1293 9 0.04545140646359212 380 
1266 1293 10 0.05093224972036571 379 
1267 1293 8 0.08353595100131066 378 
1268 1295 8 0.018606872376879732 373 
1269 1303 9 0.02651204860895452 367 
1270 1303 9 0.008644349715310386 369 
1271 1304 9 0.08810133645728872 379 
1272 1304 8 0.015096296197040324 364 
1273 1305 9 0.05559497162662318 380 
1274 1305 9 0.03763924761605335 368 
1275 1306 10 0.07553114870621762 377 
1276 1307 10 0.0807882585344258 374 
1277 1309 9 0.016364534031972175 374 
1278 1309 9 0.009409838315415087 366 
1279 1310 10 0.08521085712088908 368 
1280 1311 8 0.06239846581893753 377 
1281 1311 9 0.042869165817598094 380 
1282 1313 8 0.06253855494011923 372 
1283 1313 9 0.056677598414405006 380 
1284 1315 10 0.07067863247321587 363 
1285 1317 8 0.07342546271140551 365 
1286 1318 8 0.08317308471612754 368 
1287 1319 8 0.045297460104538806 369 
1288 1320 10 0.03331956621452663 367 
1289 1322 9 0.02195418731547633 371 
1290 1322 10 0.015799755504067654 372 
1291 1323 9 0.009825169624633378 363 
1292 1323 10 0.04045333425251999 381 
1293 1324 10 0.04385833947427652 369 
1294 1325 8 0.08618723652057987 375 
1295 1327 9 0.07662604544726317 367 
1296 1329 9 0.02882405318219964 373 
1297 1330 8 0.07382635644162308 380 
1298 1330 9 0.010350144289522294 380 
1299 1331 10 0.07033410762622568 371 
1300 1332 9 0.006303095881640184 371 
1301 1332 8 0.02584237422750171 367 
1302 1332 10 0.04826244642444537 364 
1303 1333 10 0.04589112275300819 380 
1304 1333 10 0.042363832554836084 369 
1305 1334 9 0.08446078935558954 381 
1306 1334 8 0.05749175581344 369 
1307 1334 8 0.04321344546919379 374 
1308 1334 8 0.06349559400263471 377 
1309 1335 9 0.07212225654760052 374 
1310 1335 8 0.02045062607095717 380 
1311 1336 9 0.016300175904002324 368 
1312 1336 9 0.0267553838569215 376 
1313 1337 9 0.012169380998487848 381 
1314 1337 8 0.07531043542053244 368 
1315 1338 9 0.06745514132508791 375 
1316 1338 8 0.07321939531388348 366 
1317 1339 10 0.05895661247010525 379 
1318 1339 8 0.022712890345585074 367 
1319 1341 10 0.03915965865992329 378 
1320 1342 10 0.058034514462615615 379 
1321 1343 9 0.08961516246402575 368 
1322 1344 10 0.01905476218581243 375 
1323 1344 10 0.07692222468480898 372 
1324 1344 9 0.018466081959814723 380 
1325 1344 8 0.07291896309908497 372 
1326 1345 10 0.047029176323852014 375 
1327 1347 9 0.02139516276398466 376 
1328 1348 8 0.011328786006960165 376 
1329 1349 10 0.02440374777616605 380 
1330 1352 10 0.05208825206758367 367 
1331 1352 9 0.009561201833940231 375 
1332 1354 8 0.06706700160433966 375 
1333 1356 9 0.0076666795692644975 366 
1334 1358 8 0.06686164113401487 367 
1335 1359 8 0.07139063429094976 376 
1336 1361 8 0.08072706023913095 371 
1337 1363 10 0.047386685106537436 368 
1338 1365 10 0.022712078757329477 372 
1339 1367 9 0.0701874219956833 379 
1340 1367 10 0.023081396389050636 368 
1341 1367 9 0.07010293814984922 371 
1342 1373 8 0.07298756390990756 378 
1343 1374 8 0.007641822846055597 368 
1344 1375 9 0.013042011800494527 372 
1345 1375 9 0.022239604491233238 364 
1346 1378 10 0.003812020854792996 366 
1347 1379 10 0.07692232335783274 381 
1348 1379 8 0.027765654146045066 366 
1349 1379 10 0.006372681415267139 369 
1350 1383 8 0.05745035303366009 368 
1351 1383 9 0.001560274698828373 361 
1352 1385 8 0.026664450389112377 373 
1353 1385 9 0.08986599118779659 368 
1354 1389 8 0.06234284695419678 366 
1355 1390 10 0.004693698424151022 374 
1356 1391 9 0.06747831216976508 377 
1357 1391 10 0.07502738648195834 363 
1358 1393 10 0.03513840107508919 377 
1359 1394 10 0.0863095543232353 377 
1360 1394 10 0.009631149611583633 380 
1361 1395 8 0.05206598746976477 361 
1362 1398 8 0.048094624598012115 380 
1363 1400 10 0.0013440175381343748 369 
1364 1401 10 0.047754248308566616 366 
1365 1403 8 0.013245590182256635 374 
1366 1404 9 0.0668319978485288 368 
1367 1405 10 0.05039694457594454 364 
1368 1406 9 0.08798931474291587 364 
1369 1412 8 0.05162731903449534 368 
1370 1413 8 0.03217004864566691 380 
1371 1413 8 0.04786371156403748 363 
1372 1416 10 0.018677460890452423 369 
1373 1416 9 0.08306987098399775 378 
1374 1417 9 0.032944485153793154 363 
1375 1418 10 0.05003001042638239 372 
1376 1419 9 0.061083353747274076 363 
1377 1419 10 0.08542136090574713 366 
1378 1420 8 0.04781423454802293 377 
1379 1422 10 0.011510104262653933 373 
1380 1422 8 0.03480879588801466 379 
1381 1422 9 0.05638761939609298 373 
1382 1424 10 0.02377593429887025 373 
1383 1424 10 0.06832818327467478 374 
1384 1425 8 0.02477318211373436 363 
1385 1426 10 0.029377411235107925 372 
1386 1429 9 0.014556235785725211 376 
1387 1430 10 0.03436693549303611 379 
1388 1431 9 0.01082234909609121 368 
1389 1432 9 0.016591116091582613 363 
1390 1434 8 0.06121965840147539 363 
1391 1435 10 0.005749687983213641 370 
1392 1438 10 0.04758620245692745 367 
1393 1441 8 0.04279929531260267 366 
1394 1442 8 0.08547971699522672 364 
1395 1444 8 0.004674560926843752 368 
1396 1444 9 0.06404603957252583 366 
1397 1446 9 0.004924438263575748 370 
1398 1449 9 0.013559480209327714 381 
1399 1450 10 0.021710962546698964 364 
1400 1451 9 0.045384771191312845 368 
1401 1451 10 0.07128874151715714 361 
1402 1451 8 0.07540207120526354 367 
1403 1452 9 0.060583432431163764 381 
1404 1452 10 0.02761329275374327 375 
1405 1453 10 0.052940664611235186 368 
1406 1456 8 0.01485299288351585 379 
1407 1458 9 0.07737790825887646 363 
1408 1459 9 0.05253179619467699 379 
1409 1459 8 0.013564270396665024 373 
1410 1463 8 0.04730883660802767 378 
1411 1463 10 0.034618944298215645 374 
1412 1464 9 0.014992806390674296 369 
1413 1464 8 0.02051358430509825 380 
1414 1465 10 0.0428643681254149 362 
1415 1470 10 0.039490967460671225 380 
1416 1471 10 0.061836904028911344 372 
1417 1471 8 0.01667775895419629 373 
1418 1472 8 0.06898370481994985 374 
1419 1475 10 0.01077192838909067 368 
1420 1475 8 0.014117528279183916 362 
1421 1477 9 0.07154819390488093 375 
1422 1478 8 0.06030504156625938 375 
1423 1478 9 0.007983147838777533 367 
1424 1479 10 0.012854015292060594 374 
1425 1479 8 0.008766413246136468 369 
1426 1480 9 0.02190473042977186 366 
1427 1480 10 0.010203349809438062 381 
1428 1480 8 0.06518848926642805 369 
1429 1481 10 0.011583355368184417 361 
1430 1483 9 0.0780149085446786 374 
1431 1484 8 0.02353518942930005 368 
1432 1484 8 0.01687020734786574 372 
1433 1484 10 0.04380160738582115 380 
1434 1485 10 0.03821580771934504 374 
1435 1490 9 0.007030346649873928 367 
1436 1490 9 0.062252169427360844 364 
1437 1491 9 0.010398310105744987 377 
1438 1491 9 0.01584782593740927 364 
1439 1493 10 0.005922454887808074 367 
1440 1495 9 0.03102463784988973 378 
1441 1498 10 0.03824364025167878 376 
1442 1498 9 0.08657848794437405 375 
1443 1499 9 0.02901843306764585 368 
1444 1501 10 0.018178695361777446 378 
1445 1501 9 0.0042147784349614754 372 
1446 1502 8 0.00566891065092227 369 
1447 1503 10 0.03236706572981389 377 
1448 1507 8 0.032564813958734486 373 
1449 1508 8 0.08128667506130627 362 
1450 1508 9 0.06297834636582053 366 
1451 1509 9 0.026897064093250555 368 
1452 1511 9 0.005355802862239759 366 
1453 1511 10 0.06743840936989598 369 
1454 1513 10 0.03991414000743078 379 
1455 1514 9 0.08598333256998211 369 
1456 1514 9 0.02355654109810981 367 
1457 1514 9 0.03657532514151661 363 
1458 1516 10 0.07153745659799962 380 
1459 1517 10 0.06513157715590151 365 
1460 1517 10 0.009350275471208279 380 
1461 1518 8 0.05775395669283874 367 
1462 1518 9 0.031045828269455514 374 
1463 1519 10 0.05646322582154354 361 
1464 1520 8 0.030209293400769208 374 
1465 1523 8 0.06547711182498331 371 
1466 1523 8 0.07312942887668704 377 
1467 1524 10 0.08082446196149992 367 
1468 1524 8 0.052561073218310154 374 
1469 1524 8 0.02088744144686097 372 
1470 1529 8 0.06170402670854457 374 
1471 1530 10 0.0851018125362448 365 
1472 1531 10 0.05535351453939124 361 
1473 1531 8 0.059521789429619 370 
1474 1531 10 0.03318086595310985 375 
1475 1533 10 0.027319264460675886 375 
1476 1535 9 0.001558912332573594 379 
1477 1535 9 0.06069549131805595 373 
1478 1536 10 0.035573064611901246 381 
1479 1537 9 0.04158001101937234 361 
1480 1537 10 0.0857664818750664 380 
1481 1537 9 0.015253700759633126 364 
1482 1537 10 0.06722617845112105 371 
1483 1538 9 0.06377623974066868 365 
1484 1540 8 0.007000723799747132 373 
1485 1540 10 0.03599553856867442 363 
1486 1540 10 0.06634611731214407 363 
1487 1541 10 0.04501823507678039 368 
1488 1542 9 0.021217379924412107 366 
1489 1542 8 0.07577986475886409 374 
1490 1543 10 0.030208165378654568 369 
1491 1543 8 0.08928219599559233 366 
1492 1543 9 0.03711659305130071 367 
1493 1544 8 0.05262894874728104 368 
1494 1544 10 0.010776273261755117 378 
1495 1545 10 0.05761164030271333 376 
1496 1546 9 0.027078430410186594 374 
1497 1549 8 0.02808625403026472 370 
1498 1552 10 0.0755352517911507 362 
1499 1553 8 0.051847295106648726 372 
1500 1554 8 0.011896178321823037 367 
1501 1556 9 0.02127845609593839 368 
1502 1556 8 0.006898338394050525 366 
1503 1556 8 0.06851023969112136 367 
1504 1556 9 0.05600577253073222 361 
1505 1557 9 0.04006833541024518 371 
1506 1557 9 0.03916758952875622 370 
1507 1558 9 0.07814319888728398 374 
1508 1559 9 0.05049089609181898 368 
1509 1562 8 0.015885010815371147 370 
1510 1563 10 0.05523527679324481 366 
1511 1565 10 0.049503960975118555 362 
1512 1565 8 0.04245910566002113 365 
1513 1565 10 0.01252498487318723 368 
1514 1569 9 0.01901462434615305 369 
1515 1569 10 0.05615888844784952 369 
1516 1570 9 0.02073069376948522 372 
1517 1572 8 0.027513409836373567 379 
1518 1573 10 0.006552926194689894 364 
1519 1574 9 0.019182014455244523 368 
1520 1574 9 0.06002251465726072 375 
1521 1574 8 0.06636496733064637 375 
1522 1580 9 0.009201897664133506 363 
1523 1582 9 0.007465793966742733 369 
1524 1582 10 0.02400806281899296 375 
1525 1584 8 0.006314387300227529 366 
1526 1584 8 0.018037703512670904 379 
1527 1585 10 0.002271156870684899 365 
1528 1589 8 0.016285743992909687 369 
1529 1589 8 0.07117079691183281 373 
1530 1590 10 0.06535022407191925 362 
1531 1592 8 0.0018892251836919614 379 
1532 1592 8 0.044520670933202396 379 
1533 1593 9 0.059672721353852584 376 
1534 1594 8 0.013284639928971439 362 
1535 1595 10 0.02517173649075938 380 
1536 1597 10 0.08302783109023203 372 
1537 1598 10 0.08358640746056854 363 
1538 1598 8 0.035542203076516815 372 
1539 1598 10 0.008011930499471243 362 
1540 1599 10 0.049071892550007 372 
1541 1599 10 0.05268550860385826 377 
1542 1599 9 0.04130153250895802 378 
1543 1601 10 0.04805914821263705 368 
1544 1602 10 0.004165966980865106 365 
1545 1602 9 0.024373232022617736 364 
1546 1603 10 0.06729113428802339 367 
1547 1604 9 0.007663069498581663 381 
1548 1606 8 0.015206350174959027 363 
1549 1608 8 0.07964493261165168 376 
1550 1608 9 0.017086633337070174 372 
1551 1610 10 0.06915133655603661 364 
1552 1611 8 0.03891701402795653 364 
1553 1611 9 0.04296204507124133 367 
1554 1611 8 0.054938237794079796 378 
1555 1611 8 0.06456658260842196 373 
1556 1612 10 0.06635258839135365 376 
1557 1612 9 0.061500857928215996 374 
1558 1613 9 0.043932922371495466 373 
1559 1614 9 0.02028056993343857 376 
1560 1616 8 0.07138302930858198 375 
1561 1616 10 0.010743470891497995 379 
1562 1617 10 0.063779943380633 366 
1563 1617 9 0.019219454331616804 374 
1564 1617 8 0.05645498732639896 364 
1565 1618 9 0.05313222679163945 380 
1566 1618 9 0.01641957338598257 379 
1567 1618 9 0.026727589261430283 377 
1568 1619 8 0.0243535176237388 364 
1569 1620 9 0.08101885817090758 380 
1570 1622 8 0.0818491421618019 378 
1571 1622 10 0.063990117566412 381 
1572 1622 9 0.043180404426909964 373 
1573 1626 10 0.04997800173467723 378 
1574 1627 10 0.04088513317374153 377 
1575 1627 8 0.0789170816458486 381 
1576 1628 8 0.07999008807579283 365 
1577 1628 10 0.003425226940099109 374 
1578 1632 8 0.01884194710484073 369 
1579 1633 10 0.00773297688482043 379 
1580 1634 10 0.04690617593665736 365 
1581 1635 8 0.05660153749702449 367 
1582 1637 8 0.08664459376254215 372 
1583 1640 9 0.06177042613897462 371 
1584 1640 10 0.04192521034957412 364 
1585 1640 9 0.056422847544754476 365 
1586 1642 10 0.02063212127790269 375 
1587 1643 8 0.00864907711375951 372 
1588 1644 10 0.024022883925693215 376 
1589 1644 9 0.038818007030798345 371 
1590 1645 9 0.04590321189887287 375 
1591 1646 8 0.05173786342844328 377 
1592 1648 8 0.022510515975935994 368 
1593 1648 9 0.050515412085529336 379 
1594 1648 10 0.07112339785793466 375 
1595 1649 9 0.04262970502198151 368 
1596 1649 8 0.03983341758253698 366 
1597 1650 9 0.03042945106638234 363 
1598 1650 10 0.0067308020364572054 363 
1599 1650 8 0.05875587056019919 364 
1600 1650 10 0.06850155290467465 371 
1601 1652 10 0.03590554464732018 370 
1602 1652 8 0.06050665908795619 362 
1603 1653 9 0.03698728367999176 371 
1604 1654 8 0.023364223845540207 377 
1605 1655 8 0.08172059984609707 369 
1606 1656 8 0.059106544336447076 366 
1607 1656 10 0.07647944964465433 367 
1608 1658 10 0.01894069270136886 375 
1609 1658 10 0.04583094957362272 362 
1610 1660 10 0.003738565144628415 372 
1611 1662 8 0.041026728308024944 380 
1612 1662 9 0.08046285002743175 381 
1613 1662 9 0.008002206855850149 377 
1614 1663 9 0.01810305587528783 364 
1615 1663 10 0.06950800776620158 366 
1616 1664 9 0.07297527264723418 371 
1617 1669 10 0.05338488438598405 380 
1618 1670 9 0.04557704603534808 362 
1619 1673 10 0.03080089859226498 373 
1620 1674 10 0.023723667586228157 362 
1621 1674 9 0.04389731969508582 371 
1622 1676 10 0.006614422469777858 364 
1623 1676 8 0.07307959341748481 375 
1624 1678 8 0.05010576829577375 375 
1625 1680 9 0.006685559997163321 372 
1626 1682 9 0.02426374658343869 364 
1627 1682 8 0.0028209588421466924 377 
1628 1683 8 0.08038459775398812 361 
1629 1683 9 0.052459531162735086 381 
1630 1684 9 0.067135617280189 376 
1631 1684 10 0.0758297356345906 367 
1632 1685 10 0.015531382231418263 373 
1633 1687 8 0.07763407677465456 372 
1634 1689 9 0.052527693959994085 365 
1635 1690 8 0.016545328301625112 372 
1636 1691 9 0.0548663347961172 380 
1637 1691 10 0.03196474213719761 380 
1638 1694 9 0.0536957287234803 364 
1639 1694 9 0.08067577434481936 374 
1640 1695 8 0.08357461534382557 363 
1641 1696 8 0.01578281977051034 362 
1642 1698 9 0.016630063222608068 380 
1643 1698 9 0.038357895922668014 376 
1644 1698 8 0.050443810600942676 363 
1645 1699 8 0.0038961959343872758 377 
1646 1700 9 0.00583151258831646 364 
1647 1702 8 0.08516069117153673 366 
1648 1703 10 0.08349916282868398 375 
1649 1703 10 0.009981184861923578 375 
1650 1704 9 0.02726291827650575 364 
1651 1707 8 0.00913392808004813 368 
1652 1709 9 0.0752526785144087 368 
1653 1713 10 0.0482997821802061 377 
1654 1713 10 0.058232397800885335 373 
1655 1713 8 0.061397898956249045 373 
1656 1714 10 0.0584884393387918 369 
1657 1715 9 0.0752405477783981 369 
1658 1716 8 0.04003722614054549 375 
1659 1716 9 0.04214111319607488 369 
1660 1719 10 0.06394980444939975 376 
1661 1719 9 0.019631506545869586 372 
1662 1720 9 0.018375888205338562 362 
1663 1720 10 0.04876988044746614 361 
1664 1720 10 0.01912251089362631 363 
1665 1721 9 0.07317896540516483 362 
1666 1722 8 0.07338861592972223 376 
1667 1724 8 0.03247002431111134 372 
1668 1725 8 0.07025810232653787 363 
1669 1727 10 0.01721295133539185 376 
1670 1727 9 0.021086861168298072 367 
1671 1727 8 0.003679190761479039 367 
1672 1729 8 0.08644233167123633 373 
1673 1730 10 0.03275689341731271 363 
1674 1730 10 0.020834761156523256 374 
1675 1730 10 0.04142802625702671 381 
1676 1731 9 0.03247085367855699 373 
1677 1731 8 0.044781501420936114 372 
1678 1734 8 0.055003933270510896 368 
1679 1735 9 0.06726009124448952 368 
1680 1736 10 0.040805766577663174 373 
1681 1737 10 0.028004253439740175 364 
1682 1739 10 0.061842073654250866 376 
1683 1739 8 0.07774345712396323 362 
1684 1740 8 0.04605677977633156 379 
1685 1742 8 0.05469419111832154 379 
1686 1742 9 0.04586021836296147 361 
1687 1742 9 0.08858920487757273 369 
1688 1742 9 0.08907055433463901 364 
1689 1743 9 0.016887233848359884 375 
1690 1745 10 0.07445079163793275 369 
1691 1745 10 0.06743903064592562 377 
1692 1746 10 0.021317162340727714 366 
1693 1746 10 0.07524955688957498 365 
1694 1747 10 0.0509924878822341 363 
1695 1749 9 0.007035434852425469 369 
1696 1749 9 0.07588948864947659 379 
1697 1749 10 0.06965769988003548 377 
1698 1751 8 0.03706181245333476 365 
1699 1754 8 0.04826076107876045 369 
1700 1754 9 0.016443113136151894 361 
1701 1754 9 0.048019904755527705 364 
1702 1755 10 0.02937526997727201 363 
1703 1758 9 0.08168571282857436 369 
1704 1759 8 0.05620324400533046 376 
1705 1759 10 0.08024135972311927 369 
1706 1760 10 0.013947156723980805 380 
1707 1762 8 0.008091899687818893 363 
1708 1763 8 0.0677537899831264 372 
1709 1764 9 0.034756384216278316 378 
1710 1764 8 0.08258467319236516 373 
1711 1764 9 0.030902002908884695 364 
1712 1764 9 0.010464248129764188 374 
1713 1765 8 0.0448085723692148 379 
1714 1766 9 0.08871950768001063 364 
1715 1767 9 0.05884910514301501 366 
1716 1768 10 0.06765106296112168 368 
1717 1770 8 0.041279274057914976 373 
1718 1771 8 0.049973327242395844 372 
1719 1774 8 0.025509724330450324 371 
1720 1776 8 0.08774841899024866 379 
1721 1776 8 0.005190547159561806 372 
1722 1777 9 0.021651599756224056 364 
1723 1777 10 0.004250542384419459 367 
1724 1777 8 0.07517366713421605 380 
1725 1778 10 0.022825572907078463 365 
1726 1779 9 0.041031228066562245 370 
1727 1780 10 0.005167360587303102 365 
1728 1780 9 0.08065990258520558 377 
1729 1781 9 0.015195885358543677 365 
1730 1783 10 0.07214733819619865 367 
1731 1783 10 0.05715226349382067 361 
1732 1785 8 0.04112770789355661 376 
1733 1785 10 0.010271559602921882 381 
1734 1786 9 0.0612958383380233 375 
1735 1786 9 0.036725689590924426 379 
1736 1786 8 0.07377521640332786 381 
1737 1787 10 0.07323692319048115 375 
1738 1788 8 0.06718088065905455 363 
1739 1790 8 0.07627607322340915 368 
1740 1790 8 0.05147271504893504 369 
1741 1791 9 0.002706497039324948 380 
1742 1795 9 0.022027778715815 364 
1743 1795 9 0.06874505002857996 378 
1744 1795 8 0.04728048762611366 371 
1745 1796 10 0.03307388572362222 368 
1746 1797 8 0.03051912480687626 362 
1747 1799 10 0.07998672300168123 377 
1748 1800 9 0.05492142022222774 364 
1749 1801 9 0.08117652027434892 368 
1750 1801 10 0.010808001177602878 370 
1751 1802 9 0.04030719670693499 364 
1752 1802 9 0.029184683244781958 365 
1753 1803 10 0.018480386424679668 369 
1754 1806 10 0.007731918272155354 379 
1755 1809 8 0.03143516650837814 373 
1756 1813 9 0.005519369989052292 367 
1757 1813 9 0.035182690552598414 379 
1758 1814 8 0.08291973716566488 378 
1759 1815 8 0.06351560556412092 366 
1760 1815 10 0.08403041336545158 367 
1761 1816 10 0.009222027866493916 375 
1762 1816 9 0.03603165749258446 365 
1763 1817 8 0.03649445400697163 365 
1764 1818 8 0.03999065797151961 362 
1765 1818 9 0.021020292689643005 375 
1766 1818 8 0.06923315593993362 368 
1767 1818 10 0.04937073441237604 379 
1768 1819 9 0.07842595890848832 369 
1769 1819 8 0.04396175290347403 377 
1770 1821 10 0.030368948381409726 380 
1771 1821 9 0.07203020476852266 369 
1772 1823 8 0.08362310566296445 381 
1773 1824 10 0.013350548244269799 367 
1774 1826 10 0.0661616315260174 368 
1775 1828 8 0.029297732738918333 365 
1776 1829 10 0.04734008063831286 380 
1777 1829 10 0.02162933101769833 375 
1778 1829 9 0.08462368090015922 368 
1779 1830 10 0.04347052922580855 373 
1780 1832 8 0.0028901212409246394 378 
1781 1832 9 0.01402127871644675 380 
1782 1832 8 0.08922430923767852 373 
1783 1833 10 0.06869799907398132 366 
1784 1836 8 0.05794432953794226 367 
1785 1837 9 0.05553652285770408 365 
1786 1837 10 0.07363231550973343 378 
1787 1837 10 0.0033210349210399492 372 
1788 1837 9 0.06174061275614378 374 
1789 1838 10 0.08676607877504375 362 
1790 1839 10 0.05408375432121069 370 
1791 1840 8 0.02520812310317627 369 
1792 1840 8 0.033539887264909016 363 
1793 1841 8 0.053798498518335604 362 
1794 1841 8 0.0729646866383433 371 
1795 1842 9 0.08193262686169564 380 
1796 1843 10 0.01998369780412692 370 
1797 1843 8 0.0728057841619201 381 
1798 1843 8 0.035299227265803285 370 
1799 1844 10 0.08448303325390052 378 
1800 1849 8 0.0011545286539832971 378 
1801 1849 10 0.0783485109178457 374 
1802 1851 8 0.0035440369007720663 381 
1803 1851 10 0.02192498379040334 380 
1804 1852 8 0.0568607319561595 365 
1805 1853 9 0.06842062092117736 362 
1806 1853 9 0.036123964229067024 374 
1807 1853 10 0.04634811958780615 380 
1808 1854 10 0.030673413125894076 363 
1809 1855 8 0.08389313640448218 371 
1810 1855 10 0.07293168753509911 379 
1811 1855 8 0.06169755159718891 368 
1812 1856 10 0.07958040285709 372 
1813 1856 8 0.05083931614951126 371 
1814 1857 8 0.04918859544660375 366 
1815 1858 10 0.007929342607615505 375 
1816 1858 10 0.08004295202534974 374 
1817 1859 9 0.04915852620427767 367 
1818 1860 8 0.05297699564902392 364 
1819 1860 10 0.02495398887380647 376 
1820 1860 8 0.08710369293012822 371 
1821 1861 10 0.002554976955127282 364 
1822 1861 8 0.008268128797869409 380 
1823 1862 9 0.04297577449002848 362 
1824 1862 10 0.04145957359796991 373 
1825 1862 8 0.006348597999643918 365 
1826 1863 9 0.04789098655535415 363 
1827 1865 10 0.00497446384447861 370 
1828 1865 8 0.07341604598114078 380 
1829 1867 10 0.08525118791002234 376 
1830 1868 8 0.00894751410759866 375 
1831 1869 9 0.0273991731589449 363 
1832 1870 9 0.02190824682572333 366 
1833 1870 8 0.0077314258781120805 377 
1834 1871 9 0.0726406088455919 376 
1835 1872 8 0.03444859303937464 371 
1836 1873 8 0.036119808292491874 362 
1837 1874 8 0.05510690759467238 362 
1838 1874 9 0.05447563549461123 380 
1839 1875 8 0.04194576658573085 370 
1840 1875 10 0.038435726568454516 372 
1841 1875 8 0.014151227817023132 373 
1842 1876 10 0.05522879417314584 364 
1843 1876 8 0.002537825288956583 369 
1844 1876 9 0.031952774980819186 377 
1845 1877 8 0.035163732216026415 369 
1846 1879 9 0.01334480726190592 363 
1847 1879 8 0.08158810092017846 378 
1848 1879 9 0.005433091661695749 368 
1849 1881 8 0.034633105287155644 381 
1850 1882 10 0.08453013665410304 370 
1851 1884 9 0.07060668879124626 374 
1852 1885 10 0.08219329176014714 371 
1853 1886 10 0.07612224834843309 368 
1854 1886 10 0.05961579328638047 378 
1855 1886 10 0.06647736853200092 374 
1856 1888 9 0.08664292985682812 363 
1857 1890 8 0.0888410808747595 361 
1858 1890 8 0.0694468510847484 371 
1859 1890 9 0.06340987669400434 377 
1860 1891 8 0.0605300006049259 380 
1861 1891 9 0.008431837697800208 375 
1862 1891 10 0.04375008820710616 361 
1863 1892 9 0.06133509961382683 378 
1864 1892 8 0.0258900628074942 375 
1865 1892 8 0.014206657374051152 368 
1866 1892 8 0.07789787069855238 366 
1867 1895 9 0.05588177623900022 381 
1868 1895 10 0.06923610711215665 363 
1869 1896 10 0.08219001231506257 361 
1870 1898 8 0.061906457667258795 380 
1871 1898 9 0.011771188001569819 377 
1872 1898 9 0.018726458362843538 370 
1873 1898 10 0.04089083181833959 379 
1874 1899 9 0.016976145507819708 368 
1875 1899 8 0.05303272582096446 363 
1876 1901 9 0.06369418460913881 373 
1877 1901 8 0.030639289399790572 380 
1878 1902 10 0.025676604799823474 364 
1879 1903 10 0.015031907957246387 369 
1880 1903 10 0.00486531830639811 368 
1881 1904 8 0.05901628493032935 378 
1882 1905 8 0.08890290474974975 381 
1883 1905 9 0.049361838701038066 362 
1884 1906 8 0.03096416179272071 371 
1885 1908 8 0.02377757926804263 371 
1886 1909 8 0.003079920653804349 373 
1887 1910 9 0.019746779305628192 366 
1888 1911 10 0.031954714853007986 364 
1889 1912 8 0.0020277060379696957 368 
1890 1914 9 0.03737927747700535 379 
1891 1916 10 0.04801482023822166 362 
1892 1917 10 0.0020873575997962966 368 
1893 1917 8 0.047439835890715716 364 
1894 1917 9 0.023023975839235364 381 
1895 1918 10 0.010641143698150654 370 
1896 1918 8 0.016190907809459386 368 
1897 1918 8 0.05649757790868824 371 
1898 1921 10 0.02550124833028833 377 
1899 1921 10 0.0502587809221463 362 
1900 1922 10 0.041760889605001204 368 
1901 1923 8 0.04028841301538418 375 
1902 1923 9 0.025762252398674745 365 
1903 1924 10 0.016528735171075296 367 
1904 1924 8 0.02507258014278863 364 
1905 1925 8 0.013944548407848499 380 
1906 1927 8 0.018743906061385745 370 
1907 1929 9 0.08893575849659667 371 
1908 1930 9 0.0776231362312658 381 
1909 1932 9 0.07681315484484845 377 
1910 1933 9 0.03148015990756682 372 
1911 1936 8 0.08776288674886101 361 
1912 1936 10 0.06439998173763943 363 
1913 1936 8 0.0656902097685151 363 
1914 1938 10 0.06307482175867776 364 
1915 1939 10 0.011927602365049642 369 
1916 1940 9 0.07675563583233104 371 
1917 1941 8 0.03503810822466365 379 
1918 1942 9 0.026945100261905906 380 
1919 1943 9 0.05870921215845596 381 
1920 1943 10 0.04317239991157548 371 
1921 1946 9 0.08508157133960688 368 
1922 1946 9 0.07469462632548125 369 
1923 1947 9 0.041417260694712583 380 
1924 1947 8 0.03632727883074047 369 
1925 1947 8 0.010349869211192134 365 
1926 1947 10 0.0837150225627415 364 
1927 1948 10 0.010439337951430337 372 
1928 1948 10 0.015820879417654064 366 
1929 1948 10 0.03799310921757218 380 
1930 1949 8 0.0317421159813153 367 
1931 1949 10 0.02242967380843988 362 
1932 1952 10 0.028620984719051123 367 
1933 1954 8 0.03752435011799386 377 
1934 1955 8 0.030441543489142003 376 
1935 1955 10 0.0636172001506181 377 
1936 1956 9 0.0533290599462668 377 
1937 1956 10 0.022545832746553782 377 
1938 1957 10 0.05450555659708125 372 
1939 1957 10 0.044381731495842736 366 
1940 1958 9 0.08719354872455388 364 
1941 1959 10 0.08698074421276114 366 
1942 1960 8 0.03679614196722089 378 
1943 1960 9 0.07474207688815222 373 
1944 1960 10 0.013537154915878626 361 
1945 1961 10 0.0820652647910194 379 
1946 1962 8 0.08661720203654247 380 
1947 1962 10 0.06236652320804685 378 
1948 1963 8 0.07788930194774879 363 
1949 1964 8 0.02133128821918953 365 
1950 1964 8 0.07223776463299365 371 
1951 1964 8 0.03387264761011673 376 
1952 1965 8 0.03682946690632633 377 
1953 1965 9 0.013989254097076353 368 
1954 1965 8 0.07904879269076331 369 
1955 1966 10 0.023497006426252087 379 
1956 1966 9 0.03112546427306175 371 
1957 1968 10 0.06490727584586169 373 
1958 1968 8 0.07066198398102409 380 
1959 1969 10 0.055939184784450924 370 
1960 1970 9 0.0036328111568509707 363 
1961 1970 10 0.022313581335892556 373 
1962 1971 10 0.07680612541272998 362 
1963 1972 10 0.07557056734619186 378 
1964 1975 10 0.01119237639068598 362 
1965 1975 9 0.06773915134223234 374 
1966 1975 8 0.08826869470129727 377 
1967 1976 9 0.01531341869480991 380 
1968 1979 9 0.015417235326126696 380 
1969 1979 8 0.008435942252110376 361 
1970 1980 9 0.02007899905866829 362 
1971 1980 9 0.07114487788584889 361 
1972 1980 9 0.08992086981183721 380 
1973 1980 9 0.043827281488876726 369 
1974 1981 9 0.08295854237662427 381 
1975 1982 8 0.056144275823802436 381 
1976 1983 9 0.046180965683060245 367 
1977 1986 9 0.03594947859164844 371 
1978 1986 10 0.06244489950391509 381 
1979 1987 8 0.07736910526910301 377 
1980 1988 9 0.009319344753335769 364 
1981 1989 8 0.06850242829787691 367 
1982 1990 9 0.08971534719986657 375 
1983 1990 10 0.04467321323308891 369 
1984 1990 9 0.008296456288820126 379 
1985 1991 10 0.075042171014156 366 
1986 1993 9 0.013037287270501137 367 
1987 1994 9 0.014595330267289371 368 
1988 1995 9 0.0050397541401794085 375 
1989 1995 10 0.02210369763049199 380 
1990 1996 8 0.06975034173811764 368 
1991 1996 8 0.006658724604185637 375 
1992 1996 9 0.08951543955249806 363 
1993 1997 9 0.06545115381024237 376 
1994 2000 9 0.07423127856297834 369 
1995 2000 9 0.06910370593221231 370 
1996 2000 9 0.08077143149676594 363 
1997 2000 10 0.03304679786913933 377 
1998 2000 9 0.07782239291729885 379 
1999 2000 8 0.040241903187312064 377 
2000 0 8 0.023529608705910192 379 
