1 3 19315 0.2538599133649697 4231 
2 3 18846 0.10839180354387574 3760 
3 6 18933 0.201618634494534 3813 
4 6 19740 0.22287912805915908 4144 
5 15 20354 0.5524109773815487 4289 
6 15 18580 0.7629705817890928 4399 
7 18 18955 0.05391489169855411 3805 
8 19 19418 0.6982097745558332 4423 
9 19 19856 0.16156184564761816 3977 
10 20 20361 0.7032071945804531 3727 
11 21 18998 0.4346378732248315 4455 
12 22 20271 0.5645193801832276 3596 
13 23 19994 0.3320003108967428 3811 
14 25 20366 0.6473996108681717 3969 
15 26 20503 0.7535923326873479 4176 
16 26 18990 0.29156175893114805 4236 
17 28 19308 0.8828902243689939 3660 
18 32 20224 0.23932674875229182 4212 
19 37 20148 0.4904040396779525 3580 
20 39 18856 0.82821738490472 4054 
21 40 19218 0.444955114723494 3958 
22 40 19553 0.401603792282613 3795 
23 41 19453 0.6489822823644017 4378 
24 41 20020 0.23920017319075715 4355 
25 42 20167 0.6955891984931408 4164 
26 43 20486 0.3213131569143576 4355 
27 44 19503 0.5001964753444664 4155 
28 44 20419 0.5647353929930495 4036 
29 44 19232 0.7536638866918169 3775 
30 45 20233 0.6718500306561862 4480 
31 45 20190 0.05590849420300714 4250 
32 46 19730 0.07151647603987296 3724 
33 48 18755 0.7152935378848362 4081 
34 49 19356 0.6883502424336955 3632 
35 49 20230 0.6814430369781816 4070 
36 49 19422 0.05350500364517338 3865 
37 50 18799 0.3795371866542097 3863 
38 50 19588 0.30178096733752025 4202 
39 52 19511 0.6383138787892663 4367 
40 54 18860 0.33900113153900274 4067 
41 57 19666 0.4571162466253575 4291 
42 57 18709 0.13299213578346328 4402 
43 59 19441 0.5189155053292485 4397 
44 59 20096 0.7765350495462616 3598 
45 59 18968 0.3701546187243801 4328 
46 59 18772 0.8460166794484697 3763 
47 61 19729 0.8306529636714035 3951 
48 62 18694 0.09502993085032546 4032 
49 64 20138 0.4235643271739787 4163 
50 64 18983 0.15536322415069104 3610 
51 64 19375 0.20249153988277332 4198 
52 65 19417 0.029631455719316864 4131 
53 70 19999 0.6729476859510197 4212 
54 70 19527 0.6463517762454105 3691 
55 70 18716 0.018695987115986037 3591 
56 71 18982 0.7554143092385684 3756 
57 73 18892 0.16604742491618502 4383 
58 74 20357 0.8085361244462428 4510 
59 76 19749 0.2291688530884433 4298 
60 77 18805 0.5879597275804045 4531 
61 79 18811 0.8024400797830457 3618 
62 79 19352 0.34555703843301555 4372 
63 80 20561 0.2802946954338982 3837 
64 87 19995 0.11391011504226808 3800 
65 87 20423 0.021707123369699634 3751 
66 88 18960 0.15725239546212086 3627 
67 89 20272 0.4061940254081485 3772 
68 90 18888 0.3031089592857299 3721 
69 90 18771 0.5549868874435177 4369 
70 91 18665 0.035067372194868274 4182 
71 93 19638 0.5576771953884724 4482 
72 93 19269 0.18611486679349296 4113 
73 96 19888 0.5334962200949005 4436 
74 96 19767 0.8522152435455259 3833 
75 96 19602 0.525464017363749 4030 
76 99 19167 0.6099024583033039 3891 
77 100 19900 0.6745281902864121 4101 
78 101 20144 0.27904787629463573 4117 
79 103 19448 0.42414441234210454 4442 
80 104 18663 0.5148385881264818 4133 
81 104 20551 0.8942448585413547 3974 
82 105 19268 0.36404756406971334 3907 
83 106 19554 0.5471148562760796 3775 
84 106 20323 0.21937995335165236 4282 
85 107 18930 0.3621616621699075 4102 
86 108 20368 0.2944670502181025 4109 
87 109 18974 0.2765833220153463 4492 
88 109 20254 0.38020079607244933 3757 
89 109 20107 0.8859753848279192 4247 
90 110 19618 0.1140626077980565 4277 
91 111 18949 0.6654993088051854 4088 
92 112 19088 0.28278472733477517 4251 
93 112 19639 0.6866813139645772 4300 
94 114 19369 0.09278246724938362 4455 
95 114 18570 0.7686306944486779 4473 
96 117 19428 0.24861741841302057 4472 
97 118 19911 0.7205878947823029 3815 
98 119 18926 0.7687962045770322 4169 
99 121 19008 0.06766913594514389 3907 
100 121 20425 0.1450771391379143 3641 
101 122 19676 0.46452238152681335 3760 
102 125 20459 0.1765746333142863 3790 
103 128 20231 0.27910545210964904 3909 
104 128 19923 0.3045191404245691 4054 
105 130 19515 0.7859510077603726 4363 
106 130 19823 0.7696887192542013 3578 
107 131 18601 0.6120636094376183 4371 
108 131 19356 0.14964522733175403 4388 
109 132 19576 0.7326761054022686 4018 
110 133 20265 0.31241451691525557 4050 
111 137 18594 0.10411675624968834 4379 
112 138 19126 0.48046797066685 4425 
113 139 20549 0.27457590004007026 4230 
114 140 20357 0.38742772143964793 3972 
115 141 18946 0.39110821739499047 4029 
116 142 19727 0.19047205198382072 3867 
117 144 19004 0.2873984330395366 4457 
118 144 18948 0.6486606359625591 3994 
119 144 20308 0.19572185036329612 4077 
120 144 18630 0.8558119715433387 4001 
121 145 19158 0.1600040924706075 3765 
122 145 19701 0.37334598121977786 3920 
123 145 20364 0.28479376016869506 4355 
124 147 20020 0.2309988860787659 4444 
125 147 19808 0.7288045492692646 4107 
126 149 19587 0.28419178081726754 4241 
127 149 20189 0.7172963673513885 3563 
128 150 19796 0.8059991344135291 3853 
129 158 18625 0.6416667711166333 4012 
130 159 20030 0.46614476762536045 4359 
131 159 19325 0.34145512952462154 4074 
132 160 18742 0.5629869074501352 3731 
133 160 18711 0.4475669547125794 4163 
134 160 19798 0.3944238892881701 4262 
135 161 20554 0.8844208844863264 4083 
136 163 19831 0.06301412293867723 3888 
137 164 19600 0.7894345494284715 3619 
138 165 20280 0.18139270967881124 4435 
139 166 18725 0.2579040739140207 3751 
140 166 19432 0.08299368368026999 3850 
141 168 20376 0.8207622428294188 3706 
142 168 19348 0.5674259686674731 3644 
143 169 18811 0.24732763051636011 3964 
144 170 19828 0.738211332445358 4261 
145 170 18698 0.7898822790490211 3731 
146 171 19570 0.6788221895989688 3801 
147 176 18788 0.8106102377371298 4085 
148 177 19614 0.04005972682983964 3936 
149 177 19027 0.5285659091216487 4328 
150 178 19719 0.4300098668195733 3574 
151 180 19370 0.020004808538020363 4510 
152 182 19632 0.8629506202699623 4105 
153 183 19984 0.07606527544011445 3625 
154 184 20514 0.2962330515286225 4447 
155 184 18759 0.11795011023512282 3653 
156 184 20062 0.6206726922704424 4060 
157 184 19833 0.6390430643463717 4203 
158 185 20144 0.6246962841048446 4373 
159 186 19557 0.06808526877049409 4009 
160 187 20316 0.29264228243578777 3828 
161 187 20288 0.6929044452992589 4466 
162 188 20521 0.5100537363147952 3845 
163 189 19446 0.465670173443775 4294 
164 190 20421 0.29150565010123913 3951 
165 190 20307 0.6655393891499547 3790 
166 192 19756 0.5189635662070837 3881 
167 195 20286 0.25675088007197067 3689 
168 196 18869 0.7745433416554033 4255 
169 197 19637 0.43061865040294145 3988 
170 198 19128 0.6798983383001899 4270 
171 199 19222 0.051049280081418465 4089 
172 200 18719 0.8070097619669847 3626 
173 200 18925 0.2086275916807635 3984 
174 201 19020 0.6873825559213438 3908 
175 201 18971 0.6735124381192125 4110 
176 202 19038 0.08824488899270148 4114 
177 204 19428 0.6019625352355632 4365 
178 205 19518 0.7680772385088844 3720 
179 206 20503 0.3348793550843895 4085 
180 207 18846 0.4175899510450477 4534 
181 207 19759 0.5575072287175504 3844 
182 208 18747 0.3641315573618963 3670 
183 209 18754 0.7318410069505066 3907 
184 210 20042 0.2618417347960378 4498 
185 210 18827 0.45691155604034583 3965 
186 212 20085 0.8205273557073048 4230 
187 213 19655 0.7475765376674044 4454 
188 215 19025 0.16926030761694744 3874 
189 220 19206 0.2504843898738949 4502 
190 222 19547 0.19180693150424005 4243 
191 222 19466 0.7424052226122043 4311 
192 225 18865 0.4587648583482786 3656 
193 225 18805 0.7025842610603001 3861 
194 225 18601 0.7301046344038639 4260 
195 226 20007 0.5951612654824043 4373 
196 230 20394 0.81411024046738 3668 
197 230 20453 0.6771615211828867 4076 
198 232 20519 0.03125518358076563 3682 
199 232 19531 0.23982688985949585 4121 
200 235 19712 0.859529962665177 4073 
201 236 20245 0.7252433189122754 4481 
202 238 19653 0.8017622332068659 3913 
203 239 18934 0.5026714411013338 3701 
204 241 18776 0.2928023954963538 4490 
205 242 19888 0.5849701705296533 3943 
206 242 19118 0.012346261059152118 3839 
207 243 20041 0.6795295338919463 3821 
208 246 20000 0.4270613752895339 4036 
209 246 19001 0.6006215436800925 3902 
210 248 19166 0.46834186917938153 3566 
211 249 19585 0.3829153345618777 4345 
212 250 18619 0.7279269047558564 3993 
213 250 19974 0.13468869668950084 3640 
214 253 19043 0.8579100724110312 3995 
215 254 19587 0.5903295241496826 4383 
216 254 20068 0.8970027450484862 4506 
217 256 18609 0.4903159023648685 4116 
218 258 18566 0.14290207478273603 4409 
219 259 19689 0.40930470497672167 4318 
220 260 19681 0.811529313391466 3671 
221 260 19986 0.06308199679262382 4308 
222 262 20055 0.14740468374367707 4375 
223 262 18835 0.7534876382602772 3837 
224 265 19841 0.1538111632716245 3995 
225 266 18604 0.591519530730237 3979 
226 266 19138 0.6570055030640533 4047 
227 267 19484 0.34862050893048385 4516 
228 267 18806 0.02843926161037416 3884 
229 267 18777 0.06620657260153358 3966 
230 268 19648 0.24081817335958147 4524 
231 268 19218 0.024267685182638256 4009 
232 269 19384 0.23500291252814734 3896 
233 269 20547 0.3296991464157541 4435 
234 269 19687 0.04477595927921055 4292 
235 271 20109 0.7653835932692953 4263 
236 271 19757 0.09693221340500413 3714 
237 271 18661 0.32105217791934154 3642 
238 272 18730 0.48148221970106114 3618 
239 272 18957 0.6023224196876562 3940 
240 275 18831 0.4831203607232944 4443 
241 280 19011 0.8210488994423257 4016 
242 282 18767 0.06879008019761919 3772 
243 283 20092 0.17562926470303136 3887 
244 283 19622 0.22474363160977992 3987 
245 283 18592 0.24318517576091625 4040 
246 285 20352 0.37065300292276643 3669 
247 286 19207 0.47563325044667343 4139 
248 287 20367 0.1296823553021896 4061 
249 287 19413 0.5655457199239872 4039 
250 288 20535 0.22032707497512768 4252 
251 289 18609 0.02577374130156139 3570 
252 290 20028 0.21566495130072885 4413 
253 290 19911 0.14326100647844664 4202 
254 291 18588 0.6439346326110765 4302 
255 291 20415 0.8606676033679889 3894 
256 292 19856 0.8556679414818773 4122 
257 292 20283 0.8981717636671738 3800 
258 293 20274 0.44818902938008465 4545 
259 293 19685 0.4394092211807923 4467 
260 296 19503 0.26123354770407287 4313 
261 297 19630 0.6389604216520895 4016 
262 298 18566 0.08375690364178598 4155 
263 298 19222 0.13826789156474423 3719 
264 302 19681 0.48300254967618045 3609 
265 302 19672 0.06286303179640204 4128 
266 304 19519 0.13385769049253174 4251 
267 305 19150 0.0841259594322438 3704 
268 309 19147 0.6864177855451883 4026 
269 310 20101 0.6011419483539605 4164 
270 310 20272 0.23840493844148813 4035 
271 313 19941 0.05734528130798318 4056 
272 314 20336 0.5298019809771446 3778 
273 314 20160 0.19680736585539785 3752 
274 314 18635 0.2341043276181902 4262 
275 315 20500 0.6481700595599182 4109 
276 319 19000 0.7563442792293662 3800 
277 319 18922 0.4845222238775558 4085 
278 320 20311 0.6476905311511126 3958 
279 321 20292 0.11851517670074564 3654 
280 322 20251 0.24744870252139733 4107 
281 322 18643 0.6730581005269565 4251 
282 323 19268 0.16153136401892065 3839 
283 323 19380 0.20838756052482243 3578 
284 324 19148 0.4694257949508381 3994 
285 326 18855 0.1927797219405302 3692 
286 327 19374 0.2187208944459143 3570 
287 328 20035 0.18631743651653324 4266 
288 331 18902 0.403221360229765 4085 
289 331 20320 0.47565614418676155 4093 
290 331 18703 0.09637304842835552 4125 
291 331 19064 0.45786051601827854 3571 
292 332 20165 0.4352620357607196 3958 
293 332 19086 0.16605822669985418 4131 
294 332 19994 0.7486501707500304 4544 
295 333 19067 0.7939612449476806 4278 
296 338 20395 0.8186646363790884 3630 
297 342 19529 0.3176177455267373 4116 
298 342 19083 0.011642761796412887 3746 
299 342 19480 0.3234358201301585 3695 
300 343 20320 0.6725666301602297 3882 
301 344 19115 0.18836469013862883 4138 
302 346 19984 0.1031477457328139 3786 
303 347 19068 0.709323554918781 4033 
304 350 19521 0.4020389518377474 4234 
305 350 18828 0.20097787174478784 4346 
306 351 20018 0.24967707824522226 3567 
307 351 19443 0.6234914824435477 4133 
308 352 18779 0.09842258798494036 4056 
309 353 19277 0.42356091530228535 3558 
310 354 18813 0.3979321820972717 4141 
311 354 19070 0.7986268037246971 3816 
312 354 20038 0.5099913834612602 3618 
313 355 18683 0.5756069700687332 3619 
314 355 20256 0.3757953533804626 4187 
315 355 19393 0.2097579372496443 4508 
316 356 19467 0.12225464505794423 4011 
317 356 19946 0.38809165660057315 4383 
318 357 18709 0.09758766808941025 4232 
319 358 20052 0.7418039984496233 4104 
320 360 20400 0.37179925764930255 4037 
321 360 18671 0.5949146489077417 4163 
322 361 20409 0.695718119023743 4005 
323 364 20161 0.27458855057407694 4368 
324 364 19645 0.156488289360124 4330 
325 364 19902 0.2568348904887474 3843 
326 365 20461 0.8527694168918789 3955 
327 365 19803 0.729593329485409 4452 
328 366 20131 0.21154481709195322 3964 
329 366 18800 0.38460047512690526 4435 
330 368 20527 0.22267674712008545 4421 
331 369 19023 0.26598029146774455 3886 
332 369 19216 0.2482607452440969 3668 
333 370 20341 0.3829057815820409 3933 
334 370 20410 0.5014043579846029 4435 
335 376 19136 0.21331140954300515 3720 
336 376 19141 0.6878770605852331 3898 
337 376 18793 0.10900097614970311 4012 
338 377 18951 0.28745507861473046 3837 
339 379 19604 0.6353187979525854 4128 
340 380 20449 0.30009117683848496 4094 
341 381 20558 0.7285010878180505 4246 
342 383 18876 0.3524091656739047 4300 
343 383 20299 0.2847263981218495 4256 
344 383 19912 0.12183358990973257 3853 
345 383 19692 0.35765357725893093 4143 
346 384 19667 0.6767003128689819 4246 
347 385 20307 0.032694693111624415 4232 
348 385 19894 0.02343676974394721 4433 
349 386 20295 0.3609333904302873 4198 
350 387 19612 0.49787335195860694 4179 
351 387 20345 0.15347923408440717 3815 
352 387 19774 0.5021919996490535 4542 
353 388 18648 0.3945818967963323 3966 
354 390 18755 0.41767481273132945 4159 
355 390 18883 0.35652096893653135 4253 
356 390 18808 0.15556735637679672 4432 
357 390 19169 0.10911084217759721 4460 
358 391 18866 0.6966862683812634 4322 
359 394 20286 0.43546666630823017 4502 
360 395 19991 0.6093686617026555 4258 
361 396 19221 0.05359941853889493 4179 
362 398 19562 0.6202177573565956 4177 
363 402 20247 0.04201952308806176 4505 
364 403 19494 0.2798555685670137 4295 
365 403 18978 0.2741371402258734 4540 
366 404 19688 0.282088822037221 4115 
367 405 19041 0.3265605827683102 4517 
368 406 18867 0.5259535060086239 3802 
369 408 19251 0.0220458465990966 3661 
370 409 20397 0.7119205153372715 4282 
371 409 20287 0.8696888778231349 3598 
372 410 18957 0.15769111027922095 3914 
373 410 19616 0.3403255133211884 3954 
374 411 19638 0.15376946584564524 3847 
375 412 18913 0.01973714488559984 3666 
376 414 19245 0.6068723035688476 4134 
377 416 20130 0.2185003799041653 3795 
378 416 19889 0.25040874433743526 4258 
379 418 18983 0.06729443334182815 4393 
380 420 19548 0.42668437876720583 4083 
381 420 19753 0.09534452708282824 4301 
382 420 20123 0.5616285881467316 3871 
383 421 19014 0.32719185310942817 3805 
384 421 19788 0.06849920235079056 4340 
385 422 19829 0.09710301051337429 4010 
386 425 19326 0.1852908063276235 3852 
387 426 19493 0.08645048164751346 4297 
388 427 20296 0.06480453541007274 3679 
389 429 18691 0.34783525982630875 4106 
390 431 19477 0.7853997964725965 4550 
391 431 20134 0.22292108177894301 3809 
392 433 18751 0.14552428871926615 3966 
393 435 19037 0.1802176847776572 3601 
394 436 18938 0.8284811661290121 3994 
395 437 20457 0.7529580728854166 3816 
396 438 18933 0.11698872727097777 3709 
397 440 19781 0.6993679794368228 4349 
398 441 20180 0.6205073168634375 4459 
399 442 19430 0.6930701433381028 4481 
400 444 20183 0.11646386816376744 4098 
401 444 18977 0.18010108850735887 3911 
402 445 19265 0.28892388667302316 4199 
403 446 19144 0.7434983822972485 3697 
404 447 20242 0.8444731107989429 3569 
405 447 19033 0.46384961260561547 4041 
406 448 20454 0.48272285104036056 4355 
407 449 19195 0.5504926998521753 4238 
408 451 20544 0.46516149430863685 4125 
409 451 19430 0.3303236314783782 4288 
410 451 20529 0.10431129418841213 4374 
411 451 19191 0.4071028295056758 4351 
412 452 19401 0.5323232173941156 3846 
413 452 20311 0.5105808504411439 4109 
414 453 18967 0.6814325644928448 3843 
415 453 19143 0.7597768381998282 3787 
416 455 19764 0.4899046933365152 3790 
417 455 20069 0.5968030847040704 3755 
418 456 19937 0.313030404914015 3587 
419 457 19059 0.7058503881170753 3694 
420 458 20362 0.7633684303716382 4235 
421 459 19363 0.4544185226476395 4039 
422 459 20344 0.5477579682111353 3897 
423 460 20364 0.5389712775012635 3982 
424 462 20544 0.5815917407539617 4540 
425 464 19796 0.27622456541123636 3926 
426 465 19611 0.3898322426501037 3862 
427 468 19885 0.28667461652185405 4202 
428 468 20043 0.36457239968664934 3804 
429 468 19427 0.8337175989140092 4228 
430 469 18633 0.038062133072654325 4443 
431 470 19998 0.7242469437875975 3589 
432 470 19614 0.5903248218971034 3954 
433 472 20224 0.09880466719987278 3785 
434 472 20387 0.34817301362152864 3916 
435 472 20053 0.6600343083815448 4050 
436 473 19325 0.3776936748889591 3976 
437 474 19488 0.43882395071300573 3872 
438 478 18888 0.5457736968798217 3900 
439 478 20187 0.42012976252567336 4141 
440 479 19464 0.47958373974168067 4552 
441 479 20457 0.5752627994298619 4491 
442 481 19417 0.7844132493414759 4376 
443 481 19984 0.5270122858727023 4099 
444 481 19086 0.5018794779928146 3679 
445 483 19959 0.7643337354554571 3779 
446 484 19775 0.12388036850785923 4234 
447 488 19301 0.14554590052016073 4373 
448 489 19077 0.7181597122959072 3902 
449 490 19346 0.2755036220762256 3959 
450 490 19578 0.04982263754261759 3970 
451 491 19896 0.5968691968307756 3578 
452 493 18782 0.757099881331348 3990 
453 495 19808 0.1928205893287258 3830 
454 496 19829 0.5035569016422806 4339 
455 500 18796 0.1558656589882727 4436 
456 504 18778 0.8680031241269389 3876 
457 504 19853 0.3457541320276519 3601 
458 505 18888 0.5437012702589078 4312 
459 506 20362 0.8328031957887057 4466 
460 506 19990 0.5704169370648621 3626 
461 507 18723 0.6073362112635871 3985 
462 509 18676 0.7534487115450702 3810 
463 509 18611 0.18934232532331227 4000 
464 511 20233 0.45789839158701 4476 
465 512 19669 0.6630284091138315 4119 
466 513 19868 0.3670436830152069 4228 
467 513 19397 0.497568645720562 3895 
468 515 19691 0.6692002940903462 3882 
469 516 19195 0.5907816090099245 3682 
470 517 18845 0.3228690461459177 4101 
471 518 19315 0.8280995010215451 3690 
472 519 19980 0.802470140958246 3630 
473 519 20450 0.5248212091029466 4039 
474 525 19965 0.8449636648337943 4166 
475 525 19223 0.1164384707330004 3930 
476 525 19040 0.5706529875302473 4223 
477 525 19842 0.32613353279406343 4478 
478 526 18677 0.6924330715608842 3956 
479 528 19855 0.5046283106289288 3639 
480 528 19071 0.7462633711263069 4482 
481 529 19008 0.37493999546513535 4412 
482 529 19676 0.17147501680029215 3945 
483 532 18945 0.15928906045667607 4019 
484 532 20127 0.6492417571715436 4480 
485 532 18632 0.20445085263383078 3872 
486 533 20115 0.7172835422851082 4491 
487 534 19875 0.2523110612098569 4516 
488 535 20090 0.09379841264128129 3591 
489 538 18599 0.08588197530750065 3648 
490 538 19312 0.2659591727926184 3809 
491 541 19309 0.7383865715897894 4213 
492 541 19558 0.07140614748498597 3616 
493 542 20419 0.5657986835353893 4178 
494 543 19040 0.8893619156906483 4225 
495 544 19601 0.6018417454016682 4093 
496 544 19028 0.3099195327442527 4248 
497 544 19902 0.8970593813230852 3951 
498 545 18825 0.11478452397247686 4113 
499 545 20542 0.24205771213619123 3886 
500 546 18881 0.5838434840416848 4338 
501 546 19673 0.3554480266246075 4478 
502 549 18720 0.5735935005635273 4063 
503 549 18997 0.16427748198136885 3992 
504 550 19101 0.040008703934495106 4412 
505 551 19378 0.28546204441991346 4517 
506 553 18771 0.7358214801435621 3980 
507 554 19185 0.18058076930877567 4400 
508 554 20026 0.5593887714928993 3914 
509 558 18664 0.1590098578438377 3599 
510 560 20558 0.25144227966834554 3806 
511 561 19321 0.2933052164809705 4320 
512 563 19014 0.5439966840022018 3915 
513 564 19406 0.40594346148688104 3623 
514 565 19956 0.2039937026198796 3698 
515 567 19482 0.624533529370265 4437 
516 567 20516 0.8400650531442894 3566 
517 570 18802 0.7619830797119507 3695 
518 570 19536 0.5010346169851367 3676 
519 572 18675 0.38172232139829426 4009 
520 573 19601 0.34470913313583346 4468 
521 574 20321 0.5811911898836486 4398 
522 574 19851 0.6373744959683044 4164 
523 574 19513 0.39123605756796326 4328 
524 575 19839 0.6656646266289552 3935 
525 577 19039 0.10508767792295318 4247 
526 578 20089 0.5660837631321577 4182 
527 580 20237 0.2713568557299394 3806 
528 581 19259 0.2194024068564572 4076 
529 581 18979 0.25096801219347087 3747 
530 582 20546 0.45788191251576504 3630 
531 582 19946 0.4649110729824215 4101 
532 583 20509 0.6854249462338876 3760 
533 583 20005 0.4310476449333101 4172 
534 585 19746 0.47199362867386585 3668 
535 588 18591 0.6863715101044546 3949 
536 589 18594 0.41569930454823195 3565 
537 590 19950 0.5748192588328473 4216 
538 591 20082 0.3567592049714308 4099 
539 593 20005 0.3208658579824757 3772 
540 594 18866 0.15343132136074797 4027 
541 595 19171 0.32454566998110373 3807 
542 596 20236 0.7397316089798968 4035 
543 597 19876 0.86253657205601 3933 
544 599 19564 0.17195926847797624 3915 
545 600 20023 0.4309177929806688 3718 
546 602 19468 0.4093786554861202 4111 
547 603 20465 0.3939283008664588 3852 
548 603 19495 0.3804917266688249 4415 
549 604 19626 0.11750870155749706 4132 
550 604 19803 0.4750968847206318 4154 
551 605 19393 0.6978552803808779 4054 
552 606 20045 0.366373294341583 4419 
553 607 19506 0.638829090823864 4222 
554 608 19255 0.32890255335597435 3572 
555 608 20432 0.6296422597668462 3852 
556 610 19229 0.6916995706727488 3975 
557 610 19917 0.7046927446502046 3772 
558 611 19060 0.8947178266686189 4495 
559 613 18728 0.3982894208200086 3613 
560 613 19935 0.6916449542728742 4475 
561 618 19734 0.5351065918472852 4019 
562 620 18701 0.6810881346492687 4211 
563 621 19277 0.17406154853799322 4486 
564 621 19045 0.3759965136585997 3998 
565 622 20323 0.4055146131158687 3697 
566 622 18658 0.15912051402920066 3664 
567 624 20495 0.3116166436819962 4458 
568 628 19737 0.09207860449566833 3814 
569 630 19387 0.7061928005053448 4514 
570 631 19863 0.29203650370601086 3734 
571 631 19242 0.5948782281563681 3796 
572 632 20356 0.0980965444690516 4342 
573 633 19929 0.17691699029193264 3768 
574 635 20385 0.5678285889298398 3817 
575 636 19984 0.08462806411999489 4062 
576 637 20118 0.20373986725844595 3798 
577 638 20204 0.21812581338615789 3620 
578 638 18967 0.42956063723938814 3739 
579 638 19768 0.3316755204363833 4420 
580 639 19428 0.8397474957316773 4420 
581 639 19811 0.10891407971133775 4219 
582 639 19486 0.5623945954496508 4108 
583 640 19132 0.051550562698860214 3698 
584 641 19616 0.6401704075490168 3993 
585 642 19133 0.783921580214768 3941 
586 642 20058 0.8928286490780014 4335 
587 643 19049 0.4886735160689664 3682 
588 644 20046 0.47870420900992516 4473 
589 647 19397 0.6541823483989911 3794 
590 649 19916 0.5596728976231243 4114 
591 650 19914 0.2633145693848228 4022 
592 650 19433 0.10498359932492014 4206 
593 651 19529 0.4678319550582319 3791 
594 651 18887 0.3838133111487687 3990 
595 652 20051 0.4966570814130168 4072 
596 652 20314 0.8623690421933954 4448 
597 655 19153 0.7303655872763344 3997 
598 655 20346 0.652185405846309 3758 
599 656 20309 0.4959305728328808 3739 
600 657 19577 0.40898850290689676 3603 
601 657 18840 0.2843281505819128 4426 
602 658 19748 0.719695821726339 3772 
603 659 20420 0.7555408729193989 3713 
604 660 18910 0.2933736495621713 4173 
605 662 18787 0.04553741835884888 3647 
606 663 19859 0.6048428393907548 3714 
607 665 20481 0.7456595850952802 4095 
608 665 19426 0.07595627635970943 4001 
609 665 20210 0.09852899122413052 4229 
610 665 19133 0.5739564341026236 4304 
611 668 19432 0.504025243945129 4427 
612 668 20195 0.12913631367731912 4128 
613 669 19422 0.020295432763198885 4326 
614 669 20239 0.15875199009627783 4050 
615 670 20501 0.4184442684927962 4027 
616 671 20036 0.4512153487476821 4294 
617 672 19033 0.8394844099707656 4148 
618 673 19080 0.6524652488268003 4006 
619 673 18728 0.5293650826578727 3646 
620 673 19650 0.46334548862128005 4259 
621 674 18677 0.6576511100982476 3748 
622 674 18655 0.829324497547424 3815 
623 674 19496 0.3675174946704324 4186 
624 675 19080 0.37915639746978674 4131 
625 675 19625 0.7406623832625921 3835 
626 675 19179 0.34019038833898446 3795 
627 675 18820 0.7667243881347764 3861 
628 676 19296 0.06747137346870402 3730 
629 677 19192 0.6714148920263286 4463 
630 678 20091 0.07879055052394304 4007 
631 680 18733 0.33471539712359977 4422 
632 681 19725 0.5175349410690269 4287 
633 681 18904 0.6318178059368017 4203 
634 682 20386 0.1177285213723102 4126 
635 683 18893 0.2848359588323001 4437 
636 683 19785 0.4734861900988663 3630 
637 684 20386 0.22653933768899817 4139 
638 685 19457 0.30530196470369764 4220 
639 686 20390 0.7737649526778761 4419 
640 687 18985 0.8603870612475574 4191 
641 687 18926 0.13775456610552875 4201 
642 687 18881 0.14460798955004492 4307 
643 687 19469 0.8335988224307845 3791 
644 689 18653 0.2647645529657931 3747 
645 692 20091 0.8961344242525696 3998 
646 692 19564 0.5426347391874676 3645 
647 693 19930 0.2003021064418048 3903 
648 694 20045 0.27176297844535513 3702 
649 696 20260 0.7346209112113565 3678 
650 697 19181 0.6464286708549174 3560 
651 698 19250 0.31964068620130354 4140 
652 699 19103 0.4249765276031349 4379 
653 699 20230 0.2653224773866664 4190 
654 699 20401 0.49625985869011163 3680 
655 700 19350 0.21381184585878113 3663 
656 700 19405 0.2692356110302836 4298 
657 700 19325 0.3554477187656112 3732 
658 701 19477 0.10521361189355455 4024 
659 701 19172 0.35648095413794073 3567 
660 702 19808 0.5660830606379029 4138 
661 704 19415 0.022215140977432067 4483 
662 705 19974 0.02808396297508845 3681 
663 705 19566 0.13881228568490908 3864 
664 706 20014 0.6373538143324173 4228 
665 708 19016 0.27678617095947433 4222 
666 708 19857 0.6778287280240052 3644 
667 708 18974 0.47964189742283114 4521 
668 709 20434 0.13107820761117944 4431 
669 709 18948 0.31783058387396346 3965 
670 710 19572 0.2029467566711892 3713 
671 710 18782 0.8792803780515246 4375 
672 711 18736 0.43734233660531496 4198 
673 712 19424 0.7548086288067231 4177 
674 714 20535 0.45392030641211845 3560 
675 714 19414 0.06464282027646262 4178 
676 715 18676 0.7092580338265116 3553 
677 715 19282 0.1807095125858047 3880 
678 716 19218 0.649033587568566 4255 
679 717 19796 0.6669418824545575 4215 
680 718 20251 0.2950028064426604 4260 
681 718 19221 0.23163287265035237 3789 
682 718 20037 0.3839348201202789 3718 
683 719 20458 0.6783959449703331 3911 
684 719 18873 0.07345684986468301 4522 
685 720 20187 0.5874674918750835 3769 
686 721 20154 0.16857401970676264 3755 
687 722 20324 0.43232214084029735 4304 
688 722 19227 0.24058927215412784 3745 
689 723 20198 0.25432490064909546 4323 
690 723 20558 0.841586386470488 3775 
691 725 20101 0.4641922352885415 3636 
692 725 18603 0.20669631207780814 4304 
693 727 18912 0.8505817887154405 4535 
694 729 20489 0.8485557994399227 3881 
695 729 18852 0.108194258497574 4267 
696 730 20521 0.28473270896805014 3934 
697 730 19980 0.7927182238621219 4447 
698 731 20252 0.4901340501154339 4298 
699 733 20142 0.5127011385700411 3708 
700 734 19250 0.7316167869631595 3598 
701 739 19014 0.8118470702077659 4126 
702 740 19585 0.6557819804276146 4331 
703 743 19130 0.35640467042899265 4177 
704 746 20069 0.7652448090830366 4164 
705 746 19755 0.3115811147573339 4361 
706 746 19555 0.12754426817924353 4285 
707 747 19404 0.6359276183015039 4039 
708 749 20226 0.2782794376279053 4121 
709 749 20101 0.09197657623173258 3890 
710 750 19870 0.03394333492053943 4532 
711 750 19635 0.08963147395115517 3714 
712 753 19861 0.4270002527920146 4455 
713 753 19462 0.22077295283754525 3607 
714 755 19871 0.10238592157306285 3735 
715 755 19886 0.609862005287547 4123 
716 760 19135 0.1890410611679654 3855 
717 763 19446 0.37222461658146644 4203 
718 764 19674 0.31366597594122986 4029 
719 764 19094 0.01247623945629716 4025 
720 765 19373 0.6534957837695008 3823 
721 765 19270 0.15319144657219538 4043 
722 766 18625 0.7585422075664834 3723 
723 767 20049 0.3690908464852057 3554 
724 767 18696 0.38184326793710327 4123 
725 767 19706 0.07473595701091772 4327 
726 767 19080 0.2489258076103296 4269 
727 768 20447 0.5317949451204258 3993 
728 768 18902 0.4682790608364459 3863 
729 769 19876 0.5266028432091941 3648 
730 769 18841 0.8883488521317714 3599 
731 770 19217 0.5373974562212116 4188 
732 770 19796 0.24427414239639894 4149 
733 774 19285 0.6360516697521345 3982 
734 774 20215 0.5753984978617123 4302 
735 774 19251 0.8180273706080271 4482 
736 775 19682 0.07629750543989683 4338 
737 777 19713 0.31233429921034805 4091 
738 778 20014 0.32198555635384074 4024 
739 779 20149 0.37751799712963524 4542 
740 780 18799 0.15387919376417333 4079 
741 782 18720 0.5170711241200804 3620 
742 782 18841 0.15899512113976907 4400 
743 785 19003 0.3744754368491859 4497 
744 786 20281 0.511283339580994 3707 
745 787 20110 0.8192652792440549 4129 
746 787 19423 0.42777469792790057 4174 
747 787 19219 0.89114819603765 4027 
748 787 19784 0.19345930465458147 4098 
749 788 20330 0.019930612139804953 3651 
750 788 19429 0.4873999075231742 3728 
751 788 19317 0.20106180828119938 3912 
752 788 19841 0.10991901652059137 4247 
753 789 20272 0.8558243112060057 4225 
754 789 19118 0.17039348221828216 3965 
755 790 19259 0.7159537422635427 3882 
756 790 19795 0.06864180756139746 3752 
757 792 20557 0.8556192199132764 4427 
758 792 19452 0.5162922487002491 3680 
759 793 19763 0.7124784522331947 3889 
760 793 19274 0.6285924819926166 4142 
761 793 19782 0.02702235193084382 4501 
762 794 18899 0.08157603640844523 4360 
763 794 18672 0.590221558246752 3976 
764 797 19851 0.4384062257318941 4330 
765 799 18659 0.5415763970636165 4101 
766 800 19551 0.4479248784653842 4410 
767 800 19751 0.13653019089672044 3663 
768 801 19979 0.7568225899630209 3817 
769 802 19590 0.4675218998615812 3969 
770 802 18915 0.031960776566535794 4378 
771 804 19140 0.8444940206332692 4187 
772 804 19315 0.8460137874900125 3940 
773 804 18913 0.7711020149381459 4484 
774 805 19926 0.8220868191207951 4285 
775 805 18663 0.5216655590511903 4153 
776 805 19367 0.7323756309344862 3851 
777 809 19533 0.3714753533081216 4501 
778 809 19888 0.6165873659073912 3768 
779 810 19806 0.5968385716244948 4151 
780 810 20356 0.4621632519848655 4549 
781 810 18830 0.20663452384650707 3922 
782 811 19944 0.20404408926203102 3810 
783 814 19774 0.2553799809799655 3743 
784 814 19833 0.5820069203510801 4193 
785 815 19636 0.45773044491629794 4172 
786 815 18712 0.3213263313067854 3635 
787 816 19660 0.6602070965047803 4428 
788 820 19082 0.542084300976139 4095 
789 820 18902 0.6692510357104707 4139 
790 820 19176 0.5594889386501384 4323 
791 820 19292 0.17081583924976665 3677 
792 820 20353 0.6107025916496559 3687 
793 821 18808 0.6947819893765556 3978 
794 821 19745 0.19121044211266047 4135 
795 824 20359 0.604691303049043 4062 
796 824 19380 0.3477954626366404 4488 
797 828 20060 0.6304090391195467 3801 
798 828 20243 0.7913124596593643 4394 
799 830 19468 0.38740296707430893 4390 
800 830 19348 0.03353963946411303 3650 
801 830 20419 0.8191167511131487 4026 
802 831 20327 0.5933037858970043 4067 
803 831 19848 0.2979000474628724 4549 
804 831 20512 0.8146767906817624 3713 
805 832 18677 0.5199478266326516 3678 
806 832 19960 0.6701949373059971 4505 
807 832 20551 0.2205715943056324 4134 
808 834 19642 0.7127931661918748 3733 
809 834 20424 0.5171050286109867 4318 
810 836 18867 0.2089745350838178 3951 
811 836 19753 0.5567618357816968 4003 
812 836 20115 0.28254981991095623 3848 
813 836 19654 0.8941380656008633 4234 
814 837 19661 0.020727044828353254 4055 
815 837 18652 0.24715192694189814 3564 
816 837 20510 0.045546251498162944 3588 
817 837 18607 0.5792886602624655 3753 
818 838 19040 0.2838994145626479 4172 
819 839 19532 0.15600238735803285 4181 
820 842 19740 0.4022723911285643 4515 
821 844 20545 0.7518266085046764 4071 
822 844 19352 0.5768853252007291 3932 
823 846 20496 0.3303562834105968 4226 
824 847 18775 0.2811211914697066 3573 
825 847 19809 0.4610350400757267 4185 
826 850 20135 0.17634140025548664 4386 
827 850 18897 0.5922576136126829 3795 
828 855 20056 0.17095364801525312 4062 
829 855 19217 0.37565750086272703 3813 
830 856 20054 0.07315068266251856 3921 
831 857 20001 0.02850830823381579 4052 
832 862 19177 0.6919552303145086 3918 
833 862 18981 0.5282817632265003 3630 
834 863 20319 0.7118023356713851 4420 
835 863 18866 0.42826075091065435 3764 
836 864 19715 0.2781916350946664 4275 
837 867 20542 0.7251864270446515 4260 
838 867 19063 0.5089332093835318 3816 
839 867 19490 0.09276028217379274 4251 
840 867 19844 0.4239871268686016 4327 
841 867 19891 0.7546023677587858 3593 
842 868 20532 0.014385291597449041 3705 
843 868 19898 0.6342041332036431 3946 
844 869 20522 0.6665009352137712 4157 
845 869 20211 0.10181881517388022 4223 
846 870 19350 0.8147371423927224 3619 
847 871 19332 0.4584912991674241 4005 
848 872 19193 0.5153194559100307 3579 
849 873 18757 0.8749956032473014 3556 
850 873 20327 0.6171716676318617 4530 
851 875 19771 0.11089813420717672 4186 
852 876 20270 0.8321229813478488 4151 
853 877 18937 0.16907648196270883 3617 
854 877 18940 0.45475226226673643 3918 
855 879 19322 0.15458516452350138 4530 
856 879 18896 0.4982377685850412 3745 
857 879 18830 0.043972230949575655 4218 
858 881 19432 0.27051009233845347 4454 
859 881 19099 0.6460964510938304 3711 
860 882 20360 0.7447074878472084 3802 
861 883 20343 0.22642601996724318 4086 
862 886 18957 0.12814087500117818 4506 
863 888 19345 0.7669098606782961 3827 
864 889 19358 0.5724262496828625 4025 
865 889 18825 0.1472548649800581 4236 
866 889 20117 0.18278252893629593 4347 
867 891 19608 0.2310350449168602 3726 
868 892 19861 0.05359276563061382 3726 
869 893 19525 0.4825983849090838 4369 
870 895 19267 0.4828863609425875 4467 
871 896 18734 0.3648230951787089 4293 
872 896 19533 0.2092559111364812 4520 
873 896 19586 0.5370255356091073 4023 
874 896 19773 0.6124907076759616 3662 
875 897 19607 0.4546077957972682 3842 
876 897 20250 0.5395822583682292 3605 
877 897 19795 0.20288120512380795 4425 
878 898 19502 0.018496280366970215 4229 
879 899 20155 0.011961896425365135 4533 
880 899 19538 0.28530687543027594 3820 
881 900 19897 0.547799511932616 3940 
882 902 19941 0.7588151922805559 3666 
883 904 20507 0.6144117930721779 4315 
884 905 19212 0.5104943281954406 3642 
885 906 19967 0.3008297753874851 3842 
886 909 20077 0.6840884379526384 3774 
887 911 20347 0.7797455788248357 3952 
888 912 19346 0.4955972611776063 4472 
889 912 19848 0.44083526131062734 4456 
890 913 18835 0.5043040222233723 3886 
891 915 19081 0.8904244704791513 3692 
892 916 20441 0.7848280925028711 3664 
893 916 19159 0.3838551904632641 3955 
894 916 19984 0.06723410380443583 3967 
895 917 18811 0.8220128597950803 3947 
896 917 19307 0.1376879926218679 4453 
897 917 18662 0.6171420872773269 3830 
898 917 20545 0.7712319061429017 3579 
899 918 20224 0.2629646966134067 4239 
900 918 19684 0.43849683981096554 4197 
901 919 20466 0.8054807237889066 4313 
902 920 19954 0.48231021321070455 4463 
903 921 20312 0.17649432780225424 3745 
904 921 19137 0.7101291617064998 3838 
905 921 19074 0.5033986897641494 4154 
906 921 20046 0.4717991379963162 4325 
907 923 19548 0.7888778344045789 4032 
908 923 20531 0.6958395524377776 4537 
909 925 19371 0.18029391952364676 4276 
910 926 20020 0.30409005092546726 4163 
911 927 20352 0.2933521336553976 3690 
912 928 20260 0.5576231183629606 3717 
913 928 20159 0.17221536161178394 4126 
914 930 19167 0.6084944679213928 4328 
915 931 18858 0.7712165874807726 4094 
916 931 20561 0.7463204051908592 3773 
917 931 20398 0.6119008686472227 4375 
918 932 19754 0.4501518461443972 4528 
919 932 18723 0.7024337471260769 4306 
920 933 19371 0.11521305795534491 4236 
921 934 18587 0.7983258728669629 4471 
922 936 20279 0.7042197291666273 4394 
923 936 19703 0.7281671584028125 3969 
924 937 18740 0.364403937649739 4490 
925 939 18621 0.10166107322009918 3997 
926 939 19374 0.11895022598732054 3671 
927 940 20497 0.4568285802317732 3843 
928 940 18671 0.26985871292577396 4003 
929 940 19905 0.6194169495666919 4500 
930 944 18602 0.4872359261672309 4525 
931 947 19612 0.3823532799376912 3581 
932 947 20521 0.12410230119016812 3610 
933 947 19345 0.35729459298407074 4365 
934 948 18853 0.7756523305874624 3810 
935 949 19239 0.5356844653065524 3723 
936 951 19315 0.3258210810668804 4312 
937 953 19433 0.7902199006026969 4238 
938 953 20098 0.43189559924253784 3653 
939 955 18689 0.019657615972361177 4207 
940 956 20564 0.3391939739751595 4073 
941 957 19260 0.2560031267500847 4413 
942 957 18979 0.5712462495183651 4204 
943 959 19503 0.17469705905977995 4400 
944 961 19971 0.7040908298659544 3992 
945 963 19980 0.6753643504164313 3595 
946 965 19014 0.8206377121368879 4388 
947 967 20464 0.19364277179333342 4304 
948 968 18679 0.7586874083503414 4531 
949 972 19658 0.6364265603620005 3663 
950 972 18778 0.5788756373665723 3578 
951 975 19746 0.6382783130731637 4076 
952 975 19330 0.7429807047042153 3650 
953 976 18984 0.5511605780490539 4537 
954 977 18784 0.0953563064476084 3779 
955 978 19471 0.6634347540230541 3685 
956 978 19477 0.4725541046747337 4467 
957 979 19797 0.6739671641585366 3816 
958 980 19418 0.33396254856773255 4243 
959 983 19161 0.07278926076850725 3729 
960 984 18961 0.32970896344710526 3844 
961 985 19151 0.8060490304931229 4396 
962 985 20374 0.6481232632951914 3753 
963 986 20261 0.21574435606351772 3587 
964 990 19285 0.5453476586253331 4185 
965 991 19243 0.5202544739518435 3769 
966 992 19528 0.07677984272544754 3684 
967 993 19438 0.5970953296577562 4523 
968 993 20009 0.3611192048851779 4024 
969 993 18932 0.889115374269066 4278 
970 993 19872 0.7009546553413868 3697 
971 996 18705 0.2643344087852623 3794 
972 998 18620 0.7515430107364555 3771 
973 999 19012 0.7982054283890745 4301 
974 1000 19780 0.31802209157630984 3861 
975 1001 18861 0.3099708980196744 3924 
976 1002 18569 0.12460448190309668 3948 
977 1002 19765 0.7062002346647244 4462 
978 1006 19496 0.4135376087258009 4301 
979 1007 20276 0.3045488924435627 3700 
980 1007 19526 0.6406328501704491 3615 
981 1007 19523 0.6670716155508992 4345 
982 1008 20327 0.6826889469828652 4101 
983 1008 20193 0.8445259625616335 3908 
984 1008 19345 0.699575732228335 3792 
985 1009 19938 0.42063453098193 4107 
986 1010 18674 0.1631403496919714 3995 
987 1013 20131 0.20250991167573582 4164 
988 1014 19196 0.21850703523281234 4124 
989 1015 19972 0.14044337723729322 4190 
990 1015 19491 0.7823241884262879 3903 
991 1016 20320 0.6602139806079806 3783 
992 1018 18857 0.3534000156521093 4037 
993 1020 18707 0.5487787466046572 4521 
994 1022 19265 0.8979039939601754 4022 
995 1023 18710 0.046064991229806965 3741 
996 1025 20547 0.7345044122219392 3623 
997 1025 19689 0.6466281152247717 4034 
998 1026 20317 0.4842023228314244 3705 
999 1026 19548 0.23474684753792557 3909 
1000 1028 18933 0.32478373146582146 3783 
1001 1029 19176 0.7012882696297852 4324 
1002 1030 20249 0.32921142169697415 4383 
1003 1030 19592 0.019488146613164996 4328 
1004 1030 19933 0.7110542274226059 3675 
1005 1031 19944 0.6935635659254059 3871 
1006 1032 19512 0.21100708618614678 3959 
1007 1032 20365 0.06410880239305512 3720 
1008 1032 19783 0.46170595403484704 4477 
1009 1033 20265 0.5294317870017893 3740 
1010 1034 18914 0.19085282948659435 4157 
1011 1035 19501 0.8412871367417041 3921 
1012 1038 19191 0.1510491474422623 4322 
1013 1040 20485 0.021597697534904238 4422 
1014 1040 19991 0.3069423203796692 3818 
1015 1041 19942 0.2358842598307447 3569 
1016 1041 20074 0.580545903117614 4166 
1017 1042 19487 0.04269748529999835 4005 
1018 1044 20325 0.863570009692903 3951 
1019 1045 18681 0.1420789179181934 4269 
1020 1047 19732 0.6973081499459551 3734 
1021 1047 18585 0.12806883750507886 4478 
1022 1048 18817 0.5908956958444154 4034 
1023 1048 20311 0.7436443285429423 3646 
1024 1051 20473 0.11760027176924248 3935 
1025 1051 20231 0.17408784461956672 4007 
1026 1052 20154 0.1629441650338775 3990 
1027 1053 20017 0.8427184704167894 3867 
1028 1054 18812 0.601528039057777 3629 
1029 1055 19768 0.043693564506022055 3657 
1030 1056 20493 0.23843080789440996 3607 
1031 1056 19047 0.6627371303737062 3579 
1032 1057 18675 0.28420046527330195 4219 
1033 1058 20173 0.5768308363489175 4348 
1034 1059 19052 0.11392169218821252 4318 
1035 1060 19210 0.6075392987827399 4314 
1036 1060 18613 0.3123599258509829 4141 
1037 1060 20111 0.24202268575294042 3893 
1038 1062 19766 0.461464411158795 4045 
1039 1062 19307 0.45651387641936214 4235 
1040 1063 19880 0.5560067725372209 4318 
1041 1064 18648 0.7527379816397577 3559 
1042 1064 20130 0.3868065640532031 3943 
1043 1066 20268 0.08740224190942038 4167 
1044 1067 19034 0.2178025950831383 4006 
1045 1067 20442 0.7386383733095778 3737 
1046 1068 20145 0.42208327105594895 3666 
1047 1069 19609 0.7155988269132504 3916 
1048 1069 18771 0.25106347126008977 3721 
1049 1072 18909 0.37158208854136504 4542 
1050 1072 19714 0.523939888611174 3666 
1051 1074 19144 0.6417909769427088 4470 
1052 1075 19388 0.3773800907124819 4200 
1053 1077 19839 0.13822269749468843 4364 
1054 1077 18749 0.371070111942954 3884 
1055 1080 20302 0.3458407400773076 3906 
1056 1084 20070 0.23216126841661833 3627 
1057 1086 19122 0.6506868234204723 3784 
1058 1086 20177 0.8765843786439467 4520 
1059 1087 20442 0.6900984551270434 3775 
1060 1087 19644 0.6797376250315356 4368 
1061 1087 19876 0.7321921599095174 4208 
1062 1088 19968 0.6119915919790949 4501 
1063 1088 18913 0.4355855587492123 4072 
1064 1090 20349 0.50307267290933 3898 
1065 1091 19059 0.19176677174568907 3629 
1066 1092 18968 0.43102759057031986 4186 
1067 1093 19334 0.7071935953811558 4018 
1068 1093 19328 0.32751203353053526 3603 
1069 1097 19348 0.848193286803762 4018 
1070 1098 18794 0.1091421325234632 3822 
1071 1100 19645 0.806850343799048 4448 
1072 1102 20551 0.20163810579082275 4126 
1073 1102 19315 0.3693385508963796 3652 
1074 1103 19999 0.8149596520404628 3601 
1075 1104 18916 0.7681255781113716 4029 
1076 1104 19761 0.47964565938350673 3858 
1077 1105 19442 0.45240882446338726 4219 
1078 1105 18779 0.25043352841952093 4359 
1079 1107 19118 0.047981804897852684 4105 
1080 1108 20402 0.05326199090879896 3938 
1081 1110 19241 0.11119248922787016 3965 
1082 1111 19818 0.2242134864536923 4002 
1083 1115 19524 0.10257829878702339 3614 
1084 1116 18944 0.5934089422926945 3665 
1085 1116 18887 0.17783170397947157 3900 
1086 1118 18668 0.054749525749495896 4220 
1087 1119 19849 0.8459771558611134 3893 
1088 1119 18906 0.2861779688036975 3757 
1089 1119 20237 0.7146968636677483 4205 
1090 1120 19656 0.5338862584283054 3846 
1091 1120 20276 0.057520515113985524 4462 
1092 1121 19879 0.7277350928379257 4526 
1093 1121 20104 0.2522224569378182 4371 
1094 1121 19525 0.6717380967832492 4417 
1095 1124 18761 0.4477605214447218 3561 
1096 1125 19500 0.7246776136546832 3651 
1097 1127 19812 0.3645396835332624 4455 
1098 1127 19893 0.5187517503598509 4109 
1099 1128 19557 0.3333841549604114 3960 
1100 1129 19559 0.37428245766798424 3964 
1101 1129 19299 0.48151358784531334 3675 
1102 1129 20453 0.5862049653553049 3985 
1103 1130 19534 0.5444650803950973 4067 
1104 1131 20027 0.4098653566551065 4545 
1105 1131 19373 0.5786038600079553 4342 
1106 1133 20399 0.4081437972683312 4423 
1107 1134 20330 0.14872376004532212 3905 
1108 1135 20079 0.4794248257501343 3734 
1109 1135 19591 0.5320613419064736 4436 
1110 1137 20060 0.2411502633444241 4431 
1111 1137 19141 0.706403555639636 3760 
1112 1137 19787 0.5125786899840178 3839 
1113 1138 19782 0.25964249361992964 4426 
1114 1139 18988 0.7239149448233719 3900 
1115 1140 19480 0.3037325126870545 4432 
1116 1141 19487 0.3690245369155724 4510 
1117 1143 19979 0.40576095052901195 4137 
1118 1146 19810 0.4359715457822923 4202 
1119 1147 20100 0.3680665814753499 4369 
1120 1147 19909 0.773105059755868 4452 
1121 1149 19324 0.5481866614661541 3774 
1122 1149 20512 0.7132473963447357 4176 
1123 1149 19536 0.7341626066441945 3745 
1124 1150 18842 0.28249199243612166 4013 
1125 1150 19624 0.7695895310900018 4075 
1126 1150 20038 0.1624372915293551 4318 
1127 1153 19591 0.29668372411504007 3811 
1128 1153 18574 0.30336072346102266 3613 
1129 1155 19134 0.7306591266878473 4075 
1130 1159 19436 0.18462806344620872 4045 
1131 1162 19517 0.599461423648325 3610 
1132 1162 18923 0.5695378578097486 4357 
1133 1165 19393 0.03207477385173154 4247 
1134 1168 19334 0.406160712767767 4465 
1135 1168 18936 0.4604038280232838 3864 
1136 1168 19951 0.43047488160137043 4419 
1137 1169 18650 0.5524041455754535 3622 
1138 1172 18659 0.1108568638792407 4099 
1139 1174 18994 0.7525864229763864 4369 
1140 1174 20217 0.7949145466094233 4426 
1141 1176 20267 0.5457770746362836 4295 
1142 1177 19242 0.7733096381875758 4293 
1143 1178 19946 0.6969319658880154 3814 
1144 1179 20463 0.12755458780307347 3979 
1145 1179 19472 0.6946089285622353 3563 
1146 1180 19747 0.5736319073142783 3851 
1147 1181 19226 0.8301487026590386 3938 
1148 1182 18805 0.12899460428516094 4094 
1149 1183 19053 0.03986856945368204 4418 
1150 1184 19197 0.6668653502194372 3823 
1151 1184 19635 0.49271710685921627 4264 
1152 1185 18839 0.7554012065775544 4196 
1153 1187 19277 0.8897802045489303 3896 
1154 1187 19720 0.16467884317196546 3756 
1155 1188 20413 0.09965997109570432 4019 
1156 1192 20431 0.4079063690181221 3907 
1157 1193 18601 0.5887364397774105 4002 
1158 1193 18797 0.38077423581688746 4516 
1159 1193 19287 0.6076755715578599 4443 
1160 1193 20366 0.30752759690435433 3642 
1161 1197 20327 0.43910304624151836 4206 
1162 1198 19437 0.20410694925400594 4019 
1163 1198 18883 0.6035418101680703 4386 
1164 1198 19096 0.34758975711192086 3695 
1165 1199 20327 0.1237195629306515 3770 
1166 1201 18863 0.07184742307161536 4535 
1167 1201 19625 0.856352651119185 4548 
1168 1203 19164 0.2162866532298411 3720 
1169 1204 18605 0.03196986731696838 4329 
1170 1204 18761 0.5258239403911629 3956 
1171 1204 20396 0.6448930196683377 4037 
1172 1205 20177 0.866580546404691 3703 
1173 1208 19782 0.356646309094698 4261 
1174 1208 20379 0.6902610945102828 4255 
1175 1209 19812 0.018473481109588186 3882 
1176 1211 18590 0.5757160927997778 3715 
1177 1213 19178 0.8352961666058277 4466 
1178 1213 18692 0.7889372827526094 4258 
1179 1213 19555 0.7426366832890225 3617 
1180 1214 18583 0.5213760005064748 4054 
1181 1214 19070 0.583512716890865 4304 
1182 1215 18594 0.5953018755882898 3841 
1183 1217 18942 0.014393470577710767 4137 
1184 1217 20397 0.6226661232218174 3635 
1185 1217 19328 0.27607374459705986 3730 
1186 1219 19783 0.8078410912667912 3764 
1187 1220 19219 0.4962473427535197 4360 
1188 1220 19252 0.018698222133956402 4479 
1189 1221 19234 0.6424627630899016 4193 
1190 1221 20365 0.2795915612703505 3726 
1191 1222 19824 0.4858709571958819 4501 
1192 1225 19075 0.11299344346589717 3900 
1193 1225 20346 0.6083325474373672 3565 
1194 1225 20294 0.6795442199598974 3992 
1195 1226 20551 0.6562928857874245 3604 
1196 1227 18822 0.5768621020624177 3568 
1197 1227 19649 0.6261273200416065 3799 
1198 1228 19511 0.13466166241901834 4114 
1199 1228 19489 0.7578190668904726 4169 
1200 1228 18722 0.3626282176550388 4488 
1201 1228 20511 0.5487740979498237 4488 
1202 1228 18751 0.5743388875827565 3773 
1203 1229 19798 0.37013158146929737 3554 
1204 1230 20211 0.6764570866722136 3575 
1205 1231 18634 0.4492274039304856 3720 
1206 1231 20233 0.703723764331773 3662 
1207 1232 19359 0.5766895624035822 3835 
1208 1233 20443 0.8637179171040608 4187 
1209 1233 18673 0.38929015791909627 3986 
1210 1233 19665 0.47019905188113575 3754 
1211 1235 19104 0.7933562469424845 3608 
1212 1236 19449 0.3598279719555495 4239 
1213 1237 19438 0.03469638145655435 4162 
1214 1238 19692 0.7989988607071269 4165 
1215 1239 19326 0.8688081771588783 3848 
1216 1239 19071 0.3016395167899255 4366 
1217 1241 19709 0.6111261378478863 4129 
1218 1241 19061 0.3905160914953678 4425 
1219 1243 18916 0.5635510654680022 3575 
1220 1246 19849 0.7662692327320609 3850 
1221 1246 19960 0.439215692583214 3562 
1222 1246 19880 0.4444625363601095 3898 
1223 1247 18579 0.8549654664868291 3739 
1224 1247 19422 0.10365953268964978 3631 
1225 1249 20433 0.833532649371356 3717 
1226 1249 20120 0.15225019208064722 4538 
1227 1249 20547 0.1899525296295677 4483 
1228 1250 18962 0.09311591048709794 4444 
1229 1250 20260 0.4812541915708297 3584 
1230 1251 20323 0.3436482580857884 4534 
1231 1252 18786 0.6535929045096228 3781 
1232 1253 19115 0.8332942858906625 4476 
1233 1254 20179 0.11451460778036852 4492 
1234 1254 18805 0.6047008472024142 3802 
1235 1256 18742 0.08837469647214621 3688 
1236 1257 20239 0.22029287371017145 3873 
1237 1258 18968 0.45827959938221136 3896 
1238 1262 20324 0.8976369155410616 3892 
1239 1262 19596 0.18065326658423594 4182 
1240 1262 19058 0.3522423177188591 3912 
1241 1263 18849 0.5689867039648879 4310 
1242 1263 19862 0.11559869947577937 3788 
1243 1264 20318 0.7865616172770925 3577 
1244 1264 20102 0.6048106703118963 4369 
1245 1264 19676 0.5062109099283062 4302 
1246 1266 20514 0.40956304173230107 3611 
1247 1266 20175 0.38039000824031305 3909 
1248 1269 19011 0.35682321583166765 4068 
1249 1270 20310 0.38938482007822584 3944 
1250 1270 20398 0.8388282015025718 4406 
1251 1272 19735 0.5972297033994761 4458 
1252 1272 19054 0.8251794912096744 4068 
1253 1273 19554 0.13323942520566598 4237 
1254 1273 18767 0.3917822207064222 3998 
1255 1273 19358 0.3745082793900288 3876 
1256 1274 19812 0.13508638215178864 3982 
1257 1275 19366 0.6520894005017589 4415 
1258 1276 20174 0.19942132232935314 4228 
1259 1276 18891 0.024222667607017693 4416 
1260 1280 20059 0.10076028717520033 3740 
1261 1281 20320 0.807324019080727 3767 
1262 1282 20525 0.1321280314735837 3669 
1263 1283 18791 0.08601468114301208 3745 
1264 1284 18894 0.2169815403468903 4119 
1265 1285 19241 0.6012992656883732 3937 
1266 1287 20329 0.08743851512959679 4146 
1267 1287 19016 0.4434026970034744 4155 
1268 1290 18627 0.19782185705574912 3654 
1269 1291 20394 0.8379539887013862 3975 
1270 1294 20432 0.8932788099157444 3732 
1271 1295 19529 0.18445391041760956 4225 
1272 1296 18834 0.2517421236414999 4144 
1273 1297 18984 0.40750962318256984 4443 
1274 1297 19760 0.8252682657825872 4109 
1275 1298 18979 0.7279352484144903 3602 
1276 1299 19144 0.7766543028134539 4165 
1277 1301 19371 0.3401871599998465 3561 
1278 1301 19165 0.6513268211330984 4305 
1279 1302 19421 0.6667053699619444 3880 
1280 1303 20422 0.38425468400019597 4189 
1281 1306 18981 0.13981127495894366 3631 
1282 1310 18747 0.6032164079126916 3861 
1283 1311 18943 0.33705951184525074 4518 
1284 1311 18886 0.4540153190355695 3772 
1285 1311 18743 0.08164531977360764 4526 
1286 1312 18849 0.2150304361238548 4080 
1287 1313 19154 0.721635562606061 4223 
1288 1316 19433 0.5056679520370956 4490 
1289 1316 18794 0.8939925856200288 4164 
1290 1317 19393 0.6317686416738028 4168 
1291 1319 18971 0.6445960097979775 3968 
1292 1319 19954 0.651927684121307 4489 
1293 1323 20323 0.551419493087913 3902 
1294 1326 19095 0.45580527475347316 3857 
1295 1326 19570 0.23715721412921456 4394 
1296 1327 20207 0.4088812825066422 4407 
1297 1327 19797 0.5190939256116024 4531 
1298 1327 19547 0.4355906803452547 4304 
1299 1329 19331 0.8729374770515216 4079 
1300 1331 18692 0.12054764456806191 4205 
1301 1333 20477 0.33075875838816593 3661 
1302 1335 20329 0.5567154369019354 4414 
1303 1335 20222 0.8829216706826719 3643 
1304 1336 19563 0.8798037886274762 4062 
1305 1338 18928 0.19150913249626644 3936 
1306 1339 20419 0.825515156952693 4398 
1307 1339 19456 0.06086344989872133 3872 
1308 1340 18883 0.5221166512767825 4070 
1309 1341 19214 0.572837508948243 3640 
1310 1345 19201 0.2918751132022339 3695 
1311 1345 18908 0.8630661798290448 3826 
1312 1345 18832 0.8112621192489063 4172 
1313 1346 19030 0.09658998387523586 3778 
1314 1347 20199 0.6045871328665464 3705 
1315 1348 19816 0.40982016249559955 4262 
1316 1350 19489 0.8050090814169899 3911 
1317 1350 18960 0.7484985546017575 4468 
1318 1350 20068 0.569601944091093 4285 
1319 1353 18892 0.4257585289217941 4249 
1320 1354 18841 0.8632873972976661 4304 
1321 1355 19956 0.6992958057216829 3779 
1322 1355 19857 0.4059190154302043 4526 
1323 1357 20530 0.10576270714847455 4503 
1324 1358 20115 0.69686433559562 4448 
1325 1360 19296 0.3185554133560325 4542 
1326 1361 19988 0.4164758893116584 4271 
1327 1361 20495 0.05554690821774084 3574 
1328 1361 18867 0.0825046761573759 3841 
1329 1362 19898 0.1883129586085453 4459 
1330 1362 20479 0.3761358005111124 4446 
1331 1362 19997 0.20217286068896181 3658 
1332 1364 19155 0.8008556614275418 4412 
1333 1365 19489 0.027296011184283153 4539 
1334 1365 19360 0.5249478077403464 3949 
1335 1366 18627 0.4866792049685534 4273 
1336 1367 18748 0.5682523326334985 4011 
1337 1368 19072 0.015990663565090713 3616 
1338 1368 20014 0.8991126038660011 4028 
1339 1369 18892 0.6276450344961187 3718 
1340 1371 19002 0.18215707861936153 3575 
1341 1371 19401 0.5995842289676063 3782 
1342 1371 19981 0.8032299025881383 4228 
1343 1372 19207 0.1579754216211681 4464 
1344 1372 19820 0.7773617625145934 4105 
1345 1376 19591 0.21133649413302336 3567 
1346 1380 20100 0.19345602074576765 3942 
1347 1380 20171 0.7773635877473293 3850 
1348 1381 18662 0.14310058137597348 4256 
1349 1381 20410 0.04957671513630991 4243 
1350 1382 19214 0.3229121712896485 3773 
1351 1382 19817 0.22210873099754724 4091 
1352 1385 20124 0.4335812984703359 4197 
1353 1387 20422 0.7510380657107193 4414 
1354 1387 19790 0.19238275673579192 3589 
1355 1388 18782 0.7657298168805129 4423 
1356 1388 19966 0.08791777370218545 4362 
1357 1389 18624 0.8441732181800276 3942 
1358 1389 18686 0.42029090401615915 4390 
1359 1389 20539 0.6730010992045425 4337 
1360 1389 18984 0.2251837391168705 3562 
1361 1392 18927 0.22443802035681365 3836 
1362 1394 20108 0.6203550912535659 4306 
1363 1394 18841 0.562494538093281 4367 
1364 1395 18962 0.09788968673296203 3697 
1365 1395 18682 0.1348808326965965 3917 
1366 1397 19079 0.04337152115421284 3906 
1367 1398 19115 0.021679930046367965 4507 
1368 1399 20190 0.03936706372591307 3935 
1369 1399 18938 0.23315952056776149 3673 
1370 1400 19047 0.6126988639161363 4446 
1371 1401 18994 0.6233312091416299 4346 
1372 1403 19848 0.8843655833146281 3871 
1373 1404 19032 0.7482938415597954 4256 
1374 1405 20280 0.5523810689855865 3810 
1375 1405 20228 0.016621206544495306 4342 
1376 1407 18818 0.6673363616069172 3799 
1377 1407 19054 0.12363702220155386 4391 
1378 1407 20295 0.13191866906109445 3966 
1379 1407 18752 0.7439812301852227 4251 
1380 1409 20036 0.04522141874651293 4331 
1381 1409 19565 0.8332123812313864 3877 
1382 1410 19072 0.8365436656440305 3957 
1383 1410 20463 0.08229628202487209 3854 
1384 1411 18781 0.5379412090270793 4451 
1385 1411 20095 0.18024377378364367 3950 
1386 1412 19784 0.6410004490130122 4389 
1387 1412 18578 0.6654448197781611 3750 
1388 1413 18626 0.6159045102588461 4487 
1389 1414 19857 0.10960080431168791 4469 
1390 1416 19695 0.8992702738984958 3751 
1391 1417 19236 0.11376856464687235 3981 
1392 1418 19805 0.3785370579871288 3570 
1393 1418 19672 0.299064040242299 3566 
1394 1419 18668 0.6426529495469894 3864 
1395 1419 19807 0.6226737639347502 4475 
1396 1419 19937 0.8922235011005086 3902 
1397 1421 18997 0.2489896927010863 3759 
1398 1422 19768 0.7610779327981402 3627 
1399 1422 18983 0.06312643851605572 4530 
1400 1422 20017 0.8951588902265362 4409 
1401 1423 19055 0.41359578423561694 4056 
1402 1424 20286 0.8899412409199587 4309 
1403 1427 18594 0.6053397347488435 4031 
1404 1427 19860 0.27696778042196185 4262 
1405 1428 19883 0.6688352414287425 3876 
1406 1429 20516 0.17280090452242988 3814 
1407 1430 20193 0.3070833202329285 3911 
1408 1431 18794 0.2361923818659496 3866 
1409 1432 20317 0.7002093027151548 3958 
1410 1433 19182 0.30910050251702303 4355 
1411 1433 20129 0.21836734537217042 4443 
1412 1433 19184 0.11843327012145609 4315 
1413 1434 19076 0.8477890253797824 4161 
1414 1437 20325 0.23363000974579343 4293 
1415 1437 20357 0.6541280577598626 4446 
1416 1438 20225 0.50224039049139 4045 
1417 1440 18749 0.12762623286992547 4210 
1418 1442 19741 0.6823320524002028 3738 
1419 1442 19721 0.8102766800838846 4305 
1420 1442 19379 0.5501030896455379 3638 
1421 1443 19819 0.4048013670819314 4500 
1422 1445 19665 0.13997570974269447 3779 
1423 1445 20059 0.6461396081679978 4259 
1424 1447 18729 0.2313854710769233 3822 
1425 1450 19343 0.4040882609343498 3852 
1426 1451 18565 0.7961559607346309 4139 
1427 1452 20498 0.08868452702486845 3896 
1428 1452 20383 0.8270391444440234 4128 
1429 1454 19118 0.3185796365381206 3764 
1430 1455 19662 0.7453601151730175 4515 
1431 1455 19434 0.024264687576830198 3567 
1432 1456 19375 0.6773647872448301 3727 
1433 1456 20253 0.5418372004050832 4367 
1434 1456 20449 0.4623942203741172 3858 
1435 1456 20513 0.8481256153222598 4389 
1436 1456 19162 0.29494029373155317 4310 
1437 1457 19588 0.4519397205807961 3941 
1438 1457 18875 0.013660041851669177 4436 
1439 1457 19270 0.04153992189369191 4053 
1440 1459 18666 0.4041458005808136 3850 
1441 1461 18626 0.41387496202730023 3598 
1442 1463 20112 0.4223159654109981 3843 
1443 1463 19061 0.7583174472353591 3919 
1444 1463 20206 0.6099076729940449 3710 
1445 1464 20496 0.6328779856446702 4264 
1446 1464 18705 0.12055273886751369 4226 
1447 1465 20373 0.3390656759775063 3787 
1448 1465 19274 0.5418349875651035 3939 
1449 1465 19826 0.49970587787800436 3782 
1450 1465 20484 0.8849813228104803 4252 
1451 1466 18567 0.6490617010556453 3713 
1452 1468 20487 0.09766806995017224 3793 
1453 1468 19173 0.011505551427372154 4497 
1454 1469 18866 0.7336507670714155 4498 
1455 1473 20518 0.345294538067052 3901 
1456 1473 18678 0.4149604001543515 3847 
1457 1473 19361 0.5506216100271398 3951 
1458 1473 18659 0.031126065152477032 4493 
1459 1473 19937 0.20657496072039896 4135 
1460 1474 18744 0.26822390954644515 4183 
1461 1477 18688 0.06258841657864832 4421 
1462 1479 19631 0.5782399395379434 3996 
1463 1480 20087 0.21461244612166727 4427 
1464 1480 19940 0.7672452045947092 3643 
1465 1481 19975 0.8013713468783246 3709 
1466 1481 20164 0.17470762255180375 4305 
1467 1481 19113 0.4149777484577617 3726 
1468 1482 19983 0.38668765920916415 3959 
1469 1482 18891 0.24264485984820464 4347 
1470 1483 19253 0.30143855030066935 4294 
1471 1483 19698 0.858394286268344 3961 
1472 1483 20021 0.5331660675400842 4500 
1473 1485 18654 0.6958617329858653 4245 
1474 1486 20097 0.5287546277150927 4265 
1475 1486 18845 0.40027244686918395 3788 
1476 1486 18613 0.18899869606859226 4400 
1477 1489 18933 0.3320186977976707 3985 
1478 1490 20346 0.7065072795168473 3568 
1479 1490 19072 0.13549264959930254 4539 
1480 1492 19157 0.5603287025135125 4523 
1481 1492 19389 0.1126982632911291 4054 
1482 1493 20031 0.4279577994428883 4547 
1483 1493 19743 0.8613408861774668 4087 
1484 1494 18903 0.03592876478633342 4540 
1485 1498 20431 0.5132384915288425 4454 
1486 1498 19758 0.06332679755881379 3916 
1487 1498 20191 0.8646741122946094 3782 
1488 1498 20328 0.7877194453054647 4542 
1489 1499 20450 0.8573599990226553 4240 
1490 1501 19361 0.8682473608565175 4341 
1491 1502 19701 0.30025565670985715 4163 
1492 1503 20138 0.059342020272900364 4218 
1493 1504 18841 0.2560440907917451 4252 
1494 1504 19482 0.14667439868280419 4272 
1495 1504 20298 0.6624285546078144 4039 
1496 1504 19438 0.4891372382528434 3877 
1497 1509 18565 0.5587139242865325 4477 
1498 1511 18595 0.023125447705778977 3787 
1499 1512 19834 0.7927708347845789 4382 
1500 1512 19099 0.6406220324759749 4174 
1501 1512 18766 0.09573269540373734 3608 
1502 1513 19297 0.056441392458406445 3620 
1503 1514 19994 0.6523792585442099 4160 
1504 1515 19368 0.1417752919298129 3761 
1505 1515 18964 0.8621542515087327 3703 
1506 1518 20336 0.3174939239780824 4276 
1507 1520 20404 0.416117139135756 4079 
1508 1521 19671 0.4286728603668239 3972 
1509 1522 19648 0.028372892353112703 4423 
1510 1524 19007 0.2604013277598601 4524 
1511 1525 20242 0.7596811342528584 3558 
1512 1526 19326 0.68876197888252 4031 
1513 1526 19324 0.6912818695102988 3980 
1514 1528 20340 0.2972393036018509 4178 
1515 1528 18914 0.8583006832457585 4239 
1516 1528 19886 0.6172229682668133 3813 
1517 1528 18719 0.535911471493093 3738 
1518 1529 18597 0.8663411951967616 3782 
1519 1530 19439 0.8867342129574823 4360 
1520 1530 20243 0.6662000359948904 4516 
1521 1531 19956 0.037091573694746124 4032 
1522 1532 18777 0.53805479723677 4424 
1523 1532 19547 0.36280148558418224 3777 
1524 1533 19863 0.24647884977371673 3918 
1525 1534 20200 0.15745478497009194 3576 
1526 1534 19774 0.4837379704516346 4054 
1527 1535 19539 0.1178437862622636 4144 
1528 1536 19184 0.18488460501683943 4107 
1529 1537 18797 0.026263510621268943 4527 
1530 1542 19158 0.6292351902321288 3951 
1531 1543 20495 0.050828090477717316 4203 
1532 1543 18817 0.21043597673589579 4321 
1533 1544 19680 0.2551487342187293 3964 
1534 1545 20362 0.7001573187796639 4015 
1535 1545 19749 0.4878984791438325 4479 
1536 1548 20190 0.576623082107444 3728 
1537 1548 18848 0.23834490351864066 4266 
1538 1548 20468 0.6552072435323688 4046 
1539 1548 19391 0.6788085266913864 3643 
1540 1548 19458 0.3084887917140557 4382 
1541 1549 20142 0.6907492639540301 4071 
1542 1550 18624 0.07175865758430444 3867 
1543 1550 19925 0.21675427322611912 4042 
1544 1550 20318 0.6646035122950847 4483 
1545 1551 19545 0.7909491254433453 3874 
1546 1551 18689 0.09645942638188755 4337 
1547 1552 19479 0.150428467614648 3919 
1548 1553 20045 0.276315213284987 4068 
1549 1553 19139 0.5268712206445466 4429 
1550 1554 20183 0.7047191504795064 3662 
1551 1555 19669 0.8641955371935953 4304 
1552 1556 18853 0.8863393922372083 4279 
1553 1559 18971 0.444800118655827 4444 
1554 1560 19679 0.7474438909023962 3920 
1555 1562 19617 0.4099667779129834 4101 
1556 1563 19239 0.7676294174655314 4340 
1557 1564 20249 0.7912908286659379 3554 
1558 1565 18885 0.3545787858538292 3728 
1559 1566 20466 0.17042195040907107 4354 
1560 1566 18839 0.6002473739338334 3607 
1561 1566 19427 0.6053283164436278 4091 
1562 1568 19583 0.25950024719712667 3823 
1563 1568 20017 0.7995061891212611 3817 
1564 1568 20518 0.525464672269071 4057 
1565 1568 20448 0.6058889913398281 4052 
1566 1571 19581 0.3786033246843766 4297 
1567 1574 20339 0.4079976277616685 4209 
1568 1576 19199 0.5861661427255903 3705 
1569 1576 20407 0.060895812108843025 4273 
1570 1576 20461 0.037259820175975414 3854 
1571 1578 18659 0.27509610378880167 3576 
1572 1578 19831 0.5648126630354751 3802 
1573 1580 20532 0.6500970675471223 3944 
1574 1581 18697 0.3211244863114432 4312 
1575 1584 18740 0.19706087976875106 3604 
1576 1586 19284 0.187257122372848 3908 
1577 1586 18705 0.4418639495110832 3570 
1578 1587 18580 0.8538905650346946 4425 
1579 1587 18899 0.2102766387043828 4411 
1580 1588 18691 0.697507131379986 3855 
1581 1588 18991 0.04039086648316008 3622 
1582 1588 20405 0.5399426523330432 4206 
1583 1589 20468 0.12992747704207128 4125 
1584 1590 19151 0.22789281257750482 4428 
1585 1592 19365 0.8606426034799507 4258 
1586 1593 18829 0.1895941032026882 3565 
1587 1594 19498 0.33298946244986277 4074 
1588 1594 18684 0.49150977545390007 4056 
1589 1594 18756 0.1826087918055525 4531 
1590 1594 19303 0.7612772074737557 3747 
1591 1594 20545 0.7483500469152828 4527 
1592 1595 19242 0.5944621181822128 3685 
1593 1596 19360 0.8830044112905849 4546 
1594 1596 18572 0.2634071570754262 3665 
1595 1596 20343 0.15245015173865678 4433 
1596 1597 19871 0.8014126392478093 3840 
1597 1601 19784 0.10404766812523332 4399 
1598 1602 18771 0.4948742073204495 4461 
1599 1602 18976 0.6840901332632414 4410 
1600 1603 19531 0.06403402176550362 3924 
1601 1604 19180 0.8671148656030278 3583 
1602 1604 19231 0.2874800631357346 4443 
1603 1606 18834 0.2881768707891822 4097 
1604 1607 19550 0.5235387084775258 4504 
1605 1607 19609 0.22944667507399338 3620 
1606 1607 19624 0.3611623456336311 4477 
1607 1608 20254 0.8510718645197514 3942 
1608 1610 18565 0.23505312839069115 3680 
1609 1610 19669 0.5610550909180522 4377 
1610 1612 19493 0.28206188920534414 4321 
1611 1613 19915 0.5041615043207243 3589 
1612 1616 19418 0.5343723476986989 4204 
1613 1616 20501 0.26386771101564727 4320 
1614 1616 19182 0.4967306586659962 3730 
1615 1619 20295 0.05954855738766008 4036 
1616 1620 20140 0.8528314047192675 3632 
1617 1620 19030 0.7011316530144184 4408 
1618 1621 19783 0.7836655884597697 3867 
1619 1622 18745 0.6483971328926521 4100 
1620 1623 18593 0.08630516200323879 4409 
1621 1624 19898 0.6001007414160249 4221 
1622 1624 19862 0.8199445453546073 4066 
1623 1625 18675 0.3269057408481398 4049 
1624 1625 19345 0.8148500151856186 3780 
1625 1627 20218 0.17372047505292912 4103 
1626 1627 19643 0.3015888831121556 3800 
1627 1631 19016 0.7256256058989023 3845 
1628 1631 20208 0.4239602225288292 4318 
1629 1633 20464 0.4901311967980587 4205 
1630 1633 20461 0.4552221369816536 3659 
1631 1635 19866 0.6847207236732769 4403 
1632 1635 19746 0.45897590678470584 3874 
1633 1636 19021 0.837631863617308 4024 
1634 1636 19161 0.763143072976807 3885 
1635 1639 19443 0.6465464131349619 3785 
1636 1639 19956 0.5627137262186773 4108 
1637 1639 20109 0.013800053241409987 3618 
1638 1640 18799 0.761445955232816 3788 
1639 1641 19973 0.34190335466265376 3724 
1640 1641 20134 0.28907170311557867 3905 
1641 1645 19391 0.5928338323986028 3686 
1642 1646 18677 0.5884720224962431 3571 
1643 1646 19890 0.4200711419809962 4448 
1644 1647 19655 0.2613706610263496 4290 
1645 1648 19508 0.1411007395969898 3940 
1646 1648 20301 0.48659787319136255 4532 
1647 1649 19785 0.872861059439972 3960 
1648 1651 19580 0.7975371587527529 4210 
1649 1651 20290 0.5998830778422871 3970 
1650 1651 18783 0.6441724159913523 4448 
1651 1652 19357 0.4290914047287803 4380 
1652 1654 20052 0.09231678151624673 4526 
1653 1654 19065 0.1077682312910202 4294 
1654 1656 20431 0.7102927038403788 4360 
1655 1658 19192 0.18630633090677648 3933 
1656 1663 20113 0.7764862247812203 3957 
1657 1664 20487 0.19678676906238415 4192 
1658 1664 19374 0.0848099382949988 3634 
1659 1670 18890 0.29587081189301817 4117 
1660 1671 18996 0.135616516931978 4474 
1661 1673 19479 0.42532835581935796 3794 
1662 1674 20294 0.5162938890915473 3731 
1663 1677 18927 0.02082187368320254 4402 
1664 1678 20156 0.36757247969232987 4520 
1665 1678 19194 0.5106347070237881 4311 
1666 1679 18616 0.321171712371248 4262 
1667 1680 20164 0.5329955024093848 4032 
1668 1681 20224 0.8854631123518769 3702 
1669 1681 20329 0.367900167688934 3741 
1670 1683 19738 0.6876813862808322 4309 
1671 1683 20500 0.23135076866398768 3870 
1672 1683 18982 0.8397523870560323 3954 
1673 1684 19928 0.21794404835658887 4269 
1674 1685 19960 0.6985588337158701 3670 
1675 1685 19070 0.7737999587525192 3676 
1676 1685 20105 0.6343378201348066 4247 
1677 1686 18893 0.22979383528038236 4273 
1678 1688 20197 0.4170207852693647 4549 
1679 1688 19628 0.696146465687725 3758 
1680 1688 19204 0.7927605331173601 4239 
1681 1690 19164 0.6690417896573172 4391 
1682 1692 19990 0.033947469057896994 4449 
1683 1693 19141 0.4772961141020237 3871 
1684 1695 19789 0.015475254745389591 4000 
1685 1695 19437 0.21149652685203116 4245 
1686 1696 18695 0.215475470851336 4183 
1687 1696 18846 0.8158758285046789 3718 
1688 1700 19342 0.6091371860611209 4457 
1689 1701 20380 0.6774833336819889 4235 
1690 1706 18602 0.6101439133901198 4332 
1691 1706 19122 0.2671050628138115 4517 
1692 1707 19311 0.5216366850794963 3677 
1693 1709 19030 0.4778988332742256 3890 
1694 1711 18967 0.6234802001561334 4423 
1695 1712 19374 0.10074199574082827 4322 
1696 1713 20099 0.04903986440129684 4530 
1697 1714 20036 0.0895139701917792 4052 
1698 1715 20148 0.5984842058696472 4102 
1699 1715 20052 0.6946726254799437 3997 
1700 1716 20367 0.2699822623680819 3718 
1701 1716 20534 0.4536895178822181 4157 
1702 1716 19557 0.7425515873041285 4069 
1703 1716 18936 0.26613116958002175 4180 
1704 1717 19737 0.6847369385027381 3691 
1705 1718 19342 0.3601810524925633 4146 
1706 1719 20312 0.8727332595700389 3909 
1707 1720 20230 0.15380327088677967 4143 
1708 1721 18650 0.14589989655826524 3748 
1709 1721 18720 0.32927118260035865 3681 
1710 1723 20244 0.2760921194562535 4007 
1711 1725 19614 0.6890868425297613 4543 
1712 1726 20337 0.8068452368494026 3761 
1713 1728 20293 0.7231194930847962 4475 
1714 1729 19564 0.3812283532804749 4327 
1715 1730 19703 0.19281400697482162 3621 
1716 1732 18875 0.14108518063818265 4283 
1717 1732 18994 0.7441160640351331 3967 
1718 1733 19728 0.7705176916308117 4332 
1719 1734 18729 0.643900170045636 4297 
1720 1734 19001 0.5565323900011415 4352 
1721 1735 19377 0.7688346325324386 3672 
1722 1736 18860 0.3391937349692618 4062 
1723 1739 20181 0.47926802321862266 4460 
1724 1739 19682 0.7016642012936168 4531 
1725 1741 20257 0.5911012942713858 4369 
1726 1741 18880 0.3686436676950049 3605 
1727 1743 19475 0.7872747664067985 4474 
1728 1745 20059 0.7847624481603561 4343 
1729 1745 19330 0.5096592113257993 3663 
1730 1747 18923 0.3951261947527704 4547 
1731 1749 19712 0.034382689437474204 3698 
1732 1749 20143 0.31973470359796224 3607 
1733 1750 19955 0.8259690300761718 3673 
1734 1751 19794 0.40478084434943157 3845 
1735 1751 18844 0.2760456250936257 3897 
1736 1751 19010 0.6001432523493523 4420 
1737 1752 20279 0.08231052869757226 4433 
1738 1752 20323 0.3114602688014753 4056 
1739 1754 19205 0.659761095617197 4487 
1740 1755 20481 0.2465900701495577 4190 
1741 1756 19102 0.6826345676132729 4384 
1742 1756 20188 0.7292868804925725 3804 
1743 1758 18764 0.6617083233748393 3598 
1744 1759 19870 0.8708950217327163 3811 
1745 1764 20051 0.7423508738430002 4088 
1746 1764 18603 0.15753282110778616 3914 
1747 1765 19843 0.2680708242214528 3781 
1748 1766 20283 0.4487591017638658 4256 
1749 1767 19445 0.10162143266848885 3799 
1750 1767 20379 0.19420607096638312 4297 
1751 1768 20327 0.604922450636904 4393 
1752 1769 19824 0.09892829385169136 4294 
1753 1769 19312 0.03106481609069315 4514 
1754 1770 19201 0.7726569587409631 3689 
1755 1770 19704 0.4023832267393585 4280 
1756 1772 19401 0.06100977904962904 3858 
1757 1774 19861 0.11156948492203624 4028 
1758 1774 19832 0.18277365191082132 4391 
1759 1774 19787 0.3017656480629355 4244 
1760 1775 18905 0.6711407321308202 4344 
1761 1775 19831 0.5940633110355762 4395 
1762 1779 19903 0.09492430618390583 4105 
1763 1781 19917 0.4836352304269374 4469 
1764 1782 20508 0.801164500646619 4201 
1765 1782 19288 0.12763831747006404 4152 
1766 1782 19692 0.47380919881989886 3614 
1767 1783 18909 0.7237591143762321 4343 
1768 1784 20489 0.05550180006056662 4346 
1769 1785 19659 0.7111203451127245 4006 
1770 1789 19506 0.7963087329530267 4539 
1771 1791 19057 0.19861417146590288 4177 
1772 1794 19621 0.13452716103042672 4549 
1773 1794 19887 0.3554286609008113 3624 
1774 1796 20351 0.2309232461627437 4497 
1775 1797 19477 0.36338531202080165 4381 
1776 1797 19510 0.25674757787934394 3704 
1777 1798 18919 0.3144899901490368 3939 
1778 1801 19788 0.3116748077183504 3702 
1779 1802 18882 0.2307526123272984 3906 
1780 1803 19585 0.6090399002420027 3970 
1781 1806 20036 0.5892439944559966 4291 
1782 1809 20490 0.48103842330395663 4143 
1783 1810 19886 0.6629318282096428 3875 
1784 1810 19979 0.8475836288589624 4363 
1785 1811 19464 0.33897153197090735 4250 
1786 1812 18938 0.5815608292387872 4375 
1787 1812 20211 0.5769629898171592 4339 
1788 1812 20151 0.354603930667774 4290 
1789 1813 18622 0.38178488535598565 4125 
1790 1813 19386 0.2007175814196062 3960 
1791 1815 20359 0.746822042895502 3564 
1792 1817 19972 0.023386757708565856 4151 
1793 1820 19533 0.7021773828602552 4545 
1794 1821 19330 0.8423836170396216 4355 
1795 1823 19946 0.24738328450006491 4032 
1796 1824 19374 0.09577022854276161 3851 
1797 1827 19779 0.6667831195743295 4013 
1798 1828 18862 0.693060700334021 3585 
1799 1828 19827 0.07271181096852304 4047 
1800 1828 20549 0.8330213190823498 4184 
1801 1831 19929 0.6894145257351069 4003 
1802 1831 18790 0.3783858944364333 3930 
1803 1832 19680 0.7541550935753465 4193 
1804 1832 18877 0.8503939970479725 3884 
1805 1832 20420 0.3118302284075489 4157 
1806 1834 19235 0.11619734574548075 4408 
1807 1835 19433 0.5632610612657537 4294 
1808 1837 20486 0.861762425310206 3728 
1809 1839 19517 0.5195483619798059 4299 
1810 1839 19199 0.03193698318166072 4502 
1811 1839 19030 0.4009129452012685 3952 
1812 1840 20279 0.23434943991157708 4301 
1813 1840 20235 0.8387414446835838 3746 
1814 1841 19173 0.6285307670106878 3596 
1815 1842 20072 0.4552863859612233 3650 
1816 1843 19978 0.6723833525186853 3796 
1817 1843 19391 0.525237907168514 4388 
1818 1844 18813 0.22400334589555873 3987 
1819 1845 19440 0.3660621570290318 4498 
1820 1846 20006 0.4787327734885417 3675 
1821 1847 18590 0.019526777030845772 3755 
1822 1847 20447 0.09395720488165943 4139 
1823 1850 18645 0.5003014014360363 3561 
1824 1852 18768 0.02670652917396444 4511 
1825 1852 19800 0.2791394132092939 3960 
1826 1853 18593 0.3585514819994994 4442 
1827 1854 19623 0.06100893597328178 3956 
1828 1859 20262 0.5610149908970402 4450 
1829 1860 19943 0.43045796699008215 4407 
1830 1861 20101 0.8461859937348853 3832 
1831 1862 18832 0.8237031514842692 4509 
1832 1862 20296 0.2267147852100229 4293 
1833 1864 19162 0.8914448834171065 4090 
1834 1864 19692 0.7010489412103855 4081 
1835 1865 19149 0.6755605463426219 3706 
1836 1866 19602 0.7202856412398737 4397 
1837 1867 19399 0.06276203054868829 3851 
1838 1867 18736 0.2518623852226204 4325 
1839 1868 20078 0.12660413767581807 4288 
1840 1868 18704 0.6443992074511643 4004 
1841 1868 18981 0.015021128250697655 4142 
1842 1870 18921 0.46200633440635863 4173 
1843 1870 19911 0.5700801602568581 3756 
1844 1872 18625 0.7682540878136863 3784 
1845 1872 18938 0.8677346999178661 4033 
1846 1873 20125 0.14035412338534078 3613 
1847 1874 19951 0.10814435906708625 3677 
1848 1874 20539 0.1956265271330357 3603 
1849 1874 20278 0.029944712126468244 3653 
1850 1879 20282 0.6207932516236079 3773 
1851 1880 19686 0.09077929162787696 4230 
1852 1881 18964 0.5223020789178431 3554 
1853 1882 18797 0.3880078241184077 3658 
1854 1882 19032 0.7126667468734408 3712 
1855 1882 19676 0.2942193617472777 4219 
1856 1882 19602 0.7707297602374594 4373 
1857 1884 20008 0.06514953469280273 4011 
1858 1885 19930 0.33071034568902485 4221 
1859 1887 20302 0.23864698426354958 3757 
1860 1888 19603 0.23394858109891187 4391 
1861 1888 20562 0.06996650016253433 4195 
1862 1889 19336 0.6096668894796904 4190 
1863 1889 19585 0.7709459119769513 4249 
1864 1890 18974 0.27471656569107783 3843 
1865 1892 18993 0.19312552494692659 3668 
1866 1894 19359 0.059411035442016535 4492 
1867 1894 18962 0.30487276632659727 3586 
1868 1895 20516 0.6488874078017504 3931 
1869 1896 20319 0.22449446503736104 3684 
1870 1897 20026 0.16313833221787943 4178 
1871 1897 19710 0.6073479583950946 4298 
1872 1898 19055 0.16506293148912357 3645 
1873 1899 18635 0.5835867430093309 4146 
1874 1900 20072 0.7264426754344485 3570 
1875 1901 19489 0.038558908851184875 4472 
1876 1901 20469 0.6280539433935071 4122 
1877 1901 19562 0.6475595646031798 4172 
1878 1902 19159 0.13809028708991886 4514 
1879 1902 19364 0.14289365418706085 4407 
1880 1902 19580 0.6688250302214999 4418 
1881 1903 19245 0.050030844624741666 3719 
1882 1903 19938 0.20315794910840737 4123 
1883 1904 19341 0.8520656630405631 4157 
1884 1904 19211 0.43039677544669047 4485 
1885 1905 18865 0.40046722346278424 3568 
1886 1906 20324 0.3292302647022675 4269 
1887 1908 18976 0.6404239170790151 4468 
1888 1909 19836 0.03028457439703667 3847 
1889 1909 20336 0.5335374698378309 4098 
1890 1911 19014 0.02509626875161356 4227 
1891 1912 19566 0.4435037606214155 3698 
1892 1913 19733 0.3705250454592935 4089 
1893 1914 19268 0.3268123407544377 3823 
1894 1915 20432 0.869700240883832 3629 
1895 1917 20296 0.43043571752451365 3765 
1896 1918 19523 0.7216469675149936 4278 
1897 1919 19356 0.13116456377570382 3631 
1898 1920 19180 0.5903161237321547 4435 
1899 1921 19610 0.4900551130838744 3735 
1900 1921 18572 0.8360154876063556 4414 
1901 1922 19594 0.8555917200165996 3951 
1902 1923 20033 0.020008769124720317 4077 
1903 1923 20426 0.5089426485301447 4217 
1904 1923 19020 0.5519561289552263 3658 
1905 1923 19193 0.04956465793642798 3998 
1906 1924 19764 0.46850836020204545 3611 
1907 1925 19621 0.8362466269789448 4082 
1908 1926 20473 0.7759484957399213 4371 
1909 1927 18725 0.4745220571362616 3748 
1910 1927 18911 0.2524259002349382 3972 
1911 1928 19064 0.5789140112843009 4031 
1912 1928 19378 0.2816923263815163 3747 
1913 1930 20531 0.34258438762604326 4411 
1914 1930 18972 0.35540535257580164 3581 
1915 1931 19771 0.8072551471602555 4251 
1916 1931 20066 0.1015585962232647 3852 
1917 1933 20088 0.33568368269252463 4001 
1918 1934 19810 0.6930395694326831 3610 
1919 1935 20503 0.6167718658953659 4062 
1920 1936 19991 0.414189412907667 3875 
1921 1938 19670 0.3761976977145533 4441 
1922 1938 19385 0.12580767190012213 4549 
1923 1939 19206 0.5369921845721176 4153 
1924 1939 19496 0.09489929509503985 4259 
1925 1940 19629 0.7363092939774655 4259 
1926 1941 20207 0.017708016228649242 4106 
1927 1942 20451 0.446722441516995 4307 
1928 1942 20213 0.8508152616567004 3820 
1929 1943 18763 0.3186934120374393 4203 
1930 1944 19687 0.5585023083734193 4254 
1931 1945 18742 0.7719793189264877 3649 
1932 1945 18568 0.8352402823462416 3979 
1933 1947 20469 0.15420778341479807 4537 
1934 1947 19180 0.49175344803763116 3886 
1935 1947 18986 0.5509321769289004 4157 
1936 1948 20421 0.1900697786820718 4286 
1937 1948 18580 0.8040643422273203 3908 
1938 1949 18883 0.5642859336279239 4119 
1939 1949 20392 0.24241538871257504 4433 
1940 1949 19950 0.24803264714512854 3898 
1941 1949 19628 0.0702876839180613 3981 
1942 1950 19119 0.8854811095656834 3554 
1943 1950 18857 0.5210311856759547 4251 
1944 1951 19047 0.28035270044210375 3733 
1945 1952 20486 0.38260526983881576 3617 
1946 1952 19853 0.39450061551913407 4401 
1947 1954 20361 0.864927029234582 4278 
1948 1954 19315 0.0985085543608312 4487 
1949 1956 20133 0.7664016638059872 3679 
1950 1956 18652 0.20350214547811654 3881 
1951 1958 19889 0.7282506270911036 4047 
1952 1958 18602 0.20930737557090914 3932 
1953 1962 19933 0.030676781139995023 3580 
1954 1963 19883 0.6643120499615086 3740 
1955 1963 19018 0.5194251333230432 4284 
1956 1964 19596 0.06118720823691519 3868 
1957 1964 19831 0.7474706211255332 3873 
1958 1965 19846 0.4471275105343864 3629 
1959 1966 19239 0.3216812619076467 4531 
1960 1967 18721 0.2269613918318317 4159 
1961 1967 19674 0.29493020939632847 3781 
1962 1968 18803 0.7224132133327066 3930 
1963 1970 19651 0.5971665373925511 4287 
1964 1970 20189 0.11944046022629655 4238 
1965 1971 19729 0.5976555324432135 4470 
1966 1972 20435 0.8404905402929818 4165 
1967 1973 18788 0.49847314639191365 3914 
1968 1978 19729 0.2014671669373844 3871 
1969 1978 19875 0.14910316163694604 3836 
1970 1980 19748 0.15444171069103613 3620 
1971 1981 19390 0.011270349448887803 4304 
1972 1981 19069 0.7977330395946506 3764 
1973 1981 19596 0.7655215429418651 3846 
1974 1981 19142 0.8179306910305044 4396 
1975 1981 20123 0.1916485694213814 4410 
1976 1983 19933 0.8256239353481725 4187 
1977 1983 18910 0.44983461861226187 3911 
1978 1984 20038 0.163557497082629 4160 
1979 1984 20140 0.08046797021524224 4153 
1980 1985 20098 0.1464003615472445 3700 
1981 1986 18938 0.3185582024590033 3822 
1982 1986 18644 0.1286065849692235 4037 
1983 1988 19913 0.25532101435699567 3892 
1984 1989 19962 0.7125888062667498 3797 
1985 1991 19291 0.7308772123410074 3979 
1986 1991 18977 0.6899126143527493 3586 
1987 1991 20107 0.7182129500046491 4544 
1988 1991 20030 0.642357636803875 3758 
1989 1992 20076 0.02667239484535794 4510 
1990 1993 19508 0.7144511049752814 4483 
1991 1995 19008 0.41991577845318373 4383 
1992 1995 20483 0.29345056015862847 4007 
1993 1995 19234 0.4664997808625094 4035 
1994 1996 20027 0.592046444798805 4384 
1995 1997 18928 0.4470457301838937 4384 
1996 1997 20147 0.34660254039588967 3673 
1997 1999 19053 0.1298221846357363 3787 
1998 1999 19054 0.2673467866552408 4090 
1999 2000 20505 0.2727552915743289 3863 
2000 0 19600 0.895207129646686 3792 
