1 4 12165 0.1160890817329946 1198 
2 5 12351 0.6274315291718573 1585 
3 5 10589 0.215493855919463 1754 
4 6 10516 0.7799034625431751 1623 
5 7 12223 0.19705190207803153 1800 
6 10 10555 0.060662929155969166 1758 
7 11 12146 0.5839012870338379 1351 
8 11 11779 0.4006049291534336 2121 
9 11 12142 0.3672466358947165 1743 
10 13 11297 0.5951749755231658 1203 
11 17 12397 0.17175143960250525 1649 
12 17 10612 0.6984697607061273 1553 
13 20 12044 0.05125060202696556 2064 
14 21 10823 0.12037291441552593 1567 
15 22 11470 0.2172139322358998 1246 
16 24 11188 0.46141187427261277 1940 
17 26 11554 0.12210870155585149 2107 
18 26 12073 0.6469531053721316 1567 
19 26 12288 0.025886829965166766 1384 
20 28 10702 0.3875109275131133 1375 
21 29 11409 0.6253319050944981 1593 
22 29 12401 0.6820592914731555 1239 
23 29 11375 0.5053534938021873 1971 
24 29 11219 0.5849656727910347 2055 
25 30 11410 0.6091236203328352 1430 
26 31 12281 0.4084917704681423 1859 
27 31 10842 0.7924519571545151 1902 
28 32 11597 0.709323163866513 1875 
29 33 11021 0.6860174389616738 1713 
30 34 11359 0.3449824600624706 1978 
31 35 10768 0.704512358289718 2111 
32 35 11181 0.17002551525903276 1676 
33 36 11761 0.5006916800579858 1886 
34 36 11043 0.08876023717480469 1254 
35 37 10720 0.573057658546156 1524 
36 38 11232 0.2639308322737057 1550 
37 43 11173 0.1416396331079172 1426 
38 43 11822 0.10620467292185945 1285 
39 43 11830 0.41995738227581086 1284 
40 47 10895 0.3216451261303569 1348 
41 49 11770 0.7904910605052904 1326 
42 50 11396 0.6574196808018808 1270 
43 51 11697 0.300193800343848 1255 
44 51 12309 0.531750418488547 1380 
45 52 12011 0.41021703743188875 1377 
46 52 11852 0.6800194437449273 1412 
47 54 11173 0.6537382302352142 1623 
48 54 10735 0.40615117706885 1578 
49 56 10713 0.8577883872995775 1165 
50 57 11481 0.14409709904094747 1857 
51 59 12293 0.2661457664654066 1374 
52 59 11964 0.4692108599032921 1749 
53 60 10841 0.5150596004787479 1868 
54 60 11606 0.2216077959494909 1386 
55 60 12322 0.018104747624298808 1538 
56 62 12387 0.7241495839206493 1742 
57 63 10776 0.3438121259439001 1546 
58 64 10826 0.7767725571712126 1374 
59 66 12282 0.640093981380127 2007 
60 66 11089 0.6563580451251444 1665 
61 66 10830 0.8561892605271053 2113 
62 66 11247 0.7817444434258902 1807 
63 68 11482 0.3925499322119159 1209 
64 70 12306 0.5703051335552944 2104 
65 72 11436 0.07830843515698178 1469 
66 74 12316 0.14728857314778093 1779 
67 74 11640 0.70267595968609 1676 
68 74 12012 0.7264344268911067 1417 
69 75 10683 0.36175609436873457 1429 
70 77 12322 0.05334623642709168 1545 
71 78 12310 0.1278628651589905 1683 
72 78 11783 0.5343545930373997 2098 
73 78 12363 0.6099779071733268 1555 
74 79 10777 0.6423764365071273 1491 
75 79 10897 0.07110903630180417 1810 
76 79 10634 0.18522800356309765 1558 
77 80 11952 0.7038270252673109 2070 
78 82 10786 0.3281365085574587 1177 
79 83 12111 0.46436877508788343 1773 
80 83 10661 0.26705449657745495 1641 
81 83 12252 0.7361272035226762 1769 
82 84 10806 0.12088214575981604 1694 
83 88 11828 0.26652472415290257 1364 
84 89 11908 0.8324799272123816 1979 
85 89 12400 0.4244517566698743 1439 
86 93 11245 0.6544210579570363 1896 
87 93 10435 0.3046811327762073 1496 
88 94 11040 0.6830654886898484 2087 
89 95 11899 0.07910301410726363 1499 
90 95 11565 0.014679738891619564 2060 
91 97 12402 0.46693480842523605 1480 
92 101 11789 0.4881426430296775 1206 
93 103 11830 0.4689521044834501 1471 
94 104 10985 0.619757359917312 1303 
95 104 12194 0.6299597806913125 2079 
96 104 12010 0.5701817590726315 1627 
97 104 11243 0.5168251322268536 1626 
98 108 11523 0.02976416640366978 1154 
99 108 11191 0.6130359904027884 1249 
100 110 11791 0.05007096203053656 1648 
101 111 12018 0.8890451955242188 2112 
102 112 12392 0.058636413672425405 1583 
103 112 10752 0.5718434597402781 1493 
104 113 11604 0.2556751228657548 1367 
105 113 10661 0.37714151000160706 1199 
106 114 11331 0.22715020081626255 2068 
107 117 11494 0.2488948783885586 1552 
108 118 12336 0.8798433574510367 1826 
109 118 11706 0.4244029859577456 1518 
110 120 11588 0.22808877502044592 1438 
111 122 12249 0.5162181756355602 1433 
112 124 12360 0.7364682986390109 1171 
113 125 12179 0.7376686614963518 1892 
114 125 11995 0.8341682178474831 1519 
115 125 12369 0.0574551868760039 1512 
116 126 11241 0.28523987593131755 1154 
117 128 10732 0.06625328256315959 1732 
118 129 11052 0.5760258370225066 1976 
119 129 11969 0.2281443098885389 1971 
120 130 11489 0.6195527951998798 1642 
121 130 11491 0.8450359510246979 2140 
122 130 11642 0.11428477322518767 1732 
123 132 10724 0.48134506080689576 1764 
124 133 11392 0.5270984755314769 1192 
125 135 10680 0.3176430767098095 1622 
126 136 10460 0.09393863953456182 1749 
127 137 11854 0.684058060909929 1378 
128 138 11174 0.8282721283312031 2099 
129 139 11757 0.7305449406630029 1780 
130 139 11588 0.6222220053824855 1390 
131 140 11403 0.5978853366586044 1681 
132 141 10743 0.12428649254812044 1322 
133 143 11819 0.6820578681244865 1324 
134 143 11861 0.46483800995963187 1481 
135 145 11325 0.12759861355166 1271 
136 146 10792 0.06874456865762292 2009 
137 147 11753 0.5051438117429606 1575 
138 148 12014 0.10797298739846355 1332 
139 148 10934 0.6998917364675322 1996 
140 148 11142 0.7759355420200709 1215 
141 148 11325 0.8158841720683218 2020 
142 148 12082 0.34384563900883824 1743 
143 151 11355 0.4751765083491165 1389 
144 153 10738 0.3785713949670805 1780 
145 154 10596 0.6148283959922827 1339 
146 155 12272 0.7248908590446906 1741 
147 156 12007 0.03040294108279914 1586 
148 158 11852 0.2065365862030158 1150 
149 158 10527 0.18275393876774262 1684 
150 159 10459 0.04873440169446182 1221 
151 160 12218 0.5579785588897275 1338 
152 161 10549 0.8848658395008661 1492 
153 164 11358 0.5849439254485364 1184 
154 167 12079 0.8546049449502707 1543 
155 168 12315 0.7570207965683079 1753 
156 168 11844 0.43736882789141607 1935 
157 168 11527 0.3423397961525401 1185 
158 170 10440 0.04187716982562037 1769 
159 170 10616 0.23035650731307403 1189 
160 171 10588 0.2101853986600899 1756 
161 171 11475 0.7260677903574442 1787 
162 171 12110 0.02013731807058048 1248 
163 171 10878 0.16917868769105907 1590 
164 173 11813 0.7710096396872103 1378 
165 173 10467 0.7157260095604071 1256 
166 174 11950 0.02687819807645154 1256 
167 175 10563 0.32592807812121055 1319 
168 175 11227 0.06723743825016823 1792 
169 175 11652 0.31024093471810155 1665 
170 176 12252 0.02578967020456177 1984 
171 176 12060 0.31288333913786953 1673 
172 177 11173 0.2297150747442457 1564 
173 178 11059 0.7866830292569518 1752 
174 180 10551 0.21878654398071254 1986 
175 182 10965 0.8647048973797062 1345 
176 188 11109 0.6588243583773904 1192 
177 190 11697 0.3494074851702197 1857 
178 190 11270 0.42822125311694387 1223 
179 190 11345 0.48218880821063037 2064 
180 191 12408 0.7834309076674385 1541 
181 191 10649 0.4990655419732995 1724 
182 192 12293 0.45932603105160236 1583 
183 192 11592 0.6547664381117335 1273 
184 194 11709 0.7468080876689654 2053 
185 195 11294 0.719981665726685 1904 
186 196 11180 0.4910183146986461 1650 
187 197 11210 0.14113807467329076 2049 
188 199 11047 0.01998759484544564 1570 
189 199 12318 0.6849604753417519 1706 
190 200 11682 0.15477965045060435 1930 
191 202 10913 0.2766895196040136 1214 
192 203 11377 0.7259515920371469 1500 
193 203 11930 0.8831306767736531 2063 
194 205 11538 0.014401815260577495 1954 
195 205 11072 0.8733103482418322 1349 
196 206 10493 0.39423503098694196 1515 
197 206 11587 0.8832765444217497 1717 
198 207 11492 0.3521983548121288 1284 
199 210 10837 0.652330746248468 1783 
200 210 11201 0.3161790631680305 1345 
201 210 12018 0.8200266057292467 1673 
202 212 12213 0.38317904703612216 2011 
203 214 10429 0.41587358750946196 1542 
204 214 10979 0.16522869078809438 2117 
205 216 11286 0.6816791226226641 1749 
206 216 11953 0.7255116242676564 1629 
207 217 12184 0.11009521081586998 1141 
208 217 11662 0.08593334904178247 1260 
209 217 11781 0.6126079666053375 1261 
210 219 10947 0.20629988020647233 1435 
211 219 10827 0.5589957252768954 1736 
212 220 12298 0.3294566293529779 1413 
213 220 10440 0.6212763849649576 1775 
214 225 11287 0.08560937267772206 1161 
215 225 11031 0.06455489372462253 1453 
216 226 11271 0.2617440218531696 2112 
217 226 11163 0.2830028199328084 1877 
218 226 12010 0.44000178312561117 1198 
219 228 10869 0.38068068486602824 1998 
220 228 12302 0.09114412530470452 1515 
221 228 11243 0.29463013665543564 2085 
222 228 12006 0.8586204017627621 1613 
223 229 11060 0.2874567399818018 1199 
224 229 12054 0.6352752483042496 1711 
225 230 11488 0.10565208365407561 1822 
226 230 11293 0.7318831701578773 1753 
227 230 10541 0.5212290691748616 1771 
228 231 12255 0.4384055789926259 2001 
229 231 10540 0.2922966437814715 1504 
230 232 11758 0.6221468503726795 2116 
231 233 10752 0.07569108461286926 2017 
232 234 11905 0.7425409565659005 1813 
233 235 11156 0.6537653673918774 1553 
234 236 12306 0.5565890577933239 1587 
235 238 11794 0.7075426316350134 1715 
236 239 10964 0.5186039964269115 2127 
237 239 10433 0.40231987176917855 1172 
238 240 12285 0.4378127038582264 2129 
239 241 12206 0.09789710773833514 1777 
240 245 11014 0.495465328751477 1612 
241 246 10996 0.4427303205808297 1347 
242 246 12241 0.282961990110484 1998 
243 247 11169 0.14316392451289295 1979 
244 248 12334 0.25314469319891053 1326 
245 249 12173 0.3758322217976465 1176 
246 250 12205 0.4382559626969633 1528 
247 251 10657 0.7104503070224332 1578 
248 253 10449 0.017543872338121866 1459 
249 255 11129 0.5331072761523922 1946 
250 257 10718 0.11904430019221504 1448 
251 257 12103 0.4263419050755844 1202 
252 257 11407 0.5277002141762748 1321 
253 259 11761 0.40985710416806603 1359 
254 259 11476 0.21054531476127145 1642 
255 260 10483 0.39516625794882215 1652 
256 260 12275 0.24514118514500585 1686 
257 262 12053 0.19576295236608854 1558 
258 263 11054 0.4722230300062842 1299 
259 264 12334 0.8694881843113209 1735 
260 266 11415 0.1475369576162048 1475 
261 266 10782 0.15130046416170354 1219 
262 267 11471 0.4731675130978405 1494 
263 267 10627 0.8324679813816716 1670 
264 267 11238 0.2091555333163787 1495 
265 269 10806 0.8514777917129482 2133 
266 271 10618 0.5933307930592087 1976 
267 274 11312 0.7157705208962443 1758 
268 274 11335 0.11069236728710918 1466 
269 274 11643 0.04698850482609578 1140 
270 276 10527 0.23615970566624025 1786 
271 277 10971 0.8436737672085556 1454 
272 277 11208 0.43176729513368617 1955 
273 278 11169 0.6455346299395438 1431 
274 279 10819 0.5358326258012633 1799 
275 279 11322 0.37012686982694953 1379 
276 280 11663 0.6029380632598678 1773 
277 282 11311 0.7724353308515861 1776 
278 284 11518 0.5218606486460161 1936 
279 286 12254 0.06904831420835879 1875 
280 286 11745 0.2603084372870808 1311 
281 286 11529 0.4035713682775275 1501 
282 287 10772 0.7983040657788497 1733 
283 288 12170 0.08685445230028122 1312 
284 289 10793 0.3323898244681821 1553 
285 290 10745 0.3465982484309125 1258 
286 291 12150 0.44576917358063656 1431 
287 291 12363 0.2876484598224567 1572 
288 291 10917 0.7695687899230443 1206 
289 292 11290 0.7945148886027446 1623 
290 292 10681 0.46174503498970304 1333 
291 294 11752 0.3197508171040692 1757 
292 297 10893 0.8715030769636917 1679 
293 297 11888 0.30567352086528077 1947 
294 298 10456 0.2487105135204532 1569 
295 299 11617 0.3504720584215594 1737 
296 301 11047 0.6172258933580732 1943 
297 304 11414 0.24718951084624974 1315 
298 308 11821 0.22457897401066973 1996 
299 309 10666 0.8980358679780147 1214 
300 309 12389 0.7157433939377763 1533 
301 310 11677 0.6253331459848662 1731 
302 310 11004 0.4261276772467266 1353 
303 310 11991 0.7909845319815624 1149 
304 311 12043 0.8094445945415726 2008 
305 311 10830 0.7360042634358664 1889 
306 313 10924 0.6480081731966194 1247 
307 313 12239 0.7707338408777227 1482 
308 315 11148 0.1482144273715692 1565 
309 316 11519 0.7949039555149925 1679 
310 316 11798 0.6247834128017822 1765 
311 317 11505 0.37396907077975905 1200 
312 317 11277 0.05922272949554256 1519 
313 318 10935 0.6809268338109156 2026 
314 318 12281 0.09553540526743678 2015 
315 320 11331 0.4081383918832447 2086 
316 321 10482 0.534362551227438 1684 
317 322 12206 0.023086607400608944 1496 
318 322 10666 0.42397688598172656 1581 
319 323 11325 0.4603997929424789 1912 
320 325 11617 0.7005508497846556 2001 
321 325 11176 0.3347080311413472 1338 
322 327 12335 0.2467405663204775 1316 
323 327 10639 0.7686281785525434 1299 
324 327 11718 0.29016593917990247 1434 
325 329 12021 0.5341067728261168 1375 
326 329 12319 0.31339553052851715 1257 
327 332 11117 0.15393945152372718 1537 
328 333 11015 0.2638929232617855 1762 
329 334 11264 0.6804886887479159 1520 
330 334 12301 0.026105763638363 2071 
331 338 11049 0.18821672242625562 1678 
332 341 10603 0.30424046537689947 2010 
333 342 11007 0.5506851994528553 2139 
334 343 11286 0.4214080406989787 1749 
335 343 12309 0.07575148235284658 1486 
336 344 12018 0.42999648003619745 1593 
337 347 11347 0.5680150649022303 1549 
338 348 12419 0.06606226610235202 2081 
339 348 11459 0.7522325790840791 1661 
340 348 11621 0.012131734121136406 1302 
341 349 10780 0.1782930411908273 2065 
342 349 11577 0.3227252165123181 1693 
343 351 10691 0.5415191399953201 1943 
344 353 10731 0.09655637958106 2056 
345 356 11401 0.30827959616213674 1628 
346 357 10597 0.3937463274770586 1690 
347 358 10493 0.35246838009597226 2005 
348 358 12297 0.4299463665263547 1682 
349 359 11362 0.3388808588629777 1473 
350 359 12393 0.7623135200728516 1591 
351 360 10955 0.07486148355948243 1337 
352 364 10859 0.42023081956519903 1823 
353 365 11216 0.8090906304125492 1904 
354 365 11812 0.4572575309876438 2114 
355 365 11335 0.2700939098878362 1872 
356 365 10878 0.19268471677987004 1944 
357 366 11166 0.618855029845612 2049 
358 367 11400 0.04125190295599352 2066 
359 368 10736 0.2848436845842392 1881 
360 370 11759 0.8479485405068078 1908 
361 371 11189 0.7806632153448264 1657 
362 371 10811 0.26054309932875525 1853 
363 372 11220 0.28796977472999147 1693 
364 374 11242 0.8217752387976827 1990 
365 377 11361 0.34650256550406583 1609 
366 378 10962 0.6138251546333398 1790 
367 380 12170 0.32968262175584434 1489 
368 381 12244 0.09941168445416283 1347 
369 381 12231 0.7169806609094059 1866 
370 385 10719 0.27182425027838764 1811 
371 385 12179 0.35489610757996154 1571 
372 385 11040 0.5661717159913836 2124 
373 386 11576 0.8927641537448936 1323 
374 387 11908 0.47767567693780394 1616 
375 389 11009 0.41611262138376426 2118 
376 389 11850 0.6456039403094049 1234 
377 390 11592 0.48668499236659124 1914 
378 390 12061 0.25048930062644154 1536 
379 390 10611 0.6816638612451887 1730 
380 391 11930 0.27963223389129965 1894 
381 393 11737 0.7401497417611802 1892 
382 393 11979 0.491427951253184 1607 
383 394 10893 0.32767319322723554 1720 
384 395 10449 0.4318478479108225 1973 
385 398 11784 0.8870935996731575 1234 
386 398 11144 0.6071005133960159 1807 
387 399 11179 0.4017739171669798 1853 
388 399 10796 0.8054417933660023 1656 
389 401 11378 0.2739927926945196 2032 
390 402 12357 0.5143267948220892 1493 
391 403 11455 0.6754391420220748 1665 
392 407 10684 0.8993337836570755 1739 
393 408 11318 0.20494697419198663 1812 
394 408 12151 0.5121374879088877 1482 
395 408 10593 0.07810134213713377 1146 
396 410 11223 0.6830537855763712 1185 
397 410 10990 0.044822887972021254 1484 
398 411 11292 0.5611532425992803 1776 
399 411 11325 0.7313611852942712 2123 
400 412 12166 0.7745353199281543 1748 
401 413 10691 0.06852972460278832 1443 
402 416 11796 0.023919809133293828 1925 
403 416 11915 0.02585962579417178 1215 
404 416 12091 0.4908493853485452 1529 
405 417 12379 0.33688869513526365 2098 
406 417 12007 0.7408119767302104 1484 
407 419 11491 0.2962720722174593 2076 
408 421 10902 0.634352790500899 1362 
409 421 11380 0.045062641387339265 1991 
410 421 10900 0.7103986020984738 1373 
411 425 11679 0.07258200658461154 1145 
412 425 12331 0.5838366110243174 1497 
413 426 10612 0.20717170404067758 1242 
414 426 11767 0.48547161588708154 1915 
415 427 11303 0.2528842522327003 1865 
416 428 10483 0.23517568718477178 1142 
417 428 12149 0.7206812859992026 1792 
418 429 11954 0.1454308942153627 2041 
419 430 12305 0.7454968453847154 1627 
420 430 11324 0.5640302330729849 1830 
421 431 12132 0.3381710346521237 1650 
422 431 12220 0.13261052782483423 1623 
423 431 12115 0.403555076236578 1640 
424 432 10852 0.39507946979252695 1555 
425 433 12188 0.25073158767110104 1504 
426 434 10636 0.320533153802638 2111 
427 435 11214 0.3513496724035234 1198 
428 436 11435 0.2170082686412812 1643 
429 436 10440 0.6881728013996757 1814 
430 437 12371 0.7097178403605439 2038 
431 439 11898 0.3572005729024323 1350 
432 439 11136 0.3422951135195713 1235 
433 442 12309 0.5681864510129773 1851 
434 442 11494 0.5696328015949627 1886 
435 442 12347 0.4764707915879726 1352 
436 444 11985 0.7990511734320173 2129 
437 444 10848 0.5548255879976007 1181 
438 445 12295 0.2840349872041318 2084 
439 446 12164 0.07618382691845428 1537 
440 446 11801 0.5229609793081357 1348 
441 447 12247 0.6773530834623164 1429 
442 448 11661 0.24807937334810218 1719 
443 448 11704 0.6920285737855456 1506 
444 449 12311 0.6385462459782671 1874 
445 450 12108 0.3107534626893152 2009 
446 451 11571 0.4394386162994058 1531 
447 452 10592 0.7888081649151208 1903 
448 454 11971 0.7947003792644246 1895 
449 455 11487 0.782911529021793 1312 
450 455 10739 0.345948183728736 1375 
451 456 12290 0.15376171215664686 1959 
452 456 11301 0.5225918951480106 2025 
453 457 12157 0.6154587640760595 1518 
454 464 11833 0.7506342807689094 2129 
455 464 11539 0.4830234168309166 1293 
456 466 12268 0.6784167458671424 2087 
457 466 12182 0.8062609967148513 2043 
458 468 11562 0.22517470432725542 1839 
459 468 12349 0.6215817638434215 1174 
460 468 10927 0.7745553894566257 1742 
461 469 10517 0.22771360267247373 1393 
462 472 11839 0.4094875715358288 1154 
463 472 11859 0.7459898764476449 1544 
464 473 11694 0.703358072483258 1946 
465 473 11282 0.4815885656593808 1941 
466 476 11507 0.859978975095763 1542 
467 477 12161 0.23096628582448647 1269 
468 481 11544 0.39889801445416195 2117 
469 484 11918 0.28374449355927434 1282 
470 485 12403 0.19577917108978232 1322 
471 486 12264 0.15369046748626647 1147 
472 486 10799 0.38758168739557364 1535 
473 487 11576 0.049444093305397535 2085 
474 487 10740 0.2642970545898388 1192 
475 487 10566 0.6488127309084054 1964 
476 488 11248 0.5577062162406281 1527 
477 488 10614 0.2023532379674103 2085 
478 488 12060 0.7651201411557725 1165 
479 488 10438 0.3689736776419777 2017 
480 489 12180 0.5730996172811355 1830 
481 492 11565 0.33752457776408706 2139 
482 493 11247 0.8066575445243703 1942 
483 496 11927 0.18563688851768154 2063 
484 496 10438 0.8918361602181561 1314 
485 497 10433 0.3274886810191394 1512 
486 499 11153 0.25807918234489263 1461 
487 500 11802 0.5633569674750517 1693 
488 500 10622 0.2258823840213635 1170 
489 500 11075 0.19411154147990223 1285 
490 500 10956 0.42112222157958334 1857 
491 501 10695 0.7524498351677373 2031 
492 502 10688 0.819777725179253 1197 
493 502 11873 0.2735721821967926 1938 
494 502 11924 0.02741457575693977 2086 
495 503 11242 0.20008746832847815 1224 
496 504 10576 0.557689588533512 1260 
497 505 10796 0.8297379908529228 1418 
498 507 10881 0.3832004642209629 1908 
499 507 12276 0.3399783466514125 1859 
500 509 10971 0.3213320950959741 1655 
501 510 12134 0.21175482461259276 1521 
502 512 12368 0.339782507272492 1374 
503 512 11637 0.18345203139275695 2140 
504 513 10733 0.5376620321583769 1539 
505 514 10955 0.5992160763990959 2130 
506 514 11761 0.5473223066211815 2043 
507 515 12319 0.8201233017710345 1795 
508 516 10826 0.3195860021946821 1337 
509 517 12284 0.5469268613676194 1163 
510 518 10745 0.21027874380618464 1841 
511 519 11830 0.7763696253209895 1642 
512 524 12415 0.015004447900214365 2075 
513 525 11256 0.30481935909287233 2106 
514 526 11028 0.25563112703247565 2116 
515 526 10786 0.7061537477259459 1916 
516 527 11259 0.6947967214984634 1259 
517 530 12216 0.7192816680457013 1853 
518 534 11625 0.5075871315987089 1623 
519 534 12326 0.3510723236844051 1718 
520 535 11377 0.8695067702383582 1173 
521 536 11166 0.6312763044217122 2113 
522 536 12422 0.4657701541025577 1287 
523 537 10682 0.6397342901786408 1923 
524 539 10979 0.3423495124090038 2110 
525 539 10856 0.4155467083507564 1835 
526 541 11424 0.13066522090844612 2091 
527 543 12038 0.5230613624588855 1702 
528 545 10779 0.07391504667067593 1887 
529 549 12284 0.5024314404777793 1961 
530 550 12128 0.29830865564770337 1642 
531 551 11305 0.5553013335059743 1586 
532 551 10671 0.15603340642840302 1147 
533 553 11682 0.5021081132016173 2140 
534 555 12078 0.05268406465707324 1193 
535 556 12387 0.15544495573952466 2068 
536 560 12241 0.4100500791954588 1591 
537 560 12071 0.7184940836471096 2084 
538 562 11202 0.19272134387852935 1205 
539 564 11787 0.4585963411750665 1374 
540 566 11855 0.3543224252482258 1893 
541 568 11185 0.15000037794121115 1584 
542 569 12086 0.16111137428679737 2063 
543 573 11539 0.4177937965415444 1201 
544 573 11399 0.517085143630917 1176 
545 574 10505 0.571446756995801 1231 
546 574 11985 0.7964726333833132 1217 
547 574 10505 0.3503205621439423 2049 
548 575 12289 0.1922527163070887 1980 
549 576 10853 0.5855589205090672 1543 
550 577 10506 0.5985781326122477 1172 
551 577 11835 0.5587176347656926 2023 
552 578 11240 0.20051695053810958 1212 
553 581 11370 0.3228394823141554 1842 
554 581 10651 0.09671023250721764 1708 
555 583 12340 0.8969378767229874 2007 
556 583 10457 0.8394509489908382 1492 
557 586 11220 0.5268253873094939 1598 
558 587 11304 0.10861913709752541 1734 
559 587 11016 0.1591693545737794 1339 
560 589 12173 0.5920307281487915 1299 
561 589 10443 0.7921596030541133 1463 
562 589 11509 0.29307900970695205 2055 
563 590 11880 0.32049125498380665 2091 
564 591 11044 0.5788985696806827 1843 
565 592 10539 0.04686748431368873 1294 
566 592 11150 0.39259116952766177 1155 
567 594 11085 0.5224500030453669 1612 
568 596 10622 0.687959961258735 1379 
569 596 10877 0.32691698964261406 1681 
570 599 11775 0.3444032250110219 1485 
571 601 10603 0.7901215580001635 1288 
572 601 10807 0.3066239619920376 1793 
573 602 10914 0.24304650349623744 2041 
574 602 10868 0.8063245688255961 1220 
575 608 11548 0.8032556376431574 1580 
576 608 11881 0.4495512549671143 1357 
577 609 12361 0.49651687715495607 2066 
578 610 10549 0.4108567222558826 1545 
579 611 11489 0.8473987051100327 2120 
580 613 11033 0.23056122338926777 1316 
581 613 11911 0.07099815147473477 1613 
582 613 12079 0.7384447009830786 2052 
583 614 11845 0.844589076593321 1301 
584 614 10718 0.4768424571277937 1651 
585 614 12354 0.42717479869028124 1882 
586 615 10704 0.7820878241799493 1316 
587 616 12041 0.7405764890009943 1866 
588 616 12295 0.3216419568553063 1502 
589 617 11063 0.855494899769811 1816 
590 618 12409 0.8280261811980831 2109 
591 619 11591 0.012330113765964781 1931 
592 620 11767 0.03652713311347604 1646 
593 620 11986 0.7590366980654106 1230 
594 621 11430 0.6845670197052072 2123 
595 623 11147 0.8319759689556723 1455 
596 623 10561 0.15792173021617284 1982 
597 623 12410 0.13877087691832482 1585 
598 624 12389 0.8718601312512676 1260 
599 624 10627 0.827102882234948 1174 
600 625 10693 0.01459098023508747 1230 
601 626 12041 0.683465143975987 1372 
602 627 11374 0.07069757304344924 1194 
603 628 11937 0.24700453623565174 1836 
604 631 11125 0.6709831076154623 1788 
605 631 10500 0.2082221003719946 1402 
606 634 10435 0.04660982482624551 1220 
607 634 11764 0.1513423099977647 1718 
608 637 12350 0.3365461442163447 1511 
609 638 11156 0.08650190747944488 1405 
610 638 11717 0.4006521547438711 1224 
611 639 11488 0.884406041344854 1463 
612 640 11129 0.4580302266128473 1233 
613 640 11696 0.13477496240918813 1329 
614 641 11249 0.21709699688582967 1867 
615 641 10921 0.6892720979930029 1464 
616 641 12399 0.09291575744330359 1723 
617 642 10597 0.6875997995192668 1155 
618 642 11891 0.23522440046453602 2114 
619 644 11110 0.46402505859821563 1296 
620 644 11812 0.8811034205570605 1593 
621 645 10959 0.52071088855008 1278 
622 647 11337 0.5274736740166278 1571 
623 649 12349 0.883317910267037 1369 
624 649 11252 0.5550340892675502 1161 
625 650 10469 0.15023691303001918 1358 
626 653 10566 0.49340463349094815 1552 
627 654 10822 0.8092750376178272 1953 
628 654 11352 0.4718914174872163 1888 
629 654 12165 0.21634221141617624 1627 
630 655 11335 0.8396924718777805 1930 
631 659 11646 0.25612742083708406 1233 
632 659 11558 0.7908905488437996 1185 
633 659 10755 0.1875317808355128 1333 
634 661 10948 0.0524768917798196 1700 
635 661 12141 0.7018165040844206 1436 
636 661 11336 0.22223121775635318 1907 
637 664 11857 0.3139946722141131 1201 
638 665 12187 0.5982757909917509 1838 
639 665 11231 0.6224163236137294 1490 
640 666 12230 0.15534207077613338 1364 
641 667 11893 0.11523411917873193 2126 
642 667 12289 0.4606768413620698 1145 
643 668 10673 0.34955988068327487 1968 
644 670 10434 0.6692841062279512 2101 
645 671 11384 0.48803659546410866 1779 
646 672 11239 0.7501259646897808 1840 
647 675 10548 0.04566695447066453 1246 
648 675 11461 0.8765336182699408 2140 
649 681 11283 0.2072194748282272 1325 
650 681 11897 0.8771571178959585 1364 
651 681 11807 0.4701768405117839 1974 
652 685 12242 0.28528056143117886 1693 
653 686 11346 0.7013751725621757 2037 
654 688 10992 0.27176519445169833 2009 
655 689 10887 0.5809743201715466 1610 
656 689 11386 0.4589649293742771 1231 
657 691 11037 0.7831053225769908 1790 
658 691 11627 0.6457145796213839 1322 
659 692 11139 0.2332211155395321 1923 
660 693 12030 0.2685994442232121 1626 
661 693 11897 0.23562387567539597 1264 
662 693 10430 0.28598485404436735 1383 
663 693 11500 0.7080842149568828 1803 
664 694 10493 0.047584027367097 1919 
665 696 10754 0.7847008402460278 1852 
666 696 11149 0.5143413452291377 1731 
667 697 11397 0.3710506946465547 1891 
668 698 10965 0.43139571434423 1764 
669 698 10682 0.13175281277359333 2062 
670 699 12216 0.6097167616509119 1871 
671 699 12257 0.04505201647522488 1289 
672 702 11153 0.31752484846178713 1504 
673 703 11241 0.1869165557394012 1715 
674 703 10913 0.04360935095998519 2000 
675 705 11426 0.3000988238319168 1317 
676 705 11827 0.7550007384843987 1410 
677 706 11262 0.358630843048516 1906 
678 706 10988 0.5335170530524513 1234 
679 707 11340 0.5873946995747703 2109 
680 708 10489 0.3855819591381363 1393 
681 709 12047 0.4101982451511918 1523 
682 709 12403 0.23841463179048722 1608 
683 710 11402 0.8616692227301803 1899 
684 710 11971 0.27527882624965583 2051 
685 713 12034 0.5036598604404755 1562 
686 713 10930 0.8460643373213299 1601 
687 713 11025 0.616045193875466 2114 
688 714 11294 0.7551260730919923 2030 
689 715 11602 0.3576460517458022 1807 
690 715 11745 0.5766624488740821 1724 
691 716 11079 0.8591006303631977 2035 
692 719 11623 0.48994916110450126 1381 
693 720 11756 0.8670651318586933 1552 
694 720 12031 0.11624585239177236 1812 
695 721 11617 0.39654995780714636 1792 
696 722 11441 0.4538592831105739 2133 
697 723 10921 0.11726707142254811 1255 
698 724 11170 0.3842185358422319 1381 
699 725 11165 0.6751327625694725 1859 
700 726 11648 0.2581375214474863 1184 
701 726 10696 0.7565469652386455 2011 
702 729 11223 0.3072534572140664 1360 
703 729 12151 0.8929828095699992 1215 
704 730 10634 0.8134002304120654 1619 
705 730 12249 0.29513781274432876 1352 
706 732 11079 0.09956505584082699 1201 
707 732 12121 0.5128303385130667 2076 
708 733 10770 0.208073406983162 1852 
709 735 12393 0.40196278749673237 1308 
710 735 10696 0.3239989856418303 1444 
711 735 10956 0.8388981000401907 1828 
712 735 12037 0.5760674142931967 1406 
713 736 12375 0.3321943128446684 1825 
714 739 10502 0.17911729735744858 1273 
715 740 10554 0.5297918547156218 2059 
716 740 11595 0.4414365048198282 1974 
717 740 12018 0.6729298173991313 1646 
718 742 10817 0.7971324269790213 1810 
719 743 10851 0.6641665058132954 2056 
720 744 10945 0.5958771280456948 1476 
721 745 11859 0.14361044965489103 1972 
722 746 10572 0.359760649865638 1147 
723 747 10619 0.7998107319526812 2052 
724 749 11610 0.6908213497684108 1768 
725 750 10456 0.6016168304706605 1882 
726 750 12270 0.016036711385022596 1360 
727 751 10543 0.59921204140462 1403 
728 753 10962 0.5344426680335619 1220 
729 754 10801 0.8021710881436147 1994 
730 754 11550 0.7826246543330547 2002 
731 754 10799 0.42989728363255114 2025 
732 755 11454 0.17098033684550623 2102 
733 755 11617 0.2850546398348627 1871 
734 757 11021 0.7954897790394683 1315 
735 759 11110 0.1189200209273898 1557 
736 759 11930 0.4389651576059345 2133 
737 759 12181 0.5961390745716114 2074 
738 759 11147 0.6787494057494886 1622 
739 760 10905 0.13669022001337638 1239 
740 761 10558 0.08719566391502653 1900 
741 761 11892 0.10609470750335048 1366 
742 761 11783 0.6564988259554254 1234 
743 764 10459 0.26394765202018805 1796 
744 764 11141 0.46957951270663356 1730 
745 764 10740 0.10903045246667402 1800 
746 767 12342 0.43383262197189454 1699 
747 768 11445 0.7372113387466762 2027 
748 769 10924 0.8886405974353533 2115 
749 770 12082 0.21767333057337 1243 
750 773 10783 0.8563743386179808 1646 
751 773 12151 0.15238981344205413 1188 
752 774 10972 0.1089158479136254 1869 
753 775 11811 0.8844044957491054 1390 
754 776 11844 0.7579460349543606 1727 
755 777 12372 0.5551452965317695 1739 
756 777 12394 0.43409085045104945 1702 
757 777 11188 0.578549079941468 1753 
758 778 11565 0.5649620947988042 1738 
759 779 10698 0.015299564633707415 1493 
760 779 12201 0.835813312902395 1929 
761 779 12076 0.23187073102531108 1800 
762 779 11751 0.5563072431585148 1610 
763 779 12034 0.12147661476353393 1527 
764 782 10818 0.16877155434329136 1236 
765 783 11659 0.3137861558723439 2057 
766 787 11073 0.11637062295562012 1648 
767 789 12033 0.06295823682225443 2117 
768 789 11994 0.45607215446129684 1435 
769 789 12181 0.2863828946436424 1882 
770 789 11304 0.8659538463755204 1688 
771 790 11741 0.6637961996382482 1421 
772 790 10578 0.3540378129575595 1218 
773 792 11197 0.4856374166765944 1236 
774 794 10429 0.5925459759273936 1632 
775 795 11455 0.16554844955918943 1489 
776 797 11544 0.7293384468784502 1209 
777 799 11123 0.5465940623993113 1690 
778 799 12101 0.41638840569562185 1977 
779 800 11137 0.7951226511869737 1617 
780 800 10910 0.7005023253218513 1241 
781 800 11663 0.13017294621087203 1311 
782 802 10613 0.37997550223596066 2117 
783 803 11241 0.6250241422707434 2059 
784 803 11652 0.8096310476656963 1507 
785 804 10775 0.7275165985962098 1374 
786 805 11856 0.22941406712420984 1513 
787 808 11891 0.822639152566298 1666 
788 808 10835 0.6091472202694939 1609 
789 810 11876 0.7707651594210685 1981 
790 812 11964 0.09398589277258207 2049 
791 812 12059 0.34262033022773614 2004 
792 814 12101 0.3899350452816762 1374 
793 814 11984 0.06362744916968069 1609 
794 815 11237 0.8444769418127754 2089 
795 815 12359 0.4170306450735196 2033 
796 815 10846 0.27657087955998283 1691 
797 817 11035 0.304497268975753 1880 
798 817 11238 0.0285736146702582 1764 
799 819 12374 0.7649352687557462 1447 
800 823 11111 0.4740964112552811 1269 
801 823 10473 0.6211997016086277 1542 
802 824 10704 0.8091278771369557 1323 
803 824 10781 0.02339270742505649 2036 
804 824 10914 0.10147865375082722 1939 
805 824 11390 0.7133871037782914 2078 
806 827 11157 0.48926187143952105 1874 
807 829 10548 0.700041271028217 1304 
808 830 10785 0.6898588521257264 1506 
809 830 12344 0.40673509716656814 1239 
810 832 11401 0.07231133060818057 2076 
811 833 11951 0.465695287835628 1921 
812 834 11889 0.8169277235420354 1301 
813 837 12134 0.7404918236244286 1834 
814 838 11090 0.45409693490439534 1433 
815 838 12375 0.8464330634749894 1559 
816 839 10908 0.6674686314704025 2038 
817 841 12344 0.8384718327567277 1231 
818 841 12106 0.3466234663609955 1472 
819 842 10846 0.20731778570586626 1346 
820 842 11846 0.022384860758837874 1429 
821 847 12150 0.33522590258004087 1598 
822 849 11114 0.7494254426446303 1375 
823 850 11659 0.37963089487210394 1677 
824 851 12396 0.06495256599308008 1539 
825 851 10715 0.8620725515479761 1952 
826 852 10762 0.16778007276310264 2120 
827 854 11189 0.5703219234557396 1457 
828 854 12243 0.07585924250353726 1961 
829 854 11281 0.5992609525532399 1673 
830 855 11467 0.7403394975220772 1429 
831 858 10433 0.8587531482077754 1885 
832 859 12007 0.5604610195296197 1479 
833 859 10893 0.2674564628769407 2016 
834 860 11134 0.47813511367167066 2040 
835 860 11380 0.5144563669768326 1821 
836 860 11659 0.7170279353014617 1711 
837 863 11723 0.21177967052100777 2040 
838 864 11277 0.36799091173135356 1805 
839 864 11333 0.5779465749840038 1411 
840 864 12397 0.3483960678733083 1743 
841 866 11836 0.7602538142804987 1345 
842 868 11761 0.07765594887723122 1820 
843 869 11823 0.5125139292605483 1260 
844 873 11684 0.5099629980691949 1830 
845 874 11499 0.0519380982009619 2110 
846 874 11340 0.18335001636354253 1201 
847 875 11459 0.1949738908133373 1649 
848 877 10484 0.1072739614367208 1998 
849 879 11608 0.1633023853211608 1728 
850 881 11223 0.1782488796408702 1809 
851 881 11776 0.7905361223310792 1200 
852 881 11673 0.34619031003987666 1817 
853 881 10800 0.6977046760272462 1960 
854 882 11349 0.7742137949813255 1940 
855 885 12073 0.15242850639870023 1364 
856 886 10731 0.5119790261783304 2002 
857 890 11819 0.7377461703275299 1921 
858 895 11417 0.6554526581036864 2057 
859 896 11523 0.18637023119692112 2139 
860 896 11579 0.7103901994300509 1394 
861 897 10546 0.10232068107813798 1932 
862 897 10918 0.02283633774903563 1667 
863 897 10614 0.36873385007737663 1551 
864 898 11812 0.812502795609656 1787 
865 898 11357 0.7399775913122193 2117 
866 900 11682 0.5705900185411157 2121 
867 900 11215 0.15486895411761675 1281 
868 901 11849 0.6470276809458472 1802 
869 901 11478 0.37291922580948184 1827 
870 902 10515 0.8047982189156807 2072 
871 903 11201 0.17406800124326022 1935 
872 905 10993 0.29061738559458045 1574 
873 906 11474 0.07161704621795027 1355 
874 906 11490 0.4284735046254795 1803 
875 906 12023 0.5794865365126596 1899 
876 907 12293 0.5157192695284389 1200 
877 908 11576 0.19052363325207666 1349 
878 909 10716 0.603510382637316 1437 
879 911 11955 0.14944926016675636 1438 
880 911 11940 0.08587494342290987 1471 
881 915 11221 0.6799807790949141 1835 
882 915 12073 0.48919632923637646 2082 
883 915 10858 0.7043383791747821 1972 
884 915 10573 0.018673300615911218 2126 
885 916 11247 0.12328211894989073 1504 
886 916 11042 0.1143666566038697 1826 
887 918 11833 0.22761944663821992 1409 
888 919 11320 0.04512680825670359 1396 
889 919 11920 0.3740863184029293 1510 
890 920 10516 0.44319589060092396 1610 
891 920 11438 0.2973776780256471 1250 
892 923 11084 0.43945643079047764 1936 
893 923 10768 0.17976802202287015 2128 
894 923 11293 0.566597561121472 1967 
895 924 11575 0.7227295467305215 1296 
896 926 12079 0.40775550939831456 1946 
897 926 11655 0.10850899071908451 1611 
898 928 11332 0.4991900057811118 1336 
899 929 11015 0.2923872523050196 1284 
900 930 12088 0.3568666963560244 1243 
901 931 11093 0.1836866209313665 1781 
902 931 11472 0.413361323009178 1427 
903 931 12245 0.594098737942126 1422 
904 933 11516 0.1756804180426903 1833 
905 934 12255 0.028654004855656015 1520 
906 934 10436 0.01084926359021209 2018 
907 935 11062 0.4017890876190171 1332 
908 935 11917 0.5317764135612858 1281 
909 935 11641 0.5192253528927533 2017 
910 935 11160 0.7938808740588423 1208 
911 936 11238 0.12368898000892474 1943 
912 936 10974 0.49120966889158185 1298 
913 936 11500 0.7761358952126831 1864 
914 937 12379 0.24014996060485944 1922 
915 938 11885 0.28222507476671677 1558 
916 939 10833 0.7879765775785991 1778 
917 942 10774 0.18151828111652019 1243 
918 943 10797 0.6793198739916502 1967 
919 944 12171 0.4482966048256347 1892 
920 946 11370 0.7367481684535019 1656 
921 946 10577 0.021454296065323966 1462 
922 947 10487 0.37851077928780374 1559 
923 947 11613 0.8670701527845356 1395 
924 947 12115 0.01971323843420439 1193 
925 948 11691 0.8674084636720655 1480 
926 949 12190 0.10174790932966103 1229 
927 949 12275 0.5825921545225083 1244 
928 950 11060 0.015858332800958795 1279 
929 951 12186 0.8027830947900352 1474 
930 953 12366 0.10965601952958842 1476 
931 953 12206 0.7241792704625459 1482 
932 954 12213 0.7930633339633911 1789 
933 955 10834 0.8493970303899105 1607 
934 956 12320 0.6267834396820446 2102 
935 956 12187 0.6213821523043247 1515 
936 957 11683 0.7944433139459933 1651 
937 958 10701 0.16041072506853016 1517 
938 962 11055 0.04099723031057254 1473 
939 962 11018 0.13072566850863843 1360 
940 962 11168 0.020027349756483473 2021 
941 963 11650 0.31962833115068906 1324 
942 964 10901 0.11056125923040805 1280 
943 965 11210 0.7224343478062427 1146 
944 968 11304 0.2990377820822448 1325 
945 968 11155 0.4040279215541267 1543 
946 968 10708 0.41585022381804315 2068 
947 968 11454 0.6950416411152316 1925 
948 969 11777 0.5817257814549597 1969 
949 973 11510 0.788361437553147 1142 
950 973 11796 0.8172673861780265 1407 
951 973 11058 0.633657500192198 1600 
952 974 10487 0.6889850352963108 1466 
953 975 11792 0.05514704319989281 2017 
954 975 10553 0.732831296554722 1575 
955 976 11033 0.13264170177500656 2047 
956 979 12067 0.25583631879268276 1333 
957 979 12296 0.6119817616157109 2044 
958 982 12100 0.10117272288638923 1286 
959 984 11021 0.7168277664923257 2092 
960 985 12083 0.19496377948837829 1279 
961 985 11186 0.08897037324148528 1720 
962 987 10548 0.04650854991248964 1638 
963 987 11614 0.49392889290022607 2078 
964 988 11228 0.520823896162303 1348 
965 989 11931 0.6215204029780589 1284 
966 989 11996 0.8300852588215705 1737 
967 990 10485 0.7304129878533037 1980 
968 994 10940 0.08242365445155206 1864 
969 995 11344 0.8922185807568023 1407 
970 995 11682 0.40984101896114206 1564 
971 997 11109 0.3652979221714727 1948 
972 997 10875 0.557055580681929 1345 
973 998 12118 0.854602553373752 2026 
974 998 11062 0.32941100549796876 1308 
975 999 10649 0.846452117505726 1737 
976 999 10940 0.08033253268283115 1778 
977 1000 11712 0.5256589518395496 2042 
978 1001 11328 0.3553045378185619 1610 
979 1003 12309 0.44580406182783283 2003 
980 1003 10650 0.10861247539264847 1688 
981 1005 12248 0.8099598294338739 1849 
982 1006 11471 0.5806564539333559 1845 
983 1007 11398 0.4363866047261118 1199 
984 1008 12201 0.7321677321301882 1659 
985 1010 10958 0.5700977465326299 1496 
986 1010 11056 0.08140929971314842 1713 
987 1012 11264 0.7618815727912809 1597 
988 1013 12380 0.5600377617681909 2114 
989 1013 10510 0.0682843814804311 1278 
990 1013 10505 0.7850475454182618 2105 
991 1014 11495 0.12119632969096268 1684 
992 1014 12316 0.19175238682451137 1632 
993 1014 11637 0.859250709869189 1777 
994 1015 12339 0.6924421674139071 1938 
995 1015 10456 0.3664060364630342 2131 
996 1015 11235 0.19679258823583515 1849 
997 1016 11316 0.30845843551592583 1992 
998 1018 12277 0.8152112545616593 1853 
999 1019 10954 0.5435174346271777 1242 
1000 1020 12179 0.17383687404906048 1912 
1001 1021 11659 0.5911997928235764 1603 
1002 1021 11430 0.49066942629643895 1927 
1003 1023 11844 0.7327227321312062 1366 
1004 1023 11643 0.8636980939923695 1386 
1005 1025 10949 0.5271063612951183 1412 
1006 1025 11053 0.43266977540573565 2074 
1007 1026 10802 0.7071847943264029 1360 
1008 1027 10440 0.4902724686894419 1851 
1009 1028 11267 0.055110655751654525 2101 
1010 1031 12152 0.051214605381345917 1310 
1011 1031 12035 0.40882712272878247 1655 
1012 1033 10432 0.5724408392370925 1496 
1013 1034 11272 0.883917980520809 1894 
1014 1034 10991 0.8086545937578293 2061 
1015 1035 12366 0.8655546837717585 1764 
1016 1036 11215 0.2259914222264426 2057 
1017 1037 12362 0.6433777043637817 1379 
1018 1038 12355 0.41187910531411537 1897 
1019 1038 12098 0.4801346900635759 1495 
1020 1038 11069 0.541850631539975 1819 
1021 1039 10895 0.19664273851562578 1176 
1022 1039 11367 0.4870369765060027 2102 
1023 1044 10545 0.8512747801182344 2081 
1024 1044 11567 0.1644198022939758 1387 
1025 1045 12354 0.10170705062618587 2072 
1026 1046 12335 0.753679660256515 1543 
1027 1047 12095 0.896843795595355 1308 
1028 1048 12276 0.7318019307774255 1496 
1029 1049 12212 0.7828499533851524 1387 
1030 1049 10590 0.3985885166946109 1851 
1031 1050 11383 0.6176380021022372 1280 
1032 1050 12249 0.347101465549351 1366 
1033 1051 12283 0.0146081635159675 1595 
1034 1051 11130 0.6914784414574947 1814 
1035 1052 11997 0.13567792188220934 1862 
1036 1052 11127 0.5753092955825463 1980 
1037 1053 12186 0.4961947253801667 1365 
1038 1054 12086 0.018977973743627446 1951 
1039 1054 11797 0.4555107700166048 1802 
1040 1054 11624 0.624810008171872 1369 
1041 1056 10828 0.13030069211468193 1415 
1042 1056 12130 0.6785014020219702 1647 
1043 1056 10584 0.8163233737164786 1261 
1044 1059 11269 0.6605329191700154 1737 
1045 1060 11850 0.8341923832935472 1370 
1046 1060 10482 0.06800864590206351 1158 
1047 1061 10623 0.8009463562614493 1381 
1048 1061 12117 0.6301107888974927 2124 
1049 1063 11440 0.45977688610018513 1415 
1050 1065 10572 0.15267770464048305 1757 
1051 1065 12191 0.5107399108717222 2035 
1052 1066 11999 0.8393715905359038 1498 
1053 1067 11464 0.8999637239645105 1605 
1054 1068 12306 0.812608015872565 1685 
1055 1068 11913 0.25333012859285986 1174 
1056 1071 12024 0.5839268496403764 1617 
1057 1072 12198 0.8567940043302703 1930 
1058 1076 12317 0.7436483892608293 1752 
1059 1081 11989 0.6948444075701115 1141 
1060 1082 11926 0.8784579734940628 1614 
1061 1082 11758 0.15355332017618864 1989 
1062 1082 10710 0.2287304480412999 1934 
1063 1083 12016 0.30083346116426524 1170 
1064 1083 11851 0.7855695763666691 1448 
1065 1085 11055 0.3851976354456063 1317 
1066 1086 11203 0.20503169377536945 1969 
1067 1086 11329 0.849334561188276 1535 
1068 1089 11120 0.7663039784283409 1923 
1069 1089 10445 0.7703325911500739 2112 
1070 1089 10786 0.07882555904160844 1500 
1071 1090 10710 0.6512895517996641 1412 
1072 1090 11496 0.24793918566776288 1976 
1073 1091 12243 0.12456139116172676 2062 
1074 1092 10575 0.40060062209220415 1160 
1075 1092 11676 0.2971664700423541 1475 
1076 1094 10435 0.5189697280155937 1833 
1077 1095 11450 0.7206826826746139 1545 
1078 1096 10856 0.06469286436001247 1534 
1079 1096 11563 0.49653589657184943 1994 
1080 1098 10681 0.5311449662805914 2140 
1081 1099 11356 0.06077377656266245 1274 
1082 1101 12028 0.3307099558426824 1462 
1083 1101 12269 0.5666945255798415 1394 
1084 1101 10848 0.2999491944629794 1337 
1085 1103 11852 0.14985495889791994 2135 
1086 1104 11658 0.20286537732316393 1194 
1087 1104 11957 0.44282477492573324 2102 
1088 1105 12139 0.5588969509842623 1461 
1089 1110 11322 0.38706131810314964 1278 
1090 1110 10858 0.6695191856275341 2035 
1091 1110 11720 0.11433040194911558 2094 
1092 1112 10744 0.8929504235618003 1342 
1093 1112 11693 0.8839373892890159 1228 
1094 1115 10791 0.7119891665862638 1659 
1095 1116 10768 0.3054425905277741 1141 
1096 1117 11046 0.22409762110870943 2121 
1097 1118 11147 0.047628405301942206 1328 
1098 1119 10600 0.054020718257925295 1696 
1099 1120 11380 0.2847371743408623 1986 
1100 1120 12004 0.6314825072460327 1773 
1101 1120 10981 0.5018285014398794 1652 
1102 1120 11098 0.42513902100179213 1822 
1103 1121 12397 0.5862697061940267 1989 
1104 1123 11246 0.8545185562208834 1444 
1105 1123 12249 0.27035695823082007 1820 
1106 1125 11528 0.5371332095392264 1881 
1107 1125 10839 0.2481507861880481 1526 
1108 1126 12403 0.7057362935519472 1969 
1109 1126 12117 0.4318735374524774 1418 
1110 1130 10649 0.32301571253539396 1241 
1111 1130 10689 0.4200497888321707 2134 
1112 1130 12040 0.061039994900249715 1484 
1113 1130 11455 0.8967189147346691 1323 
1114 1130 11425 0.02692195763774268 1312 
1115 1131 11366 0.2599461364408804 1518 
1116 1131 12174 0.6441643289069822 2105 
1117 1131 11595 0.047761446995431486 1562 
1118 1132 11339 0.7973302555543516 1757 
1119 1132 11490 0.7864994070409308 1612 
1120 1134 11705 0.14480010564058612 1917 
1121 1134 11672 0.7647808419150396 1643 
1122 1134 11683 0.597196124526565 1932 
1123 1135 10894 0.33516123787820373 1740 
1124 1135 11882 0.5808055227483635 1535 
1125 1138 11098 0.7925008215029447 1949 
1126 1138 12002 0.3490944522633728 1228 
1127 1139 12249 0.855447562984817 1917 
1128 1139 11119 0.7534312348039185 1982 
1129 1140 10623 0.010476546804365692 1746 
1130 1141 11764 0.14094236423625783 1690 
1131 1141 11452 0.5702123268697235 2073 
1132 1143 10552 0.879588491716223 1971 
1133 1143 11456 0.714960899789799 1211 
1134 1144 11687 0.6043221649888878 1807 
1135 1146 12377 0.707168723952994 1881 
1136 1147 11914 0.8102531531630461 1235 
1137 1149 11917 0.8077530604503591 2135 
1138 1150 11711 0.14497828910838098 2105 
1139 1150 11925 0.5228521733754679 1349 
1140 1150 11457 0.6832528811627708 2109 
1141 1154 12133 0.570104926916178 1951 
1142 1155 10438 0.5673279044924231 1912 
1143 1156 11993 0.6419969077545673 1304 
1144 1158 10445 0.7658254415616755 2084 
1145 1158 11073 0.6617054542946069 2000 
1146 1161 11564 0.8789966425230015 1398 
1147 1161 10978 0.6754703008201929 1813 
1148 1161 10516 0.01851035188246087 1170 
1149 1162 10815 0.8391684163640103 1174 
1150 1162 10620 0.7180289696699307 1202 
1151 1162 10648 0.5992105041948744 1874 
1152 1162 10514 0.48489885233685937 1211 
1153 1164 10562 0.2624359834972506 1306 
1154 1168 11685 0.3346784294622969 1350 
1155 1169 11382 0.12593860863090045 1360 
1156 1173 11051 0.3631032669075453 1241 
1157 1174 11583 0.6503664612728607 1478 
1158 1175 11120 0.8722426589896302 2000 
1159 1176 10542 0.40560310415246603 1326 
1160 1178 10848 0.42798948007196425 1994 
1161 1181 12002 0.03242917713376866 1632 
1162 1181 10609 0.6374095715710769 1767 
1163 1182 11874 0.3457006392807979 2122 
1164 1185 11049 0.7091291333109304 1242 
1165 1185 10482 0.48604110404331397 1645 
1166 1187 12296 0.5604941262312931 1784 
1167 1187 10590 0.49861401994532084 1472 
1168 1189 10586 0.6378817507231938 2089 
1169 1190 11160 0.7256868435488627 1882 
1170 1191 11440 0.39811410047442375 1743 
1171 1191 11698 0.5814177497143103 1363 
1172 1193 12175 0.5267449096134555 1712 
1173 1194 11362 0.2321875906288586 1905 
1174 1196 11065 0.12013202736306836 1971 
1175 1200 11139 0.7941009791683795 1713 
1176 1202 11978 0.7788611248372859 1187 
1177 1203 11620 0.7136171245629466 1336 
1178 1203 12158 0.09248843670009857 1187 
1179 1204 11518 0.6091318937844319 1634 
1180 1205 11792 0.6514961692025965 1243 
1181 1207 10527 0.8214566148785671 2082 
1182 1210 11072 0.7401998877862167 1146 
1183 1212 11796 0.8377366487668768 2090 
1184 1212 11294 0.634888194549321 1394 
1185 1213 11684 0.6421590799838596 2030 
1186 1213 11130 0.3398249381095395 1727 
1187 1215 11980 0.7347488665254507 1310 
1188 1215 12297 0.7870221239173583 1443 
1189 1219 11485 0.2521443490411536 1951 
1190 1219 11056 0.6866645824123372 1732 
1191 1219 11552 0.2541193145832735 1383 
1192 1219 11064 0.8427811945613728 1768 
1193 1220 11686 0.6241376940738852 1321 
1194 1222 11873 0.8525636265630487 1306 
1195 1222 11352 0.07888003926095678 1557 
1196 1223 10999 0.5910345044706947 1361 
1197 1223 11965 0.32488580498631353 2137 
1198 1224 10930 0.6357225624955383 1843 
1199 1224 11458 0.4113977298528211 1693 
1200 1225 12090 0.03559644135740426 1846 
1201 1225 11754 0.029119598123559708 1213 
1202 1225 10502 0.019422368388612457 1317 
1203 1225 10925 0.40992490095802026 1765 
1204 1225 11080 0.38773371836496373 1721 
1205 1226 11781 0.13242030335840121 1905 
1206 1228 10644 0.13505446034288893 1286 
1207 1229 12104 0.7094915187615013 1318 
1208 1229 12061 0.4325917436008633 1232 
1209 1229 12205 0.1325974312570554 2083 
1210 1230 11635 0.7929622327626505 1293 
1211 1231 11059 0.7138512774419734 1411 
1212 1233 11585 0.4478347680592195 1380 
1213 1237 10947 0.2970851290123628 1933 
1214 1238 11592 0.596892219039058 1831 
1215 1240 10890 0.14827270462299297 1286 
1216 1240 11431 0.14339579845531195 1385 
1217 1240 11550 0.578327316384184 2100 
1218 1240 11084 0.7799471722982957 1892 
1219 1242 11458 0.6668433656564436 1172 
1220 1243 10457 0.8535607446234564 1707 
1221 1244 12097 0.48049009304108226 1585 
1222 1246 10726 0.7610338409810347 1549 
1223 1247 11293 0.6747727550605429 2004 
1224 1248 11493 0.08076869509690002 1876 
1225 1253 10465 0.21149612440550564 1555 
1226 1254 11905 0.6867473467439871 1182 
1227 1254 12356 0.09081339505093655 1313 
1228 1255 10915 0.3609341812623755 1516 
1229 1256 10590 0.13162572475403803 1463 
1230 1256 10772 0.17312749718426337 1697 
1231 1256 12220 0.4711894716461812 1155 
1232 1256 11980 0.5295966825666595 1538 
1233 1258 12128 0.03500107581618356 1147 
1234 1258 11921 0.7405553742406417 1802 
1235 1258 10958 0.16203255543533274 2056 
1236 1258 11981 0.04514746386336591 1777 
1237 1261 11853 0.6725447458647964 1142 
1238 1261 10557 0.8720840234340818 1365 
1239 1262 11681 0.2527454777096911 1260 
1240 1263 11019 0.7383048124443858 1690 
1241 1263 11146 0.43427847295281163 1994 
1242 1265 11716 0.6677722698345374 1869 
1243 1266 11670 0.4955019173473189 1263 
1244 1267 12284 0.08714923984174015 1574 
1245 1270 11184 0.166819645234897 1213 
1246 1272 12366 0.10069830111836246 2010 
1247 1272 11063 0.5192880443213764 1456 
1248 1275 11728 0.5072105430138754 1375 
1249 1275 11565 0.80707503821651 1336 
1250 1277 10814 0.29187016465981164 1815 
1251 1282 10639 0.5565961063251798 1475 
1252 1282 12181 0.6747926520986524 1796 
1253 1283 10482 0.05530272362484101 1639 
1254 1283 11826 0.7283977827340056 1157 
1255 1283 12193 0.7161988299925759 2094 
1256 1284 10563 0.8339903076118376 1184 
1257 1284 10934 0.24553600011878532 1175 
1258 1285 12047 0.22781858718268425 1485 
1259 1285 11451 0.5849913449074915 1242 
1260 1285 10651 0.4070627317698163 1240 
1261 1287 12159 0.03496423249787528 1201 
1262 1288 11107 0.878898726418018 1295 
1263 1289 12018 0.05140062191110934 1830 
1264 1290 10528 0.3209654749805075 2137 
1265 1291 11272 0.19366798084697695 1683 
1266 1292 11640 0.1783194778207921 1260 
1267 1293 10530 0.061877640703857435 1206 
1268 1293 12227 0.8154880154809251 1153 
1269 1293 11509 0.33822763737276507 1277 
1270 1296 10733 0.3062815568117521 1195 
1271 1300 12109 0.045890748638652765 1608 
1272 1302 11951 0.20597960017966074 1769 
1273 1302 11240 0.6265579132888229 2086 
1274 1304 11181 0.04046026518616532 1707 
1275 1305 12299 0.8388083407753285 1386 
1276 1305 11664 0.5830654102778198 1768 
1277 1305 11069 0.5081959680099024 1763 
1278 1306 11641 0.815270007308166 1219 
1279 1310 10796 0.5349317999755288 2046 
1280 1311 11081 0.504529056914665 1309 
1281 1312 12386 0.3966637963671777 1722 
1282 1314 12128 0.6433444556607145 1394 
1283 1318 11409 0.5599573788990673 1678 
1284 1318 10628 0.40507001708382745 1442 
1285 1318 10594 0.3583754683678784 2131 
1286 1320 10481 0.866921242950587 1173 
1287 1323 10602 0.5149972554294818 1691 
1288 1325 12341 0.3372125566266278 1180 
1289 1326 12378 0.6428027553525513 1545 
1290 1329 11743 0.46251998397255206 1770 
1291 1330 11745 0.7604685446561579 1147 
1292 1330 12372 0.5183130966294335 1734 
1293 1332 10663 0.6194696433185107 1878 
1294 1332 12249 0.36065787308500913 1849 
1295 1333 12058 0.7477681039040853 2122 
1296 1333 10945 0.018599384850889255 1928 
1297 1333 11065 0.06420196006199042 1919 
1298 1333 10539 0.34575297777365666 1370 
1299 1334 10722 0.8445824027054468 1807 
1300 1335 10892 0.18065987364912528 1729 
1301 1336 11799 0.26276024487190835 1333 
1302 1337 12125 0.5632338346625003 1940 
1303 1337 11103 0.6462472984512645 1377 
1304 1341 11655 0.6528947786119877 1228 
1305 1341 11291 0.4749422093328356 1663 
1306 1343 11508 0.13028845546546028 1797 
1307 1344 10955 0.02208210582452637 1214 
1308 1345 10476 0.3823154847691437 1682 
1309 1345 12127 0.6222971802071576 1292 
1310 1347 10749 0.3341943093474376 1743 
1311 1349 11714 0.5810946178277893 1204 
1312 1352 11171 0.6628126901425923 1400 
1313 1352 12393 0.04908803604354972 1289 
1314 1353 11932 0.1307028430464008 2127 
1315 1353 11352 0.45259404373115314 1490 
1316 1354 10859 0.6834949932127873 1235 
1317 1354 10712 0.747590155775243 1143 
1318 1355 10435 0.8252794927447683 1399 
1319 1356 11346 0.7749436562544276 1219 
1320 1356 11566 0.6758493273440784 1365 
1321 1356 10496 0.08638687226411763 1864 
1322 1357 11795 0.5131200654620368 2128 
1323 1359 11004 0.015737008360458004 1445 
1324 1359 12327 0.3014853490388057 1686 
1325 1361 12377 0.20933867000965656 2023 
1326 1364 11821 0.8421661624319365 1779 
1327 1364 11117 0.14398362684092647 1421 
1328 1365 11710 0.3518958209809747 1196 
1329 1368 12327 0.22324076372968638 1814 
1330 1370 12088 0.5079821032820029 1271 
1331 1370 11121 0.25963782173346095 1874 
1332 1371 12368 0.3220869508200595 1760 
1333 1372 12399 0.23996775910673532 1671 
1334 1372 12417 0.5570448387160284 1725 
1335 1374 10779 0.0561662592344633 1768 
1336 1374 11024 0.45487567764004855 1571 
1337 1375 10683 0.4694212050628862 1562 
1338 1375 11394 0.5799645715972754 2082 
1339 1375 11417 0.026212008518066217 1240 
1340 1376 12245 0.018464973270160997 2097 
1341 1376 10863 0.882255866414989 1380 
1342 1376 11610 0.21252421967506555 1405 
1343 1377 11558 0.26769873595670746 1342 
1344 1377 11647 0.6070076344319071 2036 
1345 1378 10974 0.511926593484218 1601 
1346 1378 11800 0.44205563665320646 1831 
1347 1378 11025 0.8096968315899626 1379 
1348 1380 10453 0.6240382289247479 1730 
1349 1381 12367 0.7385667352341025 2049 
1350 1383 11880 0.28918943951587905 1883 
1351 1385 12260 0.7779656044382912 1610 
1352 1386 11886 0.5642825842557174 1631 
1353 1387 11912 0.8299311651743045 1684 
1354 1388 12180 0.6981164843808858 1556 
1355 1389 10552 0.13438966071691222 1980 
1356 1390 11300 0.6537872845397542 1448 
1357 1390 12427 0.1530536573259466 2029 
1358 1391 11398 0.8275182961671614 2079 
1359 1392 11789 0.09752484223177794 1175 
1360 1393 11644 0.4457350631652903 1666 
1361 1395 11684 0.1580396057267178 1293 
1362 1395 11355 0.12231667285139869 1170 
1363 1397 11432 0.381646007207646 1948 
1364 1398 12051 0.7011161928204291 1776 
1365 1398 11575 0.17135768354000105 1496 
1366 1399 10685 0.8001284135273333 1147 
1367 1400 11344 0.763603484358693 1631 
1368 1401 11369 0.2699483983349707 1688 
1369 1402 12254 0.7682193377099574 1431 
1370 1403 10858 0.7284070565254707 2054 
1371 1404 12224 0.4884840404477687 1343 
1372 1404 10737 0.02046136913809227 1828 
1373 1405 11614 0.6978080232920963 1258 
1374 1406 10817 0.4065736441807583 2069 
1375 1406 11314 0.41994759667288967 1182 
1376 1406 12002 0.35332457363369146 1254 
1377 1407 11437 0.048256337279870255 1700 
1378 1409 12123 0.346137653353109 1256 
1379 1409 11201 0.11111281526978863 1190 
1380 1413 10683 0.5759852487678387 1955 
1381 1420 11566 0.8708040299432004 1429 
1382 1421 12289 0.3927263452916213 1547 
1383 1422 12203 0.4508452911348829 1717 
1384 1423 10554 0.36406192330049986 1200 
1385 1423 11836 0.8474693340259093 1966 
1386 1424 11012 0.5788351946625332 1346 
1387 1425 12165 0.22646469273339395 1676 
1388 1426 11683 0.07051928151091486 1299 
1389 1428 12387 0.6226659575714335 1621 
1390 1428 11284 0.1844874189596895 1781 
1391 1428 11049 0.3761435852875141 1823 
1392 1429 10507 0.884355232408221 1775 
1393 1431 11424 0.358860714751167 1272 
1394 1434 12278 0.6462177961537193 1263 
1395 1436 11089 0.790505553028513 1660 
1396 1436 10692 0.43726528602077525 1682 
1397 1437 11275 0.794723095139773 1347 
1398 1438 10819 0.6783680011795398 1778 
1399 1442 12133 0.34519225065031656 1944 
1400 1442 12374 0.8192249256015187 1582 
1401 1446 10448 0.7656885241340796 1910 
1402 1446 12041 0.3654711951254101 1861 
1403 1449 10870 0.26871453323217953 1625 
1404 1449 10732 0.7967067742064763 1779 
1405 1449 11362 0.6383110092436305 1420 
1406 1450 11266 0.7610300111383912 2062 
1407 1450 11188 0.3507874715665473 1258 
1408 1450 11968 0.15816872124792092 1985 
1409 1452 10471 0.6261827917328583 1961 
1410 1452 11942 0.8844443189303196 1236 
1411 1452 11184 0.37536613003291697 1304 
1412 1456 11095 0.5384497694283135 1563 
1413 1456 11072 0.42425547948539905 1959 
1414 1457 10930 0.594477430147704 1980 
1415 1459 10783 0.6726414836093865 2097 
1416 1459 10663 0.7206441335012563 1903 
1417 1459 10460 0.47025290727778013 1870 
1418 1460 11345 0.8632375937558489 1824 
1419 1461 10732 0.33698478718702773 1986 
1420 1461 11938 0.46074905752708467 1434 
1421 1462 11327 0.2446804861302159 1856 
1422 1462 11577 0.2537190008059928 1399 
1423 1462 10463 0.4495762975290443 1662 
1424 1464 10783 0.7937821272357228 1639 
1425 1464 11899 0.3085682638239602 1854 
1426 1465 11867 0.7674028648917305 1904 
1427 1466 11327 0.12066004674773746 2129 
1428 1467 11852 0.26795807423080253 1490 
1429 1468 12360 0.838650789756539 1617 
1430 1468 12283 0.7129474769184571 1662 
1431 1469 10764 0.7737834198247471 2023 
1432 1470 11616 0.7905893676745305 1265 
1433 1472 10821 0.8071361350704671 1621 
1434 1475 11775 0.3082769654666255 1326 
1435 1475 12309 0.16968627004926493 1819 
1436 1476 11854 0.6609869955483483 1920 
1437 1476 11967 0.696431088862553 1995 
1438 1477 10706 0.43708891492370144 2047 
1439 1478 11033 0.6026133018021441 1933 
1440 1479 10970 0.8568385333812135 1888 
1441 1480 11629 0.06724075229327935 1702 
1442 1482 10522 0.19261035218493006 1826 
1443 1482 11122 0.7385696515695189 1967 
1444 1482 10654 0.2642242798971875 1569 
1445 1482 10884 0.13183151010792607 1549 
1446 1483 10720 0.6701264314467449 2113 
1447 1488 12235 0.3320327897525044 2089 
1448 1489 10932 0.16490069219417483 1943 
1449 1490 11078 0.588335255590568 2014 
1450 1494 12096 0.47761738371542123 1342 
1451 1494 10434 0.31318774321017395 1243 
1452 1496 11583 0.22980334365904376 1615 
1453 1498 10597 0.8098941647959929 2101 
1454 1499 11084 0.47320267604758853 1920 
1455 1499 11079 0.47747283977946403 1680 
1456 1500 11228 0.8344447280659697 1666 
1457 1501 12016 0.3102930918768869 1274 
1458 1503 11167 0.8634924490910948 1268 
1459 1503 11988 0.6958967862982299 1500 
1460 1504 11351 0.3101135771812181 1861 
1461 1505 12167 0.17521910560274964 1317 
1462 1505 11657 0.837274720092866 1288 
1463 1505 12183 0.3699335377715128 1626 
1464 1509 11744 0.6841061293714614 1594 
1465 1509 11644 0.5874638198551758 1779 
1466 1511 11886 0.30883761863929177 1388 
1467 1512 10691 0.24208461936909123 1802 
1468 1513 11367 0.8215343478644558 1248 
1469 1514 11742 0.8920785874732632 1402 
1470 1514 12185 0.182111380088971 1877 
1471 1515 11148 0.6760796024922194 1788 
1472 1516 10827 0.5823373280033028 1841 
1473 1517 10708 0.5007092480404978 2040 
1474 1519 10621 0.46508202490516015 1738 
1475 1519 11430 0.033818448667698224 1329 
1476 1520 11350 0.6382375297094796 1971 
1477 1523 11207 0.8515021321564071 1932 
1478 1523 10434 0.542945823953079 1482 
1479 1523 11065 0.8343131865727718 1493 
1480 1524 11128 0.6461159976804508 1996 
1481 1525 11493 0.18380345015744792 2081 
1482 1528 12397 0.5699017880410807 1308 
1483 1528 11673 0.4800020174895381 1579 
1484 1528 12026 0.7557721934267757 1854 
1485 1531 10930 0.5250374459474514 1798 
1486 1533 12202 0.565462303684126 2034 
1487 1534 11071 0.18666045350904434 1774 
1488 1538 12090 0.5656309628148077 2010 
1489 1539 11897 0.8901424193381312 1246 
1490 1541 12389 0.21155094422472495 2090 
1491 1541 11329 0.22672206831603756 1253 
1492 1543 10937 0.5015461993182118 1642 
1493 1544 10939 0.5454163264238499 2087 
1494 1545 12412 0.3480341795108645 1721 
1495 1545 10577 0.8535700703490336 1833 
1496 1549 12170 0.659456823232704 1737 
1497 1549 11049 0.5177569868603766 1514 
1498 1549 11966 0.6092938250931202 1551 
1499 1550 12154 0.5210820784859667 1534 
1500 1551 12259 0.2862494095057791 1191 
1501 1551 11204 0.26254155081669694 1415 
1502 1551 11390 0.181642794959596 1830 
1503 1552 10988 0.40589352696985054 1567 
1504 1552 10492 0.21573748778431662 1361 
1505 1553 11481 0.5477208209426626 1904 
1506 1553 12025 0.0438878316183074 1596 
1507 1554 11108 0.6245935142037364 1744 
1508 1556 11208 0.3558068422638592 1583 
1509 1558 11399 0.5776367680300039 2070 
1510 1559 12344 0.5748393660429995 1673 
1511 1560 11166 0.44390176218240657 1437 
1512 1561 11789 0.37700530122208264 1481 
1513 1562 11744 0.012297809119834462 1628 
1514 1562 10656 0.7747272319534522 2046 
1515 1562 12099 0.5747132757805731 1405 
1516 1562 10448 0.6647136758421762 1775 
1517 1563 11101 0.7418407022051795 1590 
1518 1563 11702 0.810582658352514 1423 
1519 1564 11194 0.6802027313372285 1490 
1520 1565 11806 0.27707440623508583 2105 
1521 1565 12224 0.7444984245473029 1499 
1522 1567 11782 0.3669138142628493 1289 
1523 1568 11232 0.17483439847155047 1278 
1524 1568 10444 0.1092665327746113 1200 
1525 1569 11220 0.4023172768177833 1744 
1526 1574 11968 0.3320510151548244 1551 
1527 1574 11847 0.6014888730399516 2041 
1528 1575 10447 0.04342438755783214 1913 
1529 1575 11615 0.13864603546082252 2050 
1530 1575 12177 0.04458169548644001 1973 
1531 1575 11187 0.5101118320273833 2038 
1532 1577 11183 0.3389049737805175 1845 
1533 1578 12149 0.7678659027708639 1717 
1534 1579 10726 0.39614960297466 1589 
1535 1580 11195 0.3647817828619396 1667 
1536 1580 11579 0.5125960370964481 1533 
1537 1582 10504 0.0785684598150545 1142 
1538 1584 11981 0.22353021216690347 1789 
1539 1585 10494 0.2758741533031941 1469 
1540 1587 10914 0.2972637597256888 1146 
1541 1588 10932 0.6874837645515773 2066 
1542 1588 12325 0.06108560930052127 2095 
1543 1589 11972 0.44697025829177517 1394 
1544 1590 11420 0.0111350426715793 1277 
1545 1591 10762 0.8601502054480238 1855 
1546 1592 11407 0.3699656919184226 1594 
1547 1592 10729 0.3679816375512155 2110 
1548 1593 12051 0.2613941931335703 1463 
1549 1595 11513 0.22803368057907963 1763 
1550 1595 11065 0.5294188790921445 2009 
1551 1596 10549 0.7492036462176045 1685 
1552 1601 10760 0.7581512045761482 1395 
1553 1602 11284 0.60326290966008 1730 
1554 1602 10465 0.19546967451704617 1838 
1555 1602 12088 0.635297030201935 1527 
1556 1603 11627 0.7418626408951372 1654 
1557 1603 12251 0.4448406631471556 1454 
1558 1604 12384 0.5051713167366982 1416 
1559 1604 12099 0.05627931370569453 1972 
1560 1605 11469 0.6409665172392491 1560 
1561 1607 10918 0.5818479850620147 1929 
1562 1609 11050 0.3109615131863478 2026 
1563 1609 11682 0.12206660657606463 1789 
1564 1610 11537 0.5310467912876838 1528 
1565 1610 10433 0.13671977906218766 1822 
1566 1610 10826 0.7533366625812312 1149 
1567 1611 11720 0.5040946525493897 2093 
1568 1612 12307 0.28615418470705994 1297 
1569 1612 11338 0.3364176376197797 1842 
1570 1612 10696 0.8944660583757038 1517 
1571 1612 10768 0.22756888132901398 1917 
1572 1613 12281 0.597074061377407 1536 
1573 1614 11589 0.2394174287969957 1577 
1574 1614 11893 0.7764940459583473 1549 
1575 1615 11553 0.46381274606940376 1189 
1576 1615 11053 0.3910217940239613 1821 
1577 1616 11856 0.8103167735741849 1935 
1578 1616 12378 0.2594039157121994 1768 
1579 1616 10657 0.8862281723395333 2017 
1580 1618 10756 0.4203057737277182 1399 
1581 1619 11709 0.42671057638465704 1817 
1582 1619 11649 0.30650858184068813 1756 
1583 1620 12404 0.6620342153681369 1221 
1584 1621 12219 0.8123897017060293 2070 
1585 1621 11273 0.4875292915390237 1775 
1586 1622 12216 0.7539066180014711 1586 
1587 1622 11110 0.2630873925693512 1242 
1588 1626 11267 0.75620389540024 1406 
1589 1626 11124 0.5795604809105027 1675 
1590 1626 12278 0.15356948460234854 1942 
1591 1627 11278 0.7751870749624072 1701 
1592 1628 12110 0.46273146947728644 1342 
1593 1628 12358 0.6070738088968628 1927 
1594 1629 10999 0.6831492214081347 1794 
1595 1631 12366 0.10953115691516746 1677 
1596 1631 12312 0.5785046268556814 1811 
1597 1632 10579 0.38094794877317467 1374 
1598 1635 10890 0.17257562561787318 1388 
1599 1635 10669 0.38134971624755026 1900 
1600 1637 10508 0.7018451345869897 1270 
1601 1639 11549 0.893691784755367 1262 
1602 1639 11338 0.8583945029928398 1401 
1603 1639 12153 0.3918550221262881 1867 
1604 1641 11868 0.6159314558922722 2114 
1605 1641 11212 0.3187168551722401 1242 
1606 1642 12401 0.309081046129132 1214 
1607 1643 10556 0.4318397399282886 1339 
1608 1643 11617 0.636431040146484 2054 
1609 1644 11384 0.09656667997538258 1846 
1610 1646 11404 0.33274249460631455 1769 
1611 1647 11835 0.19226998408693322 1485 
1612 1648 11465 0.05077356274376207 1831 
1613 1648 10671 0.5636194897716101 1856 
1614 1648 11155 0.3824160448858909 1854 
1615 1649 11530 0.3526771308311055 1348 
1616 1649 10615 0.25436325984303887 1252 
1617 1650 11836 0.39915919849892423 1394 
1618 1652 12162 0.11850713827702752 1609 
1619 1653 11945 0.615789537577692 1217 
1620 1654 11576 0.36489582001632653 1532 
1621 1656 11805 0.5865397132617837 1342 
1622 1658 11302 0.12314158999685519 2131 
1623 1658 11802 0.5443199133749977 1742 
1624 1659 11140 0.24254255289524854 1751 
1625 1659 11509 0.7498082746460499 2031 
1626 1660 10597 0.551999240182745 1863 
1627 1661 11389 0.18711635398800122 1814 
1628 1661 12037 0.4689910424605333 1494 
1629 1662 10894 0.6379980382130762 1899 
1630 1662 12259 0.02788225401514155 1733 
1631 1663 11371 0.8162745495011393 1349 
1632 1664 12089 0.42987177209120386 1409 
1633 1665 12276 0.8359910912071423 1934 
1634 1667 11663 0.5974798767271696 2085 
1635 1668 10657 0.4513449719456523 1328 
1636 1669 11350 0.24785088804981228 1537 
1637 1670 12010 0.7872754878155012 2072 
1638 1672 10511 0.05138963603599331 1990 
1639 1675 10851 0.11879193103181904 1873 
1640 1675 10765 0.06979972959945967 1194 
1641 1675 11862 0.4711078587578613 2079 
1642 1675 10546 0.6216263070814599 1765 
1643 1676 11880 0.1885532302510376 2073 
1644 1676 12028 0.016550191988973836 1805 
1645 1676 10911 0.32615013532406273 1648 
1646 1677 11746 0.753665977297743 1814 
1647 1678 10844 0.4536914225150064 1236 
1648 1679 12283 0.6816917097212205 1294 
1649 1683 11260 0.11439499022039945 1464 
1650 1684 11619 0.7476678493278794 1926 
1651 1684 10505 0.6844212344552062 1960 
1652 1685 11177 0.2607184270069929 2074 
1653 1686 12216 0.17346889353856074 2127 
1654 1688 11142 0.8870945014921053 1233 
1655 1691 11542 0.20322573890897783 1344 
1656 1692 12394 0.741469169291092 1830 
1657 1692 11262 0.06936292670706404 2002 
1658 1693 12097 0.24178927863552008 2131 
1659 1694 11332 0.4697523836853949 1261 
1660 1697 11700 0.07866780625549027 2081 
1661 1697 11387 0.4046861928303227 1764 
1662 1697 11262 0.17617783346574464 1604 
1663 1700 12202 0.2660360040046944 1963 
1664 1700 10893 0.6172892837406024 2053 
1665 1700 11897 0.7214412194011743 1308 
1666 1702 11456 0.09910440740377109 1532 
1667 1704 11006 0.4009301966373226 1373 
1668 1704 10531 0.144741541071052 1726 
1669 1705 12363 0.08835602696416409 1969 
1670 1705 11525 0.2457297201651096 1141 
1671 1706 11411 0.3722120829346892 1716 
1672 1707 10556 0.6654708880028899 1824 
1673 1707 11981 0.5931996415517917 1691 
1674 1709 11858 0.4721691672648546 1816 
1675 1712 10982 0.5870704070901948 1701 
1676 1713 10613 0.24661154680429503 1484 
1677 1713 11965 0.7581433413297087 2064 
1678 1713 12423 0.6245541010945184 1625 
1679 1714 11453 0.5291179564049994 2113 
1680 1717 10668 0.3376761627389131 1802 
1681 1718 10595 0.5764554591100893 1471 
1682 1718 10543 0.1130809680652434 1459 
1683 1719 11344 0.07281092411086344 1640 
1684 1720 11066 0.8296046623027898 1277 
1685 1720 12138 0.06616709001741905 1159 
1686 1722 10561 0.4703660285540385 1779 
1687 1722 11593 0.3288786942339192 1905 
1688 1722 10789 0.3188542853133128 1737 
1689 1724 11544 0.07024995649787939 2035 
1690 1725 11431 0.11074920036533575 2113 
1691 1726 11862 0.6775978439374408 1292 
1692 1727 10993 0.3470679532212318 1947 
1693 1727 11529 0.3068889746252761 1471 
1694 1728 11375 0.21921467612499332 2128 
1695 1729 11774 0.014378021264895508 2092 
1696 1729 11918 0.6604802238669656 1696 
1697 1732 10894 0.11169898772265618 1472 
1698 1732 11787 0.12299766315894306 1470 
1699 1733 11090 0.5659796748427472 1456 
1700 1734 11828 0.7271590058419783 1206 
1701 1734 11452 0.6568433910042722 1211 
1702 1734 11473 0.3497687372659542 1669 
1703 1734 10762 0.19309828057829126 1601 
1704 1735 11041 0.019512124674990933 1514 
1705 1736 11682 0.4434341512991942 1993 
1706 1736 11024 0.13779019623091976 2059 
1707 1738 11880 0.46570211267526046 1682 
1708 1738 10670 0.8976578005159331 1404 
1709 1739 10731 0.5282599078140487 2117 
1710 1739 11213 0.5974322201761195 1972 
1711 1742 11847 0.4909160302372765 1960 
1712 1745 12085 0.8071290772091274 1314 
1713 1748 11088 0.3510613989132121 1623 
1714 1749 10520 0.19234559293916859 1321 
1715 1749 10534 0.4316802183103798 1260 
1716 1751 11639 0.0574059107174679 1994 
1717 1751 10863 0.5050213369058097 1157 
1718 1752 11501 0.11139907950881027 2100 
1719 1754 11854 0.8845696867769637 1509 
1720 1754 11420 0.5487764898713826 1898 
1721 1755 11320 0.883591315925743 1863 
1722 1756 12421 0.781476397031391 1141 
1723 1756 11308 0.6502228017649035 1437 
1724 1757 11165 0.45899072454366613 1931 
1725 1758 10956 0.09374021963928753 1496 
1726 1758 11136 0.18129339506830314 1829 
1727 1760 12056 0.34614809776264527 1719 
1728 1761 11018 0.6467793696214633 1577 
1729 1761 11500 0.7677570064868522 1178 
1730 1762 11010 0.6049038131564832 1193 
1731 1763 10642 0.5049143183149255 2117 
1732 1765 12345 0.6763109118392493 1320 
1733 1765 11442 0.8119778088249833 1977 
1734 1767 12426 0.2969554360711357 1548 
1735 1768 10906 0.5535460099366172 2030 
1736 1768 12238 0.056070548144180866 1356 
1737 1768 12262 0.16400536343682245 1357 
1738 1769 11302 0.7409673064553572 2102 
1739 1770 11922 0.45348703915279714 1950 
1740 1770 11617 0.03898775333949115 1409 
1741 1771 11324 0.3358911059668562 1522 
1742 1771 11539 0.13266394439788776 1383 
1743 1771 10594 0.048196830446838125 1513 
1744 1771 11944 0.6948887080821715 1842 
1745 1773 11171 0.15051092631981502 1995 
1746 1773 11162 0.6144334614977347 2103 
1747 1773 11110 0.719503085638733 1915 
1748 1774 12026 0.3319464012382915 1297 
1749 1774 11222 0.40592332584651564 1992 
1750 1774 12070 0.06453947393855483 1868 
1751 1774 11398 0.7485328188356685 1836 
1752 1774 11231 0.607210227750398 2103 
1753 1775 11288 0.17377311915272042 1848 
1754 1776 10613 0.3135694219313339 1878 
1755 1776 12219 0.4414829758734935 1605 
1756 1777 10784 0.06441698905637391 1993 
1757 1778 10821 0.15644642016282337 1937 
1758 1778 12424 0.2813469977065015 1357 
1759 1779 11377 0.25396585790282084 1468 
1760 1782 10470 0.5998127028159689 2103 
1761 1782 11036 0.6703052569972849 1363 
1762 1783 11170 0.831632423951617 2125 
1763 1783 11531 0.8335962403206744 2034 
1764 1783 12220 0.4213472801621242 1428 
1765 1784 10906 0.6126190666849817 1172 
1766 1784 11214 0.4912329371524263 1535 
1767 1787 10938 0.8315811805507177 1296 
1768 1788 11288 0.8045934122250921 1493 
1769 1791 11095 0.6177933279113573 2007 
1770 1793 10473 0.17299958843568394 1475 
1771 1794 11758 0.11187423834048235 1564 
1772 1795 10590 0.3769661493998191 1401 
1773 1797 12056 0.8973440538901922 1997 
1774 1798 11008 0.13226665009075042 2090 
1775 1798 10509 0.07149101648960839 1651 
1776 1800 11024 0.7409367347114795 1326 
1777 1802 10668 0.7207984303439283 1630 
1778 1804 12055 0.16235214702194312 1593 
1779 1805 12424 0.1092712197954502 1893 
1780 1806 10856 0.7418623653092723 2017 
1781 1806 10844 0.37507897027069675 1787 
1782 1808 12063 0.11988652530711032 1661 
1783 1808 12090 0.36327825894970067 1964 
1784 1810 11337 0.09668475041854897 1141 
1785 1810 11643 0.17521375631762856 1847 
1786 1810 11716 0.2798796299819729 1899 
1787 1811 12042 0.027177539361408584 1968 
1788 1811 12308 0.7349024192434019 1664 
1789 1812 11307 0.5951216043976129 1626 
1790 1812 10587 0.15988864658202695 1788 
1791 1813 12317 0.8009915385962317 1385 
1792 1814 11294 0.8081368193248426 1644 
1793 1815 12317 0.7400000111834344 1480 
1794 1817 12380 0.18297586759536022 1581 
1795 1819 11380 0.6279670056959558 1926 
1796 1819 11653 0.15890096028135303 2015 
1797 1822 12273 0.5847560847841451 2090 
1798 1824 12096 0.7018182030782962 1432 
1799 1824 11283 0.7745125837295023 1682 
1800 1825 11973 0.6488270593328107 1730 
1801 1825 10693 0.5600427694098044 2039 
1802 1826 10744 0.8597710977903349 1999 
1803 1826 10623 0.011731410887063195 1926 
1804 1826 12400 0.7431026762352586 1867 
1805 1827 11699 0.6726298464163708 2140 
1806 1828 10982 0.06969897383445899 1897 
1807 1829 12143 0.7144134355684295 1507 
1808 1830 12006 0.043937045340758304 1668 
1809 1831 10633 0.8023458931505614 1177 
1810 1832 11480 0.16659787916107974 1913 
1811 1832 11178 0.7104754952448609 1676 
1812 1833 11404 0.35096592584406133 1387 
1813 1836 12246 0.5278165607338616 1305 
1814 1836 11212 0.7495705143620376 2059 
1815 1837 10453 0.2683082338361535 1482 
1816 1837 11077 0.32767316423393655 1609 
1817 1838 11650 0.3136681149354549 1399 
1818 1841 10836 0.23750144884828644 1363 
1819 1841 12368 0.05340394363739735 1932 
1820 1842 11557 0.5999959135822862 1148 
1821 1842 10840 0.5676661707086428 1608 
1822 1844 10868 0.7905898953755427 1585 
1823 1849 11934 0.7170441964336179 1609 
1824 1850 12137 0.14398746245061692 1249 
1825 1850 11130 0.3535724430194744 1858 
1826 1850 12122 0.6777257294114148 1785 
1827 1853 11560 0.8547440912311978 1338 
1828 1854 12379 0.5023525505735972 1818 
1829 1855 11888 0.39378515574638323 1774 
1830 1858 12388 0.8666361857906983 1448 
1831 1858 10671 0.5408249158021816 1453 
1832 1860 12070 0.132523006967381 1945 
1833 1860 11250 0.6305206830537184 1592 
1834 1860 10514 0.30971481043217886 1226 
1835 1863 11954 0.29466721731287815 1270 
1836 1865 10509 0.7459357240034276 2041 
1837 1865 11803 0.486804355147254 1602 
1838 1867 12412 0.6923375228033218 1210 
1839 1867 11812 0.7010918903434307 2035 
1840 1867 11408 0.27914930770770724 1307 
1841 1868 11589 0.7106736095813881 1914 
1842 1869 12171 0.014740076708776776 2121 
1843 1871 10476 0.08573820694131525 1298 
1844 1873 11381 0.5742872642365477 1830 
1845 1873 11687 0.7080008125566251 1579 
1846 1873 12366 0.43232038467363254 1943 
1847 1875 11780 0.31060649964972675 1394 
1848 1876 11176 0.8249085077848677 2034 
1849 1876 11340 0.5600186015316588 1935 
1850 1878 11837 0.15832803337785648 1942 
1851 1878 10507 0.1862865529244285 1681 
1852 1879 10656 0.5652322852639481 1162 
1853 1880 12376 0.6081199570714604 1439 
1854 1880 11998 0.18334813577188128 1751 
1855 1880 12268 0.06574453232582037 1362 
1856 1880 10689 0.7490161734402534 1342 
1857 1882 11760 0.44776503668425416 2007 
1858 1883 11331 0.7798660265800718 1558 
1859 1884 10440 0.04737790057541867 1342 
1860 1885 11893 0.02720125051846127 1533 
1861 1885 12225 0.8117108013127592 1497 
1862 1885 10739 0.49043050190057685 2071 
1863 1886 10882 0.7767080125352511 1336 
1864 1887 12184 0.8989778183163079 1771 
1865 1887 11897 0.09135630024061134 1974 
1866 1888 11076 0.17415123119720305 1889 
1867 1891 10958 0.3594958059648326 1145 
1868 1891 11825 0.2169713237990715 1571 
1869 1892 10512 0.8401571805460119 1541 
1870 1893 11859 0.47969403310620295 2081 
1871 1893 11933 0.7375454228454804 1721 
1872 1893 10782 0.8292943266450807 1991 
1873 1895 10688 0.11821896888664506 1226 
1874 1897 10704 0.3674285227266931 1607 
1875 1897 12130 0.4327348428293194 2128 
1876 1898 10612 0.3416540206623894 1257 
1877 1899 11700 0.08120341796025028 1220 
1878 1900 10597 0.8443244369401037 1737 
1879 1900 10537 0.7341054844463618 2044 
1880 1900 11322 0.1251612107313464 1229 
1881 1900 11044 0.17202935449289822 1427 
1882 1901 11437 0.6156009386654376 1947 
1883 1902 12145 0.4641451639890384 1555 
1884 1903 10812 0.5639644156642019 1588 
1885 1904 11959 0.29871730329975643 1378 
1886 1904 11091 0.5651430428355447 1188 
1887 1905 11353 0.1988786259462327 1508 
1888 1905 11828 0.11884316326242227 1587 
1889 1905 11138 0.38345368226599 2119 
1890 1905 11691 0.4806035558617474 1627 
1891 1906 11893 0.4592484679999862 1756 
1892 1906 12272 0.2521900806769156 1484 
1893 1907 10870 0.040973738062532135 1937 
1894 1907 11812 0.16784914887672991 1551 
1895 1908 11290 0.10521106111778519 2038 
1896 1908 10460 0.05533422507125098 2103 
1897 1910 12383 0.8637689913465233 1236 
1898 1910 11233 0.6279325556530968 1368 
1899 1910 10760 0.06915558041648939 1335 
1900 1911 11632 0.28988876412290576 1588 
1901 1911 11954 0.42808612447230904 1702 
1902 1912 12180 0.4945844852374468 1961 
1903 1912 12414 0.5556191296118839 1898 
1904 1915 10443 0.06547588398861827 1908 
1905 1916 11350 0.622139126906131 1751 
1906 1917 10753 0.21376047431799783 1856 
1907 1917 10870 0.1882944183895494 1460 
1908 1919 11237 0.6536930999787496 1438 
1909 1920 11947 0.5511582921769836 1804 
1910 1921 11500 0.5105088469527294 1779 
1911 1923 11856 0.643899450357979 1812 
1912 1923 10778 0.14553488655038277 2132 
1913 1923 11558 0.8242900436579252 1833 
1914 1923 11920 0.32973781926039875 1607 
1915 1924 11618 0.8548396543524676 2065 
1916 1925 10492 0.5185727061206558 1859 
1917 1926 11741 0.30078607080202374 2089 
1918 1928 11804 0.6281280245750631 1641 
1919 1929 11272 0.5597362850665468 2128 
1920 1929 11906 0.23559623508709973 1860 
1921 1930 11256 0.282990355611537 2103 
1922 1931 11302 0.5114500731645124 2069 
1923 1932 11990 0.5203756655357196 1640 
1924 1934 10447 0.09448374386121806 1477 
1925 1935 11469 0.030719291081530577 1361 
1926 1935 12095 0.7715132095999798 1206 
1927 1936 11420 0.5797707074116124 1719 
1928 1938 11890 0.37513833865080776 1497 
1929 1940 11247 0.361708091409494 1985 
1930 1940 11380 0.6142943910418128 2039 
1931 1941 11483 0.2541992895539803 1896 
1932 1945 11330 0.05633689110934925 1821 
1933 1945 12182 0.15840254232921452 1535 
1934 1947 11149 0.03371970577529622 1793 
1935 1948 11535 0.27036167054425864 1943 
1936 1950 11212 0.35370978953701426 1624 
1937 1950 10686 0.22497580191506883 1222 
1938 1950 11537 0.737554587288169 1469 
1939 1950 11688 0.5852288902393781 2086 
1940 1952 11854 0.4824626010571663 1514 
1941 1954 11775 0.47032372957733 1969 
1942 1954 12065 0.10928397832778525 1436 
1943 1955 12268 0.6063211289803339 1532 
1944 1956 10496 0.3769365642694858 1524 
1945 1957 12188 0.3999132036808538 1578 
1946 1957 10805 0.2676294599707621 1876 
1947 1958 12104 0.5986358940630914 1815 
1948 1961 10827 0.3327279031245661 1579 
1949 1961 12009 0.03480261953414406 2051 
1950 1962 10472 0.7791461576822927 1469 
1951 1963 11491 0.7783278285704439 1844 
1952 1964 10902 0.8555747182928282 1947 
1953 1964 10653 0.17373791807469008 2123 
1954 1964 11117 0.8114460409731716 1526 
1955 1966 11883 0.6706802690931357 1250 
1956 1966 12002 0.14670184111376985 2135 
1957 1967 11468 0.44056012798766225 1670 
1958 1967 11721 0.6865947909590127 1765 
1959 1967 12409 0.7639912911934399 2119 
1960 1968 10531 0.5943806518352334 1252 
1961 1969 10435 0.569274929713702 1594 
1962 1969 12283 0.8363766275296894 1575 
1963 1969 11939 0.4916145426563262 1187 
1964 1970 11923 0.13734118964726702 1780 
1965 1971 10621 0.15543939014500602 1929 
1966 1972 11500 0.3328231868349926 1836 
1967 1975 11369 0.6681691165015601 1748 
1968 1975 11480 0.030929127029894102 1492 
1969 1976 10444 0.6717732558813769 1212 
1970 1979 11354 0.31704493715124954 1748 
1971 1979 11943 0.07703243578080772 1660 
1972 1979 11440 0.02089540540832259 1409 
1973 1980 10767 0.477829576720505 1529 
1974 1981 11857 0.08962396792524484 1455 
1975 1982 10950 0.43008775078590317 1820 
1976 1982 11198 0.4539843519043925 1501 
1977 1982 10949 0.27848372130496085 1193 
1978 1982 12175 0.5501412921855249 1465 
1979 1983 10957 0.02908700830911741 1424 
1980 1985 11120 0.456432232331275 1504 
1981 1985 12019 0.4971997266172907 1777 
1982 1987 11886 0.06511089083069964 1644 
1983 1989 10744 0.6198265623917026 1872 
1984 1989 10494 0.8793302343557635 1613 
1985 1990 11341 0.511160270943804 1201 
1986 1990 12382 0.49189686454039544 1671 
1987 1992 10826 0.7593036576952941 1786 
1988 1992 12318 0.669187812380711 1328 
1989 1995 11553 0.22232366884862215 1316 
1990 1995 12232 0.586291146386389 1362 
1991 1997 10789 0.3758021577325961 1417 
1992 1998 12371 0.09936328217087752 1914 
1993 1998 10510 0.564763971659319 1269 
1994 1998 10994 0.2721888707762112 1675 
1995 1999 11822 0.11718921202431845 1391 
1996 1999 10499 0.7994787010943857 1591 
1997 1999 10483 0.7296656247715295 1531 
1998 2000 11876 0.8797059792621644 1543 
1999 2000 11258 0.8439310642112053 1719 
2000 0 11035 0.3290409067106924 1588 
