1 2 91 36.98978540614187 1920 
2 5 95 49.855600893666534 1881 
3 6 89 25.255197431202724 1910 
4 7 87 44.479350553771766 1940 
5 7 98 37.25730215208924 1931 
6 10 97 20.227767625741425 1902 
7 10 87 10.593220520803857 1858 
8 10 81 22.034666266687136 2016 
9 11 96 27.664957121485394 1935 
10 12 89 28.352244646992453 1861 
11 12 94 21.534009604297367 1916 
12 15 84 18.54724303786494 1828 
13 15 97 36.50736010741794 1878 
14 16 91 40.56526882510813 1885 
15 20 78 13.53487082714539 1997 
16 21 82 39.09000887038588 1970 
17 21 90 26.2332714765458 1997 
18 21 87 33.225640127555636 1988 
19 21 96 17.56337204684886 1845 
20 22 97 17.472683425554514 1943 
21 22 84 33.08333895286836 1944 
22 23 92 25.23187500861684 1932 
23 26 80 13.25088776979532 1886 
24 27 94 11.84553359678565 1872 
25 28 96 13.684653830338958 1960 
26 29 87 23.286931227337526 1888 
27 30 96 12.059545890966259 1930 
28 30 79 40.87153271180079 1942 
29 32 82 21.05131746896882 1854 
30 34 90 46.9568873722569 1844 
31 35 85 37.671837179505886 2011 
32 36 89 42.750993197413905 1836 
33 38 79 11.193488941567562 1914 
34 39 89 39.83956675296915 1912 
35 39 79 48.477143020856246 1887 
36 41 96 16.50179051941467 1834 
37 43 91 26.485226822517795 1975 
38 45 86 15.957672644458874 1978 
39 45 80 35.988986512217586 1842 
40 47 79 39.20070254458638 1940 
41 50 85 42.85949495722121 1909 
42 51 94 41.68867081020305 1866 
43 54 87 49.60292471242758 1979 
44 54 80 40.685306531586576 1998 
45 56 85 23.924325232497917 1952 
46 56 78 32.730937020507426 1854 
47 57 91 30.915138806921114 1952 
48 57 79 39.68685804154262 2014 
49 57 79 46.31841040228449 1913 
50 58 85 45.55444108496436 1987 
51 58 85 41.50521980752029 1869 
52 58 85 16.27317316412902 1828 
53 58 97 22.156937895782495 2005 
54 61 94 35.966500257057184 1970 
55 61 86 31.319259619806164 1929 
56 64 89 39.20203018302978 1867 
57 65 86 26.106268101698046 1938 
58 67 89 45.28121004916826 1931 
59 67 88 16.295838968978046 1947 
60 68 82 13.46123026890055 1935 
61 68 92 27.01295796051502 1831 
62 70 87 47.6946611218751 1971 
63 71 87 23.485803278001658 1836 
64 74 78 29.457774818972293 1955 
65 74 82 47.84718552872433 1999 
66 74 90 31.31898887512364 1933 
67 76 94 36.25294201577352 1980 
68 78 83 46.949934396971834 1954 
69 78 81 30.244307434218413 1972 
70 80 93 12.07447013944211 1976 
71 80 90 11.613646876736352 1980 
72 80 90 19.009065220730786 1913 
73 81 83 37.1752055648973 1953 
74 82 87 40.56882264243318 1818 
75 82 85 45.76740777390751 1912 
76 83 84 38.74588660672572 1858 
77 83 93 35.5654535739418 1857 
78 85 83 41.04640516978495 1852 
79 85 97 48.74954981307463 1978 
80 91 81 49.92315136306278 1937 
81 93 83 18.21544684750203 1851 
82 95 88 48.87319025638006 1873 
83 95 87 24.042467208791187 1818 
84 95 98 32.25489484678437 2004 
85 96 79 18.38983797676176 1937 
86 96 89 32.03645345880652 1992 
87 96 80 19.989245646633158 1912 
88 96 97 20.589338990376692 1866 
89 97 90 22.298234958296224 1982 
90 99 78 45.583380627934936 2000 
91 104 90 18.49428734486565 1949 
92 104 86 46.32385908058639 1902 
93 105 86 34.78981276525037 1819 
94 105 87 23.133834616488677 1841 
95 107 78 24.11289807605276 1912 
96 110 78 14.764471410071973 1918 
97 111 97 16.900761857404753 1943 
98 111 97 20.725170528420136 1947 
99 112 84 48.69640308193749 1945 
100 112 92 31.491235987969905 1999 
101 113 79 38.21512388156841 1888 
102 116 91 42.80626679139089 1816 
103 119 86 45.424432968544714 1900 
104 121 94 36.18086111868361 1936 
105 122 89 49.83736209533987 1864 
106 122 84 12.695165226691465 1870 
107 124 98 38.02936727740507 1817 
108 125 80 35.79991907979138 1953 
109 126 79 26.57619103447003 1840 
110 127 95 43.49179890676166 1962 
111 128 93 12.76041766939751 1899 
112 129 80 46.425210988265015 1978 
113 129 90 21.035810546202434 1891 
114 129 84 37.296526234228494 1970 
115 130 94 43.422235972498974 1911 
116 131 97 23.01547604576899 1946 
117 132 89 27.92296594211819 1860 
118 132 97 29.568949430546812 1976 
119 135 82 11.08566789071423 1978 
120 135 86 39.80580446524387 1823 
121 136 88 48.664922372638586 1844 
122 136 94 34.825598752282076 1987 
123 137 79 21.292528578303916 1847 
124 139 79 21.150963240184947 1999 
125 139 82 19.565684480400712 1941 
126 141 84 48.20701305943554 1943 
127 142 92 22.26983113682543 1840 
128 142 95 44.147112744552 2008 
129 142 78 21.35752889513909 1959 
130 142 83 37.41736768170799 2008 
131 142 87 30.869343555220908 1954 
132 143 96 33.409176255541674 1898 
133 145 88 35.16481993959919 1900 
134 145 91 16.131336855839077 1876 
135 146 97 45.35239351680049 1887 
136 146 81 49.22641317746148 1880 
137 146 95 16.307626537208883 1880 
138 147 94 18.13398686810556 1837 
139 149 96 46.55557472196365 1900 
140 149 88 32.25794598028683 1915 
141 150 78 34.38749000012936 1831 
142 151 96 23.830255644205497 1905 
143 151 96 35.28808478700174 1981 
144 152 90 20.30736788497474 1896 
145 157 90 32.781649783793924 1847 
146 159 91 11.31871441438511 1969 
147 161 79 18.920509559065874 1959 
148 161 92 13.763184486444274 1998 
149 163 95 18.697630437500678 1904 
150 164 96 25.499902174115988 1880 
151 164 82 36.79768519943638 1933 
152 165 84 17.753702592666368 1842 
153 165 94 24.242242158148763 1985 
154 165 85 21.947668680033793 1890 
155 166 88 26.823100924183493 1872 
156 166 89 12.515044118308051 1920 
157 166 81 19.83819835965281 1881 
158 166 84 10.269279626379273 2004 
159 167 94 31.929879480282544 1881 
160 167 86 35.89000900139699 1987 
161 173 92 46.0564554490332 1948 
162 174 87 17.121563667989854 1959 
163 175 84 48.79729782887308 1851 
164 175 95 25.96970846411773 1856 
165 177 85 43.41813810706819 1872 
166 177 95 48.853727028652756 1997 
167 179 90 37.59692642648472 1945 
168 181 92 33.058232121707285 1852 
169 181 83 41.92722390914968 1880 
170 182 93 49.00592452907682 1983 
171 182 91 42.72154743782553 1849 
172 184 86 20.901853519897383 1822 
173 185 94 15.880430798239997 1866 
174 185 82 37.058769763117155 1831 
175 186 86 15.783827259821779 2000 
176 186 83 30.754352430026287 1866 
177 187 96 48.34953221503794 1900 
178 188 93 30.00772382083472 2003 
179 189 97 22.015725900932168 1913 
180 190 84 38.692156298641606 1897 
181 191 88 21.968515004003237 1885 
182 191 90 22.438254353921614 1980 
183 192 84 31.456049423479243 2013 
184 192 83 14.686834090637483 1874 
185 194 80 34.41851022715079 1844 
186 198 90 39.79831338633331 1874 
187 200 94 41.237235824512446 1838 
188 200 84 27.023768412375855 1917 
189 201 88 43.045152009811 1881 
190 201 87 25.735817828337453 1823 
191 203 88 43.7566042472626 2013 
192 204 85 20.6281504311746 1904 
193 207 91 15.16542159815426 2008 
194 207 98 34.50693529258994 1968 
195 210 78 42.788986461344855 1873 
196 212 97 41.2793950191381 2008 
197 212 89 24.253725194947897 1903 
198 216 96 43.338359227562954 1874 
199 216 92 33.864500091994984 1866 
200 222 84 16.180663912794977 1846 
201 222 84 43.32476405765324 1816 
202 223 88 47.004560675744585 1877 
203 224 88 41.43607845870766 1829 
204 224 94 24.110377868822166 1932 
205 225 79 29.477382947100512 1897 
206 228 79 33.161794096920154 1892 
207 229 85 40.2657761159367 1977 
208 230 84 18.330804560539413 1973 
209 231 81 27.222032074235546 1825 
210 233 88 37.60456013563341 1980 
211 234 85 33.43096655095458 2014 
212 234 92 40.58545144761476 1842 
213 235 85 11.091916041002952 1896 
214 241 78 12.40576324416252 1934 
215 242 84 23.540185428377374 2011 
216 243 96 30.821276376060496 1884 
217 243 84 27.414806051695653 1946 
218 244 87 20.172246471677013 1898 
219 246 79 26.475497378932225 1819 
220 247 80 46.81038635982296 1918 
221 249 98 16.037608335866985 1817 
222 251 82 44.051248746097365 1832 
223 251 93 34.875136764529934 1831 
224 252 89 41.83298208591019 1860 
225 252 93 12.547538986782246 1951 
226 253 78 16.37011356401063 1895 
227 253 89 30.89701933073638 1830 
228 254 97 26.49963539885202 1961 
229 255 92 38.96599900207883 1973 
230 255 94 28.64806429869693 1844 
231 256 85 48.5969158149038 1935 
232 256 96 23.89455965279879 1933 
233 257 98 30.84038901123276 1896 
234 257 92 48.26893476265621 1980 
235 258 81 43.93311056359598 1858 
236 258 86 12.948305629594126 2014 
237 259 98 28.596655073330414 1916 
238 260 93 16.64870363453222 1947 
239 261 80 19.27028914457896 1877 
240 261 86 17.820979436543382 1854 
241 264 85 42.47377094104719 1859 
242 264 91 12.589388267768381 1906 
243 265 96 12.95488686205934 1910 
244 265 80 23.713997953702112 1978 
245 267 98 29.964410466162875 1889 
246 268 95 43.23386056805122 1919 
247 273 85 29.520643620338625 1895 
248 274 95 46.246176262525864 1916 
249 275 87 29.63651312543469 1972 
250 276 84 13.87830911516772 2000 
251 278 91 39.64630850347041 1950 
252 278 89 24.126013765341238 1924 
253 278 91 45.8354489552368 1923 
254 279 95 12.295397174916221 1836 
255 280 79 33.882606724836364 1825 
256 281 89 29.369487950175536 1946 
257 282 86 41.011651962245125 1996 
258 282 82 17.826233941801434 1959 
259 283 91 32.522583888143686 1952 
260 283 94 25.001913655793867 1947 
261 283 83 22.49831933238342 1870 
262 284 89 14.27370238274606 1816 
263 284 82 24.664083970660947 1914 
264 286 93 47.96243558184153 1833 
265 286 84 21.77358532546261 1838 
266 286 95 19.725915571405515 1879 
267 286 79 47.436888853834354 1978 
268 288 98 18.334801764058387 1940 
269 290 78 44.82606609784662 1981 
270 290 91 49.017527399471675 1829 
271 290 97 18.804706044818463 1892 
272 292 95 24.96532679505043 1888 
273 293 84 15.592599996486385 1950 
274 293 91 41.47814815637656 1960 
275 294 88 47.80353460443298 1875 
276 295 82 31.192507770863394 1971 
277 295 81 16.163479494025005 1837 
278 296 97 31.191051740174252 1829 
279 296 92 18.247004024144328 1932 
280 298 80 18.378258908227135 1858 
281 299 90 18.27977424188408 1832 
282 299 97 47.452371467900015 1859 
283 299 89 29.822852060936444 1928 
284 301 91 37.405816671517904 1962 
285 301 90 21.987703971115362 1819 
286 302 94 19.094228936531632 1932 
287 304 79 43.230103252725364 1973 
288 304 84 30.08003559661588 1835 
289 304 87 17.99286546001696 2002 
290 305 95 47.62541741991927 1915 
291 306 88 15.884962513920229 1933 
292 308 88 49.597323154430576 1965 
293 308 98 41.099754692686616 1917 
294 309 88 10.27526425473634 1882 
295 309 92 11.953049424163726 1866 
296 310 89 37.67983071588776 1973 
297 310 78 16.620086366532103 1866 
298 313 81 49.28272303048087 1991 
299 313 97 37.79781545845373 1979 
300 314 87 23.748767204891195 1913 
301 314 86 13.172377310327995 1895 
302 315 83 46.13963857185995 1958 
303 315 91 13.032954706160096 1825 
304 315 91 35.095695877867364 1829 
305 315 89 10.806452345215064 1880 
306 316 93 33.24810533334429 1945 
307 317 85 29.12072282524587 1821 
308 317 97 24.23285867725089 1942 
309 317 86 35.044656304585374 1921 
310 318 95 11.125767965491482 1830 
311 319 84 27.970655989754608 1937 
312 320 96 19.759738019827232 1871 
313 321 87 33.71246798172742 1860 
314 322 86 49.9930006690066 1991 
315 323 97 10.173451027143749 1916 
316 323 93 18.43148544558643 1864 
317 325 90 40.308984143675886 1982 
318 326 83 20.418676463843305 1907 
319 326 90 42.530486391284775 1877 
320 327 95 18.09767249050447 1941 
321 329 88 16.60715859171843 1938 
322 331 92 16.514687169337098 1909 
323 333 95 20.586237584368405 1902 
324 334 85 10.933177268730114 1986 
325 336 87 14.504046754675253 1861 
326 338 96 34.50603429748675 1942 
327 339 91 23.16104055322465 1934 
328 341 92 36.94224781076685 1863 
329 342 95 11.463551456186627 1952 
330 343 82 46.36520399738374 1918 
331 344 79 45.725587374894026 1831 
332 344 88 38.70640210563261 1827 
333 345 95 40.54251139433186 1993 
334 345 97 42.13584481040244 1915 
335 347 88 29.64244530128798 1838 
336 349 84 40.40970105103109 1895 
337 349 86 15.233959869942101 1987 
338 350 80 35.804552407328686 1839 
339 350 97 36.38697906863729 1829 
340 350 98 34.29443312544372 1871 
341 352 79 13.30533931111586 1992 
342 352 96 35.39217683136037 1925 
343 353 96 30.819428733924667 1851 
344 354 87 18.3633525995972 1973 
345 356 79 39.25761054543439 1942 
346 356 98 30.615747524662275 1905 
347 356 93 15.22822704482142 2015 
348 356 98 26.12390291965605 1922 
349 357 90 14.160713559053697 1951 
350 359 78 14.854356094754163 1878 
351 359 78 41.704393533704206 1878 
352 360 86 40.19494799255905 1882 
353 361 98 24.68939523345755 1942 
354 362 90 38.12775897040617 1916 
355 362 82 31.600875622321315 1880 
356 364 86 14.761086125234112 1928 
357 368 91 33.257678703133095 1955 
358 368 90 37.17032690085564 1892 
359 369 86 34.17895546557125 1900 
360 369 89 31.972564631299264 1954 
361 369 91 23.131927741679362 1830 
362 370 85 15.458298702101265 1964 
363 373 78 49.87992849005524 1874 
364 374 84 10.911166181964717 2008 
365 374 86 12.381533399663272 1915 
366 375 96 11.51332107853361 1852 
367 379 91 43.94777391435101 1885 
368 380 93 31.822978785052936 1957 
369 383 89 37.22802791994013 1919 
370 384 81 15.008319521122537 1942 
371 384 95 28.949205137747107 1950 
372 386 91 32.276794511845445 1836 
373 387 83 14.562746424257647 1938 
374 389 95 17.46073453048412 1856 
375 389 91 45.25310531118214 1886 
376 389 78 20.787722003113586 1934 
377 389 80 21.254926256710924 1845 
378 390 96 15.931426652066865 1905 
379 390 94 44.51646980134359 2015 
380 392 83 21.26033272582317 1885 
381 392 91 48.70199570178764 1827 
382 392 83 31.04802756478746 1894 
383 394 84 38.48383949907068 2015 
384 394 91 27.807282833539748 1953 
385 396 90 30.760626943201032 1959 
386 398 94 14.71999600679795 1941 
387 399 89 21.82457993424918 1910 
388 402 98 45.96424111245931 2014 
389 403 93 37.15669510228899 1881 
390 404 88 13.846397556251784 2009 
391 406 91 45.859247883804265 2001 
392 408 78 36.161122267151654 1957 
393 408 86 22.733101499620997 1856 
394 413 93 29.204565159925764 1932 
395 414 95 22.005596062012938 1948 
396 415 98 14.714130155040394 1885 
397 416 78 37.23314133670845 1993 
398 416 95 33.657558503111275 1963 
399 420 91 47.727236133544125 1856 
400 421 80 22.582189812628393 1988 
401 423 84 23.305866892657733 1876 
402 432 86 10.152049557233163 1998 
403 433 82 20.359579643098115 1846 
404 434 96 12.19459350525816 1999 
405 435 85 41.58243887283186 1831 
406 437 93 48.4394797230206 1984 
407 438 92 49.32808685940864 1862 
408 441 83 48.65391423026761 1927 
409 441 95 22.573820977582002 1947 
410 443 86 15.82737228627957 1914 
411 443 89 42.09321164827492 1912 
412 445 87 43.54054182583865 1933 
413 446 86 11.873348567597093 1914 
414 446 82 31.77846484214473 1947 
415 447 94 43.806770647100265 1907 
416 448 98 17.58400368557067 1864 
417 448 89 36.37982776704952 1914 
418 449 96 12.71747816742078 1987 
419 449 80 10.519410112619303 1879 
420 450 92 16.223262237035144 1865 
421 450 96 26.329662777204597 1886 
422 450 85 49.33345815295818 1924 
423 454 78 22.67829416974148 1948 
424 455 86 11.803154740785168 1847 
425 455 95 10.290485501289393 1926 
426 456 80 30.678437239217928 1934 
427 457 88 28.96515411905845 1916 
428 458 85 13.136496862830391 1964 
429 458 85 16.600571343573925 1979 
430 458 89 26.110561090349766 2005 
431 459 95 24.80383971792203 1874 
432 460 98 31.97858493543919 1973 
433 462 85 15.81113151377544 1818 
434 463 87 18.205464156993475 1933 
435 464 89 48.71353037815957 1876 
436 466 89 23.537955242508826 1840 
437 468 82 39.494584593414544 1867 
438 469 78 44.91026500185515 1838 
439 470 82 17.176865386317154 1864 
440 471 82 48.368168410356354 1891 
441 474 87 17.818333588916243 1818 
442 476 84 22.311322445711788 1870 
443 477 85 38.498423623926314 1843 
444 477 90 26.9390635695008 1862 
445 478 95 43.35051389480445 1881 
446 479 81 14.559006538948655 2000 
447 480 87 17.55893544890656 1904 
448 480 82 35.726834778721006 1970 
449 480 96 22.944856369156884 1817 
450 481 84 21.158438218449966 1919 
451 482 96 10.880085578890135 1913 
452 483 95 39.50541968099587 1960 
453 483 84 49.130313519619705 2008 
454 484 88 36.03285443290376 1903 
455 485 95 35.71352902886002 1929 
456 488 88 20.354905774585347 1969 
457 490 88 10.97209042792941 1928 
458 491 96 44.304957270801125 1990 
459 492 95 32.33876912903615 1981 
460 492 97 28.950686262416777 1869 
461 492 94 21.854399617963225 1958 
462 493 86 30.130695899663607 1976 
463 493 98 18.39805613790122 1871 
464 493 85 44.14278757262062 1992 
465 495 88 23.176937592098458 1884 
466 496 80 42.04152533086174 2009 
467 498 89 47.027805990821456 1949 
468 498 87 29.07680432822218 1934 
469 498 83 30.063262633297402 1837 
470 503 86 29.433820946667176 1876 
471 503 82 48.95129884580877 1856 
472 505 79 12.525328358516683 1867 
473 507 85 39.111656666799895 1892 
474 509 78 36.610088181309706 1861 
475 509 87 30.05018999618454 1997 
476 510 95 43.54293034253373 1928 
477 515 91 34.51485536939445 1880 
478 515 86 10.938377948220893 1867 
479 516 80 35.59611849965833 1816 
480 516 98 44.622700840062045 1861 
481 517 91 29.80657863133175 1838 
482 518 85 44.12891189484546 1996 
483 519 94 35.0268289014186 2003 
484 521 80 24.626062856047085 1881 
485 521 98 16.242927629994455 1909 
486 521 86 19.707750189560635 1821 
487 522 97 40.159601747684576 1967 
488 522 81 19.463900628472423 1938 
489 523 91 40.3509477098079 1817 
490 528 95 44.20801161988146 1827 
491 528 80 40.644996420664576 1820 
492 528 91 35.79711617255309 1945 
493 529 80 30.69145963985703 2003 
494 529 91 28.63926103441544 1940 
495 530 94 29.202739642247497 1863 
496 530 78 39.4128437153131 1955 
497 530 89 43.985993466607184 1842 
498 531 82 33.578569640662984 1945 
499 531 80 35.32057451432511 1916 
500 531 95 29.014616152784708 1957 
501 532 88 14.790977427356292 1912 
502 536 83 21.070287911358573 1963 
503 538 85 14.691336542256845 1892 
504 538 90 41.12819884288665 1954 
505 538 90 17.561650294488743 1837 
506 539 88 18.26631312612553 1898 
507 544 91 39.64084242056171 1962 
508 544 92 30.583489433365706 1918 
509 547 86 42.972443931032736 2004 
510 547 85 41.322448793788816 1871 
511 547 98 35.298726496779935 1867 
512 547 85 31.811263835492134 1866 
513 549 89 42.58569414766213 1858 
514 550 86 13.613109712620076 2011 
515 553 84 13.350892150883066 1847 
516 554 96 17.92322114382668 1989 
517 554 89 39.88716816586195 2007 
518 554 80 35.005052446184855 1893 
519 554 89 46.75140047065159 1931 
520 559 80 47.69419373732119 1976 
521 560 83 33.24022957343227 1965 
522 562 85 22.96798576242191 1962 
523 563 78 24.063784573834113 1846 
524 563 79 30.544986978869698 1848 
525 563 93 12.831743004525595 1972 
526 564 93 10.89289142797373 1917 
527 564 78 26.36721427551741 1913 
528 565 82 12.746780968922181 1933 
529 568 88 28.39475176649192 1984 
530 568 89 17.57795792731644 1962 
531 569 83 44.16801822842875 1925 
532 569 85 20.54676718058877 2009 
533 570 81 36.18766731891561 1973 
534 572 96 31.868677428219115 1987 
535 573 81 29.249273356266798 1893 
536 574 90 21.488701375185233 1923 
537 575 85 32.05526861680527 1963 
538 576 85 36.38727458384555 1940 
539 576 89 46.74407588619887 2013 
540 577 94 29.11740851624732 2008 
541 578 93 10.973547453758208 1909 
542 579 83 17.083258367782477 1950 
543 580 96 12.925569370764167 1914 
544 582 81 43.6219941561767 1910 
545 584 88 31.708818464171422 1924 
546 585 78 17.2023967079744 1876 
547 586 92 15.416863411687407 1828 
548 587 98 12.76427140815898 1837 
549 588 85 18.962255548200705 1993 
550 589 98 14.154185028523823 1956 
551 589 95 27.251262767065064 1884 
552 589 82 20.167368434718483 1933 
553 592 83 41.7932478277385 1923 
554 595 80 47.602056473452684 1861 
555 595 88 35.079473537293026 1950 
556 595 92 49.03578468015275 1857 
557 595 78 17.506832419128276 1981 
558 596 88 11.907526399138186 1829 
559 597 94 32.18884003044103 1865 
560 597 86 16.756338296234546 1852 
561 597 91 20.002897579844593 1878 
562 598 87 11.165958515115753 1937 
563 598 90 41.807758594812675 1948 
564 600 90 38.679876912260454 1887 
565 600 88 19.648748441941592 1854 
566 601 92 12.690032007385895 1831 
567 601 82 11.800466675849162 1933 
568 602 97 37.896681242411134 1933 
569 604 84 24.071686418293567 1980 
570 605 90 15.336638380461206 1958 
571 606 83 39.642669384402225 1946 
572 609 81 32.118924905973586 1823 
573 609 94 46.60140954645445 1818 
574 611 81 45.22123564522072 1979 
575 612 83 47.405428243710475 1995 
576 612 80 11.961094991935827 1877 
577 614 79 33.66412015284766 1867 
578 615 97 25.919477477519223 1842 
579 616 91 20.120156942122016 1932 
580 616 87 28.629534101689245 2008 
581 616 84 46.129824323643696 2015 
582 617 82 19.197434294084452 1925 
583 617 94 41.18702876253897 1927 
584 618 83 48.16624189908973 1838 
585 618 83 11.224272895801942 1871 
586 621 93 16.849983762152007 1885 
587 621 80 19.657947961383915 1922 
588 622 82 30.42636743334782 2014 
589 624 92 45.65531991462011 1894 
590 624 93 26.311267521469333 2006 
591 624 83 22.765723822077373 1939 
592 625 89 19.818019769310638 1832 
593 627 94 13.29160500287664 1844 
594 629 96 24.38244097852865 1869 
595 630 84 35.87092868037052 1904 
596 631 88 40.81398028422453 2015 
597 632 83 32.4443589118341 1828 
598 632 84 27.00133675254353 1828 
599 632 93 25.15218709706087 1947 
600 633 91 34.92589680932559 1830 
601 633 98 23.31183676117794 1895 
602 635 98 17.440072541811812 1886 
603 635 79 31.647183907335283 1964 
604 636 97 33.95644550503943 1835 
605 636 82 49.17335429144571 1897 
606 637 78 37.47757364381074 1956 
607 637 89 36.7260346552608 1888 
608 637 86 22.721306870063906 1828 
609 638 94 28.98706074402041 1839 
610 638 91 39.40010045990182 1832 
611 641 78 14.959614465671098 2011 
612 642 95 29.439771115703213 2015 
613 644 97 13.243542295392366 1877 
614 645 85 27.390575726019133 1988 
615 645 97 23.29468980260918 1877 
616 646 80 31.249703099713983 1975 
617 647 97 35.291013933127175 1974 
618 647 82 31.892439704765117 1847 
619 647 97 43.66992370775964 1987 
620 652 98 28.336967195861792 1918 
621 653 78 43.05005993617912 1874 
622 653 96 41.08766468906836 1854 
623 653 88 17.235515678174917 1864 
624 654 90 43.556886586532066 2007 
625 655 82 25.98108219943873 1828 
626 656 94 16.188740385023767 1963 
627 657 89 26.73658781592335 1901 
628 658 92 39.81048509019743 1982 
629 660 78 28.729655967906456 1859 
630 662 86 37.85331808923929 1964 
631 662 82 17.674082164809228 1846 
632 663 90 35.44535298330518 1825 
633 663 93 42.01811174365931 1893 
634 665 87 13.341307099725492 1919 
635 666 88 37.14509135499753 1850 
636 667 97 18.108962770798442 1942 
637 668 85 43.25053621097607 1888 
638 669 98 19.38723738789406 1880 
639 669 96 20.980538969110395 1927 
640 671 86 37.0209437495744 1963 
641 673 82 38.806088544035674 2004 
642 673 91 32.69451001955554 1851 
643 674 82 26.649882382347144 1969 
644 675 81 28.520682488561825 1855 
645 677 85 20.503901079226544 1908 
646 677 88 31.048260809503102 2005 
647 677 97 29.355541484669892 1980 
648 677 91 30.15253324940059 1829 
649 677 87 22.73056023677853 1965 
650 678 89 26.254598860042147 1825 
651 679 97 30.927897908816526 1980 
652 679 97 43.87632360497911 1901 
653 681 85 19.1584973288536 1869 
654 683 93 39.22253065669221 1875 
655 684 81 33.43650171213066 1870 
656 686 92 16.680778818734098 1910 
657 686 79 13.41633542275849 1890 
658 690 97 33.88370122047256 1869 
659 690 78 10.382113178848279 1876 
660 691 91 46.03713639783785 1889 
661 694 88 14.427196257424422 1907 
662 696 82 44.45164058936779 1859 
663 699 92 44.177618933749685 1926 
664 699 90 35.887106493030345 1897 
665 700 84 19.71170244509735 1846 
666 703 84 10.477942990267092 2011 
667 704 83 11.084717499271397 1974 
668 706 85 35.46901390982691 2014 
669 707 80 14.620962862054059 1962 
670 711 89 37.988988511226495 2015 
671 712 86 38.49073386771713 1913 
672 712 93 46.801192313508835 1965 
673 714 93 26.45110624616075 1829 
674 715 94 38.514278887530956 1891 
675 716 93 42.05622770450283 1943 
676 716 88 24.487295028627045 1921 
677 717 90 36.76540863190384 2009 
678 717 90 39.123320784458805 1977 
679 719 85 14.153771036449712 1893 
680 719 91 46.135852878668906 1842 
681 719 84 34.28390180982802 2015 
682 721 92 29.219048491643132 1980 
683 722 81 37.29707984676813 1986 
684 724 95 11.202736689782174 1869 
685 726 98 22.842322809838734 1969 
686 727 80 29.59499601331176 1940 
687 727 79 40.89337587592224 1842 
688 728 86 15.336511629020247 1890 
689 729 85 47.12588014826918 1861 
690 730 88 39.694783555256755 1850 
691 731 85 33.88585500183532 1870 
692 731 95 44.43972688206036 1901 
693 731 83 29.41788122516687 1868 
694 732 96 27.206636846512566 1833 
695 734 91 26.03664116120923 1917 
696 735 98 34.03678412713704 1826 
697 735 80 11.551348254429413 1841 
698 735 96 26.512167022126718 1902 
699 737 78 26.27052173969645 1974 
700 738 88 16.401477496253534 1968 
701 738 96 36.442230240963895 1992 
702 740 81 36.96132546803392 1849 
703 741 80 14.848391844936351 1874 
704 741 95 43.56805335812809 1979 
705 741 85 10.166754062938121 2014 
706 743 91 25.337154216234794 1876 
707 745 85 24.162307348575073 1894 
708 745 83 16.638276719215416 1882 
709 745 97 37.74921337375501 1968 
710 745 84 11.34827474162918 2009 
711 746 96 30.809638723349877 1824 
712 746 85 48.414436832282696 1919 
713 746 97 12.78997753203969 1996 
714 747 82 11.76538362304235 1974 
715 747 83 16.289215144809127 1994 
716 749 96 27.66081634840335 1851 
717 751 98 48.57418281097998 1865 
718 751 97 24.562624540366134 1973 
719 754 94 14.72731355520013 1913 
720 756 86 34.79963529616113 1929 
721 757 78 22.106722761541807 1873 
722 758 89 44.19641482803004 1870 
723 759 86 18.724280754634112 1829 
724 762 91 23.99411612904949 1934 
725 762 86 38.82269759294215 1949 
726 762 80 21.61762788634136 1945 
727 765 89 15.074993751259985 1840 
728 765 98 37.38174738410255 1955 
729 767 80 21.657267276530963 1902 
730 767 88 48.77881354489577 1859 
731 768 94 22.606757217520762 1951 
732 768 92 41.2381253577256 1956 
733 769 78 11.110170131678125 1984 
734 771 98 32.60835889034397 1849 
735 773 84 36.37634930454319 1941 
736 774 97 49.45024521241129 1906 
737 776 92 49.81370413003407 1870 
738 777 82 33.09434162647818 1897 
739 777 95 42.185948060481124 1954 
740 779 95 12.183829861481312 2015 
741 780 80 23.55040729782724 1921 
742 780 95 48.410169421450554 1865 
743 781 91 48.93967790140642 1983 
744 782 78 17.871191823827147 2001 
745 783 80 39.54166064901602 1979 
746 783 80 22.302303703843656 1921 
747 785 92 17.000667258823103 1941 
748 786 95 46.79569016309645 1869 
749 788 85 31.38434782534165 1995 
750 789 83 44.44236055803417 1895 
751 794 96 35.59394258526315 1943 
752 794 85 21.928891240010753 1947 
753 794 92 13.280238050609166 1854 
754 795 92 21.062901880121743 1846 
755 795 80 11.128461456921848 1986 
756 797 89 30.575897696557924 1854 
757 797 80 38.87882309525575 1880 
758 798 89 17.257536884998395 1988 
759 798 96 43.197148277290474 1928 
760 798 87 20.604968975219073 1938 
761 801 90 49.27923563586246 2005 
762 803 81 37.81734317398827 1914 
763 803 86 10.018983066374926 1954 
764 803 92 21.299163075978708 2012 
765 804 85 25.747847315676946 1820 
766 806 92 14.809038134920147 1958 
767 807 86 28.122772317014714 1948 
768 808 87 45.036937021792845 1880 
769 808 96 15.36787590921 1928 
770 809 98 42.51428474820152 1932 
771 809 92 45.26839951998868 1875 
772 809 95 19.13444513682631 1987 
773 810 91 35.80930757783057 1911 
774 810 78 43.37728194424438 1994 
775 812 90 17.977849416704412 1958 
776 813 85 27.970735039590146 2015 
777 813 82 37.53100145045198 1827 
778 814 92 10.878422517602901 1845 
779 815 84 35.059376057143496 1995 
780 816 95 22.395884366501996 1936 
781 816 94 49.95710114362586 1871 
782 816 83 12.48776928044746 1820 
783 820 92 49.611288734212266 2007 
784 820 84 12.7042379368965 1864 
785 821 85 29.143344846089995 1826 
786 823 88 13.862009168574776 1980 
787 824 95 39.43540544112538 1959 
788 824 94 18.362428294466618 2006 
789 824 81 40.361216570315264 2000 
790 824 89 39.45516043714191 1848 
791 825 88 38.86655020203814 1862 
792 826 83 34.939899490418895 2002 
793 826 93 27.57148998753562 1870 
794 828 80 17.454358885920918 1894 
795 828 98 18.90238685812549 1907 
796 828 87 29.572473025233318 1970 
797 829 79 30.428864114922163 1891 
798 833 95 45.99702388125897 1969 
799 835 83 29.218334179144737 1963 
800 836 89 39.94713393752838 1978 
801 837 82 12.642863434651037 1966 
802 838 91 10.364565646224072 1999 
803 840 81 21.49154824791133 1993 
804 842 94 28.571690784873674 1885 
805 842 87 36.88724379817652 1947 
806 847 84 37.17071520871393 1837 
807 847 79 34.66529018078441 1883 
808 848 95 26.533028515768997 1943 
809 848 84 20.784461320228523 1917 
810 849 90 17.54467285365145 2002 
811 849 78 40.43748040621759 1885 
812 849 95 29.040957727467323 1972 
813 851 83 22.51539305899557 1965 
814 851 98 29.72465090110651 1818 
815 851 82 37.64200993984068 1915 
816 856 81 36.071068351895434 2012 
817 856 97 23.506923875841125 1916 
818 856 96 22.590111616840257 1914 
819 857 97 35.590707454248566 1997 
820 859 89 42.31396537844026 1867 
821 859 98 41.21863337175594 1995 
822 859 83 28.440434479642388 1831 
823 859 86 14.301785755383495 1831 
824 860 82 13.168989759957812 1925 
825 860 92 45.81341023671543 1956 
826 861 78 28.6636153090449 2008 
827 861 96 38.08083417486671 1882 
828 863 84 37.23108496152555 1996 
829 864 91 31.040031939160095 1987 
830 864 98 11.493506468827395 1896 
831 865 93 49.91049830762578 1842 
832 865 85 31.343828094557065 1840 
833 868 85 24.466293733179594 1977 
834 868 97 21.129283410568398 1944 
835 869 94 24.718714255131367 1910 
836 871 82 25.889996138676455 1992 
837 872 92 32.92153998064941 1985 
838 872 78 45.835683645988745 1905 
839 872 94 11.651561292820087 1995 
840 873 92 24.42157687120872 1928 
841 873 86 49.83333045264128 1896 
842 876 92 31.117928962890478 1955 
843 876 78 43.77566623326316 1816 
844 877 79 36.73286789778564 1837 
845 879 78 21.73186739814717 1861 
846 881 91 27.80750147816898 1997 
847 882 94 41.91810648193731 2004 
848 882 78 10.728269828922317 2016 
849 884 82 12.783957380178514 1869 
850 884 82 49.6430176231804 1940 
851 885 91 35.3205134713393 1878 
852 885 88 30.615346421768525 1826 
853 885 94 43.00701923117125 1947 
854 886 96 38.928073989888695 1904 
855 887 85 43.01672802352408 1906 
856 889 93 37.822211375981624 1968 
857 889 89 20.798290959967343 2000 
858 890 84 22.211384821365655 1960 
859 891 89 19.78019839845612 1906 
860 892 80 17.65423044489935 1896 
861 892 85 30.799954230620813 1920 
862 892 92 23.6302139326791 1888 
863 893 84 42.45398852323402 1840 
864 894 87 28.959821022793687 1933 
865 895 98 24.459504068878154 1890 
866 895 86 30.56974406410165 1940 
867 896 79 45.48980197838845 1962 
868 899 86 35.905760011486905 1868 
869 901 98 12.802533903127795 1981 
870 902 92 10.20378158035176 1954 
871 904 87 32.882936398778 1945 
872 908 89 23.95342733533429 1941 
873 910 92 20.37878712295702 1985 
874 910 96 45.683675490124585 1842 
875 910 80 27.541726306990988 1862 
876 912 89 48.91312743928387 1855 
877 912 88 10.433869947518058 2013 
878 915 88 23.4247246669708 1837 
879 917 94 18.96217757023678 1974 
880 918 91 43.409425357523055 1853 
881 918 82 14.420189701218362 1836 
882 921 84 40.39783229155424 1830 
883 925 98 26.55168926809896 1866 
884 927 82 48.45454067373376 1923 
885 927 92 49.65887141159777 1929 
886 928 81 26.87899538262282 1949 
887 928 87 12.08851698386483 1892 
888 928 98 46.808520503517805 1838 
889 929 88 39.238054017640884 1866 
890 929 96 47.69069950711141 1971 
891 930 93 47.231864385829354 1895 
892 930 79 11.33398598417724 1893 
893 931 97 31.759905040266702 1982 
894 931 94 20.427179829762455 1832 
895 931 86 39.21531014372965 1836 
896 932 85 21.857183072988512 1894 
897 935 96 44.933135636301465 1928 
898 936 91 13.11373146925118 1841 
899 939 98 41.2006162676719 1965 
900 939 83 12.497208093798239 1925 
901 941 85 28.49663455515107 1827 
902 941 79 23.12951513787425 1974 
903 943 92 48.522514574120294 1861 
904 943 96 23.442581990838505 1933 
905 943 86 27.2024708646431 1856 
906 943 82 13.108088424137087 1900 
907 943 87 23.30343157025558 1850 
908 944 84 42.14926224794438 1845 
909 947 93 16.01930308161174 1834 
910 949 79 26.266335381445952 1885 
911 949 95 13.607392514623559 1856 
912 950 93 15.273975490197579 1975 
913 950 86 11.219740865384935 1929 
914 950 80 10.522809096590482 1826 
915 953 78 27.062759259528303 1855 
916 953 88 23.970785359375757 1925 
917 954 94 12.926406537751166 1833 
918 954 84 39.57287994772674 1975 
919 955 96 48.88225584449724 1842 
920 957 96 18.257701823921977 1938 
921 959 78 18.82879650610747 1833 
922 960 83 40.57697048751676 2005 
923 961 98 36.85736571609752 1903 
924 962 98 16.310888577670543 1864 
925 963 93 31.810776921584377 1902 
926 965 97 25.28642784910278 1837 
927 966 95 17.28301525822303 1898 
928 967 98 27.262378337756495 1962 
929 968 84 45.7301748963395 1974 
930 968 80 25.834672209027968 1965 
931 969 83 27.5124744193445 2010 
932 971 95 21.04190839711066 1923 
933 972 84 47.30501730814699 1985 
934 972 79 36.331763888251345 1820 
935 973 98 22.591043546566173 1902 
936 973 93 49.039702769595756 1850 
937 975 83 34.7164863901405 1987 
938 980 90 45.706485169118835 2011 
939 984 96 25.09171364467848 1878 
940 984 97 22.469373193025383 1847 
941 985 84 26.587784803452102 1942 
942 985 91 32.38595234162179 1993 
943 986 80 35.22583405265662 1830 
944 987 96 30.387981452640986 1949 
945 987 93 18.63099072371675 1908 
946 988 80 17.10623904887981 1989 
947 989 87 14.278561034017269 1994 
948 993 83 30.395164317000894 1905 
949 995 95 28.22746412080666 1947 
950 995 90 19.505973512382052 1952 
951 999 82 33.90032260972196 1944 
952 999 98 23.378987225798767 2011 
953 1000 91 21.230264566714517 1943 
954 1001 88 45.8327240481197 2005 
955 1001 95 13.80121365257645 1819 
956 1002 98 41.75013686905695 1931 
957 1003 86 14.869875315213221 1975 
958 1005 90 21.519106761681908 1915 
959 1007 83 15.896074800723653 1996 
960 1007 81 17.066100979816298 1945 
961 1007 80 38.3492894172978 1818 
962 1007 78 25.337258699064048 1946 
963 1009 78 31.08810603174991 1992 
964 1010 98 41.67006469840377 1967 
965 1014 82 24.821739249778794 1956 
966 1016 96 31.013919041505147 1971 
967 1017 85 48.11280590233979 1950 
968 1019 82 45.09716099018234 1831 
969 1020 82 47.49080599859025 1984 
970 1020 82 40.495291036953034 1914 
971 1021 97 27.512777749317365 1910 
972 1021 88 26.797613348879096 1850 
973 1022 83 23.409885004537813 1970 
974 1023 93 39.958642426076565 1904 
975 1024 80 22.06723607149618 1867 
976 1024 97 36.64023162516964 1925 
977 1028 79 23.733845414551816 1959 
978 1029 81 19.204310729096143 1927 
979 1031 92 24.4012920410324 1967 
980 1035 96 43.41573289218709 1833 
981 1035 78 47.19245145768792 1855 
982 1035 78 38.49862552105243 1982 
983 1036 84 30.997741901898817 1851 
984 1037 93 26.721679351435903 1823 
985 1038 79 45.73482868964601 1999 
986 1039 84 39.99083776021981 1895 
987 1039 94 15.090678061536007 1876 
988 1040 90 49.514478321425145 1860 
989 1040 92 31.481392275909286 1895 
990 1040 80 30.762167556273788 1910 
991 1041 97 21.309210727213454 1990 
992 1042 83 44.22735915129607 1818 
993 1042 83 14.702826630177771 1910 
994 1043 86 28.43568163346564 1934 
995 1047 85 41.35163722496554 1831 
996 1047 96 24.582802168825072 1910 
997 1048 90 28.148193283441827 2003 
998 1050 96 43.326532158168874 1836 
999 1051 78 13.584202659896123 1840 
1000 1051 95 22.174037260719764 1885 
1001 1053 78 33.15416761970693 1981 
1002 1054 92 10.595808405872674 1914 
1003 1055 79 26.141255064655894 1896 
1004 1057 96 47.753127518614306 1837 
1005 1057 90 27.89301421044108 1884 
1006 1059 81 24.119131099683106 1979 
1007 1060 81 26.18716190475002 1847 
1008 1061 83 10.058818046988174 1999 
1009 1062 88 13.263386818417926 2013 
1010 1063 85 36.49353865768561 1876 
1011 1065 88 22.697054021564043 2004 
1012 1066 98 48.71516064119647 1947 
1013 1066 80 27.93835060813973 1839 
1014 1067 98 31.690457743700794 1978 
1015 1070 90 24.044424650452214 1969 
1016 1071 82 36.14917703391238 1891 
1017 1073 82 30.02275929404633 1960 
1018 1073 93 48.68475548354554 1911 
1019 1074 89 44.58475737852594 1928 
1020 1074 97 49.80741104202414 1994 
1021 1074 96 35.711511929416915 1946 
1022 1074 90 25.63262513351184 1851 
1023 1074 87 16.737065792564373 1879 
1024 1075 83 23.291797225217795 1851 
1025 1077 86 23.992069221124087 1826 
1026 1077 98 41.365243890177936 1882 
1027 1077 97 27.63343818399751 1918 
1028 1078 92 26.09656689435178 1997 
1029 1080 98 14.678787079062827 2009 
1030 1080 93 41.03779392752811 2007 
1031 1081 79 27.1339348951278 1944 
1032 1081 85 24.699928519462986 2002 
1033 1085 93 21.727684238569452 1886 
1034 1087 80 39.492277734196044 1869 
1035 1090 98 26.396303100436565 1909 
1036 1091 96 33.8808166916084 1896 
1037 1092 87 28.95062398716082 1862 
1038 1094 90 26.806449828561906 1972 
1039 1095 85 10.154107229519052 2007 
1040 1095 79 39.433817966537944 2008 
1041 1096 79 24.46999455949081 1871 
1042 1097 80 12.381442606516831 1975 
1043 1100 90 13.589666146962909 1956 
1044 1101 93 30.52233910874293 1893 
1045 1104 98 22.601977652744356 1950 
1046 1105 83 30.81916648545632 1938 
1047 1106 91 21.158454233801347 1932 
1048 1106 90 49.380824296715154 1946 
1049 1106 78 15.67643711453481 1884 
1050 1106 92 39.67253760617689 1842 
1051 1108 84 25.593338686288163 1898 
1052 1108 89 17.60538187888217 1980 
1053 1109 93 46.258083099009816 1943 
1054 1109 94 15.030676792117049 1974 
1055 1111 95 12.035923813188747 1978 
1056 1112 92 19.77146008157746 1829 
1057 1113 78 29.1961405184246 1978 
1058 1113 85 43.80103171728046 1900 
1059 1114 83 13.963692599394832 1894 
1060 1117 87 44.58945061952792 1874 
1061 1117 94 14.419341256723612 2014 
1062 1118 94 24.98582904756887 1937 
1063 1119 81 48.22301442175486 1993 
1064 1120 80 44.932203401340594 1964 
1065 1120 88 11.845147925530926 1942 
1066 1121 94 15.226231967913302 1894 
1067 1121 92 30.47872010704141 1865 
1068 1122 89 18.063683797231725 1861 
1069 1122 80 24.121596513456517 1875 
1070 1124 79 17.091305277580627 1906 
1071 1125 83 16.078917181320463 1894 
1072 1125 91 44.2201406519573 1999 
1073 1125 88 24.682067025236698 1889 
1074 1126 92 33.20148113838229 1871 
1075 1126 78 47.82891328197235 1859 
1076 1126 92 25.301709444942762 2009 
1077 1127 81 19.009285569468574 1835 
1078 1128 91 10.167306161629437 1871 
1079 1128 83 17.396348114830616 1890 
1080 1129 86 28.934623664063565 1973 
1081 1129 87 20.971935447544507 1877 
1082 1130 84 49.81421246715885 1858 
1083 1133 82 30.567104213623985 1907 
1084 1133 78 26.678596622469435 1820 
1085 1135 79 38.941307953873995 1998 
1086 1135 80 22.46155273072318 1950 
1087 1135 82 12.104803156932697 1928 
1088 1135 94 40.10698250390021 1855 
1089 1136 98 38.92711970457679 1847 
1090 1137 95 47.91399252858933 1987 
1091 1137 80 38.45886842328526 1958 
1092 1139 89 10.216011282239176 2016 
1093 1140 87 45.46213149742886 1967 
1094 1143 94 48.72592898436651 1870 
1095 1143 91 38.478938765333666 2004 
1096 1143 89 47.03912471178428 1896 
1097 1143 90 16.006281409301053 1978 
1098 1143 98 14.981717806129456 1869 
1099 1143 91 20.831152985391764 1997 
1100 1148 82 10.853384688274659 1951 
1101 1151 84 18.458792641314766 1835 
1102 1154 78 44.1080288768211 1866 
1103 1155 82 12.725572688819483 1927 
1104 1156 79 28.367386531487302 1911 
1105 1160 89 46.90475895689875 1959 
1106 1162 93 17.02816369410833 1913 
1107 1163 95 17.023978537420994 1968 
1108 1164 94 34.40881051050809 1890 
1109 1165 91 34.26761625258878 1906 
1110 1165 96 20.83957989862939 1862 
1111 1166 88 18.316576377526033 2007 
1112 1166 93 41.989284798622144 1946 
1113 1167 91 12.036893948276974 1820 
1114 1168 85 45.26742250959798 1870 
1115 1173 87 36.42007466700041 1816 
1116 1175 93 41.095159904938924 1828 
1117 1178 95 14.088040874214776 1830 
1118 1178 86 45.007714727348 1892 
1119 1178 80 49.96365038089814 1839 
1120 1179 95 11.294208718363098 1880 
1121 1180 81 10.646759923093118 1867 
1122 1182 90 29.043350777552554 1899 
1123 1182 97 15.950800630509484 1900 
1124 1183 82 21.24715060145626 1882 
1125 1184 84 21.152749898883982 1931 
1126 1185 94 22.3335567537679 1820 
1127 1186 81 34.28667671080361 1914 
1128 1186 96 19.444810370208284 1970 
1129 1188 93 33.34862936583265 1928 
1130 1189 93 34.39268153750264 1903 
1131 1190 93 40.37887606530119 1997 
1132 1191 89 48.51929711138571 1913 
1133 1192 79 48.89646227320248 1900 
1134 1195 89 37.89222976835831 1829 
1135 1196 98 46.260138644186426 1970 
1136 1196 92 24.55965184037252 1872 
1137 1197 97 45.12231025644627 2013 
1138 1198 98 45.12860301884903 1834 
1139 1202 79 38.75330065714409 1926 
1140 1202 86 12.8941503883257 1920 
1141 1202 88 40.575475552097515 1845 
1142 1203 93 17.546891464300117 1817 
1143 1204 97 12.534360081459557 1835 
1144 1204 79 19.117743972045567 1916 
1145 1204 88 25.664029404250673 2010 
1146 1205 82 25.47931850493303 1847 
1147 1205 81 33.6418301177865 1873 
1148 1207 81 21.35598546805529 1976 
1149 1208 89 22.268370622740427 1965 
1150 1208 79 48.182275890366164 1966 
1151 1210 88 46.457623361917044 1917 
1152 1210 97 17.737193899666575 1880 
1153 1211 93 34.59253808652073 2007 
1154 1211 96 24.782766529158266 1887 
1155 1216 78 46.506510599568415 1825 
1156 1217 91 29.17886885679703 1848 
1157 1218 92 34.42104737002126 1870 
1158 1219 82 38.225727785452854 1999 
1159 1220 94 22.099395061387742 1981 
1160 1221 83 41.05432055946257 1867 
1161 1221 91 27.119887407441198 1985 
1162 1222 91 28.56295010197748 1834 
1163 1222 86 47.92465475892372 1851 
1164 1223 89 22.798903985107003 1832 
1165 1224 93 19.853795501353822 1857 
1166 1225 92 10.1320184202448 2014 
1167 1225 84 42.32533383825481 1990 
1168 1225 92 23.112056063593105 1937 
1169 1225 95 32.34558604260735 1977 
1170 1226 93 11.723327966429288 1960 
1171 1229 83 31.988127657223657 1863 
1172 1229 78 40.625167499663625 1940 
1173 1230 95 48.94603460787467 1923 
1174 1230 89 20.37852612370491 1939 
1175 1231 85 20.56582932197589 1915 
1176 1232 79 35.9886338637691 1823 
1177 1234 84 19.79556210268761 1977 
1178 1235 79 39.08636767203056 1979 
1179 1235 91 14.385169941679411 1903 
1180 1236 95 30.355031382699167 1979 
1181 1236 82 12.339990314575777 1929 
1182 1237 83 45.10696990346818 1985 
1183 1237 92 30.060463432678702 1929 
1184 1238 98 28.453367932692633 1817 
1185 1239 84 39.14522677879548 1908 
1186 1239 92 40.16929680023603 1869 
1187 1239 92 24.451970190357603 1915 
1188 1241 80 35.70201004909754 1915 
1189 1242 93 39.31230140276583 1892 
1190 1244 80 37.21628687258795 1875 
1191 1244 93 26.358013546021514 1957 
1192 1244 86 43.013935936448426 1922 
1193 1244 98 46.400435302697886 1925 
1194 1245 94 18.38705793109453 1855 
1195 1245 88 22.6390594620081 1978 
1196 1245 82 46.79518208091012 1866 
1197 1246 98 31.20949310958477 1893 
1198 1248 81 22.99334865757494 1927 
1199 1249 87 29.924796905896578 1871 
1200 1255 94 21.577182273119945 1837 
1201 1256 80 31.39453401427002 1817 
1202 1257 98 20.433365080743684 1959 
1203 1258 81 16.117616306772348 1933 
1204 1260 91 26.7400785417166 1821 
1205 1260 80 21.23619271522456 1915 
1206 1261 95 11.409187986038244 1993 
1207 1263 98 29.936141123638997 2007 
1208 1263 83 32.39302213629486 1953 
1209 1264 88 48.51235199577956 1942 
1210 1265 86 19.403730148746856 1922 
1211 1266 81 27.5693012940415 1879 
1212 1267 98 33.80765302334295 1856 
1213 1267 98 42.23213281865887 1997 
1214 1267 93 38.991742759656255 1818 
1215 1267 98 14.261452399612597 1987 
1216 1270 92 37.73087177911104 1945 
1217 1271 87 30.63846389475056 1881 
1218 1272 89 31.394854129799825 1953 
1219 1272 91 45.51970792209513 1832 
1220 1272 80 39.9377455202022 1906 
1221 1274 82 32.465603507620216 1898 
1222 1276 84 35.07939549775467 1870 
1223 1278 93 42.256725669327636 1916 
1224 1278 81 24.956831233236436 1827 
1225 1279 90 42.11684800785271 2016 
1226 1279 84 45.88312690559319 1818 
1227 1279 81 31.76895454437025 2001 
1228 1280 87 20.864922490692162 1904 
1229 1281 90 27.645698377800485 1916 
1230 1281 96 30.35276619570936 1919 
1231 1282 94 40.90445049869788 1817 
1232 1283 88 49.45173726072404 1972 
1233 1284 89 33.09853597026432 1897 
1234 1285 79 14.343999806722994 1839 
1235 1288 86 33.70347979618796 1884 
1236 1289 90 35.36369940429842 1839 
1237 1290 79 40.22187414427748 1953 
1238 1292 80 13.516393339888477 1859 
1239 1293 78 37.627584018322 2000 
1240 1293 82 25.929044360260278 1916 
1241 1294 82 34.92011846147215 1921 
1242 1294 89 10.887638971614514 1820 
1243 1294 83 13.441879504422811 1942 
1244 1296 87 11.832409209701629 1838 
1245 1296 79 24.114503166644358 1862 
1246 1296 95 39.326865903340675 1943 
1247 1296 79 18.72053881402142 2008 
1248 1297 81 23.653007617941768 1929 
1249 1297 89 14.536435585296186 1931 
1250 1297 90 23.462534834800852 1915 
1251 1298 87 45.7762649385583 1821 
1252 1298 89 45.456171775995315 1993 
1253 1299 98 14.031914496670561 1937 
1254 1300 79 44.50046416329507 1980 
1255 1301 82 27.803251096460052 1886 
1256 1302 82 17.47868262719802 1972 
1257 1304 82 48.68427732441692 1903 
1258 1304 81 14.662980243100488 1888 
1259 1304 93 19.391667678395464 1860 
1260 1305 83 49.16348298725889 1843 
1261 1305 79 42.009173986247916 1885 
1262 1306 94 25.49191681878616 1940 
1263 1308 79 26.779191534698036 1836 
1264 1308 89 32.47369732967603 1970 
1265 1308 82 26.303513320846346 1852 
1266 1309 98 14.067623997039579 1992 
1267 1309 82 44.51497945915976 1861 
1268 1310 85 24.028026541469607 1981 
1269 1311 94 26.87522221188335 1934 
1270 1311 83 38.19567647121616 1862 
1271 1312 88 25.521670374155345 1871 
1272 1314 79 32.21348371743488 1870 
1273 1314 97 41.23417623449312 1893 
1274 1316 93 40.95025954254383 1979 
1275 1316 96 29.238707485653922 1905 
1276 1319 78 16.261501924060585 2008 
1277 1320 84 37.800069911379325 1917 
1278 1321 98 49.3008170017177 1868 
1279 1321 81 40.415420935141434 1897 
1280 1321 86 12.660622829965682 1963 
1281 1322 78 10.102639175392486 2004 
1282 1322 97 32.47390611823042 1978 
1283 1322 89 40.38808780936121 1871 
1284 1324 93 24.881449034967822 1842 
1285 1326 82 34.26993904170195 1849 
1286 1326 83 48.445018795339536 1906 
1287 1328 91 19.14367488994266 1867 
1288 1330 86 34.81446557499471 2009 
1289 1331 92 46.989999534595135 1907 
1290 1331 78 14.12478416818633 1823 
1291 1331 80 27.09599086495549 2007 
1292 1332 98 35.60141374954571 1932 
1293 1332 85 22.7308337922698 1965 
1294 1332 86 35.10270858664432 1951 
1295 1332 85 31.643904352659437 1910 
1296 1333 93 20.680314674758048 1931 
1297 1336 98 18.780716118100514 1899 
1298 1336 84 20.683690895423954 1816 
1299 1336 83 11.672057463869647 1995 
1300 1336 97 40.957122250608705 1930 
1301 1336 96 48.298515050707785 1865 
1302 1337 84 31.516957576176164 2002 
1303 1337 83 10.839144451879395 1984 
1304 1340 87 46.83569801219185 1977 
1305 1340 82 34.458788531560785 1837 
1306 1340 93 46.858332815857786 1972 
1307 1340 82 30.98538943271587 1911 
1308 1341 78 10.62254039623491 1864 
1309 1341 84 42.596052328113295 1978 
1310 1341 87 41.998752897914414 1931 
1311 1342 90 38.96302497380848 1837 
1312 1342 85 24.371156081160628 1953 
1313 1343 84 35.84895127705893 1835 
1314 1344 78 19.127438298864536 1933 
1315 1345 95 13.694164573298814 1873 
1316 1345 82 31.61896942789202 1980 
1317 1346 83 40.19768824330279 1877 
1318 1346 85 36.199887638442924 1820 
1319 1349 84 35.75728463000209 1894 
1320 1350 91 39.60240516052872 2009 
1321 1352 87 43.97779260196839 1850 
1322 1353 95 23.26760151279251 1949 
1323 1353 85 14.937601016553694 1984 
1324 1354 96 26.389813479742415 1878 
1325 1356 97 31.911487003263165 1891 
1326 1360 97 41.01180271040502 1829 
1327 1360 79 48.68962281787498 1849 
1328 1361 86 36.012767721031075 2008 
1329 1363 84 20.60684174803683 1920 
1330 1364 83 45.94409876239872 1852 
1331 1364 93 43.22082971511514 1989 
1332 1365 79 14.758247166136886 1831 
1333 1365 90 25.04477218490965 1868 
1334 1366 79 23.38881219412924 1991 
1335 1366 89 49.26334032332115 1915 
1336 1367 98 13.845845837732472 1821 
1337 1367 88 18.742995991871453 1973 
1338 1367 95 29.175093226308103 1907 
1339 1367 83 28.14124893307083 1820 
1340 1368 84 33.41617512430748 1963 
1341 1368 89 23.41687737379768 1857 
1342 1369 96 47.7047186774483 1987 
1343 1370 79 41.00084111512208 1988 
1344 1370 98 42.43010496925073 1852 
1345 1372 97 49.96513574490727 1855 
1346 1374 98 25.404666936064004 1995 
1347 1374 78 18.815940615357437 2016 
1348 1375 82 34.59465146198248 2013 
1349 1375 79 48.68102709865105 1975 
1350 1375 85 11.109543076520483 1887 
1351 1375 91 27.19220543570277 1899 
1352 1376 80 36.72659562550852 1819 
1353 1377 95 43.617794521066294 1864 
1354 1378 89 46.80671325195276 1957 
1355 1378 79 17.93220840050932 1850 
1356 1379 80 14.248722469581349 1880 
1357 1380 78 25.433385939813917 1892 
1358 1381 98 48.23022609802686 1874 
1359 1382 86 15.10980511204079 1913 
1360 1382 86 46.668680196642015 1972 
1361 1382 92 33.03728530667794 1968 
1362 1386 88 41.75029573544016 1912 
1363 1387 93 49.81981921808172 1829 
1364 1388 98 17.511416084728513 2011 
1365 1390 88 11.768949097605068 1816 
1366 1390 91 30.12418528848007 1920 
1367 1391 88 27.094618562031613 1905 
1368 1392 81 34.264719320883096 1884 
1369 1393 97 36.270636395426024 1844 
1370 1395 94 16.923427116628634 1864 
1371 1398 88 35.231117418910756 1865 
1372 1399 97 45.373998634097546 1935 
1373 1399 96 44.34455039539309 1877 
1374 1399 96 47.807890313492656 1919 
1375 1403 92 16.504335724316704 1902 
1376 1403 80 13.849709535226648 1864 
1377 1404 95 28.19329051545705 1916 
1378 1405 92 22.336000783170157 1875 
1379 1407 89 10.73777522554801 1855 
1380 1408 94 49.615859592837914 1862 
1381 1408 98 30.309422112202625 1961 
1382 1409 97 37.500847931745305 1991 
1383 1409 89 22.445996338446648 1923 
1384 1412 96 16.052591507980488 1956 
1385 1413 86 26.403001829069495 1950 
1386 1413 85 17.65933883098166 1876 
1387 1413 82 45.92193525697239 1832 
1388 1414 84 42.55235872280824 1942 
1389 1414 83 38.17603869486116 1899 
1390 1420 87 34.11917528041425 1828 
1391 1421 85 20.430845596071606 1908 
1392 1422 90 44.62768819211171 1919 
1393 1423 82 16.33024340211973 1961 
1394 1423 78 11.110569041914854 1841 
1395 1424 81 37.869889706519686 1994 
1396 1425 97 43.1889562699825 1816 
1397 1427 82 12.110458474312086 2016 
1398 1430 94 23.560003831175766 1837 
1399 1432 90 39.246077806590506 1943 
1400 1432 94 43.1611449120946 2005 
1401 1432 94 43.15882586049133 1902 
1402 1432 91 32.638156137212064 2001 
1403 1435 90 25.3535140417994 1929 
1404 1436 92 40.2655276791017 1818 
1405 1436 88 28.497583553552467 1890 
1406 1436 79 36.2571981306995 1942 
1407 1439 88 25.631934216018717 1961 
1408 1439 89 13.117791895313808 2009 
1409 1441 97 12.952430818035946 1843 
1410 1441 85 13.697983796468964 1915 
1411 1442 95 26.18039837025599 1848 
1412 1442 80 28.875455756991077 1964 
1413 1443 80 31.384065670882023 2008 
1414 1444 92 33.999940268883314 1862 
1415 1445 81 32.32869595251822 1865 
1416 1448 93 15.507218636540152 1928 
1417 1449 82 36.06965224468808 1972 
1418 1450 86 24.94499490500157 1834 
1419 1454 97 28.713392504827972 1859 
1420 1455 82 31.359551015967185 1910 
1421 1455 98 15.300585448459989 1950 
1422 1456 98 28.0345552873729 1889 
1423 1457 88 45.52222635304378 1961 
1424 1459 78 47.038663317575306 1869 
1425 1460 88 30.681167617515854 1909 
1426 1462 98 19.67692964831216 1855 
1427 1462 78 35.444708474362336 1902 
1428 1462 95 18.823859647074123 1998 
1429 1464 96 21.697641402494 1863 
1430 1465 95 24.745939338552823 1919 
1431 1466 98 43.936922568484206 1970 
1432 1467 97 23.34611756209235 1876 
1433 1470 92 25.94170193669633 1939 
1434 1470 85 41.00260555577195 1927 
1435 1471 93 38.5385418939439 1883 
1436 1473 78 26.252057389057207 1958 
1437 1474 88 22.845304833918888 1852 
1438 1474 98 19.401549756739612 1879 
1439 1475 80 25.028165442307206 1977 
1440 1475 85 41.47575076952745 1958 
1441 1476 80 26.307246491301544 1901 
1442 1477 85 48.115365160235314 1941 
1443 1478 83 30.916943054896585 1951 
1444 1480 89 40.32293244354645 2002 
1445 1481 96 44.03982825797072 2012 
1446 1482 98 23.937603076620412 1855 
1447 1483 91 28.575540291566597 1876 
1448 1484 84 11.527920003697702 1824 
1449 1485 91 26.738080177648555 1981 
1450 1486 86 44.908594189612735 1840 
1451 1486 96 25.36252077143552 1876 
1452 1488 93 23.072959808848786 1847 
1453 1488 95 32.31487084130461 1977 
1454 1491 88 48.07060784631649 1881 
1455 1492 97 22.54642354628109 1903 
1456 1492 87 27.96037743457063 1884 
1457 1493 86 27.668541548495817 1939 
1458 1493 82 24.071191096603727 1885 
1459 1494 80 25.02626408651414 1883 
1460 1495 91 10.3884542105177 1903 
1461 1495 95 42.4500609588777 1839 
1462 1496 94 19.624311862878088 1852 
1463 1496 86 45.49182499592949 1944 
1464 1496 80 26.426386105434062 1930 
1465 1502 98 40.28088913024294 1866 
1466 1503 93 31.342221427116883 1988 
1467 1504 91 24.42586045888494 1994 
1468 1505 89 30.039302226117815 1860 
1469 1506 84 14.762885279951622 1923 
1470 1509 82 37.46628174982896 1932 
1471 1510 94 35.54423441989755 1950 
1472 1510 82 22.106815933302126 1937 
1473 1511 81 32.937904689118916 1960 
1474 1512 91 18.000370128552166 1965 
1475 1514 81 33.24493276230958 1978 
1476 1515 97 27.248161435862915 1856 
1477 1515 90 13.690481355900609 1977 
1478 1516 82 35.575036528082 1852 
1479 1519 78 38.75849736586399 1967 
1480 1521 82 43.222514167946365 1841 
1481 1521 87 35.10907308055122 1855 
1482 1523 96 26.178592269829203 1966 
1483 1526 92 43.43013419160431 1866 
1484 1527 86 11.87627811472848 1952 
1485 1528 85 34.64695294218804 1914 
1486 1530 91 39.63338174237995 1913 
1487 1530 85 16.104866823616742 1816 
1488 1530 89 35.39654085207245 1910 
1489 1530 97 45.88377515786951 1991 
1490 1530 95 40.23498242336834 1825 
1491 1531 87 44.7561050622059 1844 
1492 1534 85 48.62128718393571 1934 
1493 1535 92 20.58589653596512 1970 
1494 1536 93 47.140043604266296 1905 
1495 1537 82 38.57802168359818 1963 
1496 1537 88 43.66298035250141 1994 
1497 1537 86 18.67207006325272 2001 
1498 1538 78 19.17323182622659 1844 
1499 1538 81 10.631262647763403 1991 
1500 1539 87 25.688651197225365 1955 
1501 1541 79 44.10257585720026 1976 
1502 1541 80 39.75180173805465 1955 
1503 1542 96 47.100940764425225 1885 
1504 1544 88 25.327701004302426 1941 
1505 1545 79 10.768947429808616 1998 
1506 1546 81 44.99736575639159 1848 
1507 1547 88 18.582305089553035 1981 
1508 1549 78 16.29792614933978 1919 
1509 1550 93 47.20628443343805 1953 
1510 1551 78 16.975547865121356 1959 
1511 1554 81 40.857154041743655 1956 
1512 1555 90 49.178131971423056 1929 
1513 1555 80 28.406785210712723 1909 
1514 1557 91 30.691314521335403 1941 
1515 1558 82 25.696941503081582 1995 
1516 1558 94 23.456480913524835 1958 
1517 1558 80 36.04553718926118 1829 
1518 1558 91 49.29613598861409 1951 
1519 1560 92 37.310606853246725 1979 
1520 1561 98 36.16979829356694 1889 
1521 1562 79 34.97125100693974 1937 
1522 1562 82 40.67430962082675 1961 
1523 1563 84 27.75019127347413 1910 
1524 1563 85 22.671957285981513 1858 
1525 1566 87 16.242818087022627 2013 
1526 1567 85 32.73348212063232 1944 
1527 1569 96 47.19780930215147 1940 
1528 1569 82 33.623777381509406 1990 
1529 1569 79 34.18005350366141 1974 
1530 1569 97 39.59659585370511 1986 
1531 1571 88 35.93645583831797 2013 
1532 1572 92 29.606792473564695 1860 
1533 1573 95 19.354402641714785 1833 
1534 1575 83 31.734612735346474 1849 
1535 1576 89 32.674974200475 1967 
1536 1578 98 41.58680727370398 1952 
1537 1579 95 27.4095531864926 1897 
1538 1580 93 12.816262002640805 1925 
1539 1581 93 21.847357071097576 1900 
1540 1582 95 22.25840792341675 1998 
1541 1584 79 46.98941784658415 1877 
1542 1586 86 14.986644907951515 2012 
1543 1589 93 30.55608700439665 1937 
1544 1590 89 38.057334619682635 1956 
1545 1590 97 21.31838688501919 1916 
1546 1590 95 18.96339838793404 1876 
1547 1591 94 15.320968309525544 1975 
1548 1592 83 49.32366747719314 1875 
1549 1593 88 20.252751098985755 1817 
1550 1593 86 14.162494469743375 1887 
1551 1597 86 40.248480279201125 1864 
1552 1599 90 27.139751831852855 1877 
1553 1599 83 16.644554401954803 1976 
1554 1602 78 23.212439443020987 1945 
1555 1602 88 16.723013369928456 1986 
1556 1604 81 14.413812117238049 1844 
1557 1605 87 10.950964237993816 1932 
1558 1605 92 43.63612581032215 1859 
1559 1605 91 18.3645510207497 1951 
1560 1606 91 34.33779785871329 1899 
1561 1606 96 36.25114961475561 1989 
1562 1612 85 19.057773671678984 1957 
1563 1612 83 31.13526036174286 1877 
1564 1612 94 32.25359511079492 1965 
1565 1612 85 13.45832387508963 1965 
1566 1613 89 36.06588449909382 1868 
1567 1615 98 22.2880547817725 1826 
1568 1616 88 44.26100603973263 1917 
1569 1617 95 13.189228259570607 1873 
1570 1617 88 35.87507944455207 1903 
1571 1618 82 45.18861456844928 1819 
1572 1618 93 44.007036618159354 1962 
1573 1619 83 29.198278481717175 1983 
1574 1620 87 35.943359813662475 1923 
1575 1621 94 49.291016239687615 1945 
1576 1621 97 44.500189129189536 1841 
1577 1621 87 15.219399565685432 1902 
1578 1622 83 13.200897088657007 1906 
1579 1623 98 47.541558733103656 1956 
1580 1623 95 39.673874795782595 1860 
1581 1624 96 46.4581332375469 2005 
1582 1624 86 49.1547331315944 1889 
1583 1626 82 22.576602914536355 1939 
1584 1627 83 20.604121360207888 1981 
1585 1627 85 39.918635764229904 1848 
1586 1627 78 32.066306562297555 1873 
1587 1628 95 38.062599790817416 1867 
1588 1629 84 20.582174235212452 1977 
1589 1630 78 22.102978868213278 1863 
1590 1631 98 22.39772627964596 1845 
1591 1631 95 33.46475842393535 1839 
1592 1631 80 11.492589831504736 1907 
1593 1632 87 36.44662631588899 1977 
1594 1633 92 39.205927945187895 1844 
1595 1634 78 18.38217788687947 1999 
1596 1634 79 24.70554878277026 1968 
1597 1635 93 15.380240662515735 1976 
1598 1635 88 19.821369467993016 1829 
1599 1636 81 48.60516653252783 1898 
1600 1637 81 29.33199573674331 1946 
1601 1637 94 31.132979013399193 1838 
1602 1638 79 40.87050685104904 1899 
1603 1638 85 11.553267564176263 1905 
1604 1639 82 23.016298530445773 1946 
1605 1641 90 39.978353438760806 1985 
1606 1642 96 19.549459718025805 1830 
1607 1642 83 15.348640838314559 1936 
1608 1643 92 34.30752886123824 1909 
1609 1643 94 40.17471982529683 1868 
1610 1645 79 34.164936293686324 1911 
1611 1646 98 43.570099788701164 2002 
1612 1646 91 16.088242926862634 1890 
1613 1647 96 41.00684604195073 1972 
1614 1649 83 41.441705104339164 1844 
1615 1650 88 26.26756378477762 1881 
1616 1650 97 24.235815841993297 1980 
1617 1653 89 23.18937254381951 1984 
1618 1654 89 33.738319058633905 1916 
1619 1654 97 28.93268486535679 1846 
1620 1654 78 32.50283131696242 1900 
1621 1655 95 27.461827960808883 2007 
1622 1655 86 18.276473352573007 1901 
1623 1656 97 10.66330656221091 1892 
1624 1657 88 26.258999139050836 1821 
1625 1657 95 42.47293201961464 1977 
1626 1658 88 42.02917221709347 1862 
1627 1658 94 44.659152587004975 1968 
1628 1659 85 11.706329453730078 1959 
1629 1659 86 28.799824007909184 2015 
1630 1659 85 41.34188094598274 1912 
1631 1660 89 25.472383743157234 1900 
1632 1660 85 27.511069441331028 2001 
1633 1660 94 47.73273934597866 1863 
1634 1661 88 21.927745543324054 1943 
1635 1662 92 38.40221411262611 1846 
1636 1662 96 26.907072302931816 1932 
1637 1662 92 27.512560267111347 1925 
1638 1663 79 29.225078957252855 2011 
1639 1664 81 14.314616406440393 1835 
1640 1664 85 17.362885849370446 1988 
1641 1666 79 14.865542770006947 1833 
1642 1667 93 41.40005299265209 1890 
1643 1667 78 46.73018892844862 1876 
1644 1667 79 28.59030055333355 1857 
1645 1668 86 35.19027951913079 1898 
1646 1669 85 16.922214304589104 1840 
1647 1669 85 39.770660766458434 1916 
1648 1669 89 17.591849005168683 1991 
1649 1669 89 17.2544342640756 1927 
1650 1673 87 10.41378932339327 1838 
1651 1674 80 10.98145120921747 2001 
1652 1674 93 33.91366453488817 1958 
1653 1675 78 23.85617485257331 1907 
1654 1676 79 43.843195471029624 1996 
1655 1678 89 20.865271827063342 2005 
1656 1678 78 38.299647368632094 1824 
1657 1678 91 23.526959713372428 1870 
1658 1678 98 48.36290482437809 1871 
1659 1678 80 49.533557468882144 1876 
1660 1679 78 25.981674322976783 1831 
1661 1679 80 29.344244041046103 1893 
1662 1680 96 45.933158980898845 2010 
1663 1680 83 45.52275993182899 1962 
1664 1680 85 29.303512583706027 1861 
1665 1680 90 34.72804671260806 1882 
1666 1681 93 26.481615334282914 1856 
1667 1681 92 41.46825383676712 1894 
1668 1681 93 45.15715569707218 2015 
1669 1683 94 20.531782166166156 1885 
1670 1683 94 45.51741453524472 1880 
1671 1686 95 23.93533516483894 1978 
1672 1686 97 34.41604489905569 1941 
1673 1687 80 44.68108509056559 1972 
1674 1687 91 17.341428733731625 1860 
1675 1689 81 30.07609388381527 1842 
1676 1691 88 28.89871194323042 1835 
1677 1691 86 42.619764817548436 1959 
1678 1692 97 30.578616650894528 1911 
1679 1692 87 24.291044978180288 1971 
1680 1693 85 35.37470339480088 1827 
1681 1693 79 26.76092404723154 1869 
1682 1693 89 13.8885538764908 1860 
1683 1694 95 25.871456666590763 1971 
1684 1694 97 19.009789342763295 2000 
1685 1695 95 48.79643608611631 1965 
1686 1696 87 45.99432882675856 1992 
1687 1699 86 15.617391719159217 1839 
1688 1699 97 10.175982956233952 1969 
1689 1700 98 42.55868316996681 1861 
1690 1700 84 46.32106126251221 1875 
1691 1702 91 24.837053074997826 1929 
1692 1704 96 49.66490969650599 1936 
1693 1705 83 22.635406388507935 1864 
1694 1706 82 26.696139684252714 1878 
1695 1707 96 18.711511625651486 1870 
1696 1708 98 39.44136664790264 1974 
1697 1709 79 26.096972125690154 1968 
1698 1711 94 17.61540479261575 1918 
1699 1715 95 47.30069768414256 1923 
1700 1717 81 17.616190561166558 1856 
1701 1717 82 17.484291176880163 2016 
1702 1718 92 11.209899731431069 1824 
1703 1718 94 25.594950781999156 1897 
1704 1720 83 20.306560637038476 1909 
1705 1720 92 19.214340636161392 2013 
1706 1721 79 26.35510832356479 1938 
1707 1721 82 33.12928816598482 1966 
1708 1722 97 31.85412527711238 1869 
1709 1722 98 36.344085482589676 1865 
1710 1723 89 40.56426305416801 1998 
1711 1724 96 30.92329683086037 1862 
1712 1724 91 10.720664808136743 1931 
1713 1726 84 39.91647688102867 1900 
1714 1727 87 44.43494795577411 1846 
1715 1729 90 33.681521074605456 1836 
1716 1731 93 46.51001911210676 1977 
1717 1733 93 48.342855639905935 1865 
1718 1734 87 14.072943667887081 1966 
1719 1734 82 12.721033236484306 2014 
1720 1735 92 15.114618118186499 1981 
1721 1736 91 22.088076525466548 1976 
1722 1736 79 47.074811796041374 1907 
1723 1737 81 20.49081435612914 1852 
1724 1738 84 33.32805151858832 1911 
1725 1738 90 41.056987265255756 1907 
1726 1739 86 13.19429778923585 1846 
1727 1740 96 49.38851246163915 1924 
1728 1740 80 25.244440911601885 1880 
1729 1741 85 30.118811260397305 1852 
1730 1741 97 13.582850976079577 1986 
1731 1742 93 49.69797697380051 1905 
1732 1744 80 36.534154411652516 1881 
1733 1747 94 36.34477147554867 1937 
1734 1748 98 41.74965520504638 2003 
1735 1752 97 18.83807529433095 1838 
1736 1752 83 13.25560033857856 1902 
1737 1752 98 43.59780659852464 1854 
1738 1753 97 20.87495352556651 1971 
1739 1753 82 33.45852167221075 1816 
1740 1754 81 18.522306551521638 1977 
1741 1755 89 34.65058761340559 1962 
1742 1757 79 44.395031086851496 2007 
1743 1757 92 19.648514077925277 1974 
1744 1758 86 29.76131221048666 1841 
1745 1758 89 37.561787148377924 1919 
1746 1758 95 29.19937312138076 1905 
1747 1760 86 20.05474233906166 1826 
1748 1761 87 23.166120167647403 1946 
1749 1762 96 20.5287452368787 1999 
1750 1763 96 14.317542612167053 1862 
1751 1763 93 32.374872539441526 1990 
1752 1766 95 18.650144678448818 1841 
1753 1766 93 23.538391794464616 2008 
1754 1766 79 15.649707504447115 1818 
1755 1767 78 44.01173631853329 1852 
1756 1767 87 40.971441919874735 1862 
1757 1768 94 35.82624710421761 1870 
1758 1769 81 49.44990273400156 1828 
1759 1769 87 24.07916476859952 1816 
1760 1770 82 28.167604730687685 1953 
1761 1771 91 47.179734167353196 2010 
1762 1774 97 21.98845645087925 2014 
1763 1774 79 10.94544079935245 1974 
1764 1774 79 10.099286204990424 1997 
1765 1775 88 42.71605823461592 1821 
1766 1776 95 20.908471790638608 1980 
1767 1777 84 39.55884088160118 1991 
1768 1778 86 37.821943170552856 1844 
1769 1779 90 42.78061669427379 1999 
1770 1782 86 17.888818490637995 1862 
1771 1783 80 35.54660866395344 1929 
1772 1784 81 41.90555705275711 1827 
1773 1784 83 10.217741181060699 1999 
1774 1786 83 14.988938675458169 1976 
1775 1789 95 45.72056197713921 1845 
1776 1790 92 22.45301306878001 1903 
1777 1791 84 31.91218747470941 1870 
1778 1792 78 35.21222291608737 1878 
1779 1793 97 13.53334903174587 1936 
1780 1794 82 10.612382958059188 1912 
1781 1795 97 33.919135168146234 2011 
1782 1797 85 22.414006676310642 1908 
1783 1799 97 39.11232948909366 1988 
1784 1801 96 43.54014279609157 1994 
1785 1802 79 45.89049832727491 1955 
1786 1803 85 29.275836987440265 1976 
1787 1805 95 20.260198015390788 1846 
1788 1807 89 26.615901709406685 1938 
1789 1810 80 24.93540023741278 1910 
1790 1811 91 46.97858806619738 1827 
1791 1812 83 34.71010193377838 1935 
1792 1813 78 49.16087206544931 1860 
1793 1815 96 34.9436679144683 1830 
1794 1816 95 37.967474446612954 1918 
1795 1816 92 40.718801935705 1843 
1796 1818 83 36.67916226620967 1986 
1797 1818 84 45.2069113321135 1933 
1798 1820 93 14.128580177559558 1875 
1799 1822 82 42.54055142038582 1982 
1800 1823 85 22.430474537178085 1945 
1801 1826 86 45.10866734432625 1923 
1802 1826 82 46.06323954869185 1865 
1803 1828 85 11.804122554037765 2011 
1804 1829 90 42.51768133791006 1847 
1805 1830 94 35.20182869526305 1968 
1806 1832 95 49.752374093151694 1941 
1807 1832 85 25.338641155754953 1900 
1808 1832 97 28.6569551684762 1926 
1809 1832 83 22.9194484484006 1880 
1810 1835 78 33.36479088569419 1918 
1811 1836 84 22.865329469058455 1874 
1812 1836 83 12.999027547598278 1876 
1813 1836 84 13.970117518334927 1991 
1814 1836 94 29.521493844601558 1925 
1815 1837 81 14.581398060549319 1876 
1816 1837 92 44.202839634426226 1841 
1817 1837 95 20.65206427479363 1962 
1818 1838 92 31.352321122553025 1869 
1819 1838 94 48.56212113831366 1996 
1820 1838 91 25.444697012836603 1817 
1821 1840 96 17.529494362609586 1921 
1822 1843 93 45.200661889803364 1970 
1823 1844 98 40.32642107468026 1873 
1824 1844 94 47.092339880127426 1896 
1825 1844 93 45.88854680789594 1903 
1826 1845 95 18.43105812582558 1900 
1827 1845 84 47.69250499885459 2003 
1828 1846 91 18.145308252797477 1968 
1829 1846 98 27.370614406531395 1912 
1830 1850 95 13.27314130486533 1979 
1831 1850 78 25.581531865769925 1852 
1832 1852 90 17.84805629327127 1976 
1833 1853 98 36.089588144315826 1973 
1834 1854 85 11.908383797420168 1903 
1835 1855 91 22.998950191147568 1858 
1836 1857 92 48.160072872550955 1980 
1837 1857 84 20.309793775120156 1911 
1838 1858 85 34.180511782362174 1870 
1839 1858 91 21.079211718356134 2010 
1840 1859 89 34.41382154020035 1995 
1841 1860 80 10.872349390529719 1922 
1842 1863 98 28.12705444046138 1878 
1843 1865 89 30.062236908925968 1856 
1844 1865 87 21.118893882769783 1912 
1845 1866 92 40.56362005465512 1976 
1846 1866 89 36.90692145819887 1893 
1847 1866 80 49.560109676124604 1955 
1848 1866 80 12.33702266247963 2009 
1849 1866 97 46.621499098408826 1898 
1850 1867 92 22.97935123986334 1857 
1851 1867 95 48.30722566169301 1917 
1852 1868 91 20.104936918186095 1974 
1853 1868 94 39.78975450937564 1869 
1854 1870 96 43.97552369114115 1850 
1855 1871 97 12.434916654262022 1911 
1856 1871 85 17.913207599220094 1930 
1857 1872 83 26.251680547465448 1961 
1858 1872 86 47.66476254059663 1903 
1859 1872 86 15.286417667442329 1940 
1860 1872 95 23.362824613033144 1887 
1861 1873 85 39.710132430039046 1979 
1862 1875 96 43.97567229742063 1878 
1863 1876 95 33.720543584286915 1946 
1864 1876 82 43.99507457233074 1825 
1865 1878 89 11.122073053836088 1950 
1866 1880 88 36.17125547049049 1901 
1867 1881 89 22.412391497711532 1997 
1868 1881 96 27.05807179922951 1977 
1869 1881 86 48.03020247215531 1978 
1870 1882 95 39.0211420954523 1903 
1871 1883 96 30.9139086282674 1856 
1872 1884 85 46.85107395477171 1950 
1873 1884 87 27.492567160573806 2004 
1874 1885 81 43.05414738336597 1847 
1875 1888 88 20.675791912581513 1991 
1876 1889 90 36.32319182321604 1896 
1877 1889 79 28.32988205717116 1874 
1878 1892 84 19.35143517186495 1977 
1879 1894 95 12.593255517426002 1843 
1880 1895 89 31.836754073631568 2008 
1881 1895 97 15.990862023497838 1918 
1882 1895 97 43.331224885389815 1826 
1883 1898 94 27.44402959017804 1923 
1884 1904 94 34.08958039928517 1973 
1885 1904 85 47.79916814252576 1876 
1886 1904 78 46.52490603662167 1923 
1887 1904 85 25.024445474462325 1991 
1888 1905 89 28.841020772465384 1888 
1889 1905 90 28.046177331084635 1901 
1890 1905 85 21.73815164772843 1856 
1891 1905 78 44.95573189512585 1856 
1892 1906 79 45.83863515342925 1955 
1893 1909 86 48.95791503669459 1892 
1894 1910 80 41.6059173041159 1866 
1895 1911 90 12.391594748817969 1949 
1896 1913 80 24.820903944873052 1989 
1897 1913 86 34.33322597973883 1826 
1898 1915 91 17.1427745769019 2000 
1899 1915 95 37.7291244109621 1943 
1900 1915 96 22.377280724440904 1908 
1901 1916 84 31.281044307520144 1978 
1902 1916 90 24.575563066878217 1887 
1903 1918 83 26.69445286559934 1986 
1904 1921 78 32.63291938914151 1923 
1905 1922 92 28.265600057091305 1917 
1906 1924 95 17.391622230114056 1901 
1907 1925 95 30.09244556590437 2003 
1908 1925 81 48.17113543043059 1878 
1909 1925 79 25.559042676927646 2001 
1910 1925 95 45.15414478313747 1996 
1911 1927 86 21.61393240319843 1943 
1912 1927 90 46.42297848963243 1919 
1913 1928 89 21.320325067140367 1927 
1914 1928 91 41.71785012488016 1925 
1915 1929 98 21.681905202476113 1824 
1916 1930 79 37.62283523738159 1867 
1917 1931 94 43.95019887410312 1936 
1918 1933 88 45.23437012607364 1893 
1919 1935 79 23.76162132434496 1949 
1920 1938 86 13.630696938371113 1874 
1921 1939 88 36.494735188659725 1852 
1922 1940 96 44.20703292817269 1929 
1923 1941 87 49.248137985995015 1874 
1924 1942 85 19.10678834976367 1937 
1925 1942 96 36.20894785637738 1824 
1926 1942 94 22.071178683244344 1823 
1927 1944 87 14.08840577205154 1979 
1928 1944 92 13.027345011921781 1977 
1929 1945 93 21.08368461663931 1954 
1930 1948 86 17.72226111488152 1861 
1931 1948 94 27.83880237520429 1934 
1932 1948 85 21.964952545666044 1906 
1933 1948 93 42.16686730748519 1901 
1934 1949 81 24.83546043031638 2002 
1935 1949 83 18.907791216850754 1917 
1936 1952 82 36.7700692137263 1988 
1937 1952 86 32.150261752130476 1903 
1938 1953 98 24.403454501284827 1835 
1939 1955 95 16.7777649983803 1895 
1940 1956 88 32.83842343284314 1939 
1941 1956 87 18.475591812412784 1889 
1942 1957 89 24.189745761204286 1888 
1943 1957 78 45.44076632335909 1929 
1944 1958 92 46.19696108509991 1918 
1945 1958 86 39.56920493945018 1865 
1946 1958 97 11.334386697563271 1899 
1947 1958 93 18.193178914892275 1978 
1948 1959 79 46.602467334213614 1996 
1949 1959 88 21.20434306568514 1911 
1950 1961 96 47.196483370026186 1960 
1951 1962 82 25.04612411334382 1965 
1952 1963 91 29.538157134221574 1902 
1953 1964 94 23.77445831320134 1959 
1954 1967 88 32.939794419752815 1930 
1955 1971 87 46.43731491155523 1982 
1956 1971 86 20.32285568176286 1972 
1957 1971 84 49.282220740743355 1907 
1958 1973 82 22.632479350979256 1857 
1959 1973 92 34.563249067998875 1873 
1960 1974 88 33.81550318490236 1901 
1961 1974 92 37.53452817077001 1997 
1962 1976 88 16.506996057726244 1846 
1963 1976 88 36.62456089160589 1895 
1964 1976 78 14.038248804997542 1888 
1965 1976 84 32.59165134005633 2005 
1966 1977 78 10.694745825317966 1947 
1967 1978 85 19.483918648783973 1916 
1968 1979 94 23.88842822258195 1986 
1969 1979 82 38.23226338113217 2014 
1970 1980 91 49.96793561498288 1993 
1971 1981 94 38.63648286905789 1954 
1972 1981 80 20.514573109930637 2013 
1973 1982 95 26.19266819688635 1924 
1974 1982 82 32.15820819936425 1991 
1975 1982 93 39.86844207987942 1838 
1976 1983 78 37.37978015307738 1901 
1977 1983 97 40.419125089370965 1975 
1978 1983 88 20.487447988184805 1924 
1979 1985 94 11.341979276406358 1990 
1980 1985 92 48.62851955203824 1875 
1981 1986 89 42.1916076414474 1881 
1982 1986 79 46.18403287149077 1984 
1983 1986 92 27.948962933286875 2006 
1984 1986 82 36.2184597518645 1925 
1985 1986 97 12.42641746923483 1897 
1986 1989 96 19.220062185818577 2014 
1987 1990 80 23.719759434774687 1977 
1988 1990 97 10.444936805934969 1938 
1989 1991 94 20.905728694550945 1947 
1990 1991 90 33.0575323384115 1992 
1991 1992 98 31.37209179437624 1866 
1992 1996 83 43.36467571521859 1921 
1993 1996 90 25.547692253347925 1931 
1994 1997 79 27.191245352535898 1947 
1995 1997 84 16.66417068550098 1848 
1996 1999 92 20.448859602367577 1971 
1997 1999 84 49.43197494002246 1827 
1998 1999 85 15.67275617564663 1878 
1999 2000 92 32.50871611909233 1977 
2000 0 89 11.703486523443631 1987 
