1 4 14584 0.370692053146022 4141 
2 4 14722 0.6535529221644272 4169 
3 6 14012 0.2042911168170345 4232 
4 6 14394 0.35211331422069236 4190 
5 6 14641 0.5827558318021947 4155 
6 12 13990 0.5674094772136014 4167 
7 12 13621 0.5857946749305679 4201 
8 12 14976 0.5682468089646764 4333 
9 12 13836 0.5086399527410962 4231 
10 13 14802 0.13737565281180325 4249 
11 13 14723 0.4408708037862627 4234 
12 13 13729 0.3619258475852287 4225 
13 17 14955 0.4799334333146901 4322 
14 17 14629 0.8657060315778167 4275 
15 17 13284 0.6147215808695281 4249 
16 17 14536 0.728122793724685 4159 
17 19 13148 0.7883285720730461 4256 
18 19 14438 0.5830439509210736 4143 
19 20 13611 0.6346833227505302 4177 
20 0 13439 0.17546237420626465 4243 
