1 3 17875 41.92663235408468 45726 
2 6 17910 38.53542571894652 45185 
3 6 16888 38.22717769367813 44401 
4 6 17919 21.6250414870201 44830 
5 8 18397 26.209991211145393 44925 
6 9 16873 33.43234952125827 44291 
7 13 17568 49.04221721014886 44896 
8 14 17655 47.51807705201293 45524 
9 14 18442 20.033362030202962 45716 
10 14 16928 33.012250371196835 44850 
11 16 17230 27.868531988859857 45588 
12 16 17802 27.371351298109126 45034 
13 17 17330 20.787696654747773 44740 
14 18 17160 48.71998944532291 45172 
15 18 18099 26.47615540709737 44043 
16 19 16643 15.056607607724747 45513 
17 20 17155 29.83155293844609 45586 
18 22 17520 16.96228030476108 45806 
19 22 17320 40.31065173643398 44022 
20 24 16843 43.9201581764652 45366 
21 24 18158 37.78718346196551 45815 
22 25 18167 34.45267429315338 45280 
23 27 16654 43.79942724543483 44633 
24 28 18025 13.217669893365018 45607 
25 30 16583 17.275301857220814 43900 
26 31 17241 49.26647973677604 44704 
27 31 17392 29.71067814597096 45356 
28 31 18150 37.68708312266014 44501 
29 32 18118 21.739652324350217 44076 
30 33 17070 22.201877580465425 45165 
31 34 17355 41.32258021686185 43989 
32 35 18216 39.75358045820376 44178 
33 38 17952 23.67073223180112 44358 
34 39 17066 48.05790663113416 44567 
35 39 17247 46.584922287433606 44456 
36 39 16800 15.961281498239202 45808 
37 41 16925 40.10015610640802 45193 
38 42 17980 36.776908222948464 44990 
39 44 17433 14.881908728837935 44081 
40 45 17282 16.257214801558973 44647 
41 45 16693 28.975700446903044 45206 
42 46 17715 39.790403821270175 44775 
43 46 17790 47.867621698271165 44061 
44 48 17952 19.37662560636362 44348 
45 49 18041 14.257689849214579 44620 
46 50 17176 26.309553570849268 44294 
47 51 17154 46.05745966260721 45377 
48 52 17173 30.820910336367643 44629 
49 52 17035 22.528237469246406 45680 
50 53 16834 26.227026080584764 45707 
51 57 17831 43.68585032159453 45247 
52 58 17620 32.853359796090196 44860 
53 61 17864 25.315689249872197 44742 
54 64 18277 16.734865198488805 44055 
55 65 17925 20.547087470587385 44803 
56 65 16606 40.44723262979248 44009 
57 66 18272 32.115600323403 45585 
58 67 17816 25.45670496101739 45074 
59 68 17635 48.27057333188799 44833 
60 70 18296 47.31825346086761 44691 
61 70 16996 24.262514739664525 45224 
62 70 17417 34.48457896824209 44315 
63 71 18155 40.59715453872441 45435 
64 72 17554 31.52936802450526 44558 
65 74 16934 40.187784873824 44107 
66 75 18417 30.31070164941301 45408 
67 77 18026 19.655792428466377 45022 
68 77 17927 32.383794468175026 44915 
69 78 18155 17.113367456922425 44177 
70 79 18088 16.702606889513277 44650 
71 80 18275 41.15473141004939 44278 
72 81 16863 20.98313599055122 44637 
73 82 16804 31.799325056271538 45485 
74 83 17593 43.70692376295165 45583 
75 84 17908 40.739080680171526 44036 
76 85 17431 10.099924869989035 45611 
77 86 17192 34.51093231866104 44710 
78 88 18172 33.3773839705111 45785 
79 89 17149 45.23047550872792 45385 
80 89 17557 23.52995823514062 45327 
81 90 17209 24.76457922842284 44133 
82 90 17255 47.88637000508933 45697 
83 93 16743 29.34507504958738 44466 
84 96 16753 35.376116260285016 44305 
85 99 17268 32.61046551854534 45597 
86 101 18061 37.35372380005032 43990 
87 102 17670 14.364320296060718 45076 
88 103 17878 28.579676840493 44365 
89 103 17695 10.980979550594387 43883 
90 105 17455 36.686204291345845 44524 
91 105 17875 41.359784480836346 44441 
92 106 17868 17.360938344767117 45500 
93 106 16846 23.37403054775988 43998 
94 107 17436 14.118796073536117 45672 
95 108 16644 18.907984469728895 44550 
96 111 18143 12.160786329948973 44727 
97 111 16558 31.307635116169124 45787 
98 111 16551 26.531133073632343 45105 
99 113 17797 10.27783432283302 45511 
100 113 17783 18.277649080136808 44534 
101 114 17914 20.818735504032585 44138 
102 115 18067 36.856312875841446 44993 
103 116 18097 31.407083072289808 44454 
104 117 17863 33.56816691473742 43871 
105 118 18025 19.04522152876384 44190 
106 119 16838 20.119332593394297 45247 
107 119 17137 48.511540622199206 44199 
108 121 18039 14.922606595800234 43927 
109 124 17998 17.72259521922991 45157 
110 127 17558 15.245793941304715 44044 
111 128 17301 23.784329331783756 44322 
112 130 17865 44.02560692629357 44359 
113 131 18275 22.17843790038483 45692 
114 132 18357 21.96474889991073 44300 
115 132 16788 10.00954796601527 45673 
116 133 17187 25.893162683468187 45617 
117 133 16992 40.15775089359256 45560 
118 134 17878 15.68978136051645 45442 
119 135 17792 29.39285536806186 44162 
120 137 17274 47.19197708699541 44644 
121 137 17234 24.120241005486726 45398 
122 137 18387 43.125031292422065 45532 
123 137 18504 35.186406598744 44953 
124 139 16905 48.48143292771494 45353 
125 139 17836 20.518224200847364 43938 
126 141 18248 34.534023506879976 44172 
127 142 16845 31.18306337427424 44231 
128 144 17322 24.82199061064827 44592 
129 144 17683 11.07128837153185 45320 
130 145 17032 15.967760765797623 44703 
131 146 18318 13.663150915917214 45112 
132 148 17624 16.0414738270673 44296 
133 149 18171 18.59599668812887 45668 
134 154 18207 19.6665333538703 45493 
135 156 17968 17.88025420224602 45212 
136 157 16532 26.885591757503352 44805 
137 158 17879 27.37857209522934 45652 
138 158 17754 40.50157234771608 45749 
139 160 16534 37.30497006611945 43986 
140 162 17779 12.820450716727603 45389 
141 162 16629 19.00517283509513 45111 
142 162 17311 34.53415001124774 45115 
143 163 18357 39.43191154665702 45415 
144 164 17895 40.4506387388365 44659 
145 164 17103 10.215407407903903 44855 
146 164 16814 38.850865067391624 44250 
147 165 18199 44.94381314075293 45194 
148 166 17677 16.908979077788562 45159 
149 168 17950 20.843825137766512 44009 
150 168 17426 19.64643558307856 45063 
151 169 17614 15.576990739694047 44222 
152 170 17743 39.20630997105214 44952 
153 172 16655 10.85919200293671 44306 
154 173 17435 43.67181966983465 44548 
155 176 18327 29.882130916292322 45121 
156 178 18331 35.8518534226871 45266 
157 180 17696 25.939353585040045 45792 
158 182 17826 18.36541830485952 45825 
159 183 18135 16.74441403529782 45236 
160 183 17103 17.868550478500474 45360 
161 184 16548 21.5144333795285 44835 
162 186 17646 18.167212646857926 43878 
163 188 17357 16.58438867717009 44111 
164 189 17836 41.98447188168545 44525 
165 189 17302 32.48287966045532 44372 
166 190 18350 27.206290019787 45782 
167 190 16997 29.13415599028024 44444 
168 193 16998 39.773884691225945 45596 
169 193 17798 17.808329461434475 44670 
170 193 16828 19.036934075354623 45708 
171 194 18017 29.958215377675774 45658 
172 196 17725 42.56261434295564 44030 
173 197 16973 12.171824168490112 45628 
174 198 17150 47.2841433343565 44198 
175 198 16564 18.468427949977148 44969 
176 200 17223 44.95616221191545 44969 
177 201 17574 17.146239791654104 44345 
178 202 18505 38.85591666631338 45240 
179 202 17934 28.756923754587064 44751 
180 202 16830 47.615010789143504 44105 
181 202 16933 13.714612724348733 44748 
182 204 17679 49.49784860994841 44242 
183 204 18197 20.506339665398666 45395 
184 209 17885 49.09968866110224 45539 
185 209 16828 34.104387995293656 45546 
186 210 16709 32.87576756446999 45476 
187 211 18362 12.28420858937052 44198 
188 211 17569 44.05849830162396 44154 
189 212 18253 24.45705314405145 44295 
190 212 18260 46.12938379735661 45265 
191 212 16658 11.972897865049434 43912 
192 213 17903 28.863234196999823 45796 
193 214 18017 31.208771493219565 45045 
194 214 17265 37.00323043169727 45477 
195 216 18285 41.925497935671814 45261 
196 217 18209 46.5635663056989 45469 
197 217 17704 13.918958758977116 45688 
198 217 17025 31.403463388135897 45837 
199 217 17904 31.998819526557586 45592 
200 218 17765 38.10017140463359 44488 
201 219 17533 35.88066459909882 44069 
202 221 18140 42.728293574926525 45453 
203 221 16597 16.749693495423692 45457 
204 222 17786 16.46732890599887 45337 
205 222 17697 30.661904090358775 45146 
206 222 18357 26.950054664448988 44070 
207 223 18350 42.56817322636544 44017 
208 224 16648 25.857870983404815 44482 
209 225 17188 46.66882756881561 45008 
210 225 16517 26.63100890925419 45635 
211 225 17483 39.57491703487019 45302 
212 226 16691 38.391541298312234 45027 
213 227 18160 33.288070309414906 45551 
214 229 16968 41.181446700787404 45725 
215 230 17758 44.85230054756337 43965 
216 231 17284 15.640888998035901 45661 
217 232 17604 18.30382038959554 44425 
218 232 17160 46.11094599999771 44610 
219 232 17395 43.10036052824974 44650 
220 232 18244 16.542519361545793 44721 
221 236 16751 13.949332924947889 45827 
222 236 18337 11.743395138671215 45439 
223 236 17544 30.65122251345877 44757 
224 238 16938 24.459003548577098 44637 
225 239 17085 46.948051243267905 45781 
226 239 16773 17.558539617101808 43899 
227 239 17323 23.748920308642433 45454 
228 239 17233 11.693568991235246 45382 
229 243 17968 39.02666036056361 45253 
230 243 17632 35.290697548153695 45039 
231 243 17563 46.42389695090881 44727 
232 245 17925 43.96390363552786 43954 
233 245 16963 45.19977643651569 43929 
234 246 17905 47.703883064040234 45424 
235 246 17476 14.044289931494633 45682 
236 247 18032 12.91374621343753 45173 
237 247 17765 33.421201338938964 45605 
238 247 17620 44.90789370072778 44565 
239 249 17870 31.561878368451705 43926 
240 249 17623 32.01322191984467 44881 
241 249 18443 25.979302359168436 45021 
242 249 17021 15.618848224677988 44605 
243 250 17240 40.15751190224325 44874 
244 252 16884 24.86321447120273 44631 
245 253 17974 29.78822712524831 44949 
246 254 18245 37.15010043907132 44074 
247 256 18237 31.8127824747651 45079 
248 258 18500 22.970024508001742 44204 
249 260 16981 40.21909834872858 45306 
250 261 17588 41.449742862030334 45535 
251 261 17339 13.863580411513974 44391 
252 262 16829 31.432376391769804 44390 
253 263 17793 36.65613966869485 45597 
254 264 16763 20.857041753760775 43968 
255 264 17348 24.025892629313724 44467 
256 267 18076 35.77860875409591 44909 
257 268 17125 44.61748733026469 45681 
258 269 17178 10.085777982885045 44186 
259 273 18127 47.77702495587966 44544 
260 274 18315 24.24058096623054 45770 
261 274 18278 43.553289378939574 44410 
262 275 18343 44.28092782893165 44314 
263 278 16981 37.190887551592816 44987 
264 278 16525 30.757669985528388 44566 
265 279 17527 38.14127785287394 44741 
266 279 17788 43.30056761199135 44972 
267 282 18061 45.77043989187681 45050 
268 283 17349 33.60301007356844 44150 
269 285 17098 49.87998242417346 45508 
270 285 16687 22.030496308851145 45725 
271 286 16679 36.96322429994728 44120 
272 286 17451 42.48751478084832 45378 
273 287 16594 48.637137663651295 45291 
274 288 17492 30.728330519926775 44356 
275 288 17798 18.807503584738008 44706 
276 289 17892 24.614878197041627 45549 
277 290 17459 19.65675542729575 45823 
278 291 17875 14.06224687735489 43854 
279 291 16712 42.54332791223198 45678 
280 292 17859 43.418501942419745 45278 
281 295 18327 48.81478956980213 44516 
282 296 17273 15.313400373587767 45597 
283 296 18273 42.923973179759436 44473 
284 297 17555 18.837184441776436 45122 
285 298 17885 36.60948889120114 45426 
286 299 16601 16.586208569417337 45610 
287 299 17533 18.610128624554886 44639 
288 300 18434 41.31703249216905 44175 
289 300 17788 22.99855152621115 44549 
290 300 16581 29.88629079346255 43895 
291 302 16910 17.552127251562986 45014 
292 303 17936 47.1727237181789 45836 
293 303 16547 36.612468289832606 43873 
294 303 17705 16.881313951005275 44254 
295 304 17973 16.451768366928864 45105 
296 306 17533 15.188448780770148 43936 
297 306 17140 32.84217418407185 45155 
298 309 17202 25.366087260887383 44395 
299 310 16724 33.39051933702821 44327 
300 312 17591 47.70737010263358 45381 
301 313 17780 29.275216405461677 45820 
302 314 16841 12.29382098050618 44425 
303 314 17313 20.22031348250514 44468 
304 315 17185 36.207304957329136 44489 
305 316 16905 26.42999070669756 45072 
306 318 17409 43.422963918865854 44876 
307 318 17422 29.286218612793196 45696 
308 319 17352 24.26656082310039 45227 
309 320 16765 35.43964475987058 45284 
310 320 18393 28.06189368809495 44611 
311 320 18229 16.744172312240586 45117 
312 321 18145 36.66833788102035 44042 
313 321 17808 43.43457333871654 44408 
314 322 16885 32.61765650294874 44519 
315 323 17454 11.56721349538461 43942 
316 325 16985 27.03864781193065 44965 
317 325 16653 17.005309639555286 43873 
318 327 16946 46.436025184346825 45062 
319 327 16921 21.34772882274249 44790 
320 329 16923 20.046235083893254 45236 
321 330 16783 32.27609989761453 44191 
322 330 16937 35.302920117126874 44107 
323 331 18202 20.934600669721945 45488 
324 332 17307 11.694573294875049 45465 
325 333 17173 22.482430284868844 45647 
326 334 17037 45.60280671018645 45798 
327 336 18004 23.469550511982934 45744 
328 336 17914 21.68030122305297 44884 
329 338 18482 46.1795902315193 45128 
330 339 17988 15.573955661514521 43999 
331 339 18301 26.207111766851355 44719 
332 339 16612 11.8742625950498 44146 
333 340 16522 20.021075218990244 43999 
334 340 17202 34.772343271593726 45171 
335 340 16987 26.26311552203584 44121 
336 345 16678 11.538577777215423 43892 
337 346 18355 35.150458556047674 45389 
338 346 16606 43.13246120704517 44801 
339 347 18220 18.69344606542098 45218 
340 348 16640 47.18014190856299 44771 
341 350 18111 10.068790756924649 44816 
342 350 17132 41.8584220638884 44030 
343 350 17518 37.084212005349116 45011 
344 351 17282 16.14337804909812 44505 
345 353 17526 39.53377692220962 45210 
346 355 17425 41.471851468831275 44083 
347 355 18108 33.6019232338289 45267 
348 357 17558 34.33403800737652 45637 
349 358 16942 17.88338136934733 45553 
350 360 16674 14.107759610024967 45372 
351 362 17091 10.311286404351922 44534 
352 362 16665 37.820756691941355 45606 
353 363 17945 25.32353513673348 45531 
354 364 17240 33.15114466916468 44780 
355 369 17645 37.6383540546965 45134 
356 369 17054 25.52451008250737 45391 
357 370 16840 35.56325813810165 44323 
358 375 17422 15.498207403658029 45010 
359 375 17784 35.87238152360002 43999 
360 376 17821 19.120437406495615 45602 
361 376 17085 28.144993928136508 44289 
362 377 18184 37.5260455288724 45100 
363 379 17668 34.91855784023597 44829 
364 380 17772 16.579722104176522 45783 
365 381 18146 22.99290975676847 45253 
366 382 16641 29.57924519836198 45239 
367 382 17885 14.232630578341814 45480 
368 385 18106 26.721381573468918 45819 
369 387 17844 21.913667494017098 45707 
370 387 17196 42.4784107729259 45762 
371 387 17647 18.75975677886036 45737 
372 387 16542 10.841934697991015 44390 
373 390 17137 17.679214088400926 45441 
374 391 16735 35.887739848557324 44094 
375 391 18468 37.56811155773755 44734 
376 393 16661 47.1674166674564 44928 
377 393 18192 43.09404075691283 44989 
378 394 16777 21.040532127651495 45237 
379 395 18061 24.890705164923226 44777 
380 395 16815 36.46856547340775 45190 
381 396 17318 38.956400724298206 44686 
382 401 16871 23.445194040733348 44046 
383 401 16656 24.43957524248154 43935 
384 402 16707 44.167764950736995 44214 
385 403 17511 11.230652482806654 44614 
386 403 16653 47.19254705651566 44672 
387 404 16792 26.281364139250897 44250 
388 404 17742 38.36033853727448 44678 
389 405 18243 37.45301874763937 44495 
390 407 17748 41.52186200696023 45421 
391 410 17138 22.7295521077896 45499 
392 410 17380 25.777773237249605 45753 
393 413 18008 35.32109583148351 44794 
394 416 16910 27.887970569114554 45684 
395 418 16818 44.59055637666695 44233 
396 418 16600 40.051926720331245 44293 
397 419 16945 46.998204924571006 45117 
398 420 17091 47.46948904794789 45271 
399 422 17905 35.29207792580505 45585 
400 426 18001 12.024731189002619 44312 
401 427 18274 25.53009221804117 45761 
402 427 17780 14.335924548958818 45659 
403 428 17246 41.04679105120612 43983 
404 429 16796 46.313655104315934 44468 
405 431 16877 26.564900876556763 45169 
406 431 17068 22.35531590593628 44718 
407 434 18376 12.619460029166557 45501 
408 435 18271 13.07613280494654 45323 
409 435 17854 36.81036428710442 45227 
410 438 17209 40.77558659576111 44528 
411 438 17016 39.32241445382344 45788 
412 438 18157 23.905472214780485 43880 
413 441 17956 38.502105437959784 43944 
414 441 17470 18.01624771526752 44003 
415 442 17010 38.210367164594466 45214 
416 442 17693 45.46465259770055 43933 
417 443 17866 27.43629297660427 44609 
418 445 17309 45.52417062804691 45808 
419 445 17819 45.79181063868761 44235 
420 446 18483 26.982823368758822 45094 
421 446 16671 44.54582463027043 45400 
422 448 18456 10.851186531783075 44511 
423 448 17295 23.94339792070386 44102 
424 449 18324 20.444277961647717 43930 
425 449 18068 19.280988065625703 43906 
426 452 18278 10.119290129427476 44003 
427 453 17132 38.43608102041043 45313 
428 454 17822 10.409471672112387 44045 
429 455 17249 43.48277818422724 44735 
430 455 18073 38.66273805976708 44780 
431 456 17387 44.63393878445698 44795 
432 457 18086 37.170143058686335 43888 
433 457 17304 44.425853653658166 44041 
434 460 18110 24.03722444885934 44615 
435 460 16805 36.44585787411243 44778 
436 460 16897 16.235861970259204 45223 
437 461 17961 42.7634151210219 45751 
438 462 18440 45.406718719668774 45500 
439 463 17690 22.74613493663057 44038 
440 463 18178 33.63902903008547 45777 
441 464 16879 44.57315587787313 45779 
442 465 17066 24.803009037863294 45178 
443 465 18348 35.66105527290736 44242 
444 465 17556 40.40522683557621 44288 
445 467 16776 22.695221702773658 44588 
446 468 18082 13.454172267584056 43858 
447 468 17433 14.073082321276056 45471 
448 470 17769 36.55601443607496 45300 
449 470 16767 21.376849793147695 45000 
450 471 16911 12.918932384991404 44769 
451 471 17573 17.694724705865333 45531 
452 472 18141 15.714127344436246 45275 
453 473 17072 44.72313298318265 44249 
454 473 16512 43.67516847212528 45185 
455 474 18088 30.053869539508682 45566 
456 475 17682 47.23538084358731 45724 
457 477 17677 34.82622104261846 45431 
458 477 16709 30.584639348580083 44581 
459 478 17160 23.090319482397256 44880 
460 478 16713 15.539144639603123 44023 
461 479 17439 28.914457426575346 44750 
462 481 17730 16.202803051587857 44460 
463 481 17485 38.47310140244827 45760 
464 482 17094 35.25884914462276 45362 
465 483 16862 16.653916772845207 44991 
466 485 17756 36.053105860427394 45409 
467 486 16561 13.54592908703121 44439 
468 487 16683 18.911064256816786 45822 
469 488 16768 13.667106180767066 45245 
470 489 16730 35.82851384224413 45665 
471 489 17784 33.498888796714084 44749 
472 490 18137 38.4513731505743 45127 
473 491 17270 48.656931238421876 44565 
474 493 16564 34.67978493509229 43858 
475 495 17497 15.981464263902216 45328 
476 496 17005 23.038333041720023 43955 
477 499 18178 12.673320035666102 45180 
478 500 17171 10.459853734680685 43926 
479 501 16577 47.61808147887942 45704 
480 501 16522 45.578210507218486 45459 
481 502 18198 25.71182991342804 43921 
482 502 18185 28.08843219965253 45447 
483 504 17271 30.706225964557987 45641 
484 504 18398 42.139517447347885 43884 
485 506 18298 20.25374448397328 44399 
486 507 16657 12.004211946767317 44243 
487 507 17533 26.331196400920973 45413 
488 507 17053 19.59735359245847 44440 
489 510 17892 37.70126196386899 44157 
490 511 18272 39.01158345767903 44326 
491 513 18146 28.707092712082908 45501 
492 515 17966 29.594958660639307 43977 
493 516 17030 28.430271742203676 43857 
494 516 16728 13.459724944493807 45619 
495 516 18265 38.716187927185324 45670 
496 516 16936 37.87127393474378 44406 
497 516 17094 10.359745805945648 44525 
498 520 18192 45.34104930911976 45465 
499 522 16682 13.804657165466754 45510 
500 522 17222 20.84459147250938 45669 
501 523 16940 18.503111144042528 45392 
502 525 17628 48.630151943085586 44707 
503 525 17251 37.991720884637985 44772 
504 528 16721 10.770248876996703 44390 
505 528 16652 35.80121970624208 44553 
506 529 17932 31.64565801783461 45422 
507 531 18417 49.28031547563255 44539 
508 531 16770 44.44278918886128 44923 
509 535 18258 31.363613567835976 44484 
510 536 18282 24.868774269159864 44892 
511 536 17902 16.615464127770835 45696 
512 536 18168 47.904099363602455 44070 
513 537 17497 22.348753310029142 44928 
514 537 18033 31.475908422227256 44339 
515 537 18294 15.906450795140575 44393 
516 538 16731 44.393421628920294 44845 
517 538 17771 15.860804025135916 45615 
518 539 18032 34.79914135151738 45283 
519 540 17677 22.479256032800734 45213 
520 541 17653 33.37641791824312 44749 
521 541 16745 18.265445262757567 44426 
522 542 17180 45.25544744308998 45737 
523 543 16785 24.22244012271273 44996 
524 543 17509 27.51589940046117 44716 
525 545 17809 47.64665690714948 44097 
526 545 17437 46.30697682644904 45380 
527 545 17161 11.017250517076263 43941 
528 546 16613 16.841547446658357 44942 
529 547 16581 44.68298916497015 44743 
530 549 17029 25.779955524185382 44329 
531 550 16652 19.030005299175045 45366 
532 551 17548 38.493156884176514 44293 
533 553 17795 17.35738428461477 44974 
534 555 16943 10.741509739980387 44406 
535 555 17884 31.158330854832684 44809 
536 556 18038 44.044028467594316 45676 
537 559 17570 44.662224028247934 43889 
538 560 17485 19.94403064148284 43911 
539 560 17193 48.137930522200364 45551 
540 560 17720 20.77034271560677 44418 
541 561 18294 35.453532824563645 45452 
542 562 17803 49.96724518192745 45410 
543 562 16783 38.58684222265996 44036 
544 562 17315 31.469468819759825 45171 
545 563 16588 34.50393340842494 44512 
546 563 18404 37.75287147475876 43938 
547 563 17752 25.561115804406764 45202 
548 564 17835 34.826188881043414 45042 
549 565 17155 22.003713252115364 44995 
550 566 17499 15.37267175118215 44368 
551 566 17116 20.161617048801745 44877 
552 567 17949 23.420553186498797 43900 
553 570 18445 10.985782266535495 44555 
554 570 16770 17.355491245762593 43887 
555 570 16565 47.011107034119746 45733 
556 571 18031 30.302057783787134 43845 
557 571 17503 27.065722523828537 44692 
558 572 17051 31.974815482698084 44420 
559 573 17051 39.92631546331598 45693 
560 575 17925 41.11132857180837 44767 
561 575 17187 46.339961231507324 45651 
562 576 18501 26.47584238076197 45678 
563 577 17539 39.37848510234528 45542 
564 577 17899 45.89935305491407 44174 
565 578 17528 44.06770330072833 44983 
566 579 16602 11.455554312959633 44713 
567 579 16893 33.458034893152245 44569 
568 579 18044 43.05518330213703 45171 
569 580 17279 40.167480772192704 43934 
570 580 17080 47.651289248673656 44881 
571 581 17227 12.624440585770976 45394 
572 581 17218 39.964574331457285 45113 
573 582 17537 29.768583091376456 45647 
574 583 17487 14.81258885247553 44282 
575 585 17048 20.617788393293424 45063 
576 586 18251 12.40268470264362 44482 
577 586 17037 23.014371826218145 44899 
578 586 16583 47.522926465278466 44932 
579 587 17954 23.55856729584413 44370 
580 587 17556 23.93973506212427 44723 
581 590 17351 31.9890895200602 45140 
582 590 16790 34.20154855442618 45212 
583 592 17849 14.65899293362694 43980 
584 595 17878 39.7294258796931 45792 
585 596 17131 22.419974578018945 43873 
586 596 17320 27.617395172077998 45626 
587 596 17939 40.957852993659934 45754 
588 600 17085 14.831833550904658 45026 
589 600 18398 18.882561513121388 45497 
590 601 17403 23.002142249192534 43911 
591 602 16682 20.37540740879008 44122 
592 603 16675 32.02156497652027 45540 
593 603 17713 44.27508264287168 43857 
594 604 16863 41.20791254694575 44199 
595 605 16662 15.077419085603857 44194 
596 608 17876 12.636106629452645 44677 
597 608 17446 43.506290073247754 44427 
598 608 17296 21.078394156197366 45457 
599 608 17415 49.74472991278918 45108 
600 609 17306 29.969172431001752 44290 
601 610 17338 20.48911798293089 45833 
602 612 17282 46.07505655148707 44055 
603 612 17186 19.71055954089364 44656 
604 613 17729 26.47954069890185 44549 
605 613 17421 30.503904703583558 45027 
606 613 17951 36.392275216203046 44090 
607 613 17738 46.75498098449293 44741 
608 615 18158 39.3583610567115 44409 
609 616 16995 34.503900566463415 44532 
610 618 17002 22.801390158448203 43847 
611 618 18471 18.804742639874142 44456 
612 620 17901 19.010593641301448 44378 
613 621 18177 17.296539054848445 44249 
614 621 17222 14.917798725515814 44503 
615 625 18228 41.82454742822176 44246 
616 626 16777 21.36352961600849 45215 
617 626 17032 17.11465775643505 44238 
618 627 16678 30.575185025778175 44565 
619 627 17174 44.1739654305103 45027 
620 628 17380 22.031255931520928 45222 
621 633 17507 14.010582390483615 44568 
622 633 17138 46.25458252355932 44643 
623 633 17888 44.16282202314765 45481 
624 636 16611 19.633186688789014 44412 
625 638 17111 24.259933925869785 44395 
626 639 17090 48.157785901394625 45830 
627 642 17267 10.849972622301202 44130 
628 644 18059 11.400048963964217 44526 
629 644 16684 34.48708867948171 44649 
630 644 17344 38.22337957848101 44961 
631 645 18149 10.985543109369122 44858 
632 646 16525 20.46192296869794 45754 
633 647 18397 34.99863711726098 44165 
634 647 16837 19.686581133314643 45596 
635 647 16833 36.2773782622196 45715 
636 648 18037 16.22663460439591 45087 
637 648 18370 20.251444783891195 45481 
638 653 17586 44.52447122619754 44486 
639 654 18367 48.285901686403236 44222 
640 655 18423 11.185235806773854 44957 
641 655 18491 32.44084624719591 44778 
642 657 18049 11.605130866007896 45071 
643 658 17434 42.801014559114975 45344 
644 659 17769 22.970625432748953 44887 
645 662 18201 39.025654750482445 45795 
646 663 18014 36.540910208142215 44888 
647 663 17374 20.96214675523004 45502 
648 664 16787 21.167701287400703 44021 
649 664 17298 35.29310504372722 45238 
650 665 17355 38.000738987324425 43871 
651 666 17033 35.080378543125384 44964 
652 667 16722 32.42565403513727 44170 
653 668 16667 29.602870373926873 45066 
654 668 16602 39.55302828028252 44044 
655 670 17715 33.227331525638704 45533 
656 671 17417 16.3412462623862 43956 
657 673 16629 19.108905120716088 45665 
658 673 16749 27.793686163037208 44318 
659 674 17889 47.55441083759 44679 
660 676 17271 35.92078328153501 44462 
661 676 16730 21.304435090242436 44365 
662 676 16734 13.077827047883023 45457 
663 679 17800 45.23660375821557 45231 
664 679 16522 15.174744191808053 45550 
665 679 16843 33.09615053894973 44131 
666 680 17966 24.77780957097023 45553 
667 684 17330 32.59103497810829 44958 
668 685 16876 21.55990605985439 44570 
669 687 17351 43.61530835931047 44268 
670 688 16974 10.970380312860723 45431 
671 689 17360 10.42020057879804 44254 
672 692 17308 15.888759224913045 45137 
673 694 17308 21.80916545667553 45137 
674 694 17922 33.08540814069654 44907 
675 694 17454 14.363975035936996 45798 
676 694 17779 29.362507392678076 44075 
677 695 17426 25.734514149538178 44068 
678 696 17841 18.350434910759134 45381 
679 698 17544 46.899185401812474 45750 
680 699 16640 30.313583480866647 45036 
681 700 17566 39.34529935537935 45547 
682 702 18205 38.07574547202999 44271 
683 702 17128 32.46444728212023 44079 
684 703 17368 47.76204540798076 44018 
685 704 17698 35.94627300335329 44559 
686 705 17244 42.57553665770856 45773 
687 706 17256 44.75545090470565 45003 
688 708 17313 44.60220143470125 44215 
689 708 17520 41.96685522023936 45833 
690 710 17074 42.154608949148695 45664 
691 710 18190 43.504171856341834 45179 
692 712 17995 39.7084395668915 44870 
693 712 16755 20.56566996958798 44525 
694 714 16924 38.43681390294612 45538 
695 714 17120 15.87902157561544 44635 
696 714 18301 49.840818726822285 45360 
697 714 17103 40.529712843248646 43891 
698 715 17250 41.8118944702741 45069 
699 715 17267 21.64772928097111 45140 
700 715 16682 22.11910916707265 45647 
701 716 16877 26.642482528098984 45677 
702 717 18192 47.48838324045599 45180 
703 717 17169 39.59155264927558 45337 
704 718 17382 20.419332935764434 44919 
705 718 16590 45.25912880544586 44843 
706 719 18335 16.383610090055292 44336 
707 720 18044 28.82661827573714 45117 
708 722 17499 45.86495361324086 44327 
709 722 17074 11.060709782017963 44499 
710 725 17002 46.76848601906207 45616 
711 725 17851 30.278859703075057 43893 
712 726 17752 41.13118241805384 44929 
713 728 17525 15.010944310631622 45235 
714 729 16894 22.794616779620284 44723 
715 729 16807 25.996805375840918 45105 
716 729 17802 46.79482889407561 44075 
717 730 16867 17.51085430084 44703 
718 733 17304 12.398755022115315 44457 
719 733 16674 23.29780157499335 44274 
720 733 16776 12.72889601482786 45718 
721 733 17967 17.065934624019064 44060 
722 735 17006 16.7084722780843 44854 
723 735 17631 25.04386990790109 44732 
724 737 18447 26.888639910733346 44995 
725 739 18004 36.386955045406324 45714 
726 739 16521 27.549528930251263 44926 
727 739 17002 11.851758092332467 45530 
728 740 17835 28.303044885704068 44211 
729 742 16551 10.749052178612022 44975 
730 742 17522 34.787189182744704 44920 
731 742 16751 47.10920581307541 44644 
732 742 18139 21.42777794342651 45500 
733 743 17770 17.656291262955538 44962 
734 744 16793 45.95535470620942 45761 
735 745 18018 35.65479790966498 44223 
736 746 17935 43.33415848134466 44180 
737 748 17527 40.11785998345309 45767 
738 749 18361 41.0892284118021 44779 
739 750 17023 35.98927843294283 45333 
740 751 17902 22.47292202403413 45001 
741 751 17222 33.236462889835465 45115 
742 752 18481 17.090152728004036 44915 
743 752 18353 10.583882141591623 45259 
744 753 17001 46.523749157052535 45339 
745 754 16849 26.072973047964837 45077 
746 754 17350 23.440347876307214 45461 
747 754 17469 20.388264064754402 43905 
748 755 17677 33.63398879537609 44101 
749 756 17085 19.16886707913401 45439 
750 757 18216 12.522501991630683 45518 
751 758 17056 17.164458599345306 45642 
752 761 17881 10.136683283840476 45618 
753 761 17532 19.41328670785734 45598 
754 762 16931 12.345290808181698 45203 
755 764 17643 23.547766900146947 44302 
756 764 17112 42.66708040457199 45513 
757 768 16825 16.47920220956707 44387 
758 768 18270 33.71164789939843 45331 
759 768 16630 20.280615070665085 45301 
760 769 16842 45.315856072579535 45200 
761 772 16650 41.951536618987674 45176 
762 772 16530 37.778009762666734 45654 
763 772 16577 43.56823988677746 44696 
764 772 16725 41.03510187305673 44527 
765 772 18368 26.71830236859148 45544 
766 773 18207 37.1211880005569 44798 
767 773 16622 41.655116861444625 43861 
768 774 16668 11.667392662385584 45087 
769 779 17633 44.40818325161371 45429 
770 780 17943 47.179577352773855 45228 
771 780 17801 21.393036324645557 43906 
772 781 16748 47.49313998237544 44669 
773 781 16860 23.994847766939998 44219 
774 782 18021 45.01349545282942 44967 
775 782 16792 39.76476576723491 43854 
776 785 17619 28.888452386552267 44823 
777 786 16611 29.396404445734706 45333 
778 786 18478 15.267330425784685 45101 
779 787 18131 39.95677763787313 45666 
780 790 17869 31.5905699665258 45295 
781 791 17896 30.086803759651254 44080 
782 791 18044 16.980035148008117 44935 
783 791 17468 13.136304137835948 44987 
784 792 17644 13.146810699572281 44437 
785 792 17220 17.61513549501291 44519 
786 793 17402 26.867633934049028 45219 
787 797 17694 16.272605922706774 45008 
788 800 17037 34.36920190660126 44507 
789 800 17207 35.401608222263974 44590 
790 802 17521 26.87631729094784 45222 
791 803 18025 29.240556167565643 45584 
792 803 16886 43.38794153402349 45832 
793 803 17183 43.07210188997537 45362 
794 803 18186 42.52174933223256 44750 
795 804 17026 28.900525013824407 45543 
796 804 18338 26.509211589318742 44621 
797 804 18321 29.010731241626285 44463 
798 804 17998 33.223709155471276 44398 
799 804 17675 34.062306572004275 44035 
800 805 18234 10.649970403710318 45495 
801 807 18404 24.139921594841564 44739 
802 807 18219 42.35291143266371 44615 
803 811 16607 31.883529644874052 44364 
804 812 17142 18.525928255810136 45788 
805 814 17663 37.36568122337033 45464 
806 814 18181 19.354315883195436 43883 
807 815 16853 30.29372199786002 44061 
808 816 18057 13.227435439735071 45155 
809 817 18223 39.34233276500658 44723 
810 818 16702 30.464927623029222 45534 
811 820 16737 39.99756787294213 45075 
812 820 18471 17.93748342999708 44772 
813 820 17038 35.33905587894419 44891 
814 821 17511 48.53860111375408 45791 
815 822 17229 22.140864719048242 45569 
816 823 17164 35.04814896985922 44865 
817 824 17747 43.80814621337737 44593 
818 825 18268 29.1031392005408 44925 
819 825 18103 49.27590088047956 45414 
820 826 17993 32.20866582665323 44461 
821 827 16864 19.074317226824256 45652 
822 828 17618 48.403737316728204 44444 
823 829 17631 40.24048319140364 44139 
824 830 16929 34.28824727459806 45742 
825 832 17866 17.710281850570592 45375 
826 834 16951 23.613913009287742 45755 
827 834 17079 49.75443429859256 45667 
828 836 17586 23.183979000505516 45243 
829 836 18304 26.616611452030284 45677 
830 837 17713 14.139974321919887 44812 
831 839 18479 32.2599050233719 45092 
832 843 18462 20.973317816878488 45540 
833 844 18164 24.46341993094107 44419 
834 845 18497 22.221689597212155 45732 
835 845 17484 15.55727227730702 45232 
836 846 16544 40.258749697539095 43884 
837 847 17565 45.713940042454766 44763 
838 847 18168 42.361721670826775 44134 
839 850 16810 35.06352220440219 45399 
840 851 16513 46.862795828223256 44835 
841 852 17927 31.16155340540987 44260 
842 854 18445 40.25219164271614 44795 
843 854 17515 40.68896608548957 44733 
844 856 16520 10.84025895298248 45391 
845 858 17525 23.366450087179842 44903 
846 859 16637 32.701644984367974 45120 
847 861 17917 19.151024449880584 44223 
848 861 17637 49.70939137011625 44584 
849 861 18135 33.40293620704692 45556 
850 863 17973 14.642276070295326 44762 
851 863 16762 31.72547584325241 43961 
852 864 17039 35.631152811435285 44820 
853 865 18151 37.15962904430981 45622 
854 865 17841 16.827128588697022 45653 
855 866 18213 38.75413461702858 44657 
856 866 17191 11.26201186329023 44304 
857 866 17983 36.381078008574924 44901 
858 867 17422 22.154177125362736 43997 
859 868 16550 25.95327049544743 44093 
860 870 17641 26.460248427742627 45552 
861 871 16849 39.15220420910766 45575 
862 871 17323 22.89626597786124 45121 
863 873 17966 26.643235146676712 45413 
864 874 17946 28.159851779168772 44150 
865 876 17493 10.670099742162487 44355 
866 876 18305 16.18371495347808 45076 
867 879 16776 14.680296748911177 45001 
868 883 17957 18.346186166824413 45273 
869 884 16548 22.157481269948292 44433 
870 884 17789 23.372737042729792 44291 
871 885 16738 13.992851877568198 45574 
872 887 16812 32.35796034610873 45818 
873 888 17385 42.742852176436244 44654 
874 890 17196 37.29074879653628 45213 
875 890 17351 46.70273423038748 44317 
876 892 17983 39.13485911975727 45779 
877 893 16554 11.026422538100299 44644 
878 893 17671 28.059663436081888 45393 
879 894 18501 12.336466946622249 45464 
880 895 16887 33.10401297698544 44588 
881 897 17868 48.82931948883712 45294 
882 900 17937 33.918014786908195 45259 
883 903 16764 19.95824333938518 44899 
884 903 18175 28.093050718225918 45191 
885 904 16995 33.14938976184612 45161 
886 904 18246 16.001016859058915 45223 
887 905 17939 29.6684775511892 43935 
888 905 17717 48.26376907418047 45690 
889 905 18204 42.00571749402592 44759 
890 906 17430 37.71866131778944 44066 
891 906 17298 31.053737548774563 45610 
892 907 16856 24.100864156090104 44901 
893 908 18221 36.6009782932404 44113 
894 913 17524 18.77903351479988 44100 
895 915 18121 36.39122137435258 45543 
896 915 16874 39.307348891650406 45333 
897 915 17605 40.62636783841528 44079 
898 917 17586 46.734388627668714 45391 
899 920 16645 41.39146340767498 45201 
900 920 18502 27.587450106095964 44901 
901 921 17583 27.403444044631545 45321 
902 921 18374 28.081833027155362 44175 
903 922 18454 33.99807740869407 45017 
904 922 17728 41.03520216237803 45833 
905 923 17124 31.628961395048748 43955 
906 923 17330 28.24266918223239 45427 
907 924 17618 28.87244988153984 45342 
908 925 17902 43.85961697041493 44100 
909 926 16946 17.854622545879174 44423 
910 926 16918 38.117838981402436 43940 
911 928 16781 23.570491558707467 45253 
912 928 17328 17.604842342148498 45432 
913 930 17502 19.54639396892102 45402 
914 931 17544 43.1029919959104 45519 
915 932 18312 35.813648122927276 44543 
916 934 18020 45.24081749080006 45357 
917 936 16962 33.03183433420642 44221 
918 937 16513 18.712982983275307 44979 
919 937 16960 24.180623709854085 44374 
920 938 16584 28.368501467436552 45080 
921 940 18501 34.638730869079865 44294 
922 941 16787 38.306675623680256 44019 
923 941 17714 12.24640106594055 44951 
924 941 16537 41.59452253794609 45403 
925 941 16916 38.560393326391704 44747 
926 942 16589 15.39765742245815 45527 
927 943 17851 27.742558267383405 45035 
928 944 18047 37.71506617602519 44711 
929 944 17905 45.85586079975318 44721 
930 945 17857 21.98518088950933 45115 
931 945 16819 25.091424285018267 44150 
932 946 17396 29.67946927672976 43975 
933 946 16985 26.61728725469789 45138 
934 947 17586 35.869701396266166 45495 
935 948 16526 37.17896644688271 45051 
936 949 17208 49.33989678152025 44362 
937 950 16727 29.80753892900563 45579 
938 952 17240 31.782501622150278 44305 
939 955 18247 49.467111067556075 45020 
940 955 16596 35.58016589671958 43958 
941 958 16890 31.854193719023527 43924 
942 962 17731 45.10727105714815 45675 
943 962 16905 20.631372072655342 45150 
944 964 17250 36.654768355890006 44626 
945 966 16739 16.29843704209083 44965 
946 967 17756 37.2596044908197 45630 
947 967 17543 42.35726115153459 44105 
948 967 17574 10.307558321666672 44995 
949 971 18103 14.016561215363899 45586 
950 971 17158 28.010613775497042 45772 
951 972 17612 33.49985498873031 44426 
952 974 17286 19.647471345630322 44191 
953 975 16906 36.444562131926375 44742 
954 978 17210 33.43277995254516 44316 
955 979 17691 25.915033009757842 44775 
956 979 16516 23.572206155340663 45765 
957 979 18232 28.647503118972537 45648 
958 980 17907 31.617082357218926 45045 
959 980 17768 45.28170874170269 44450 
960 980 16855 30.489665138593175 45125 
961 982 17656 34.71550479317521 44668 
962 983 17962 25.74501641639337 45093 
963 983 17012 20.65845748462053 45253 
964 986 17406 13.647972654048012 44003 
965 986 18370 19.991206035756008 44959 
966 988 17070 29.382930325572364 44715 
967 988 17059 21.682697484787774 43907 
968 988 17198 27.153406324627536 44413 
969 988 16832 21.747338235762168 44207 
970 988 17384 37.99075591653508 45054 
971 989 16627 46.94031544031847 45426 
972 990 17797 27.350289625597238 43959 
973 991 16544 40.507877906060685 44186 
974 991 17912 45.77146305968662 45151 
975 993 18115 48.148086500364315 44465 
976 993 18240 16.625498407702967 44842 
977 993 16518 39.00016619408639 45486 
978 994 17368 48.4056321012344 43932 
979 995 17778 33.346892931430894 45027 
980 996 17618 10.974929150750494 44762 
981 996 17215 33.671152157428445 43919 
982 997 17117 37.5524982955063 45118 
983 998 17624 40.166540336846595 44950 
984 1000 17309 25.472578239429986 44577 
985 1000 18379 29.482308878625624 44276 
986 1002 17315 17.63282695422324 45639 
987 1003 17127 42.364355351120714 44075 
988 1008 17221 46.29667235550605 43950 
989 1008 17840 43.380202889031175 44111 
990 1008 17384 34.579736851712646 45818 
991 1009 17348 33.253624653163804 45282 
992 1009 18148 33.00928397092217 43906 
993 1010 17373 10.009787367454003 44550 
994 1010 18433 41.92801532384512 44508 
995 1012 17244 29.44756093812287 44322 
996 1013 16672 21.406313408206806 45075 
997 1013 17502 25.529049233039327 44812 
998 1015 18099 12.553873210317148 44038 
999 1017 16784 28.47743041357959 45351 
1000 1018 18342 39.909491169684856 44739 
1001 1018 17012 31.980926174580524 43909 
1002 1020 17031 42.68112710632317 44987 
1003 1021 17799 18.158079823683842 45090 
1004 1022 18214 15.235402018101695 45123 
1005 1022 17571 30.3882893631422 44342 
1006 1022 17639 16.789331236469703 45450 
1007 1023 17696 13.675969076215395 44186 
1008 1025 17798 10.463929220012126 43958 
1009 1025 17723 31.02578862726624 45557 
1010 1026 18097 20.2203973842214 45484 
1011 1027 18287 39.95268540503267 45277 
1012 1028 16979 24.896832708397064 45152 
1013 1030 18261 21.356583978535383 45831 
1014 1030 17820 40.899000414205034 44549 
1015 1036 16786 31.067271915424758 44344 
1016 1037 18008 28.305362270610583 45293 
1017 1038 17157 10.6346676960959 44693 
1018 1039 16854 34.49737391607182 44385 
1019 1040 16895 41.56091408009719 43877 
1020 1042 16938 33.70061736136403 45401 
1021 1043 17914 12.78360993645856 43882 
1022 1046 18222 24.608495567342143 45333 
1023 1046 17684 29.330634440765255 44577 
1024 1046 16890 11.77246469133392 44578 
1025 1047 17420 11.870034850084338 45456 
1026 1047 17372 31.289927361569173 44887 
1027 1047 17381 48.0018255901028 44393 
1028 1048 17432 30.40646047207474 45572 
1029 1050 17703 10.30168235291621 44973 
1030 1058 17151 38.7905884281865 44115 
1031 1058 16872 21.09898154648572 44283 
1032 1058 16551 15.810531327111601 44206 
1033 1059 18106 35.22872613061028 44243 
1034 1059 17433 28.55577074080174 45682 
1035 1060 17291 43.09772384133808 44106 
1036 1064 16638 41.01085230704902 44540 
1037 1065 16529 28.827359683903083 45172 
1038 1066 18407 25.7486538575562 45020 
1039 1067 17663 25.001832185914857 44421 
1040 1067 16717 48.11427145861222 44178 
1041 1067 16976 39.05424199734272 43926 
1042 1069 16742 45.320404780501434 45814 
1043 1069 17410 32.15387080601716 44202 
1044 1069 17920 15.424555969922288 44910 
1045 1071 17231 26.754454016823743 44502 
1046 1073 17329 24.209841803056985 44945 
1047 1075 16800 41.366880724244126 44237 
1048 1075 17796 17.107723339134182 44964 
1049 1075 18188 36.02531384228466 44491 
1050 1076 17576 38.42844754150276 45621 
1051 1076 18390 23.18797609295097 44629 
1052 1077 17777 15.880937518046592 44606 
1053 1079 18074 45.02120992206239 44442 
1054 1081 17536 20.85277558044794 45300 
1055 1081 17063 44.05617450129238 45053 
1056 1081 17650 47.54008500868566 44777 
1057 1083 16788 20.52349894722319 44294 
1058 1086 17998 15.451195772099314 45248 
1059 1086 16859 29.99604183857166 45003 
1060 1086 18175 49.72000756963364 44648 
1061 1086 17822 44.22485706486419 45299 
1062 1086 16662 46.5487495940083 44590 
1063 1088 17969 48.02278099286134 44416 
1064 1089 17857 24.86113235137793 44259 
1065 1089 18332 41.40380918761431 43924 
1066 1089 18116 11.323249054504512 43874 
1067 1090 17339 42.22699037435544 44674 
1068 1090 18196 16.16253707916855 43968 
1069 1091 17267 29.08972334134074 45787 
1070 1092 16592 19.69053803562528 44871 
1071 1094 17517 30.613444331573398 44074 
1072 1094 17417 15.88364663364285 45627 
1073 1096 17420 24.813459972795336 44592 
1074 1098 17382 48.310535085391464 44102 
1075 1099 18466 43.57340844424725 43986 
1076 1099 17965 30.35098891140905 44801 
1077 1099 18466 41.24087865401047 45814 
1078 1100 16772 34.90704228181676 45173 
1079 1100 18118 23.849829363180866 44975 
1080 1103 17063 34.19932186008853 45203 
1081 1106 16891 12.518624095061043 44759 
1082 1106 17404 43.78703389893036 45109 
1083 1107 17806 30.596406528249794 45720 
1084 1107 17639 16.06994373059949 45488 
1085 1111 17836 16.373465692981032 44149 
1086 1113 17950 22.164423417700267 44527 
1087 1113 17910 23.04781465428892 44678 
1088 1114 17685 39.95407484228188 44427 
1089 1115 17974 17.666034893634055 45358 
1090 1115 18120 21.450558503999687 44976 
1091 1115 17901 39.99261375344665 45613 
1092 1116 17857 18.240544533750814 45105 
1093 1116 17322 33.28693681148669 44240 
1094 1117 18386 29.871141125450112 45488 
1095 1118 16647 31.125182468150054 44562 
1096 1118 17158 43.807390659470734 45837 
1097 1118 16623 16.48176091317588 44621 
1098 1118 17343 14.098983020617757 44431 
1099 1122 16969 35.16584538181372 45420 
1100 1122 16582 31.298959116634393 45202 
1101 1123 18408 33.14905527480146 44375 
1102 1123 18254 39.45475492663451 43920 
1103 1124 18351 17.526364546562114 44102 
1104 1125 18293 29.639260157772238 44074 
1105 1128 18229 36.1335994074218 45584 
1106 1128 17719 22.497494874144195 44140 
1107 1129 17848 25.400809684656693 45433 
1108 1129 17757 16.885148164249525 45566 
1109 1131 16815 24.0420638849222 44732 
1110 1131 17926 32.019944706489554 44036 
1111 1133 17329 41.82465222837369 45086 
1112 1133 18345 10.62268971584504 44912 
1113 1135 17133 45.83325568934387 45289 
1114 1136 16528 48.52883326120258 44031 
1115 1141 17900 11.768689284474721 45606 
1116 1141 18349 19.18793936331735 44798 
1117 1142 16552 19.063891561810777 45835 
1118 1144 17645 13.0803550571413 45137 
1119 1145 18132 16.535352436723766 44340 
1120 1146 17092 43.131239288783185 44306 
1121 1146 17615 35.248850427810794 45562 
1122 1147 17416 33.20222587592743 44512 
1123 1147 17652 21.10182580187082 45788 
1124 1147 17404 32.467135014934996 45660 
1125 1147 17747 14.831128927286352 45170 
1126 1149 16665 12.716670710020374 44701 
1127 1150 17724 19.034779059089338 45710 
1128 1151 16938 27.884569607697646 45190 
1129 1152 18402 48.67825369763552 44408 
1130 1152 17916 30.54212021681782 44546 
1131 1155 18388 17.33576958880836 44366 
1132 1155 18096 36.957070427176866 45192 
1133 1157 17394 21.048257950566235 45275 
1134 1158 16846 25.12894550560352 45477 
1135 1161 16982 29.623143146221086 44802 
1136 1161 16642 15.17042005061346 44033 
1137 1162 17565 35.23427319283672 45538 
1138 1163 18223 23.56240654654293 44256 
1139 1165 16643 44.8563759217457 44121 
1140 1165 17935 23.81298813992469 43870 
1141 1166 18257 10.572567165705852 44087 
1142 1166 17884 19.067445518098932 44661 
1143 1167 17564 41.846695172212804 44298 
1144 1169 16651 17.563398070735012 44271 
1145 1169 18405 49.354884173883995 44814 
1146 1171 16940 20.45721542766433 44524 
1147 1176 16707 28.039393405825805 44261 
1148 1176 17167 31.31989192873734 44531 
1149 1176 16593 19.143688705939816 45444 
1150 1177 18085 16.767198994835326 44195 
1151 1179 16738 34.06305994084617 45628 
1152 1180 17903 16.784685122572824 44213 
1153 1181 16957 18.90597260020857 44923 
1154 1181 16730 26.333102827154153 44752 
1155 1182 18290 31.019520012294088 43857 
1156 1183 17479 31.45194021738333 45179 
1157 1184 16691 46.372601812662964 44196 
1158 1184 17551 39.63237373481839 44853 
1159 1185 18260 19.234210356922997 44334 
1160 1186 16631 39.3541460903982 45819 
1161 1187 16825 36.617393114404344 44666 
1162 1187 16548 14.610200608964018 44437 
1163 1188 17814 25.360139857185207 45685 
1164 1188 18340 22.803027637509015 45706 
1165 1188 18157 49.29538834442281 45244 
1166 1189 17107 48.313960084104785 44217 
1167 1190 17080 23.30364848100723 44497 
1168 1192 17464 35.89403376186823 44723 
1169 1192 18074 37.839001017281745 44516 
1170 1193 18463 21.853535893153897 44602 
1171 1196 17845 21.036815043346184 44315 
1172 1196 16912 28.21018074212079 44912 
1173 1198 18508 49.40030084185429 45551 
1174 1199 18417 32.71898497228263 45395 
1175 1200 16770 11.097613993456296 44935 
1176 1202 17914 42.12380141444087 44595 
1177 1202 18063 46.1777662755667 44351 
1178 1207 18391 39.05535560303517 45534 
1179 1209 17243 21.869582471146373 45813 
1180 1209 17458 21.0918615646046 45467 
1181 1209 17554 34.83766022988612 44391 
1182 1210 16763 29.80219577939951 45387 
1183 1210 16821 37.3510188545409 43852 
1184 1211 16605 44.882959278656884 43974 
1185 1212 18430 47.31160552837038 44972 
1186 1212 18187 16.215508843018426 45519 
1187 1213 18359 19.217939996646063 44038 
1188 1213 17606 37.23506911691185 43932 
1189 1214 18158 16.734211330644698 45008 
1190 1214 16732 34.861083222577975 44709 
1191 1215 18293 32.98539010819765 44049 
1192 1217 17547 27.486314498103003 45806 
1193 1217 17228 29.59335088012748 45765 
1194 1217 16839 38.327113781667975 43946 
1195 1218 17047 49.180895941439765 44668 
1196 1218 18161 36.68845407273451 44627 
1197 1218 17077 28.069070478747932 44609 
1198 1221 16600 39.977135018897556 45782 
1199 1222 16857 28.042458089306237 44642 
1200 1223 17848 39.253336833340796 44638 
1201 1224 18473 37.24015006593079 44602 
1202 1225 18260 11.735122480968805 44317 
1203 1225 16729 11.061016575627626 44051 
1204 1227 16840 19.586344301685145 44106 
1205 1227 16905 19.330800500257133 44798 
1206 1227 17451 33.18749102125187 44384 
1207 1229 16633 23.13928764001895 44639 
1208 1229 18023 46.030890147639084 44744 
1209 1230 18148 36.034579805655326 44695 
1210 1233 18311 25.480088797400175 44562 
1211 1234 17578 48.38775632145992 44501 
1212 1235 17538 43.6436998887901 45217 
1213 1236 17847 27.13922137376875 44796 
1214 1236 18036 14.822562045426064 44569 
1215 1237 17287 44.260266496223416 45805 
1216 1238 17146 30.161383596250502 44946 
1217 1240 16740 13.916047131777267 45255 
1218 1240 18436 12.972353680114562 44685 
1219 1240 17387 48.098512349487436 44007 
1220 1241 16937 36.140774032739415 44995 
1221 1242 17056 31.312956974797586 44891 
1222 1242 17097 19.82534695843071 45430 
1223 1242 17062 35.048953611225514 45696 
1224 1244 18472 10.087443921809465 44658 
1225 1250 18466 13.833827432566558 45566 
1226 1251 18095 32.12107846193302 44370 
1227 1252 16815 49.0524405969975 45643 
1228 1252 16564 34.50936314050517 45556 
1229 1257 18394 45.662654132391346 45492 
1230 1261 18257 22.01565540429149 44897 
1231 1262 17583 28.039570340665485 43884 
1232 1262 17157 35.15233700408235 44718 
1233 1263 18390 42.28574902186264 44920 
1234 1266 17561 36.35174156891901 44994 
1235 1266 16725 20.297362036284564 45599 
1236 1270 17799 21.6208253127039 45159 
1237 1270 17554 22.23282770361688 44789 
1238 1270 16688 30.94904875129675 43843 
1239 1271 18478 11.91147650900466 45457 
1240 1272 18416 37.34241422101816 45248 
1241 1272 17635 42.36201243755988 45047 
1242 1277 16725 35.204756799254355 43910 
1243 1277 18150 44.08381493722133 44518 
1244 1277 18364 28.419064560568316 44237 
1245 1277 16734 28.863954876869094 45141 
1246 1278 18418 49.50709919502523 43872 
1247 1279 18272 46.46279680032026 45089 
1248 1279 18396 42.56092080591604 44397 
1249 1280 16716 45.50689952318603 45106 
1250 1282 16713 46.030613894290326 45458 
1251 1282 18263 29.45481859439915 45765 
1252 1284 16690 32.45691231725922 44932 
1253 1284 17067 44.39369711747017 45566 
1254 1286 18267 18.023789508457536 44213 
1255 1286 18063 31.088702450898822 44802 
1256 1288 18465 24.45039619073748 44348 
1257 1289 17755 20.428001890733192 45237 
1258 1289 16853 19.96885093027869 45663 
1259 1290 16746 19.174314166272858 45279 
1260 1291 18239 32.344027207515886 44660 
1261 1292 17902 42.8938321649433 44921 
1262 1293 18141 31.00122736693443 45444 
1263 1294 17605 41.03429886101034 44585 
1264 1294 17839 11.891291617159476 45768 
1265 1295 17296 27.38368746479487 44359 
1266 1298 16616 37.28529828150738 44733 
1267 1299 17555 17.192457040686165 45465 
1268 1299 18116 24.649417317996182 45534 
1269 1302 17999 48.17227813936992 45639 
1270 1304 18415 22.524738758956207 44588 
1271 1305 18448 21.28498201183006 45736 
1272 1305 16513 30.58145331115401 44963 
1273 1305 16576 30.539163577332417 45562 
1274 1306 17717 39.656954324790554 45786 
1275 1306 16945 20.503859584860976 44477 
1276 1308 16796 28.847790441383204 43932 
1277 1309 17494 25.10995608675147 44491 
1278 1310 17207 14.808285464774187 44412 
1279 1310 17855 12.272386050472406 45177 
1280 1312 17376 18.450021751938994 44417 
1281 1314 17677 31.411867780564066 44227 
1282 1315 17773 42.65102533881886 44516 
1283 1315 18035 47.98006764502026 45507 
1284 1316 16969 23.791657819854926 45557 
1285 1316 17014 13.136420165999443 43884 
1286 1318 16698 17.330676899807624 44920 
1287 1319 18124 36.19272813726244 45407 
1288 1319 17550 47.33624318296457 44416 
1289 1320 16852 17.951074152628557 44350 
1290 1321 17578 31.874951379438322 45397 
1291 1325 17168 37.64843964955838 45793 
1292 1327 17215 33.059339731276516 44850 
1293 1328 17729 34.67479838863743 44045 
1294 1328 16588 43.146425312435525 44219 
1295 1334 18123 45.480402323242004 45353 
1296 1334 18282 41.41723807055216 43963 
1297 1334 17672 42.419495044995095 45238 
1298 1335 16894 15.283256309708225 44642 
1299 1335 16751 41.15305533027063 45319 
1300 1336 17897 18.592124045518865 45184 
1301 1338 18288 43.02207089194765 45601 
1302 1339 18347 41.49319375153264 45750 
1303 1342 16730 43.9230506569139 44784 
1304 1344 17508 10.254166264095463 43954 
1305 1344 16603 18.60651090665952 44884 
1306 1346 17006 12.447348464350938 45321 
1307 1346 18482 35.85501884003386 45723 
1308 1347 17846 49.97391889852517 44944 
1309 1349 18059 36.07012499744596 44042 
1310 1349 18266 20.252576798360696 44961 
1311 1352 17847 12.83602384153976 44966 
1312 1356 18220 25.971249667554318 45538 
1313 1356 17750 49.83714683905679 44593 
1314 1357 17394 39.06532086973462 44020 
1315 1359 18234 44.0411428975744 45309 
1316 1360 18024 19.485822199394825 43944 
1317 1360 17540 20.672408801665412 45353 
1318 1361 17362 11.607620567631077 45258 
1319 1362 17976 42.27060960291889 44604 
1320 1363 16597 35.149493091065715 45601 
1321 1363 17644 25.960746853947168 43964 
1322 1363 17489 11.935048349107973 44373 
1323 1363 17360 26.329692782790875 44682 
1324 1364 16527 36.66839985216102 45295 
1325 1365 17556 45.397013468253505 45829 
1326 1366 18020 16.333080771713426 45696 
1327 1367 18027 33.16264347829681 45557 
1328 1370 17834 22.20777555081806 45231 
1329 1370 16939 28.820785967774523 44575 
1330 1371 17467 49.4222303356567 45387 
1331 1371 18233 41.16309553133992 44148 
1332 1372 18009 10.060466790814608 45179 
1333 1372 17120 27.2481385831884 44576 
1334 1375 17991 38.3805084399997 45024 
1335 1376 16600 37.304745236161025 43912 
1336 1376 17122 42.50638215351302 44789 
1337 1377 17036 44.96910854110479 45106 
1338 1377 18217 21.689777777104496 45091 
1339 1378 16839 18.803016115080986 44386 
1340 1378 17549 38.317463700971636 44119 
1341 1378 18041 19.027588288267946 44016 
1342 1380 16975 11.043531370237783 45331 
1343 1380 17913 30.6823993791362 45542 
1344 1381 16863 42.80858396404342 44158 
1345 1381 18219 11.667712263674472 44889 
1346 1382 16946 27.468184040244815 45567 
1347 1383 18360 29.037245822428304 44650 
1348 1383 16649 10.582267157150355 44129 
1349 1385 17452 32.74269531840607 44037 
1350 1385 17559 41.87614078480932 45781 
1351 1387 18341 46.66649837359411 45763 
1352 1388 16999 47.295933688035234 44782 
1353 1389 17641 49.26254263496968 44913 
1354 1390 17798 41.78971222384649 44356 
1355 1391 18318 19.443427430851308 45363 
1356 1393 16920 42.72336835739293 45729 
1357 1393 16582 33.538403148509175 45624 
1358 1394 17187 22.216417102081817 43926 
1359 1395 18478 16.47725263052805 45498 
1360 1396 18007 23.507635115954937 45426 
1361 1397 18421 19.351246110826487 44238 
1362 1397 18171 12.21085665379713 44211 
1363 1398 17003 16.936173851679413 44236 
1364 1398 17563 16.977158836690556 44558 
1365 1399 16975 45.57129496654387 44137 
1366 1400 16650 48.77235819658078 44898 
1367 1400 17699 33.3910243696541 45226 
1368 1400 16915 16.650279080913137 44927 
1369 1401 17024 32.16043761227065 45591 
1370 1402 17675 18.973267149035863 45215 
1371 1403 17376 35.667260248747326 44146 
1372 1405 17219 21.831323419422112 45614 
1373 1405 17393 15.972343224493613 44157 
1374 1405 16685 12.98011652455565 45230 
1375 1406 16835 40.08037317577996 44940 
1376 1406 18042 22.975213133486854 44690 
1377 1408 17670 12.0945947364511 44290 
1378 1408 17059 27.349840159094406 44366 
1379 1408 17294 32.04572036269923 44000 
1380 1410 17850 40.1405034632513 44869 
1381 1411 17552 36.70265602751374 44190 
1382 1413 18218 17.286555321422927 45571 
1383 1413 18336 15.021407522354707 44653 
1384 1414 17829 46.364554954505415 44712 
1385 1416 16802 44.58828641942666 45524 
1386 1418 17174 34.04250340863738 45062 
1387 1419 17197 42.56659498830854 45038 
1388 1422 16928 46.48347556487799 44032 
1389 1422 17110 26.525293825207168 44959 
1390 1423 17308 25.674320549492087 44199 
1391 1424 17959 42.812859942825995 45414 
1392 1425 18113 31.347387847817867 45092 
1393 1426 17811 30.283125132421127 44270 
1394 1426 16573 38.584173768917715 45318 
1395 1427 16833 30.25787796909535 44138 
1396 1427 17812 29.88920330012789 45037 
1397 1427 16763 36.372287087487265 44974 
1398 1428 17480 21.120352618211076 44422 
1399 1430 17682 37.0803541594542 45332 
1400 1430 16937 10.034559214090919 44526 
1401 1430 18489 48.269950513466256 45543 
1402 1431 16598 21.458527121631686 44549 
1403 1432 17014 23.847998910405558 45123 
1404 1433 17252 24.275411351741475 45366 
1405 1433 17557 27.40693233056982 44542 
1406 1434 18039 11.223671209553046 45736 
1407 1434 18426 32.057618213070235 45577 
1408 1435 18354 32.81675600636774 44621 
1409 1435 17490 35.454173831279306 44405 
1410 1439 17247 31.869391730845326 44684 
1411 1445 17968 42.21349494852219 45618 
1412 1445 17768 23.71726428911653 45780 
1413 1446 17862 43.4800914380526 45265 
1414 1446 17907 25.447203975919198 45297 
1415 1446 16725 27.35994483751838 44436 
1416 1447 16631 36.98690828581919 44021 
1417 1448 16883 45.84472258497236 45247 
1418 1449 17834 34.82112640081077 44795 
1419 1454 17922 25.35634610574473 45178 
1420 1454 18454 43.30307755132652 45221 
1421 1457 17702 28.67639974280245 44379 
1422 1463 17245 43.634838650943664 43901 
1423 1463 18304 12.175067778578782 45048 
1424 1463 17699 12.769353536646673 44774 
1425 1463 17602 15.313607953812355 45678 
1426 1465 16565 24.96405215072099 45036 
1427 1472 16907 31.351200341231497 44458 
1428 1472 17598 22.586948838636193 43985 
1429 1472 17699 11.69941288073543 44929 
1430 1474 17710 37.39654523672144 44310 
1431 1474 18176 46.67105437171315 44208 
1432 1475 16853 42.17999132411892 44021 
1433 1476 18082 39.20535457143531 45026 
1434 1477 18456 10.314106951000968 44430 
1435 1478 17245 23.31247131104916 44248 
1436 1478 16608 40.88984795847984 45139 
1437 1479 18152 13.704171789916003 44392 
1438 1479 17060 43.297803693842305 44644 
1439 1480 18363 47.14513170777857 45334 
1440 1480 17333 43.75782363057942 43863 
1441 1480 17623 39.67128908828039 45358 
1442 1482 16939 13.832388922801467 45228 
1443 1483 17374 37.20589873664366 44131 
1444 1484 17763 47.71672055055128 45635 
1445 1486 18348 16.345748929637466 44907 
1446 1486 17790 29.348200946769705 44932 
1447 1487 16885 46.91733681166 44379 
1448 1488 18400 29.996501015038977 43930 
1449 1489 16616 43.10378787648381 44691 
1450 1489 17996 31.126039206609875 45104 
1451 1490 18260 20.94668754580852 44573 
1452 1490 17520 12.866334919343249 44114 
1453 1490 18149 15.641924671764258 45091 
1454 1491 17808 37.56131129860219 44152 
1455 1493 16583 24.757058690900912 44204 
1456 1494 17123 11.361608128208275 43991 
1457 1496 16600 49.625246619492515 44807 
1458 1496 18347 28.199671724052426 45531 
1459 1496 18187 49.96703163181145 45287 
1460 1497 17604 45.6284977610317 44974 
1461 1498 18096 25.30039265663511 44814 
1462 1498 18445 46.86351966347771 44166 
1463 1499 17573 34.49320352474968 44976 
1464 1501 17621 44.55640984723063 44700 
1465 1502 18140 42.90652504229218 44810 
1466 1503 16523 48.71910130229541 43886 
1467 1503 16820 43.12308991859345 44949 
1468 1504 18047 18.443467852669208 44568 
1469 1504 17004 22.104490445063867 44288 
1470 1504 17108 24.523034803817225 45778 
1471 1505 17479 27.180006441960987 45016 
1472 1506 18500 28.012490407526506 44578 
1473 1507 18172 26.070412757508258 45021 
1474 1507 16568 43.370577314069415 45572 
1475 1508 17830 44.59336286627745 44033 
1476 1508 17041 26.62205242979706 45633 
1477 1513 17417 47.8574861795838 44288 
1478 1515 17211 35.70274121194893 45434 
1479 1515 18069 16.483502622064194 44630 
1480 1516 17661 37.79833840858126 44707 
1481 1518 17174 37.04011879088527 43996 
1482 1519 18134 48.68544580001146 43910 
1483 1519 16788 17.461523393231097 44450 
1484 1520 16573 18.353479167081336 45010 
1485 1520 17418 49.95115039243472 44066 
1486 1521 18391 47.83855289323416 45449 
1487 1521 16516 38.14873952511881 45375 
1488 1521 16707 40.374165880746546 45107 
1489 1522 17572 40.9240950945173 45575 
1490 1523 18071 34.38161056785789 45474 
1491 1524 17164 18.227595476363344 45738 
1492 1524 16919 28.046512372848124 44310 
1493 1527 17849 31.844287336981978 44044 
1494 1527 16974 35.34297609020994 45041 
1495 1527 17254 34.847961453003144 44571 
1496 1527 17007 11.604433334498477 44621 
1497 1527 17718 14.827644065984437 45405 
1498 1529 17244 28.696653730606197 45348 
1499 1529 18288 24.05780852623025 44415 
1500 1529 17354 47.08167442768539 44344 
1501 1529 18507 25.495849964837063 45372 
1502 1534 17363 48.91284395187311 44163 
1503 1535 16577 19.089101748422994 45134 
1504 1536 17000 14.838229823680017 44483 
1505 1536 16802 10.990077256976463 45652 
1506 1538 16986 49.052471151921935 44856 
1507 1538 17241 25.2388342669349 44649 
1508 1538 17448 29.785647924976058 45067 
1509 1538 18457 38.55347914726187 44632 
1510 1539 17283 27.47093924624925 44159 
1511 1539 17358 30.039396249033345 45518 
1512 1542 17540 29.159811839705192 45443 
1513 1543 16730 44.21088509382741 45109 
1514 1544 16770 41.720034404493106 44545 
1515 1545 17611 33.490834922286666 45620 
1516 1545 17486 39.05282160447478 45303 
1517 1546 16659 36.14671129013413 44232 
1518 1551 17192 25.768033159732333 44233 
1519 1552 17938 10.807797978803722 44620 
1520 1553 16767 27.714453700573177 44873 
1521 1554 17388 14.258442152959155 45782 
1522 1554 17302 40.196111766434484 44531 
1523 1554 17656 29.961552297961855 45642 
1524 1555 17877 27.373225535602728 45345 
1525 1556 17599 43.99001368471 44056 
1526 1556 16868 46.54405002641107 45529 
1527 1557 18362 14.461432048434805 44390 
1528 1557 16941 20.033371099790397 45620 
1529 1558 18168 42.09266161058875 44683 
1530 1560 18124 38.38900906560334 44544 
1531 1564 17738 30.965118397768485 44831 
1532 1565 17329 44.8240255337023 44762 
1533 1565 18193 30.225929295212893 45722 
1534 1566 17636 42.7825154678925 44461 
1535 1567 17241 42.335845116771054 44108 
1536 1570 16886 28.208056128278077 44914 
1537 1570 17474 28.145713753735908 44453 
1538 1572 18359 37.959057433476175 45191 
1539 1573 16911 30.22355356836443 45439 
1540 1573 17226 41.73403023456413 45769 
1541 1573 16992 15.155306589460142 44777 
1542 1573 17702 46.03871955923891 44723 
1543 1574 16556 24.29692238848893 45186 
1544 1574 16996 21.859688221834887 44829 
1545 1576 17249 45.59807928418544 45679 
1546 1576 18119 38.92557821918775 44037 
1547 1577 17232 10.509396735006877 45624 
1548 1577 18363 30.23185843719391 44326 
1549 1579 17980 45.32839685823108 45239 
1550 1580 17636 20.323701287757608 43996 
1551 1580 16875 45.99677993507923 44429 
1552 1581 17903 24.419592670697302 44474 
1553 1581 18380 49.15611562980531 45363 
1554 1582 16562 36.47061457831826 44824 
1555 1582 18328 24.248528242882625 43845 
1556 1582 16843 23.13352316872797 44341 
1557 1584 18455 12.178651429397185 45249 
1558 1584 17689 45.906401918368815 44757 
1559 1584 16795 24.725148433132617 45818 
1560 1584 18041 30.32252854725241 45079 
1561 1589 17358 19.19448668229894 45054 
1562 1590 16816 41.872936872629545 43972 
1563 1591 16604 21.001081138294598 43897 
1564 1591 17659 20.120856034639253 44623 
1565 1593 16668 38.060053624432236 44131 
1566 1595 16952 47.99177296112057 45075 
1567 1596 16960 19.866428819323115 44121 
1568 1596 17552 35.30656754038 44639 
1569 1596 16623 44.23597079156992 45517 
1570 1597 17922 36.589209571157355 44625 
1571 1597 16677 22.98341931471224 45428 
1572 1598 17698 33.36798989280872 44579 
1573 1598 17614 30.63831331915214 44812 
1574 1598 17581 11.336093561251928 44697 
1575 1598 17176 42.34462942723847 45697 
1576 1599 18395 11.347249104225604 44226 
1577 1600 17474 28.463574689619232 45428 
1578 1603 18224 48.98409127189163 45536 
1579 1604 18321 38.18184904619296 44974 
1580 1607 18005 17.88556281401636 44143 
1581 1611 16604 24.93914523245469 45307 
1582 1612 16562 34.61587411977625 44691 
1583 1612 17032 46.03572054500343 45064 
1584 1613 17210 42.94833763840887 45106 
1585 1613 17134 48.75444288887185 45349 
1586 1614 17646 12.072189201684932 44521 
1587 1614 18317 20.359447217777177 45024 
1588 1616 17838 32.88708594723967 44729 
1589 1616 17348 14.790884569982605 44090 
1590 1617 17457 32.45671524702174 43927 
1591 1619 16801 24.604649687274435 45815 
1592 1619 17303 18.571521477787634 43967 
1593 1622 17617 47.23330519493394 44571 
1594 1623 18143 29.805604666924566 45295 
1595 1624 17902 49.087983238022034 43908 
1596 1625 18227 17.78089690519796 44476 
1597 1627 18200 37.98899455617028 44598 
1598 1629 18044 43.804668307236206 44264 
1599 1629 17936 39.832176069992244 45773 
1600 1629 17000 33.9986718027888 44605 
1601 1630 17739 41.76211943880708 44077 
1602 1630 17318 21.654345924949254 44272 
1603 1631 16725 29.07083115540057 44746 
1604 1632 17825 48.18407422901642 45173 
1605 1633 16907 17.860656982804866 44009 
1606 1635 16590 35.39806076547117 44499 
1607 1637 17497 40.08230752808291 44849 
1608 1637 17219 33.67087675780508 44399 
1609 1637 17714 32.28336060557271 45683 
1610 1637 17041 35.83945075788476 43968 
1611 1639 18343 18.461187092755384 43981 
1612 1640 17735 17.903546677418333 45682 
1613 1641 16611 31.51443707616776 44421 
1614 1642 18455 37.81990866757786 45502 
1615 1642 18423 36.37418561664107 45499 
1616 1643 18187 34.44149852146121 45652 
1617 1644 18032 45.193295393931436 45464 
1618 1644 17705 22.843196922339576 45561 
1619 1644 16848 18.401835602971293 44794 
1620 1644 17704 25.81303300090131 45035 
1621 1644 17674 11.562653189483413 45665 
1622 1646 18131 27.66894690783559 45070 
1623 1646 18431 27.354776832110463 45428 
1624 1647 17047 34.90630448515884 45382 
1625 1647 17954 22.584469152649696 44110 
1626 1647 18227 47.30728955071018 45414 
1627 1649 17013 11.11800260546242 44161 
1628 1650 17872 26.586354787332496 44267 
1629 1651 17030 36.474262123875135 45212 
1630 1651 17927 40.58736298117944 44337 
1631 1652 17484 38.548378918736304 43849 
1632 1652 17300 45.71643808649608 44405 
1633 1653 18350 35.19776363575275 43886 
1634 1654 17705 21.25706909593707 44576 
1635 1656 16568 28.659946338491178 45320 
1636 1657 16903 18.832831772084212 43856 
1637 1659 16754 36.964242435623134 43846 
1638 1660 16655 23.63029912731253 45517 
1639 1662 17766 34.49013728172084 44384 
1640 1663 17449 34.304226864083674 44163 
1641 1664 17212 41.82414307109329 43855 
1642 1665 18449 13.143591684758999 44038 
1643 1666 17390 46.04659629866268 45372 
1644 1669 18320 32.372095499579174 44224 
1645 1669 18445 28.223671880091885 44660 
1646 1672 18030 44.088776184296705 44786 
1647 1672 18108 29.806046990730522 45227 
1648 1672 17159 35.42727626618554 45810 
1649 1675 17123 38.37555348816666 43855 
1650 1676 17032 47.75683009554304 44397 
1651 1683 17401 29.42326479806301 45055 
1652 1684 16875 22.24395820769884 44345 
1653 1685 16563 20.914137216376368 44271 
1654 1685 17193 22.215236618195146 45108 
1655 1687 16521 10.888416603792802 44428 
1656 1688 17047 25.656515644662967 45390 
1657 1689 17302 15.042123418452068 44579 
1658 1691 17599 36.14153414441345 45787 
1659 1692 18206 22.60575531166441 45684 
1660 1693 17978 18.427180013475322 44685 
1661 1693 17427 42.55602399230102 45814 
1662 1694 18182 25.589630572077024 43857 
1663 1701 16713 15.54859299617458 43931 
1664 1703 17227 49.01920967164059 45113 
1665 1707 16805 16.174828762979757 45746 
1666 1707 18062 36.31886058419902 44165 
1667 1707 16514 16.311194042265093 45146 
1668 1707 18447 41.36331402507526 44969 
1669 1708 16514 41.76675453663858 44739 
1670 1709 17100 36.518732483551766 44612 
1671 1711 18198 45.163409838106276 44837 
1672 1713 17952 25.038201430875013 45320 
1673 1714 18125 19.632175899978378 45044 
1674 1714 17539 35.98178554137637 44703 
1675 1715 17145 28.668159973583197 45565 
1676 1716 17215 17.05290049244629 45495 
1677 1716 16868 20.25679325508576 45776 
1678 1717 18255 29.125860632159362 45609 
1679 1717 18366 38.970016792381415 44423 
1680 1717 18401 17.170278708824668 45575 
1681 1718 17286 41.38152054279015 44935 
1682 1719 18209 49.68547420230997 45343 
1683 1720 18244 25.337837277188775 44713 
1684 1720 17811 44.40030183103937 44488 
1685 1720 17738 33.24256533261226 44748 
1686 1720 17095 38.023198297907925 45215 
1687 1721 16836 30.755142252604287 45126 
1688 1722 18201 36.46859918484573 45285 
1689 1722 16915 31.66363418863865 44962 
1690 1724 18296 44.773678647533195 43975 
1691 1725 17979 44.01336888761642 44544 
1692 1726 17392 10.169424779400487 45302 
1693 1727 17295 19.097206266747033 45163 
1694 1729 16987 31.21541995570697 43870 
1695 1729 17414 30.807470597687526 44931 
1696 1730 16886 35.562481931328406 45320 
1697 1731 17862 10.190227912955914 44888 
1698 1731 17809 19.85138162479537 44900 
1699 1734 17523 43.088509702708315 45005 
1700 1734 18040 10.209067696012749 45381 
1701 1735 18479 14.409029041795902 45069 
1702 1736 17539 31.62589296356774 44528 
1703 1737 16827 34.4158695891937 44719 
1704 1738 16632 47.53745120925706 43859 
1705 1738 16895 45.10181987802311 44486 
1706 1739 16838 35.15437802933599 44328 
1707 1741 18130 18.91216720664964 44052 
1708 1741 18205 14.910041420403441 45307 
1709 1742 16981 21.036530780758227 45588 
1710 1742 16700 43.300397448856096 45001 
1711 1745 18296 16.82331945285252 45326 
1712 1747 17853 37.5346260755069 43963 
1713 1748 16676 31.513930222053208 44971 
1714 1748 17031 12.809593025949733 45734 
1715 1748 16945 29.499807249185967 45053 
1716 1748 16994 12.346706621764433 45566 
1717 1749 17729 25.42741389615109 45746 
1718 1749 16665 49.14309800850676 45551 
1719 1751 16936 10.054695219778225 45521 
1720 1752 17211 47.79740846595097 45235 
1721 1752 18371 47.149309942853364 45374 
1722 1752 17921 44.85203774094695 44806 
1723 1752 17390 35.8724096113907 44627 
1724 1754 18178 38.45715201605317 44618 
1725 1755 16714 47.04280765062301 44481 
1726 1756 17106 33.86279827684254 45661 
1727 1756 17160 36.21783372727617 45472 
1728 1756 16811 34.727199410848 44551 
1729 1757 16793 24.711596775788642 44877 
1730 1757 17661 35.85052856333739 44889 
1731 1758 17791 41.666558637877884 44395 
1732 1761 18303 13.32342275493163 44977 
1733 1762 18246 10.265941353532288 45644 
1734 1764 16706 18.747372471247616 44300 
1735 1766 17880 18.813115725540253 45382 
1736 1766 18415 12.909986576239794 44202 
1737 1767 16844 46.010824918427446 43857 
1738 1767 18013 36.03231285838185 45324 
1739 1767 17007 13.383742523138764 45725 
1740 1767 18141 38.67275458781507 45569 
1741 1769 17300 31.74254517202541 45814 
1742 1770 17615 17.038934257351848 45365 
1743 1770 17096 31.716932510508762 44299 
1744 1770 17344 16.876584848169102 45277 
1745 1771 17428 13.4364817270693 44151 
1746 1774 17761 35.05762665209981 45421 
1747 1775 18388 14.122497066611848 44547 
1748 1775 18458 19.620308086812145 44108 
1749 1776 17045 47.36189130167802 45321 
1750 1776 17290 18.452982674518687 44231 
1751 1777 17178 14.089297632102866 44640 
1752 1778 17035 19.019874827538253 44211 
1753 1778 17422 47.213410054431165 44815 
1754 1779 17066 15.004692713243234 45403 
1755 1779 16798 38.24168258512738 45553 
1756 1782 18209 11.137609686888608 45565 
1757 1783 16950 40.13937913868623 45307 
1758 1784 17510 18.18845031324883 45325 
1759 1786 17052 23.134206607938953 45598 
1760 1786 17389 31.17271142739078 43996 
1761 1787 17960 33.370738461764034 45609 
1762 1789 17943 18.354768044196543 44115 
1763 1789 17937 16.731734865335635 44802 
1764 1790 17079 31.850311574078116 44891 
1765 1791 17386 34.21371665088278 44449 
1766 1792 16656 15.199065421499034 44478 
1767 1792 17382 49.28433477925628 45422 
1768 1792 17736 49.771083544891155 44520 
1769 1796 16592 40.197994996882805 44847 
1770 1796 16547 30.929022359873404 44443 
1771 1796 18195 49.012135566225595 44159 
1772 1798 17224 47.85796362612554 45278 
1773 1798 16921 32.38992926302605 44932 
1774 1799 17083 19.636433956367924 45150 
1775 1799 17521 36.093816393537324 44645 
1776 1799 18036 13.422160427383236 44912 
1777 1800 17531 37.57703174062262 45134 
1778 1802 16972 36.56036122174666 44581 
1779 1802 18111 41.26906677614805 45358 
1780 1802 18213 20.238319392362165 43995 
1781 1803 17443 22.74445026886749 44871 
1782 1805 18470 43.158674708602504 44671 
1783 1805 16583 24.336150165090366 45387 
1784 1806 18481 20.62875885191144 45338 
1785 1806 17388 43.40709310107125 45290 
1786 1807 17025 34.79932213800472 43841 
1787 1807 17263 22.316219402930642 44109 
1788 1807 18024 23.315238188178764 45605 
1789 1809 17336 28.300195565330114 44754 
1790 1811 18198 48.294500807383585 43927 
1791 1812 17438 25.47427578228923 44129 
1792 1814 18433 24.194089823431632 44511 
1793 1814 18441 42.01735854745931 45528 
1794 1814 18281 17.685026503117527 44007 
1795 1815 17970 45.93433151605619 44589 
1796 1816 16580 27.56063920990885 44436 
1797 1816 17745 46.39283344944464 43954 
1798 1817 17298 31.8690151274743 45780 
1799 1819 16802 49.162811478670534 44348 
1800 1820 17535 46.42627727676019 45562 
1801 1822 16794 35.91379096529938 45129 
1802 1823 17867 43.43724923832499 44783 
1803 1823 17100 19.383981200379136 44188 
1804 1825 16899 42.18020497229341 44048 
1805 1826 16566 42.0235659937149 45458 
1806 1826 16687 21.492718323419297 45368 
1807 1826 18290 23.856119116408593 45631 
1808 1826 17418 37.61778091005045 43991 
1809 1827 16538 21.324721756516706 43864 
1810 1828 17456 39.86695425234184 44718 
1811 1828 16873 29.735765247001456 45680 
1812 1831 18186 23.15187639449961 45146 
1813 1833 18392 19.289096820279596 45058 
1814 1834 16731 46.331616086450936 44403 
1815 1834 17890 39.688786538831245 44282 
1816 1837 17038 27.271602611531705 45563 
1817 1837 18366 13.204427739557104 44952 
1818 1838 18033 17.450666763455082 44215 
1819 1840 16952 34.271911404435166 44163 
1820 1840 17925 35.44377279356781 45553 
1821 1840 16530 25.813935331021632 44252 
1822 1840 18219 16.602536073019767 44250 
1823 1841 16675 21.610751776331423 44230 
1824 1841 18021 21.232996418596592 45336 
1825 1842 18497 17.98202851115483 44299 
1826 1843 16566 45.083711381220475 44303 
1827 1843 18033 16.719633898035298 45314 
1828 1843 17526 16.026952190607908 44650 
1829 1843 17032 49.34439808583392 44516 
1830 1845 17936 42.7049393282939 45251 
1831 1845 18155 48.66031195798516 44019 
1832 1846 17557 39.79588460560427 45080 
1833 1847 17437 21.46218829156323 44055 
1834 1849 18500 42.644841371684755 43958 
1835 1849 17475 32.78008807233236 44430 
1836 1849 17038 48.63139008157192 45697 
1837 1850 18152 42.43800986519898 44968 
1838 1850 17832 25.363859210918 45479 
1839 1851 17635 48.989257069661676 45811 
1840 1853 16515 43.60347645945093 45040 
1841 1853 18232 45.46988301854027 44131 
1842 1853 17730 24.77187004892854 45217 
1843 1854 18145 13.08324170232423 44713 
1844 1856 16557 15.362519445447225 43856 
1845 1857 18390 29.948399078175076 45163 
1846 1857 17912 13.426765728219419 45531 
1847 1857 17368 49.909371857511005 45000 
1848 1858 17583 21.81110472306994 44281 
1849 1861 17912 12.072496291163105 45674 
1850 1861 16725 38.22470951822291 44784 
1851 1861 16823 29.23168013109072 44237 
1852 1861 17663 10.947392421523086 45110 
1853 1862 17719 31.775146548720986 45086 
1854 1862 17744 41.89026047830447 44010 
1855 1862 17505 14.983862787742343 45359 
1856 1865 18073 24.850592504048862 45738 
1857 1867 16970 13.183401813056328 44391 
1858 1867 17969 27.173114941603835 44949 
1859 1869 18496 21.75295890974073 44563 
1860 1870 18287 15.660878057438797 44954 
1861 1871 18156 10.849198963047089 44085 
1862 1872 16827 17.377107155858326 44679 
1863 1874 17189 47.084293609256825 44837 
1864 1875 18363 49.2045549322185 45280 
1865 1875 16872 17.09218230421364 45080 
1866 1875 17727 16.652601067955537 44653 
1867 1876 18508 40.310281701732094 44883 
1868 1876 16520 33.179324970083876 45111 
1869 1880 16604 42.41385084809612 44658 
1870 1881 18057 34.42106288194565 45828 
1871 1883 16517 22.470110412387854 44067 
1872 1885 16785 37.175276711478034 44001 
1873 1886 17051 17.095254747118084 44248 
1874 1888 18193 40.45150516117156 44749 
1875 1889 17864 46.44570014124918 45438 
1876 1889 17414 36.873006109390246 44245 
1877 1891 17021 43.47934478201757 45237 
1878 1894 18038 22.107120031148057 45050 
1879 1897 17679 39.1873724945285 44175 
1880 1899 18123 49.62369055245975 44953 
1881 1900 17117 42.963605267666445 45555 
1882 1902 17638 11.091613357508216 44198 
1883 1904 16978 25.7691444561525 45501 
1884 1906 16875 27.059728035476695 44422 
1885 1911 17797 48.39415590163181 44202 
1886 1914 17307 15.973968548037067 44545 
1887 1914 17433 34.6765241103252 44275 
1888 1915 16762 39.47688564651156 44650 
1889 1917 18023 47.6359007858943 44614 
1890 1917 17955 27.09902022653582 45656 
1891 1918 18289 41.87602093683966 44833 
1892 1918 17472 43.23023863224956 45450 
1893 1918 17936 26.156027980699122 45390 
1894 1918 17036 23.186251613360064 45425 
1895 1919 17624 44.32867014904361 44549 
1896 1919 17212 39.08596920557176 44197 
1897 1919 17039 39.238802995011646 45553 
1898 1921 17992 30.120532072149267 44189 
1899 1922 18487 49.813321433117316 44503 
1900 1923 17027 45.99671265643921 44103 
1901 1923 18276 24.02089132579354 44192 
1902 1924 18262 40.43486309834521 44922 
1903 1924 17682 36.264861910149904 45631 
1904 1926 17073 28.71843125660937 44440 
1905 1926 16732 28.453208087347427 44642 
1906 1926 17220 46.768550998576345 44349 
1907 1926 16828 37.844870264201234 45553 
1908 1930 16784 24.67687135180705 45205 
1909 1931 18112 47.98285430282432 44520 
1910 1931 18474 44.9528065468802 45788 
1911 1932 16528 19.1777845472209 43993 
1912 1933 18104 41.30507699390189 43900 
1913 1933 17751 25.633229961490606 45790 
1914 1933 18425 36.58193470764827 45433 
1915 1933 18498 22.663056439129438 44161 
1916 1933 17800 46.64530454687244 45352 
1917 1934 17771 12.54731035336329 45664 
1918 1934 16797 27.34833855436614 45208 
1919 1935 16748 10.849907334894597 44268 
1920 1935 17700 28.800464354111362 45470 
1921 1937 17122 16.63372420488018 45701 
1922 1937 17022 28.31056904820651 44072 
1923 1938 18442 24.663445694755545 44034 
1924 1939 17149 13.166144475491294 45511 
1925 1941 17049 33.21033848418337 44713 
1926 1942 17478 19.57168895005699 43875 
1927 1942 17632 35.03434900674987 43962 
1928 1943 17114 29.369860991480195 45197 
1929 1944 17448 24.769354917528382 44321 
1930 1945 18163 28.70821265185187 44773 
1931 1946 18114 20.04862509303252 44104 
1932 1947 16842 29.37910275843118 43891 
1933 1947 16752 37.07044117813304 44259 
1934 1948 17364 41.03425038916989 45688 
1935 1948 16893 37.30395194486046 45599 
1936 1949 18121 18.02029388708251 45558 
1937 1952 17784 24.580583626691414 45767 
1938 1953 16943 14.445271620620215 44296 
1939 1953 18304 41.850704218857544 43936 
1940 1953 16581 14.241998984230687 44066 
1941 1956 17066 24.329155700807632 44689 
1942 1957 16798 37.00878623384337 44653 
1943 1957 17043 17.98278564127824 44511 
1944 1957 18390 41.264912668099285 45607 
1945 1958 17773 10.259756610052705 43948 
1946 1958 16732 16.314014033138285 44263 
1947 1959 17081 14.518106266814069 45550 
1948 1959 18294 16.616675656345848 44014 
1949 1959 17932 40.8352921124134 45498 
1950 1959 18172 16.52243554883119 45081 
1951 1960 17347 31.698505536508858 45558 
1952 1961 18186 21.548266559648617 43958 
1953 1961 17395 11.307719596243917 45688 
1954 1961 16989 26.509330601990264 44657 
1955 1961 18364 32.17934160225281 44822 
1956 1964 18505 30.176311486605623 44414 
1957 1967 17510 24.7284969236475 44432 
1958 1967 17452 19.239402375243763 44256 
1959 1970 18434 14.488593710540275 45715 
1960 1971 18395 38.50792890304497 45078 
1961 1971 16529 15.400203923447933 45339 
1962 1971 18431 30.87783105599746 45623 
1963 1972 16539 37.767340052763515 45678 
1964 1977 16684 32.804358653989134 45445 
1965 1978 17809 23.957375149887895 45112 
1966 1979 16593 49.91611685891321 44777 
1967 1980 17720 41.65314852774937 44079 
1968 1980 17060 48.38883425834899 44905 
1969 1980 17833 22.571948170271842 44209 
1970 1981 17627 16.801134962992133 44484 
1971 1981 16628 16.541355932418682 44590 
1972 1981 16537 44.447461974399715 44645 
1973 1982 18325 46.914611161122004 44277 
1974 1983 16739 36.713429693651634 43941 
1975 1984 17105 15.521363331436952 43925 
1976 1985 16886 28.789646535089734 45725 
1977 1986 17381 10.988523672188855 44578 
1978 1986 18300 11.931142305855392 43873 
1979 1986 17796 29.09785512282289 44875 
1980 1987 17089 25.89936622679997 44652 
1981 1987 16727 22.614701398163668 44037 
1982 1987 17068 49.508988903825895 45324 
1983 1988 17824 49.035735862457734 45071 
1984 1989 16718 40.19431980508443 43860 
1985 1991 16818 17.649458125558763 45076 
1986 1992 17989 19.321771917391885 44669 
1987 1993 18014 39.54443163152336 44531 
1988 1993 17293 12.502275051758724 44847 
1989 1993 17474 15.038105440042951 45492 
1990 1993 17357 44.395674655704354 45094 
1991 1994 17283 12.604044541994512 43842 
1992 1995 16628 29.723723294227792 45799 
1993 1996 17704 30.7253194158042 44480 
1994 1996 16804 30.690059959628435 45246 
1995 1997 16637 30.145095122193872 44138 
1996 2000 17151 30.92379394985248 45683 
1997 2000 17677 30.285971728574314 43840 
1998 2000 17997 40.14281505986687 44118 
1999 2000 18242 48.89402668236154 44596 
2000 0 16659 38.37414134311585 43863 
