1 4 17496 21.846977152192064 40539 
2 5 18461 29.01160195770411 41294 
3 8 17162 25.539802164395393 41361 
4 11 17411 28.157293650059188 40218 
5 16 17468 46.32258413259737 40308 
6 17 18631 29.594333793707275 41319 
7 17 18241 24.693553559145364 40685 
8 17 17385 43.06073314045062 40410 
9 18 18197 41.22446372716375 41702 
10 19 17377 36.00011292570696 42082 
11 20 18439 48.22026028029193 40246 
12 20 17701 43.95886109489097 41977 
13 20 17118 17.842806037917107 41272 
14 21 17186 30.775017440032325 40736 
15 24 18115 34.943219785866894 41470 
16 26 18281 26.04654252786144 41566 
17 27 18614 18.05941295833452 40246 
18 28 17032 20.27184553685427 40393 
19 28 18322 36.37541576533475 40300 
20 29 18837 49.51087244499996 40980 
21 29 17379 13.397083430764392 40268 
22 29 18866 11.56164665676306 40518 
23 30 17822 21.667591280137536 40683 
24 33 17355 21.34424628612361 41870 
25 33 17016 41.49118199104723 40466 
26 34 17794 14.209989179136793 40617 
27 36 18908 11.820963568934015 40625 
28 36 18933 16.31748135652835 40847 
29 38 17971 20.891459992385776 41464 
30 38 17152 23.811081875000887 40412 
31 38 17113 47.035995820893866 40506 
32 39 18154 44.635043829206595 41395 
33 39 17209 31.53920305091887 41840 
34 40 18629 22.995091875135117 40991 
35 41 17638 27.00324325097703 42032 
36 42 18538 29.07032651207226 40760 
37 43 18458 33.3499279795507 42028 
38 45 17307 13.811330204993912 40509 
39 46 18456 28.116731456064468 42098 
40 47 18947 23.61913128629486 42069 
41 47 17619 35.876291217243065 42175 
42 48 18677 11.623007222585313 40318 
43 48 17389 14.442754510127527 42054 
44 50 18442 28.206413673979757 42044 
45 51 17478 26.327768348561843 41081 
46 51 18899 25.457614974039746 42091 
47 51 17269 10.64636759184654 41473 
48 52 17159 39.30883342557932 41475 
49 52 17782 14.645727995650875 40986 
50 54 17151 40.117371271841066 40603 
51 58 18755 13.640372197352129 40429 
52 58 18393 15.439805676731782 41880 
53 58 17137 24.271782603015414 41635 
54 59 17984 15.750799620026154 41602 
55 59 17449 40.89116820756237 41067 
56 59 17121 34.122324596834645 41126 
57 60 17722 48.842390503323216 41887 
58 60 18655 36.206288520223055 40586 
59 65 17797 32.34601216044341 41146 
60 66 18764 18.650806160967505 42051 
61 69 17313 33.68323061165165 42188 
62 69 18749 17.78304753833407 42005 
63 69 18042 34.91948158183264 40310 
64 71 17924 24.332864117455703 41230 
65 72 17396 20.41530376367499 41763 
66 73 17495 30.266143771166934 41076 
67 75 17034 49.34316475715533 41538 
68 77 18878 44.200113987895456 41065 
69 78 17048 40.79270947363732 41544 
70 81 17236 18.91537602597642 40763 
71 83 18826 17.71505584390601 40609 
72 84 17612 22.803449935132235 41320 
73 85 17295 31.214867773359686 41233 
74 86 17040 44.94870951608944 40606 
75 87 17505 12.524810728776927 40411 
76 89 18856 15.23423024037542 41914 
77 91 18235 36.46207915925565 41968 
78 94 17054 49.75153938712992 40315 
79 94 17646 23.30754054056164 41122 
80 95 18700 11.11697666031838 41132 
81 96 17809 31.109628861421893 41853 
82 96 18965 49.506432157039015 42081 
83 98 18638 36.39381035905563 41630 
84 98 18419 48.489251827701075 40272 
85 99 17585 22.411066092985887 41444 
86 100 17485 18.673853583579803 42124 
87 101 17771 29.820371532966504 40507 
88 101 17926 37.39444221608496 40575 
89 101 17256 31.983337921066234 41430 
90 101 18606 46.92366524379469 42068 
91 107 17847 35.85395968366042 40464 
92 107 18179 13.203567800608607 40928 
93 108 18497 24.510455262033155 42149 
94 108 17535 14.237110400417148 40444 
95 108 18622 44.457868181742796 40529 
96 109 17266 49.49007844682227 40516 
97 110 17677 17.972375637848124 41899 
98 111 17192 14.838049171823325 42116 
99 112 18053 20.01168758513401 40472 
100 114 17895 16.395844360107176 41630 
101 114 18138 16.423528893391534 40273 
102 115 18647 45.15559642862123 41245 
103 116 17694 41.13426370665675 41262 
104 116 18435 43.63443460861948 40588 
105 117 18267 38.945293079535105 40693 
106 118 17469 10.25507023836942 40669 
107 119 17122 21.364818609461675 40511 
108 120 18180 43.690800335887914 41204 
109 126 18719 16.26525868746905 41301 
110 126 18815 42.274794422711174 40274 
111 127 18470 35.900093178647595 42000 
112 132 17713 17.75767302771431 42059 
113 132 17822 40.6999370846043 40640 
114 133 18812 47.8548906931224 40722 
115 133 18493 40.309299417972895 40920 
116 134 17137 31.757442036391513 40592 
117 134 18935 48.805683880573014 40979 
118 135 17288 26.612003553725202 41378 
119 135 17301 34.77316864680369 41946 
120 136 17941 18.850342443245797 40750 
121 136 17260 49.73886280340836 41719 
122 138 17381 33.30577908830322 41477 
123 138 18420 26.385761841275 42178 
124 140 18025 26.019603490692802 40416 
125 140 18379 29.573919595947594 41085 
126 141 17596 18.703690909225422 40854 
127 143 18944 43.526344303001736 42125 
128 147 17224 20.766926928747374 41851 
129 150 17457 43.58702238046633 41475 
130 150 18293 36.04710204281909 40309 
131 151 17390 43.290489616286685 40649 
132 153 18728 39.83495051492308 41407 
133 153 18225 28.389040849653707 41617 
134 153 18240 37.562825569789254 40493 
135 154 18388 19.606969081475594 40526 
136 154 17523 20.291243922892235 41618 
137 154 18524 34.37834609110558 40916 
138 156 17108 27.720579423325603 42137 
139 156 17529 30.73324719583304 40441 
140 157 17162 40.491298203224545 40393 
141 158 17612 14.128977648021447 41166 
142 158 18663 31.267588996338638 41297 
143 159 18403 48.0496935650728 41956 
144 159 17477 35.11296001653167 41727 
145 161 18297 42.61940841919413 41206 
146 162 17973 31.981538527357966 40788 
147 163 17832 12.586897426418817 40570 
148 164 18183 28.955741624062135 41184 
149 164 17151 21.9949389413793 41414 
150 165 18955 20.576671496238955 40567 
151 165 17342 10.933730342473185 40387 
152 166 18475 40.78428312013973 41743 
153 167 17454 44.43459671002562 41107 
154 168 17922 24.425042660312766 41893 
155 169 18276 12.84042570727478 40385 
156 170 18262 16.523579085258735 41894 
157 173 18296 49.64957451596621 40537 
158 174 18135 31.451567238375567 40906 
159 174 18524 40.17384362380113 41631 
160 177 18387 46.78313781129475 41458 
161 178 18711 31.72039955768753 41625 
162 179 17000 32.30247108515941 40245 
163 179 17058 46.6905440265009 40919 
164 182 18265 18.818235000349844 41884 
165 182 17004 28.84115340472897 41370 
166 183 17325 39.249673336705996 41381 
167 185 18583 17.042095618622454 40305 
168 187 17506 24.62086313354543 40693 
169 187 18588 40.779620952446955 42059 
170 188 18000 21.314233036406648 41983 
171 192 17909 40.710612258796004 41449 
172 192 18529 45.39735435551056 41662 
173 193 18450 44.45579180191605 41847 
174 196 18097 47.50221045734813 41951 
175 197 18310 26.217633742636863 40965 
176 198 18900 31.881331976661595 41375 
177 199 17762 45.63047426036399 41728 
178 202 18692 18.70275043119246 42006 
179 203 17860 16.381639143330013 41304 
180 203 16996 49.227115414562746 41807 
181 203 17249 18.61102150543314 40437 
182 205 18973 42.96824776811565 40900 
183 205 18136 46.42803991117623 40841 
184 205 18712 35.3543616272978 40469 
185 207 17102 28.966821439148156 41387 
186 207 17066 13.736789540058854 41918 
187 210 17948 16.09544085533358 40968 
188 210 17189 31.838377290116696 41811 
189 212 18433 24.48796974157618 41876 
190 212 18549 15.352309990731863 41537 
191 212 17040 30.178351407690126 41162 
192 214 17405 16.507961619061295 41213 
193 215 18909 17.37386192721639 41054 
194 215 17055 14.231867455963005 40301 
195 216 17011 45.03759196121716 41942 
196 217 17013 26.289056752163408 41298 
197 218 18957 20.453229805480436 40531 
198 218 17775 44.03170126419926 41055 
199 219 18032 44.67272780923031 41750 
200 219 18924 33.13700675246035 40305 
201 221 18995 35.795382532552665 41235 
202 222 17214 14.976915650447303 40598 
203 223 18869 37.08775518335756 42167 
204 225 17252 23.492432572221247 40871 
205 226 17017 42.714992190290715 40794 
206 226 17518 48.909002489310254 41248 
207 228 18221 39.78233483573867 41508 
208 228 18807 35.93306653952095 41970 
209 228 17536 35.179697702120976 42205 
210 230 17378 27.928514996179835 42133 
211 231 17674 42.64229614264929 41197 
212 232 18326 34.06567323263021 41426 
213 233 17485 32.84958721181127 41299 
214 235 18511 43.502524963214405 41628 
215 235 18919 49.83762766292531 41359 
216 238 18850 38.551273535237456 40719 
217 239 18478 38.22839628545094 40500 
218 239 18172 43.954209208613946 40472 
219 239 17861 18.52345284337421 42187 
220 240 18929 37.932194633756666 42051 
221 241 17528 31.249704734746054 40865 
222 242 18617 32.58869866949286 42027 
223 242 17921 45.20696203396095 41329 
224 242 18150 10.970572663579055 41859 
225 243 17567 42.77616253056621 40547 
226 243 18743 40.438890024359125 41085 
227 244 18743 39.693248586090846 42180 
228 246 17939 37.274972528028385 41011 
229 246 18286 18.609508702043556 41871 
230 247 18356 38.87343779483001 41886 
231 249 17583 38.843280755362535 40277 
232 249 18579 39.274129242181594 41181 
233 250 17708 21.925182451369857 40789 
234 250 17210 15.78913727122599 42016 
235 253 17707 26.634662779858445 41698 
236 253 18675 39.1364391777294 40573 
237 253 17841 26.378726074667522 41232 
238 254 17600 36.819649076921266 41528 
239 261 18940 49.10470804640663 40778 
240 262 18897 34.1736729862226 42025 
241 262 18211 20.92903633459766 41861 
242 263 18187 12.70377052730427 41429 
243 264 18779 38.21218112418805 40702 
244 265 18387 36.44711560171231 41624 
245 265 18004 49.79377863629566 42108 
246 266 18330 14.28251238573894 40240 
247 266 18620 42.99862624922326 41777 
248 267 18552 36.671631555780245 41485 
249 268 18156 44.35874033105979 40256 
250 269 18968 29.22334401217366 40279 
251 269 17450 32.105398072958 40752 
252 270 18491 33.59871610676993 40427 
253 271 18054 33.086702289099875 42086 
254 272 18955 25.731379335166224 40553 
255 272 17540 32.754188660111 41929 
256 272 17524 35.651796109401175 41234 
257 272 17726 18.3952409093518 42160 
258 273 17086 38.17511146323106 41117 
259 273 17631 14.213094422969977 41726 
260 274 18733 21.419664721649703 41228 
261 275 17382 46.681041357182465 41661 
262 276 17421 19.00215879124946 40310 
263 276 17745 38.54345835092567 41321 
264 277 17437 35.10943718529629 41345 
265 278 18770 13.08889378821259 40639 
266 279 17778 48.01438727708136 40451 
267 279 18532 18.015525544986954 40535 
268 280 18039 22.642618575243834 42039 
269 280 18063 36.0716352949394 41188 
270 281 17575 29.842832180084514 40640 
271 282 17051 17.9828618441266 41907 
272 282 18590 44.82944312980384 41789 
273 282 18382 34.948045787095836 41279 
274 283 18128 10.443423064481756 41419 
275 285 18659 15.3913920984685 41511 
276 285 18526 17.75806931116671 40977 
277 286 18202 30.844804922314534 41259 
278 287 18051 24.084170214368786 41244 
279 291 17073 47.33790202189444 40619 
280 291 17271 45.49658517215356 40737 
281 291 17108 26.524916600904426 40464 
282 292 17972 29.235798535048104 41935 
283 292 18592 25.424198050745886 41313 
284 296 18729 45.96929918385573 41085 
285 300 18004 24.370132688549337 42064 
286 301 17883 17.260718242110652 42025 
287 302 18701 34.37294927805041 41399 
288 303 17316 11.018457548878416 42213 
289 305 17416 44.02227277024129 41404 
290 307 18515 45.72270822903208 40483 
291 308 17915 14.349680825559608 40439 
292 308 18235 39.44225126006906 41333 
293 309 17401 20.842283381626064 41437 
294 309 17350 20.377872327999576 41045 
295 310 17992 44.648980838886054 42070 
296 310 17039 41.638278823917226 40555 
297 310 18952 19.799161415387907 40690 
298 311 18551 13.277976198638083 41031 
299 312 17600 46.23436595898951 40959 
300 313 18238 21.390542506046266 40493 
301 313 18978 39.88554407246666 40435 
302 314 18233 43.63504100327678 40979 
303 315 18809 17.308974051709505 42002 
304 315 17004 23.596290302389637 40500 
305 315 18344 32.250071663063984 40473 
306 317 18259 16.294381529066246 41200 
307 321 17411 32.92077925689118 41336 
308 323 17939 47.36916098032492 41238 
309 326 17944 15.377453768704456 40223 
310 326 18642 33.88263991871363 40424 
311 326 17417 41.60126811718933 41762 
312 326 17928 35.20722587493702 41085 
313 327 18913 42.07765028997144 41469 
314 328 18428 39.73456191355873 41249 
315 328 18047 41.945850532381996 41367 
316 329 17236 10.605642630499702 40349 
317 330 18797 24.107403376704394 41084 
318 331 18590 25.269310155001715 41972 
319 333 17777 39.550454992000866 42098 
320 337 17963 31.82583495249361 41921 
321 337 18785 40.21774239199497 41976 
322 337 17274 48.81723795026537 41689 
323 339 18163 28.79721110997218 40400 
324 339 17864 32.20872308127995 41034 
325 341 17552 25.90920986874465 41824 
326 342 18767 43.67093854597152 41659 
327 344 17226 16.449121246041486 40496 
328 346 18966 23.306432227367413 41042 
329 346 17159 11.268773070750155 41112 
330 347 17753 26.94089212403595 40728 
331 347 18319 31.759133652614008 40430 
332 348 18453 35.74721129503814 40586 
333 351 17394 40.627211183169024 40637 
334 353 17289 22.202839532028435 40512 
335 353 18152 10.040220363343014 41324 
336 353 18329 30.32122542086297 41265 
337 354 17777 12.273252400750163 40425 
338 354 17419 23.11733455266895 41681 
339 355 17337 33.99716820863681 41925 
340 357 17624 13.500782647792263 41266 
341 357 18543 13.801233075548822 40258 
342 358 18097 20.31785410683407 40333 
343 358 17587 25.341899172322538 40457 
344 360 18252 29.888830335995685 40502 
345 360 18831 10.585991842599958 41284 
346 361 17660 11.393346965311979 40758 
347 362 18596 25.11672763029572 40828 
348 365 18272 45.38911592292314 40268 
349 366 18786 24.602995702211416 40996 
350 372 18693 25.512249941526555 40883 
351 373 17689 24.20977931655481 40528 
352 373 17604 40.811759738020186 41064 
353 376 18185 34.61265131071542 41279 
354 377 17824 21.916380470144645 42190 
355 378 18726 31.36930635343685 40580 
356 378 17005 46.20104968691501 40897 
357 379 18668 38.328324147176296 40241 
358 379 18473 20.529248163815822 41069 
359 379 18150 33.78162333519036 40289 
360 382 17222 24.62295319813094 42058 
361 384 17385 32.82217673534211 41350 
362 384 18567 36.76175457389908 40625 
363 384 18284 30.026497270171802 40935 
364 384 18597 27.503976967339277 41601 
365 386 17725 48.59736954726027 41614 
366 386 17409 21.5416072116051 40406 
367 387 17219 28.061743813973848 41900 
368 390 18482 26.463665669662767 40853 
369 391 18732 45.677975418750265 41470 
370 391 18246 15.717507127863385 41385 
371 392 18415 22.875776380648407 41841 
372 398 18002 35.636102885539685 42191 
373 398 18384 48.19165264154647 41246 
374 398 18141 35.282046256435216 41759 
375 399 17840 27.96150386397446 41077 
376 399 18889 23.896040870909513 41706 
377 400 18075 26.380067737586813 40655 
378 401 18062 42.896578691026306 41868 
379 404 17823 31.094564766042645 41997 
380 404 18523 48.61311017518083 41015 
381 405 18867 27.590839610202828 40412 
382 406 18562 10.158280865312044 41935 
383 406 18194 16.65023057922614 41411 
384 407 18771 21.669624962714686 42028 
385 407 18769 21.07982677231594 40413 
386 408 18755 12.027521025720223 40430 
387 409 18764 22.764988355682245 41399 
388 410 18283 34.05283162378644 40833 
389 411 17129 26.683227372264934 41201 
390 413 18923 10.166966022039148 42147 
391 414 17953 40.23549473546396 41626 
392 416 17190 25.10067794386694 41921 
393 416 18713 29.095760634716132 41273 
394 416 18266 33.327563398196844 41205 
395 418 17040 39.22761519403455 41730 
396 420 17289 48.61750306493435 40587 
397 420 18229 45.92358819635645 41830 
398 421 17505 28.904196213323647 41252 
399 424 18224 32.05482302031653 41893 
400 425 17965 27.06041687001012 40379 
401 426 17761 17.801638882529275 41739 
402 426 17654 17.81209335718772 41462 
403 427 18793 27.956491488989194 41398 
404 429 18283 32.56200616477865 40837 
405 433 18069 13.166862295932331 40816 
406 435 17551 34.99017849203788 40794 
407 435 18122 43.69317635353052 40424 
408 436 17863 49.7483742230313 40761 
409 436 17508 23.023693369758238 40624 
410 436 17742 46.08030293060736 41329 
411 437 18638 26.090920829992207 41564 
412 437 17109 27.95938825171683 40820 
413 437 18407 11.589237893765837 41270 
414 437 17643 33.29358319293853 41423 
415 437 17736 23.70154409379786 41072 
416 438 17149 24.072738946076022 42143 
417 438 18689 44.7888235719605 41180 
418 440 18864 15.944527634101334 41058 
419 441 18052 31.647069220817134 40305 
420 442 18232 11.799818861551351 41883 
421 442 18304 10.531214392758987 40891 
422 443 18418 10.225114389144387 42045 
423 444 17477 36.89927150485259 41568 
424 444 18458 46.21297432112444 40784 
425 444 18832 19.530378497309293 42152 
426 445 17747 32.82055175582342 41871 
427 445 17663 19.976908585956462 41456 
428 445 18877 49.01761365161774 40599 
429 446 18665 24.259375501092663 41903 
430 446 18918 29.1864567311829 41127 
431 447 17338 40.163520515522634 41492 
432 448 18520 14.063387924665559 41274 
433 448 18416 39.37470164321906 41400 
434 448 17871 40.482589198163495 40468 
435 451 18558 14.681019163015282 41411 
436 452 18776 35.95976833023529 40519 
437 453 17663 42.3361839644939 42048 
438 453 17162 47.367347927991524 40625 
439 455 18880 16.459577967307673 41628 
440 457 18511 24.27854806164824 40809 
441 459 17520 25.909439121029536 41671 
442 460 18382 35.36361276946926 40608 
443 461 18230 30.216609970254346 41654 
444 463 17488 38.767251512753035 41326 
445 464 17616 24.41425095318111 41692 
446 464 17351 11.983689452968274 40932 
447 465 17129 23.96722005411287 42174 
448 466 18420 41.67763703402449 41937 
449 466 17928 21.81807019505074 41609 
450 467 18005 44.762883649567286 41183 
451 468 18475 10.481896714729512 41770 
452 468 18851 21.306381413747513 41910 
453 469 18006 12.679483465172844 40328 
454 470 18913 26.55202674225653 41858 
455 472 17429 47.4140621875724 41981 
456 477 17734 39.70222306220155 40245 
457 478 17522 38.32793371737162 40748 
458 479 17065 11.592596918328368 41401 
459 479 17297 33.556680992355155 42112 
460 480 18544 39.321746458485975 40567 
461 480 18166 22.281227638806314 42175 
462 480 17431 27.4641203873202 41611 
463 481 17449 13.2605869313592 42204 
464 483 17540 29.751635392951425 40262 
465 485 17038 47.36795946664445 40356 
466 486 18334 19.997729862194728 42078 
467 486 18866 46.42950587455894 42046 
468 490 18383 35.53884980841492 41510 
469 491 18053 43.55762899888423 41053 
470 493 18273 45.17251810591093 41840 
471 498 18691 16.9797036801869 41628 
472 499 17011 47.892932350043274 41395 
473 499 17803 10.590386552839629 41863 
474 499 17646 18.22539402616458 40855 
475 501 17533 17.22012812262768 41301 
476 501 18541 47.6935664454791 40416 
477 502 17187 40.649467085977854 41661 
478 505 18038 28.462173875100948 40875 
479 513 18924 18.859612050113896 40662 
480 513 18909 43.16128031874457 41289 
481 514 18013 47.76046864463795 40700 
482 515 18246 32.63658676922928 41963 
483 518 17194 26.542685858986882 40944 
484 518 17972 48.1817148171051 41853 
485 519 17117 11.941592633456342 42005 
486 519 18615 37.06166148509823 40777 
487 519 18722 20.027335455243453 40367 
488 521 18963 12.31994950821413 42178 
489 521 18297 39.33466793673978 40321 
490 522 17238 13.334610404276397 41488 
491 523 18980 19.14803315981012 40396 
492 524 17642 46.06779426171003 40927 
493 527 17306 20.94625456845621 40453 
494 529 17461 15.203301173154102 42144 
495 533 17065 49.52618551287414 41697 
496 533 17918 36.08516376105001 40471 
497 535 17351 24.2252128350595 41004 
498 536 17717 17.927153395732418 41912 
499 538 17142 38.338171439229185 40475 
500 538 18522 22.130622467786637 41000 
501 542 18018 49.995923969006185 41115 
502 543 18695 27.173604315813144 41057 
503 545 17077 26.91889639048634 42191 
504 546 17166 16.29629370786177 40372 
505 546 18105 42.46237664363062 41102 
506 548 18146 41.65831813025332 42065 
507 548 18271 38.71602074974554 42193 
508 550 17585 14.541726797819603 40420 
509 551 17668 27.377303083145087 40732 
510 554 18169 20.856041390958737 41921 
511 555 17157 37.37592929258844 40695 
512 555 17963 39.41770062970555 41009 
513 557 17067 14.448992972070695 40566 
514 560 17408 43.937323255468144 41818 
515 560 18962 26.55652759056334 41143 
516 560 17768 11.304732395452227 40854 
517 560 18785 14.30316880399423 41342 
518 562 17518 36.692377595619675 41599 
519 562 17726 18.84152689030887 40223 
520 565 17420 46.00835650350345 41238 
521 566 18788 44.298102270560875 40655 
522 567 17190 16.599519850955144 40680 
523 569 18299 18.360149545976743 41566 
524 569 17917 26.16504823152058 41712 
525 569 17403 28.042147076256484 40916 
526 570 17982 13.378526616839302 41505 
527 573 18932 21.624937478606373 41749 
528 573 17289 26.92452719366091 41363 
529 574 17529 44.389969278476535 41045 
530 575 17307 45.586949486301236 41310 
531 579 17980 43.42142533005883 41048 
532 580 18547 22.941659990731395 40748 
533 580 18439 48.01955429095817 42068 
534 580 18184 26.71200088314507 40828 
535 582 17318 42.76319607892422 41397 
536 586 17043 34.99877710710015 40980 
537 590 18534 26.35558673039983 42073 
538 593 18349 40.996929808717034 40396 
539 593 18838 34.50741703068836 40822 
540 594 18030 49.61778499235449 40889 
541 595 18620 14.50301936452027 42023 
542 595 18181 27.115974182062445 41086 
543 596 18020 28.673742725257462 41298 
544 596 17019 45.997240069552795 41563 
545 597 17263 47.030839392227215 41776 
546 597 18412 25.5630249774463 41435 
547 599 18666 45.609874112957726 41130 
548 599 18434 35.095369397494565 41945 
549 601 18853 27.22036738178059 41058 
550 602 18652 31.604502164507377 40371 
551 603 17078 37.990478769532906 42070 
552 603 18827 40.012807901967435 40656 
553 604 18418 19.80850307870266 41749 
554 604 18544 15.278009961127967 41222 
555 605 17024 15.895530672188048 42090 
556 606 17518 46.379272528583336 40896 
557 607 17296 23.379314221671518 41896 
558 607 17569 10.15145776219748 42067 
559 610 17251 40.384063206100464 41874 
560 613 18686 22.437074375986068 40513 
561 613 18864 22.524087878219625 41063 
562 615 17082 49.38953144779083 40562 
563 615 18358 46.81598783088678 41516 
564 616 18764 49.48016022163397 41736 
565 617 17755 41.16829223316186 41993 
566 618 17323 38.21933788209107 41835 
567 619 17097 48.3278577295541 40442 
568 620 17038 31.70465402323899 41306 
569 621 18220 30.45490276625675 40960 
570 621 18148 19.104057551030593 40491 
571 622 17206 24.122582149568284 40803 
572 622 17579 17.51691322110224 40697 
573 622 17335 22.740224914110936 40581 
574 623 17187 44.60834474317706 42205 
575 624 17910 46.10267417340977 42004 
576 624 17020 18.984495223399062 41748 
577 627 17510 16.535140009771446 40469 
578 627 18054 32.724998869826635 41017 
579 627 17499 11.66221636296589 40951 
580 630 17408 21.526957185056496 42167 
581 630 18043 12.31337336828152 41274 
582 630 18689 47.257512393653585 41812 
583 630 17795 28.029589700313263 41162 
584 631 18020 46.972908440399316 41729 
585 632 17075 28.452454586697353 40910 
586 633 18108 12.482167384700222 40329 
587 633 18081 26.796833471088842 41336 
588 634 17221 44.09434749582966 41555 
589 635 18844 35.997712618196395 41298 
590 635 18131 41.22903124109771 41069 
591 636 17195 34.676974636839944 41859 
592 636 17502 42.474757106070314 40548 
593 638 18742 36.57402840393555 42023 
594 639 17149 49.5875333058349 42012 
595 640 18642 31.57462356480164 40580 
596 641 18478 31.583784246334258 40404 
597 644 18070 11.671698581499562 40831 
598 644 17278 15.56312184337601 40523 
599 644 17167 10.783023477350543 40630 
600 645 17931 26.394893529095928 40399 
601 654 18953 21.69110572477878 41552 
602 655 17108 16.693675362552245 40389 
603 660 17999 17.16660554455451 41028 
604 660 18059 20.802302725446506 42160 
605 660 17733 49.90596317609932 41654 
606 660 17750 22.829751225258207 40258 
607 661 18887 27.10150911093279 42086 
608 662 17335 21.648736125119072 40384 
609 662 18929 12.592863104550759 40526 
610 663 17672 27.3496357096436 40469 
611 663 18124 41.55927181175977 41155 
612 664 18094 45.24342221489657 41803 
613 665 17729 38.37227983053147 42004 
614 665 18067 21.842586326515956 41096 
615 666 17399 29.012485745729805 40233 
616 666 18623 41.94142790297791 41959 
617 668 18713 40.618369934979825 40356 
618 669 17513 47.456976500455596 41116 
619 670 18349 45.593213422604656 41707 
620 670 17781 42.530126126818914 42152 
621 671 17227 35.571177995003964 41052 
622 671 18203 25.856341157470407 42098 
623 671 17429 19.33745977243413 40422 
624 672 17714 33.77231369427987 41483 
625 673 18941 39.02166331873805 40731 
626 674 17299 21.09269689407109 41078 
627 675 18775 23.087601357280118 41013 
628 675 17945 20.29061433841655 41520 
629 675 18484 42.26646992706226 41941 
630 676 17748 49.74704049601187 42121 
631 679 18722 18.431467719522256 40998 
632 681 17915 42.54522208029551 40556 
633 683 17151 46.43983102166503 40933 
634 683 17209 49.96229194608348 40324 
635 684 18558 42.17719651922111 42125 
636 685 17905 12.887085258745866 41379 
637 685 18671 43.910745357550944 41653 
638 686 17666 37.70488550747352 40695 
639 686 17176 23.172850232745805 42072 
640 686 17765 47.680451253360985 41855 
641 689 18448 47.87183700051489 41571 
642 690 17275 10.876676375311721 40622 
643 692 17330 42.75393555552284 40421 
644 693 18127 11.998830314986314 41067 
645 694 17962 30.06424475795944 41196 
646 694 17775 25.784536777221344 41034 
647 696 17266 44.98151937613023 42137 
648 697 18340 39.83126629695596 40347 
649 697 17860 44.89018039624904 41814 
650 698 17205 24.260849449933648 41873 
651 699 17179 32.723777141901614 40838 
652 699 17891 33.28266159169177 41861 
653 700 18149 10.43329358505308 41608 
654 702 18069 46.35783215906888 41632 
655 703 17221 48.46531437485083 41976 
656 705 18079 43.069207923952916 40708 
657 706 18018 14.815346680032873 41530 
658 707 17734 16.22251750943998 40898 
659 708 18948 45.23097190775955 40997 
660 709 18906 19.768952145506727 41816 
661 709 17068 11.730092074735804 41734 
662 709 17941 45.88201454639948 41719 
663 709 18251 49.149338051340344 41044 
664 710 18676 19.821390989019527 41487 
665 712 18195 34.779951465476955 41062 
666 715 17491 29.04557571139295 41397 
667 715 18115 49.08066045117993 41755 
668 716 17130 20.59968513860226 41880 
669 718 17104 24.659826861249783 41561 
670 719 17597 22.982990064280525 41409 
671 719 18741 29.096149416148613 41004 
672 720 17455 19.893630094535414 40709 
673 720 17569 10.51359142371387 42206 
674 721 18233 37.910473608132165 40488 
675 721 17858 27.758328582906586 40553 
676 722 17711 22.621457328763668 41183 
677 722 17448 35.25502185924156 40231 
678 723 18853 26.11218032757373 41297 
679 724 18039 34.18157043816821 40857 
680 725 17193 19.415989031632847 41202 
681 727 18542 35.29766939432638 41892 
682 728 17288 28.285304968316254 40360 
683 728 17434 49.14642193978608 40411 
684 728 17666 45.362929955487395 41808 
685 729 18199 31.503601810284696 41206 
686 731 17601 16.752032164670226 42149 
687 733 17457 17.500993571917608 40417 
688 733 17468 33.385659956709446 40545 
689 734 17408 12.067195894385074 40538 
690 734 18915 17.260479336303018 41623 
691 736 18208 16.533665499878087 40428 
692 738 17849 15.071835681850757 40320 
693 740 17033 49.92467578499146 41241 
694 741 18599 20.06707831015983 40989 
695 741 17196 25.56057448319394 41356 
696 745 18942 48.46276004073253 40877 
697 745 17530 34.13916131653377 40559 
698 746 18036 22.509684827527753 40366 
699 747 17087 17.23649236071134 41085 
700 750 17049 48.21075742661895 41251 
701 750 17847 14.016667954669888 40414 
702 751 17320 22.956008111217972 41767 
703 752 18609 17.344217634811514 40443 
704 753 17789 38.18268080907653 42032 
705 754 17874 13.760365473778421 41572 
706 754 17136 39.645159512285886 41924 
707 754 18337 46.615339782926874 41873 
708 756 17737 17.491611180191473 42107 
709 758 17091 13.8532694196368 42192 
710 759 17035 27.855824467475824 42101 
711 760 17087 12.976366501698337 41954 
712 761 17191 35.32850859962085 41444 
713 761 18477 21.994355202388643 40537 
714 761 18879 31.221733299546464 42129 
715 762 17502 14.311830753471174 40884 
716 762 17966 32.33559980312499 41135 
717 764 17868 32.0523910149963 42101 
718 764 18789 33.47968402163308 41032 
719 765 18964 35.466246869345014 40432 
720 765 17532 15.910560976315477 41962 
721 766 18703 46.49432587908848 41444 
722 768 18355 15.846830019230914 41756 
723 768 18734 43.99130757063191 41558 
724 768 17805 40.93827088166164 41692 
725 771 18642 28.106232342995753 40865 
726 772 18427 16.12743186211841 41551 
727 775 17367 33.58071422583339 41534 
728 776 17298 24.32533210514974 40777 
729 776 17535 30.60812196698711 40513 
730 777 18316 40.80291994895155 40788 
731 777 17394 38.824776800188005 41067 
732 777 17139 38.12673988552028 41340 
733 778 17040 12.896732859000082 40393 
734 778 17178 33.634437526298214 40756 
735 778 17495 29.311330704442753 40656 
736 780 18147 45.77454745987238 40894 
737 780 17453 29.706827011959138 41461 
738 782 18262 13.781720631916592 40813 
739 782 18485 22.66001988520891 40334 
740 783 17500 11.08113309268087 41328 
741 784 17314 37.238272720143584 41830 
742 784 17361 11.93307106959895 41921 
743 784 17343 27.131362173850206 41904 
744 786 17660 19.04472057738166 41375 
745 787 17326 24.653000537143924 42078 
746 787 18763 11.407231913959048 41769 
747 788 17999 17.15509524856335 40394 
748 788 18641 12.432994163213543 41868 
749 791 18416 28.37431576794873 41236 
750 793 17617 13.760898047214805 41869 
751 794 17138 24.674571217725898 41513 
752 795 18466 14.98230725748229 42141 
753 795 18372 43.51560908130607 42146 
754 798 17420 41.81966060030044 41165 
755 799 18831 47.392817473638196 41780 
756 799 17222 19.83772274589887 41703 
757 799 18244 25.442357447877143 41199 
758 800 18889 18.612499151132976 41667 
759 800 18194 30.76270173306097 40286 
760 800 17397 29.613034571876167 40292 
761 802 18333 11.032259787631835 40406 
762 803 17273 25.374760524381408 41282 
763 803 18926 20.840072713106473 41852 
764 804 17687 21.15108392234168 41477 
765 807 17228 25.227736876058586 40964 
766 807 17109 24.29247216332967 40470 
767 807 18068 49.04051732742795 41813 
768 809 17635 25.24794839044158 41665 
769 810 18893 29.925608043351005 40452 
770 811 18467 48.196208858498785 41089 
771 812 18417 47.52451042957395 41809 
772 813 17531 23.759206836977064 41106 
773 816 18379 36.267479443396766 41925 
774 816 17293 28.090663385640234 40400 
775 817 18087 21.429440478307423 40701 
776 817 18344 26.860916150225506 41917 
777 818 18258 48.1862260125095 40274 
778 818 17821 26.00523208698717 40266 
779 818 17437 25.173956321247847 40480 
780 819 18023 29.7762361569302 40407 
781 820 18336 16.28166828614212 41459 
782 823 17684 27.473159936801142 40348 
783 825 18082 35.735269794199134 42061 
784 830 17821 13.015997334098603 41263 
785 832 17763 10.31483761738249 41865 
786 832 18971 24.025255434874758 41337 
787 835 17147 42.96177923238584 40806 
788 835 17332 24.09508650494574 41534 
789 836 18756 11.027232209119312 40849 
790 836 18099 26.312261778470443 40873 
791 836 17127 43.407849729909465 42126 
792 840 18408 11.95061214786248 41334 
793 841 17642 32.2839462200008 41342 
794 841 17996 44.45581037595092 42156 
795 843 18159 38.41625688239056 40467 
796 844 17059 31.042455766657984 41402 
797 844 17335 43.69246983114127 40814 
798 847 17076 21.8235882816387 41346 
799 849 17308 43.69643977823719 40388 
800 851 17134 11.406927250814771 41400 
801 852 18540 11.6537305785914 40793 
802 855 17572 46.07425645162686 42003 
803 855 17305 29.858120386370118 40350 
804 856 18087 26.269489481347392 42061 
805 856 18793 49.14348020132904 41184 
806 856 17816 47.049972023420864 40315 
807 858 18665 11.42447559770893 40753 
808 858 17143 48.65509707593738 40267 
809 859 17193 21.70874358530281 40583 
810 859 17101 25.915244905884908 41613 
811 861 18888 14.854308796560467 40473 
812 862 18781 13.610824434522101 41452 
813 863 18503 22.96790668141906 41384 
814 863 17997 13.262886813014108 41880 
815 863 18905 17.98785515805814 41331 
816 864 17354 43.89045273809212 40658 
817 865 18278 34.57065549655461 41112 
818 865 17075 12.94146400888733 41605 
819 865 18870 21.322645518884066 41793 
820 867 17946 16.49370294281264 41374 
821 869 17273 35.39226094574218 41926 
822 869 18484 38.244107780836416 41061 
823 870 17364 26.77095549169307 41099 
824 870 18454 35.85236462858674 40290 
825 871 18904 11.98696349242731 40472 
826 871 18420 44.81072062002182 41542 
827 872 17140 27.891836278865263 42068 
828 873 18267 20.196312417112942 40276 
829 874 17634 38.59068311439631 41819 
830 875 18854 47.88343590077632 40415 
831 876 18857 15.887985846278706 41286 
832 877 17227 34.37308237280163 42173 
833 877 18875 32.125505479112825 41723 
834 878 18963 31.095897003631244 40351 
835 880 18615 36.16824372474554 40225 
836 880 17038 20.573470201255482 41276 
837 881 17265 13.598808971629627 40642 
838 881 17306 15.130930973966223 40386 
839 882 17542 12.233586789125606 40455 
840 886 18468 30.33623065371893 41932 
841 886 17175 30.524289772896054 40519 
842 887 17918 47.26675218291351 41352 
843 890 18828 25.043477899399203 41458 
844 890 18019 32.25702781191396 40699 
845 891 17368 41.015082608770214 40550 
846 892 17035 32.83861572133356 41417 
847 893 17744 40.47273775834675 41019 
848 896 17552 48.74861216527983 42055 
849 896 17941 41.31051751784844 40903 
850 898 17426 31.87874348608583 41848 
851 899 17012 24.426672455240595 40302 
852 899 18674 11.447165252821922 40503 
853 899 18969 25.76584701549242 42052 
854 900 18233 26.749965809805136 40995 
855 901 18454 42.44513881457078 40448 
856 901 17753 48.8361445774017 40926 
857 902 18683 41.6251391926425 41660 
858 903 18797 39.25633372287452 41752 
859 903 17234 29.321270043662846 40626 
860 903 17963 46.63627036202857 41620 
861 904 18067 40.32779038324612 40302 
862 904 17533 37.76391381944862 40998 
863 905 17700 45.696568126510925 41291 
864 906 18630 24.709888109983513 41499 
865 907 17372 48.02493213129619 41280 
866 907 17533 11.214574457410752 40311 
867 908 18162 11.627846808556486 41591 
868 911 17852 35.926544365903695 42072 
869 912 17575 33.68317001564523 42021 
870 913 18278 38.42730128467056 41505 
871 913 17230 11.400152243509512 40899 
872 914 18156 36.809755831394654 40797 
873 915 17689 25.376655125780925 41418 
874 916 17785 37.15340555108959 41540 
875 917 17231 20.573071229277375 40497 
876 917 18102 28.012576487493305 41512 
877 918 17076 29.01677050546383 40474 
878 918 17246 38.43670864576035 41636 
879 918 18548 30.986249624305774 42090 
880 919 17405 41.150107911069746 40242 
881 920 18134 49.03503611451952 41551 
882 921 17875 16.034346063617924 40666 
883 921 17659 43.48376670662358 40404 
884 922 18196 40.54947217330484 40539 
885 923 18431 37.93001880698489 40526 
886 924 17378 17.708411269216455 42143 
887 924 18861 18.94785736248334 42196 
888 925 17567 38.24754244937635 42022 
889 926 17605 28.449357964431066 40829 
890 928 17100 41.75446586089208 40521 
891 928 18656 31.71940864317278 41985 
892 933 17412 24.614619905868494 41693 
893 933 17077 34.15128726061263 40678 
894 933 18126 48.3386256930114 42027 
895 935 18125 11.694486332684292 41269 
896 936 17352 27.638236537739886 41660 
897 937 18613 29.843785967704658 40365 
898 937 17558 14.629342516129773 40357 
899 941 18393 48.677307142823196 40408 
900 941 17463 25.309167868899877 42086 
901 943 18693 14.297540391114962 41619 
902 944 18596 42.5358038836811 40873 
903 945 17300 36.42933307797744 42135 
904 945 18124 37.90752688188719 41597 
905 946 18996 23.952273264184043 40983 
906 946 17671 23.832168442697387 40609 
907 947 18467 49.17696555307962 40978 
908 947 18672 14.233439904548533 41638 
909 947 17415 48.3358742592764 41745 
910 948 17716 39.93325149093811 41943 
911 949 18429 40.58973714346524 42014 
912 950 18587 21.970675526904174 41275 
913 953 17624 35.45757519897883 41392 
914 953 17220 35.77487085511699 40269 
915 954 18462 15.304067526613858 40633 
916 955 18471 27.5245592445073 41557 
917 956 17569 31.890381185172142 40901 
918 957 18946 47.49675434874372 41544 
919 958 17105 33.624309672444234 40665 
920 958 18256 35.2069850404702 41594 
921 960 18752 42.315194451643734 41884 
922 960 17618 34.91523551366362 42081 
923 960 18448 18.893690487005507 40237 
924 961 18233 18.55608100146501 42044 
925 961 17093 43.22598507357494 40825 
926 961 17136 39.854008595666954 42088 
927 963 17436 11.054880276359494 41712 
928 965 18627 41.479320291211884 40356 
929 965 17022 29.96784597940436 41474 
930 966 17631 18.919026798141946 40865 
931 968 18253 36.36331174497279 41785 
932 968 18582 28.563429076577766 41393 
933 970 18697 37.91681002518793 41727 
934 973 18540 22.71222619483765 40495 
935 975 18219 16.147145521532096 40362 
936 976 18945 31.658674771542717 41071 
937 977 17852 32.46949415682907 40585 
938 977 18630 22.09631998346325 40688 
939 977 17799 37.541699333060876 41304 
940 979 17413 14.17900406394506 40362 
941 980 18693 44.86857634209146 40348 
942 980 18346 27.55683443290774 41921 
943 982 18437 46.734849784721334 41120 
944 983 17240 20.823769820313757 41319 
945 985 18993 15.636056339122156 40792 
946 986 18221 17.689145188260696 42030 
947 987 18294 13.81630425255719 40641 
948 988 17291 45.179228681089874 41422 
949 989 17117 24.29986282045927 40265 
950 989 17144 26.551755727803933 41618 
951 994 18274 39.52942664021629 41007 
952 994 18571 29.14711531275291 40371 
953 995 18188 23.33583475125579 40226 
954 995 18920 12.706585270788914 40963 
955 996 18855 24.628548747091298 40797 
956 996 18301 47.06902674305154 40311 
957 997 18567 13.138204173300462 40656 
958 999 17254 11.126207668265025 40990 
959 999 18966 10.95756573147899 41434 
960 1000 17946 36.811060819335545 41522 
961 1001 17634 29.16413369357972 40246 
962 1001 17334 11.994679600633763 41330 
963 1002 18086 40.96229994314619 40598 
964 1004 17502 19.70826402982333 41761 
965 1007 17476 38.25820821394765 41741 
966 1007 17962 46.65736269960345 41376 
967 1008 17642 38.35493524131387 41231 
968 1010 18937 31.226125388940854 41572 
969 1011 18480 36.41408842411162 40504 
970 1012 17413 26.250196440610093 41402 
971 1012 17557 15.78273855575893 41857 
972 1013 17571 24.09844583526642 40593 
973 1015 18512 31.115040385274888 40310 
974 1016 17578 47.09232305933207 41943 
975 1016 17186 33.178269048579196 41025 
976 1018 18113 15.03913331779971 41817 
977 1019 18095 17.290718316849567 40745 
978 1019 18251 44.75655458237468 41205 
979 1022 17608 13.157178440090021 41875 
980 1023 18545 11.792963233565509 41496 
981 1023 18621 30.374231425521604 40324 
982 1024 17889 28.067143297868427 41988 
983 1024 17682 32.61390641753643 41891 
984 1024 17957 18.427424500631567 41374 
985 1026 17461 11.336387590089995 41700 
986 1026 17563 35.34029068271442 41930 
987 1026 17908 25.988622149645643 40864 
988 1027 18109 20.346211751540736 40988 
989 1028 17817 48.863749234376364 41764 
990 1030 18838 14.206071329478046 40956 
991 1030 18948 30.180052817867388 40696 
992 1032 17084 44.073566458854124 40682 
993 1032 17535 47.828617145940896 41266 
994 1033 17320 10.361467412448327 40896 
995 1036 17554 36.94233846514423 41413 
996 1036 17223 14.057153333622896 40283 
997 1037 17915 30.44449378640808 41045 
998 1038 17817 41.47836887741825 41588 
999 1039 17743 45.05113391096369 42117 
1000 1040 17592 10.206695784690885 40395 
1001 1040 17727 35.04321929763571 41814 
1002 1040 18782 37.858378700171336 41605 
1003 1040 18527 20.143274935818948 41678 
1004 1042 17971 34.13397105055114 41615 
1005 1043 18537 37.451479347398845 42014 
1006 1043 18774 49.77616809059416 40684 
1007 1044 17136 10.63668596021525 40941 
1008 1044 17824 26.402901134217945 41338 
1009 1044 17395 30.9788164285128 41064 
1010 1045 17605 23.901796760574822 41748 
1011 1045 17346 20.586704701364926 40790 
1012 1053 17217 18.91993785882304 42117 
1013 1054 18193 25.83004602767343 40249 
1014 1055 17531 29.827931758607583 40785 
1015 1057 17234 25.544911564703593 40649 
1016 1058 17476 23.933477617527036 40581 
1017 1059 17505 25.973997626254285 41631 
1018 1060 17799 30.81579618997511 41210 
1019 1062 18781 35.68870766304955 41572 
1020 1063 17338 12.227025097361386 42131 
1021 1064 17765 41.16419295511352 42017 
1022 1066 17967 30.08841946255023 41256 
1023 1068 18649 11.28454216110061 40594 
1024 1069 18071 14.480481110222478 40277 
1025 1069 18809 27.962918969585804 41503 
1026 1073 17356 30.47794906778821 41338 
1027 1073 18160 18.760246673886293 41978 
1028 1074 18496 13.740653920946677 41285 
1029 1075 17318 38.911346427918645 41005 
1030 1077 18624 48.89102213449559 40337 
1031 1077 18451 43.03602657826661 40557 
1032 1078 18623 45.684283352175605 41689 
1033 1078 18355 21.905287433869518 41102 
1034 1079 18007 40.72218021308199 42165 
1035 1079 17274 22.534440526660827 41864 
1036 1081 17305 36.47416692954039 42077 
1037 1081 17572 11.716558927837134 41891 
1038 1081 17916 20.634358220261213 40676 
1039 1082 17435 42.987722694920464 40634 
1040 1084 18622 19.45598605178152 40261 
1041 1085 17629 33.94906480213369 41687 
1042 1087 17868 32.72947243658317 41444 
1043 1089 18235 30.31526100245521 41923 
1044 1089 17839 20.63688764024828 42157 
1045 1089 17736 39.9858850727549 42049 
1046 1090 18448 11.266308173950987 40512 
1047 1091 18045 41.45828263001513 41307 
1048 1091 17328 11.036894054695786 40502 
1049 1091 18349 16.061273171684963 40271 
1050 1092 17487 45.30154055520593 41865 
1051 1092 17686 27.313339050643183 40565 
1052 1093 18490 49.46378095683108 40467 
1053 1094 18066 33.99192841225582 41852 
1054 1095 18976 25.51415908051333 41878 
1055 1096 18074 12.198046636735992 41507 
1056 1097 18613 40.30794284467126 41698 
1057 1098 17707 14.863447035805425 40659 
1058 1098 17588 16.702552220326787 40284 
1059 1100 18637 10.157534645095598 41292 
1060 1102 18586 14.354733031836382 41415 
1061 1105 17623 31.756449623764624 40892 
1062 1106 18454 15.32965047610559 41199 
1063 1108 18456 49.85926175772395 41662 
1064 1109 18772 32.20393685677088 40238 
1065 1109 17848 39.350826164468316 41173 
1066 1115 18086 34.569672256255686 42056 
1067 1117 18900 25.564715559190144 41179 
1068 1119 17577 19.511719485708433 40589 
1069 1120 17137 44.17256254382068 41655 
1070 1121 18778 41.95817562236155 42005 
1071 1122 17009 15.20937214869441 40512 
1072 1123 17881 33.89144971763847 41067 
1073 1124 17026 38.626424240622896 40251 
1074 1124 18687 45.54564051607079 40608 
1075 1124 17779 32.27781476737953 41375 
1076 1124 18586 12.099204934398827 40374 
1077 1125 18060 41.917137621241636 40597 
1078 1133 18079 43.46515433773647 40334 
1079 1136 17862 40.24504088407626 40288 
1080 1138 17849 45.465882325202685 41307 
1081 1139 18032 34.05972177553454 41396 
1082 1140 17317 48.13413565116005 42179 
1083 1140 17304 34.32257400096083 41339 
1084 1141 17571 43.22663579182117 40890 
1085 1141 18440 20.562691764260084 41938 
1086 1142 17523 11.598754159912996 41363 
1087 1142 17127 42.747881106265744 40847 
1088 1143 17866 18.048542395356964 41102 
1089 1145 18113 18.26656299335246 40857 
1090 1145 18934 46.64937155599051 40336 
1091 1146 17712 12.918867384032549 41784 
1092 1146 18230 43.99122117193145 40703 
1093 1147 18907 26.19490610837574 40644 
1094 1148 18879 34.78180884873474 42052 
1095 1148 17261 21.179987563407273 41277 
1096 1148 17850 49.7032375313265 41121 
1097 1150 17641 14.544193223046173 42196 
1098 1151 18902 22.5245092867767 41366 
1099 1152 18141 37.79553102054727 40698 
1100 1153 18455 22.21851667173867 41128 
1101 1153 17848 32.27828453490537 41412 
1102 1154 18431 33.4665366504446 41151 
1103 1155 17103 48.6576849032478 40351 
1104 1155 18662 18.23597849974154 40760 
1105 1158 18577 36.282850678860456 42196 
1106 1161 17946 20.123570068440696 41059 
1107 1161 17163 24.247069743889007 41563 
1108 1162 18247 16.618791755603937 41477 
1109 1162 17345 47.50588850787638 41457 
1110 1164 18240 37.65461391261543 41622 
1111 1165 18737 49.066805258147205 41513 
1112 1165 18670 22.32440593474226 42097 
1113 1166 18913 24.934578582788923 40428 
1114 1169 17471 11.801799604993782 42048 
1115 1171 18386 45.27856893763044 40623 
1116 1172 18083 20.32622021412388 41798 
1117 1172 17420 49.1768652588468 42150 
1118 1172 17054 13.96969362367043 41640 
1119 1173 18311 23.036793007837673 41937 
1120 1174 18311 16.420796956060624 41609 
1121 1175 17491 22.16124581680785 40829 
1122 1176 17348 39.65764098152626 40922 
1123 1177 17002 34.422128803258204 41943 
1124 1178 17747 47.7935689195836 40594 
1125 1178 18360 24.558391599750816 40381 
1126 1178 17128 49.364415848356245 41057 
1127 1179 17385 15.360572595186174 41173 
1128 1180 17836 30.587416340933785 40372 
1129 1182 17120 22.007511221665112 40416 
1130 1186 17228 38.07914684683195 41869 
1131 1186 18054 44.133448462316814 41612 
1132 1186 18147 30.10229154734317 40752 
1133 1188 17120 14.713686539049364 40991 
1134 1188 18735 35.310096519330585 40692 
1135 1189 17744 33.3453059996315 41186 
1136 1189 18291 38.39793182256807 42020 
1137 1191 17385 45.16931448296299 40470 
1138 1191 18688 41.15569074220102 41520 
1139 1197 18845 35.071456934002796 40592 
1140 1197 17348 21.2775256970316 40689 
1141 1197 17380 12.687134589331324 40672 
1142 1197 17399 45.88523752281789 40432 
1143 1197 17566 17.01672682518193 41056 
1144 1197 18172 41.76709024972442 40994 
1145 1198 17156 48.6094156421173 41216 
1146 1199 17326 19.79159028577515 40424 
1147 1199 18254 17.048920646218303 41393 
1148 1201 18404 32.34411929056565 41464 
1149 1201 18964 30.88833213607352 41888 
1150 1202 17194 32.3512153578462 41429 
1151 1203 18060 39.87688516800952 41933 
1152 1205 18550 23.60069138602742 41799 
1153 1206 18994 10.429085178392924 41715 
1154 1208 17892 33.82734297280149 41680 
1155 1210 18689 38.77840021628863 40957 
1156 1210 17550 39.009779515953014 41662 
1157 1211 17751 46.82543050449667 41704 
1158 1212 18389 13.209571845840827 40257 
1159 1214 17726 42.85933177707898 41020 
1160 1214 18456 45.285468194200384 41803 
1161 1217 18124 35.151686456306216 40308 
1162 1217 17625 12.459862485798086 40393 
1163 1217 17033 39.53089009332327 41065 
1164 1217 18786 27.665276459954676 41548 
1165 1220 17980 46.685452371944265 40620 
1166 1220 17498 10.993858043397854 40621 
1167 1221 18266 34.32985719823891 41720 
1168 1221 17634 48.356562611444616 40980 
1169 1222 17227 19.15679029006855 40922 
1170 1222 18829 33.9095569797248 40409 
1171 1223 18194 23.464527074232272 40783 
1172 1226 17683 41.51845416514043 40864 
1173 1227 18299 19.93850182550876 40866 
1174 1229 18456 41.80143553271425 42171 
1175 1229 17884 24.622867639807907 41966 
1176 1230 18964 34.004077013273125 40849 
1177 1231 17584 36.65430716025267 41410 
1178 1234 18210 31.509671771583104 41974 
1179 1234 17813 23.820616640405326 40770 
1180 1235 18740 43.61404193884429 41906 
1181 1237 18484 33.04406319825406 40725 
1182 1237 17320 38.67699615521821 41614 
1183 1238 18309 38.20168058135057 40736 
1184 1238 17305 34.301924503643015 40433 
1185 1240 18849 45.118370771064384 40626 
1186 1240 18866 44.04728844906414 41898 
1187 1241 17150 39.64340670572762 42170 
1188 1242 18748 27.124874466739758 41223 
1189 1242 18280 16.994374346107733 42067 
1190 1243 18551 26.254881647035184 40723 
1191 1243 17919 14.739326825342914 41115 
1192 1243 18174 35.48753774435194 41680 
1193 1243 18904 48.62095340701437 40315 
1194 1246 17652 26.864540833698534 40316 
1195 1247 17171 43.11923720135986 41971 
1196 1248 17306 22.69184912888324 41460 
1197 1250 18806 38.92103539004907 41062 
1198 1250 17499 22.86535845623252 40618 
1199 1250 18395 29.61684764177068 40684 
1200 1250 17677 12.52371153686395 40599 
1201 1251 18781 22.829130733743416 41477 
1202 1252 17460 48.714707980227075 40728 
1203 1253 17336 40.849763699992906 41741 
1204 1254 18552 14.11755227850696 40564 
1205 1255 17187 48.085878600823605 40243 
1206 1255 17594 49.30046896106331 41800 
1207 1255 18625 16.967629228865285 40773 
1208 1258 17335 49.419659645591224 40953 
1209 1258 17881 38.048574777070186 40845 
1210 1260 18847 35.78280868457789 40295 
1211 1260 17131 46.01303766620724 40697 
1212 1260 18838 49.26722835403148 41957 
1213 1260 17540 38.39762141036234 41429 
1214 1261 18756 21.133028781250133 41189 
1215 1262 18874 29.32086957311316 42101 
1216 1262 18438 12.4909522764022 41444 
1217 1264 17740 20.5950619901095 41480 
1218 1264 17489 18.633435548561664 41000 
1219 1265 17088 46.41171056102177 40987 
1220 1266 17848 18.396597228063666 41204 
1221 1266 18224 10.560888900462393 41996 
1222 1266 17006 45.6451986017675 41941 
1223 1269 18257 46.86399822438079 41786 
1224 1270 17832 21.47597564817328 40793 
1225 1270 17039 49.446577509290684 41785 
1226 1272 18160 29.935102150094256 40976 
1227 1276 18784 17.66333471615722 40802 
1228 1276 18433 48.833188691081574 42155 
1229 1278 17318 26.34115838912864 40222 
1230 1280 17481 35.707972263118414 40656 
1231 1280 17870 13.168378635930766 40229 
1232 1280 18858 29.49917561495321 40538 
1233 1281 18733 25.4793591500508 42210 
1234 1282 18082 15.668087014855123 41176 
1235 1283 18596 45.74417510457729 41522 
1236 1284 18428 34.03248615303695 40821 
1237 1285 17626 15.648893308627358 41679 
1238 1286 17935 21.597673853914078 40387 
1239 1288 17359 13.100602253948598 40259 
1240 1291 18624 44.49510704904467 42197 
1241 1291 18221 23.892687493752156 41591 
1242 1291 17471 33.05698657540114 41446 
1243 1292 18206 45.79488812786901 41981 
1244 1293 17111 18.497417817352474 40887 
1245 1294 17387 18.582188666479688 41407 
1246 1295 17363 45.3149925107271 40748 
1247 1295 17130 17.989430057486015 40501 
1248 1295 18083 45.61910533281406 41519 
1249 1296 18012 32.34088440021546 41408 
1250 1297 18860 49.57983674513684 41444 
1251 1297 17055 37.2940119091665 41040 
1252 1297 17738 47.76870601483675 42077 
1253 1298 18186 22.756656589776107 40723 
1254 1299 17762 38.99814559743223 41336 
1255 1300 18232 26.512085350595463 42140 
1256 1301 17210 26.071367697624403 40733 
1257 1302 17651 16.42754559783945 40869 
1258 1303 18461 24.983966685401327 41448 
1259 1304 17097 12.236451684714481 40839 
1260 1306 17501 39.16053076677186 40739 
1261 1307 18651 25.198138989825352 41265 
1262 1309 17330 23.712557785150395 41193 
1263 1309 17459 22.376300915649836 41743 
1264 1310 18677 30.28274110199199 40822 
1265 1310 18254 10.590572234648672 41620 
1266 1311 17306 36.57462807060301 40309 
1267 1311 17593 47.33379920756868 42003 
1268 1312 17836 43.954632322136234 40769 
1269 1313 17076 25.85305952664772 41418 
1270 1313 18432 43.00689988898273 41081 
1271 1313 18537 13.564909411043832 41878 
1272 1314 17288 35.4350880088049 41368 
1273 1314 17382 40.055048637537624 40458 
1274 1315 18672 25.73522510677382 40422 
1275 1316 18349 14.83894104356725 41839 
1276 1319 18955 19.022415872026905 40816 
1277 1319 17481 19.447914363476116 40422 
1278 1320 18315 10.349554656407879 41215 
1279 1321 18711 36.99653451183372 41218 
1280 1324 17911 44.398670986437104 40347 
1281 1324 18434 10.120441871555297 40372 
1282 1326 17938 36.52982815254591 41225 
1283 1327 18222 30.005381837617584 41225 
1284 1329 17771 21.601536571292847 41866 
1285 1329 17290 44.75263690215007 40256 
1286 1329 17448 24.4791780314683 41207 
1287 1329 17501 26.7747030597053 41790 
1288 1329 18119 12.477520128215085 41339 
1289 1329 18006 14.769426635866708 41903 
1290 1329 18120 38.77015246860078 42193 
1291 1330 18743 39.295037844221845 40852 
1292 1331 17410 16.244335850498924 40625 
1293 1331 18050 10.043903536213211 41979 
1294 1331 18603 33.14303917417345 41320 
1295 1333 17464 40.72988578002064 41703 
1296 1333 18329 23.61506814676755 41422 
1297 1334 18372 47.157426041414524 41535 
1298 1334 18944 29.36915134078161 41801 
1299 1335 17907 29.47074017078083 41961 
1300 1338 17618 45.78807081129072 40882 
1301 1339 18792 30.77518226944706 41800 
1302 1339 17929 47.39384085411019 41954 
1303 1341 17650 49.03574712751028 41285 
1304 1341 17333 33.030565526347786 41775 
1305 1341 18738 12.833354561506113 41740 
1306 1342 17615 33.55819053688077 41412 
1307 1342 18349 35.78798158345624 40596 
1308 1342 18877 22.707497029108538 41234 
1309 1343 18046 29.42262896219526 41484 
1310 1344 18444 37.072877425816976 42174 
1311 1345 18860 45.956149482518214 40786 
1312 1346 18240 39.18024034267775 41373 
1313 1347 17231 13.81700333009019 41286 
1314 1347 17866 11.233687006346997 41780 
1315 1348 17026 11.112539177522667 41019 
1316 1349 17928 43.70003544337603 40660 
1317 1349 17907 14.957553042582648 41247 
1318 1351 17543 16.53689388294523 40418 
1319 1352 17689 48.26741264550777 42016 
1320 1352 17845 32.18569381432187 41197 
1321 1352 18831 11.162118950780261 42038 
1322 1355 18292 15.625542076475764 41103 
1323 1356 18153 18.843628205559547 41759 
1324 1357 18027 27.65223629521538 40362 
1325 1358 17824 49.65669016031011 40813 
1326 1360 18901 18.558761675618918 42104 
1327 1360 17058 44.09538342826344 40344 
1328 1361 17021 15.313559597054734 41309 
1329 1362 18320 45.21477123686395 40653 
1330 1363 17518 33.18899958473486 40831 
1331 1363 18658 48.65108233808335 40559 
1332 1363 17205 39.473062556037064 41238 
1333 1364 17810 11.015015363389029 41874 
1334 1367 18366 21.08443820881562 41605 
1335 1367 17471 14.46488758410013 41502 
1336 1370 18018 29.979566511431376 40256 
1337 1370 17596 31.97753546439278 40907 
1338 1371 18211 28.350348978081897 40521 
1339 1371 17019 25.721780267527457 41285 
1340 1372 17245 15.936250600816141 41274 
1341 1373 18197 19.006760864378386 41358 
1342 1373 17240 48.045787572188054 41570 
1343 1373 17872 34.817168838357816 40228 
1344 1374 18198 41.50576286518306 41200 
1345 1375 17580 33.247127387083296 40671 
1346 1375 18843 27.64358153000673 41702 
1347 1377 18211 28.00873477838667 42025 
1348 1378 18447 10.430153449794775 40872 
1349 1378 17080 12.714441796153384 41552 
1350 1378 18404 22.801971965594156 42024 
1351 1379 17320 36.41747105652826 40241 
1352 1381 18541 32.02392907723455 40392 
1353 1383 18652 12.277005371155148 42140 
1354 1384 18486 46.14854372611115 40371 
1355 1386 18637 44.1439290710172 42087 
1356 1390 17791 35.267120933335676 41140 
1357 1393 18146 28.318095088458143 41116 
1358 1393 17196 48.883997029754084 41744 
1359 1393 18455 43.014316735724414 40277 
1360 1395 17380 15.00216726822584 42170 
1361 1395 17737 13.600245149562848 40218 
1362 1395 17257 17.03930819007531 40565 
1363 1396 17103 17.018663469637193 41072 
1364 1396 18897 45.64488587986125 41458 
1365 1396 18112 46.447820079253404 40539 
1366 1398 17720 23.743557325553883 40801 
1367 1399 17464 29.494169320452826 40321 
1368 1399 17488 15.448688136168641 41220 
1369 1399 17300 28.0983976462033 41287 
1370 1400 17535 13.627840461607995 40642 
1371 1400 17834 30.75417120552526 41938 
1372 1401 18395 28.330811702943226 41085 
1373 1403 18670 32.87459802601482 41405 
1374 1404 18032 15.38242124860619 41498 
1375 1404 17583 14.411907907246722 40238 
1376 1405 18962 34.631006882930066 40678 
1377 1406 17097 44.2828459751102 41777 
1378 1408 18456 15.280461044276699 40229 
1379 1413 18687 34.08630649090438 40839 
1380 1414 17684 11.379306734698087 41925 
1381 1416 17753 49.79188548818398 40648 
1382 1417 17495 32.21286724239194 40947 
1383 1418 18875 15.717726991941042 42119 
1384 1420 17844 46.837590136856505 41731 
1385 1420 17959 47.983733658141844 41996 
1386 1422 17231 39.804124726928976 40689 
1387 1422 17516 27.820095568620495 41438 
1388 1422 17505 16.30524527337868 41813 
1389 1422 18105 42.178307105097375 41852 
1390 1423 17637 43.16915098611895 40992 
1391 1423 18967 39.741064168668075 40951 
1392 1424 17050 49.925018427284996 41597 
1393 1425 17661 25.212749204686986 40609 
1394 1425 18509 34.760934762258984 41916 
1395 1426 17872 38.52137963612127 41622 
1396 1426 17878 42.07595886329803 40776 
1397 1430 17141 44.16175048774698 40949 
1398 1430 17008 27.833301070015803 41968 
1399 1431 17037 12.770241514065406 40913 
1400 1432 17569 16.998567105657788 40508 
1401 1432 17751 37.29295380303235 40368 
1402 1432 18673 35.629867934619995 41739 
1403 1436 17667 14.119253148654533 41276 
1404 1436 17434 19.911815450980363 40410 
1405 1437 17643 11.389982637165712 41092 
1406 1440 18268 25.907104339331255 41613 
1407 1441 17199 10.679887843982648 41373 
1408 1444 18990 30.586420681105878 40511 
1409 1444 18080 14.573384173681681 42017 
1410 1444 17927 28.56184443886822 41844 
1411 1446 17614 20.07814856619351 41008 
1412 1447 17624 48.704426031502486 41292 
1413 1447 17514 12.926735241815717 40432 
1414 1447 17271 30.226589964054927 40299 
1415 1450 17419 40.50264839873357 40309 
1416 1451 18632 32.405275680758564 40296 
1417 1452 17772 36.89483156524835 41527 
1418 1455 16998 25.063353113597362 41335 
1419 1455 17046 16.479207614417323 40342 
1420 1457 17438 33.94091534201715 40797 
1421 1457 17914 12.001546214501357 40257 
1422 1459 18063 30.29977275823516 41848 
1423 1462 17090 21.25948039718059 41209 
1424 1463 18499 20.754573037219078 41821 
1425 1464 18475 39.02043451308013 41785 
1426 1467 17153 40.67950593575839 40723 
1427 1467 17931 49.519909232601265 40863 
1428 1468 17768 48.78860965390084 40864 
1429 1468 17065 24.85086011821316 41931 
1430 1469 17339 45.83088493584497 40414 
1431 1470 17345 17.6786815414411 41744 
1432 1470 17987 40.08831695863847 41798 
1433 1470 18006 12.55520386945932 40998 
1434 1470 17196 46.440412887210584 41230 
1435 1470 18262 33.3428623130837 42156 
1436 1472 18553 39.687316574001 42024 
1437 1472 18081 44.60949124048439 40504 
1438 1472 18081 20.842909913406103 41783 
1439 1473 17550 38.16790038415418 41443 
1440 1474 17303 14.864034278937499 41828 
1441 1474 18195 28.85138248998348 40308 
1442 1474 18382 18.096340619294505 40377 
1443 1475 17508 46.58171684679393 40969 
1444 1475 18814 14.368404340580462 41319 
1445 1475 18862 47.24087131416179 41348 
1446 1476 17079 20.750997277607684 41374 
1447 1476 17060 47.72737236858421 40941 
1448 1476 17806 45.67636578502577 40400 
1449 1476 18251 11.357927716360322 41773 
1450 1477 17070 45.13741395215117 40882 
1451 1478 17981 24.541125331581803 41825 
1452 1478 18049 44.175856676730675 40327 
1453 1478 18193 33.13699787013256 41143 
1454 1479 17192 10.921707391652768 41964 
1455 1480 17202 46.40095990647606 40354 
1456 1482 18644 35.0013163572131 41460 
1457 1484 18080 47.34685422085243 41677 
1458 1485 18296 48.443957851858414 40730 
1459 1486 18424 35.892929188698 41622 
1460 1487 18307 25.251817540548846 40540 
1461 1487 18152 42.279977569925464 40250 
1462 1488 18949 21.649798562736407 40290 
1463 1488 18783 15.080048357401203 40344 
1464 1491 17261 13.384617356853955 41125 
1465 1491 18134 34.78678200538102 41120 
1466 1492 17639 41.508548176066256 40382 
1467 1494 17864 28.610946821391046 42133 
1468 1494 17510 15.099910241026553 41113 
1469 1494 18846 19.394536575230465 41278 
1470 1495 18330 13.769638588686192 40425 
1471 1495 17013 12.965025755048414 42037 
1472 1497 18790 17.557025128949725 41499 
1473 1497 18354 47.498535498350954 40527 
1474 1498 17835 44.59339865145774 40401 
1475 1499 17106 19.524369312276054 41092 
1476 1500 17860 30.126729696712964 40934 
1477 1501 17498 10.90257229784556 41783 
1478 1502 18196 43.17188149082761 40679 
1479 1502 18884 20.787555018727485 42069 
1480 1503 18443 32.8741726732504 41929 
1481 1505 17360 14.416490100965005 41158 
1482 1507 18475 20.760636270785724 41395 
1483 1507 18127 13.025094073057112 40404 
1484 1508 17455 21.20729484545761 41764 
1485 1508 18368 24.081170879523107 40915 
1486 1508 17094 32.63577108731279 40416 
1487 1508 17987 32.06672298606098 42185 
1488 1511 18921 41.58397364704418 40400 
1489 1512 18325 16.50569226044867 41504 
1490 1512 17317 47.87836904878008 41333 
1491 1514 18699 11.387328293032763 40532 
1492 1515 17133 32.26686440829313 40339 
1493 1517 18736 23.363079692695088 41711 
1494 1519 18717 44.03938390280275 40485 
1495 1519 17848 46.0856515250618 41935 
1496 1520 17348 40.1410158207522 41722 
1497 1521 17253 30.12754426460738 41034 
1498 1521 17548 30.28012136432367 41310 
1499 1523 18117 17.62054018710282 41285 
1500 1524 18396 11.478338172687197 40713 
1501 1525 17096 26.220598941605072 40651 
1502 1527 18494 20.103387638103758 40426 
1503 1527 18144 11.63373201108747 41472 
1504 1527 17072 18.260817450952402 42073 
1505 1527 18029 44.90224804128872 40946 
1506 1528 17877 27.91195895995368 42113 
1507 1528 17528 47.89753758087175 42025 
1508 1529 17658 43.07806414017334 40791 
1509 1529 17086 32.38963529238278 42179 
1510 1530 17093 26.80181215131735 40314 
1511 1532 18230 42.1461384554205 41787 
1512 1532 17240 40.53166222488343 40695 
1513 1533 18312 22.60998645397255 41439 
1514 1535 17065 42.62261324003505 40215 
1515 1536 18989 33.75417954883121 40590 
1516 1536 18192 14.878363831112452 41391 
1517 1538 17089 34.5908869176182 41439 
1518 1538 17257 47.02358749890837 40675 
1519 1539 17839 19.806383563035567 40977 
1520 1539 17058 22.839357349991648 41984 
1521 1540 18184 15.09692149100542 41528 
1522 1540 17234 21.780745989236976 40573 
1523 1542 18837 44.341618596270116 41861 
1524 1542 18297 30.627719196646773 41332 
1525 1543 17720 37.887672059786574 40882 
1526 1545 18136 20.488657344205773 41298 
1527 1547 18049 43.911278745129835 40294 
1528 1547 17126 33.14865707524426 41125 
1529 1549 18076 37.03890212535229 40742 
1530 1550 18948 43.098908034571025 42205 
1531 1550 18633 45.68833052095763 41668 
1532 1552 18519 23.97359149234319 41141 
1533 1552 18118 38.27156407119366 40911 
1534 1553 18247 40.36458024123517 40664 
1535 1555 18096 24.83174889853927 41778 
1536 1556 18766 44.532643826035276 41840 
1537 1557 18359 37.424325998992956 40833 
1538 1558 17583 16.52368984841871 40408 
1539 1562 17003 24.854208339359175 40657 
1540 1562 17041 32.02596292345818 41247 
1541 1562 17862 14.474769598860915 42038 
1542 1563 18657 45.432628218260135 41880 
1543 1564 18121 14.399579931705052 41798 
1544 1566 17709 49.13237186033128 40248 
1545 1567 18791 43.70922972095312 40764 
1546 1567 18411 33.64788749965413 41190 
1547 1568 17194 23.663506548588153 41822 
1548 1568 18379 28.788078767471728 40609 
1549 1569 18164 48.70030338269419 41115 
1550 1572 18885 30.159147929953093 41888 
1551 1572 18568 12.969695679338727 41791 
1552 1573 18480 49.32025792010816 40618 
1553 1573 17680 18.154691050936474 41171 
1554 1574 18100 17.44193607318256 40897 
1555 1576 17179 15.448457563366716 40309 
1556 1578 17833 13.16864459034405 41262 
1557 1578 17502 29.01884330540826 41024 
1558 1578 17434 40.492590863817455 40538 
1559 1578 17392 43.73208823542149 41233 
1560 1578 17379 17.61411338480589 41604 
1561 1580 17566 20.587738977878253 41543 
1562 1581 18716 15.2822344058618 41829 
1563 1581 17714 32.84085063389484 41661 
1564 1582 17021 36.37925705357756 40830 
1565 1582 17387 25.714758831888798 40276 
1566 1583 18932 38.00472878169315 40272 
1567 1583 18187 45.6581629161942 40813 
1568 1586 17680 16.783741970197795 40558 
1569 1586 18386 48.05577195241665 41620 
1570 1587 17386 48.82750624715895 40670 
1571 1587 17504 21.330515871522664 41932 
1572 1588 18090 27.715869388870466 41062 
1573 1590 18226 42.58594471831299 40726 
1574 1592 18765 25.23544585904268 41860 
1575 1594 17583 48.28068541957165 40752 
1576 1595 18780 39.60180288337234 40254 
1577 1596 18089 32.19749184053788 41805 
1578 1598 18024 35.582643746121825 41654 
1579 1599 18632 43.33501771830579 41265 
1580 1600 18928 36.046952525350605 41726 
1581 1602 18419 30.989386929079956 42139 
1582 1602 18000 27.493477285717987 42209 
1583 1602 18298 24.874378593567705 41252 
1584 1602 18052 17.169290574591827 41559 
1585 1604 17206 11.034111743916126 41382 
1586 1605 17760 21.061023268673456 41650 
1587 1607 17709 29.807166869541156 40559 
1588 1607 17046 48.70479952663685 41128 
1589 1607 17906 23.44509029238234 40271 
1590 1609 18668 34.466229926932414 40875 
1591 1610 17616 41.439288958818366 40631 
1592 1611 18202 21.87768988189838 41908 
1593 1611 17135 27.718560499676688 40755 
1594 1614 17756 23.37343535049914 41880 
1595 1615 18534 29.966584782689335 42201 
1596 1616 18387 49.07126512886602 42114 
1597 1616 17086 41.59665844358504 40248 
1598 1617 17747 33.076269287536036 41979 
1599 1618 17036 15.211270405801569 42098 
1600 1620 18551 18.539796986755178 42193 
1601 1620 17978 23.63316056839619 41987 
1602 1621 17705 30.344854296243 41354 
1603 1622 17380 16.617660800975816 41092 
1604 1622 17892 19.772528020344822 41323 
1605 1623 18821 21.769431285530942 40617 
1606 1623 18578 43.36904150573714 40937 
1607 1625 17602 48.22604173054599 41216 
1608 1626 18215 29.869949475499894 41153 
1609 1627 18637 49.357769736547894 41153 
1610 1628 17482 45.516601708936236 40474 
1611 1628 17367 44.998870185875774 41360 
1612 1629 17336 39.663076050798715 40873 
1613 1630 18018 21.195633235902985 40896 
1614 1631 18500 34.85525934457647 40449 
1615 1633 17533 49.744132422931806 40775 
1616 1633 17277 30.3487726974185 40256 
1617 1634 17869 20.349867693547317 41319 
1618 1635 18193 38.87393620826181 40608 
1619 1635 18908 10.0431317392473 41913 
1620 1636 18493 45.904251812099396 41633 
1621 1639 17516 30.6649248468283 40583 
1622 1643 18203 39.18673858424134 40621 
1623 1644 17492 42.08372223096266 40578 
1624 1644 18706 26.738198374109054 40952 
1625 1645 18840 49.944316485295545 40804 
1626 1646 17108 45.2060299930228 40823 
1627 1646 17022 25.839596422839545 41201 
1628 1647 18740 13.555619262093078 40230 
1629 1649 17624 46.64341194143503 41293 
1630 1649 17573 21.443605963449205 41999 
1631 1650 18372 15.925215500170019 40904 
1632 1653 18661 30.692771031731006 41813 
1633 1654 17099 49.57136708715431 41576 
1634 1655 18808 38.89964899277207 41473 
1635 1655 17513 15.231536943904693 41668 
1636 1657 17744 23.04349039359912 41153 
1637 1657 18503 41.432217232030695 40869 
1638 1660 17629 36.84716785389766 40990 
1639 1661 17407 16.04787756642638 40330 
1640 1661 17227 26.33365089989924 40316 
1641 1661 18058 42.461389236593725 40691 
1642 1661 17189 22.49477977578087 40408 
1643 1664 17844 29.752344413246988 41971 
1644 1665 17910 49.23069733126929 41379 
1645 1665 17993 39.9678505341448 40397 
1646 1665 18980 16.334808401864123 41944 
1647 1665 18541 30.7292869941338 40556 
1648 1665 17826 24.631401954497463 40349 
1649 1667 18121 14.87239208117225 42163 
1650 1669 17526 37.76937211959055 40476 
1651 1669 17506 23.51000728103245 40804 
1652 1669 17638 33.059401749098 40591 
1653 1671 18388 43.73353065191275 41746 
1654 1673 18730 31.97182366499841 40954 
1655 1674 18433 39.759718216065075 41389 
1656 1674 18816 29.31443773080002 41529 
1657 1675 17078 31.154081015201886 41245 
1658 1675 17320 11.495467234230997 41795 
1659 1676 18232 27.38669602882417 40326 
1660 1677 17450 37.97476347785905 41052 
1661 1678 18852 29.78491361755594 40650 
1662 1678 18949 10.977989989295484 41476 
1663 1678 18710 12.388445941516322 41713 
1664 1679 17703 49.59339898155356 41734 
1665 1680 17380 11.701978748774916 40418 
1666 1680 17096 27.580743950168443 40871 
1667 1682 17336 25.961976884643857 40333 
1668 1682 18561 43.97363039385898 41025 
1669 1682 17307 36.50148813385274 40783 
1670 1682 18636 35.84969668110675 41322 
1671 1683 17442 20.35608569610349 40732 
1672 1684 18918 37.32713427811647 40447 
1673 1685 18019 31.624983918719018 40941 
1674 1687 17315 27.774089396537786 40439 
1675 1688 18048 14.708159741365892 40454 
1676 1692 18051 17.78837891594104 41537 
1677 1692 18299 14.117993301374344 40810 
1678 1693 17914 11.65257844182738 41664 
1679 1693 17373 28.48594851507952 42182 
1680 1694 18793 39.78966820380623 40572 
1681 1694 18894 16.41547886847811 41395 
1682 1695 17236 15.77674655601828 40799 
1683 1696 17448 27.829724827031036 41954 
1684 1698 18566 19.431369266773153 40446 
1685 1701 18978 15.528655638274863 41218 
1686 1701 17580 13.266816422902789 42066 
1687 1702 18448 36.406513570676815 41759 
1688 1704 18981 14.351106066599053 40402 
1689 1704 17000 27.508113532065416 41252 
1690 1704 18664 14.453443771717204 40729 
1691 1708 17125 35.35120397579938 42062 
1692 1711 17317 36.95270514237601 41367 
1693 1714 17848 38.76517420244887 42085 
1694 1714 18572 34.92995637216764 40944 
1695 1717 17301 34.50286466206805 41321 
1696 1718 18903 29.448252379023913 41270 
1697 1719 18855 43.159805256198155 40576 
1698 1720 18702 12.148479652641214 41848 
1699 1720 17811 36.23387241568078 40897 
1700 1721 18626 39.151453388345686 40808 
1701 1723 17958 47.49141468168582 42138 
1702 1723 17044 26.596968537354826 40722 
1703 1723 17674 30.137418676397033 41182 
1704 1724 17251 35.171530190967154 41186 
1705 1724 17603 18.86397364205443 41360 
1706 1725 18196 22.635729010733666 41301 
1707 1725 17324 41.54810958871418 42164 
1708 1727 17727 48.838854486349206 40812 
1709 1727 18760 35.590613326282615 41897 
1710 1729 17830 37.182166336384554 41319 
1711 1730 17378 46.98737536781059 40842 
1712 1731 17841 31.58700253693413 40587 
1713 1731 18647 28.010920261028915 41055 
1714 1732 18354 37.53426571332981 40796 
1715 1732 17860 42.97315999486984 41707 
1716 1732 17943 31.89530848152472 41072 
1717 1733 17898 28.675958126139633 40562 
1718 1733 17225 11.220910147202519 40376 
1719 1734 17791 15.126401212479692 42197 
1720 1734 17449 34.46793494689693 40591 
1721 1734 18835 36.840256187618294 41516 
1722 1734 18009 31.810780337516178 40992 
1723 1736 17628 34.68169203246505 42213 
1724 1737 18744 14.018837824062036 40925 
1725 1739 17203 39.10308247030193 42167 
1726 1740 17870 10.676915393391369 41976 
1727 1742 17515 48.28593301572395 41717 
1728 1743 18978 26.29652721551055 41841 
1729 1743 17218 21.531683005229315 40607 
1730 1744 17278 44.107106406355065 40569 
1731 1744 17159 37.15796593763071 40430 
1732 1745 17550 22.855883104649134 40520 
1733 1745 17871 30.770878756009722 41110 
1734 1745 18534 31.91167938292571 40451 
1735 1746 18637 45.81667839847467 41046 
1736 1747 18087 30.28662994790517 41935 
1737 1747 17162 10.158283957417531 40775 
1738 1747 17656 38.10974415701658 41678 
1739 1748 17565 43.44921454794517 41685 
1740 1749 18231 20.179845261921972 40399 
1741 1750 18691 11.442900813175045 40420 
1742 1752 18715 49.611371262454135 40336 
1743 1752 17987 10.618716382871401 42134 
1744 1753 17586 34.23769491710507 40220 
1745 1754 18097 11.90572183906157 41228 
1746 1755 17894 23.810845263101545 41539 
1747 1756 18164 42.51556022102251 40854 
1748 1757 17212 37.00127190587914 41792 
1749 1757 18518 25.57857143713429 40264 
1750 1759 18825 38.61908288853229 40827 
1751 1760 18133 20.618820429057966 41718 
1752 1762 18659 16.84152645319314 40273 
1753 1763 17381 20.922458974724307 40739 
1754 1765 17834 25.412470608724185 40291 
1755 1765 17170 41.146744157683074 42070 
1756 1767 17712 41.87915412838734 42117 
1757 1767 17437 34.08593132424624 40602 
1758 1768 17692 45.132734574451504 42007 
1759 1768 18132 25.961176079159138 40793 
1760 1769 17128 22.57969237183728 40512 
1761 1770 18358 32.60807528973398 41822 
1762 1771 18993 45.254648704445835 40968 
1763 1772 18569 27.686525988687563 41122 
1764 1772 17215 40.51460729346243 41521 
1765 1773 18416 13.328621885693845 40395 
1766 1773 17114 43.57739656164958 41650 
1767 1775 18569 34.71443217887326 40779 
1768 1775 18754 10.107673980065828 41448 
1769 1776 18291 41.340588004795116 40273 
1770 1776 18388 30.147152960058854 41442 
1771 1778 17664 27.07512555550721 40628 
1772 1779 17111 14.602950856262806 40465 
1773 1780 18565 43.63362845832875 41243 
1774 1780 18708 46.51008386168066 41205 
1775 1781 18642 12.991560682790269 41116 
1776 1782 17783 18.507355116831405 42106 
1777 1782 18570 35.6016177373663 40350 
1778 1783 17463 34.27657062894411 40219 
1779 1783 17478 20.81114701800463 41376 
1780 1785 17638 42.685082886263935 41106 
1781 1786 18745 46.29329627509546 41560 
1782 1787 18212 14.885152451751713 41151 
1783 1791 17005 17.087160485545382 40411 
1784 1792 18484 47.478605072038974 41105 
1785 1794 17672 22.230282809342793 40795 
1786 1795 18466 41.494980616689574 40314 
1787 1795 18236 32.92966224333447 41196 
1788 1795 17486 35.67781531638447 41926 
1789 1797 17114 24.406974515867084 40490 
1790 1798 17424 35.25043770493623 41068 
1791 1798 17160 26.276609518023673 42013 
1792 1798 18213 14.210810314547771 40270 
1793 1800 18216 20.28728561632382 41297 
1794 1803 18684 48.12138987727891 42031 
1795 1804 18239 44.22075110741935 42098 
1796 1804 17510 47.72570728774796 41400 
1797 1806 18017 14.555714607197391 41806 
1798 1807 18547 35.17417056468349 41799 
1799 1807 17311 10.350625204974161 40672 
1800 1808 17450 25.71916441994785 41466 
1801 1809 18979 20.82378106022246 41427 
1802 1810 18971 45.34274783959397 40779 
1803 1812 18384 39.804486532786484 40287 
1804 1812 17807 17.33423344739073 41645 
1805 1814 17070 14.25968654394357 41035 
1806 1814 17560 12.844026653176872 41112 
1807 1815 18317 49.448767742402225 41781 
1808 1815 18774 12.140747418391973 41838 
1809 1815 17393 40.75073668565231 40786 
1810 1816 17942 27.682493062507866 41958 
1811 1817 17784 36.66672720372474 42138 
1812 1819 17793 10.896466819390621 40990 
1813 1819 18058 35.49852534263828 40462 
1814 1820 18565 32.07832560345208 41217 
1815 1820 18336 41.71709492193995 41192 
1816 1820 17449 15.940455645245851 41699 
1817 1822 17319 19.07557146550547 41372 
1818 1824 18472 43.56091307129337 42195 
1819 1826 17732 16.183479942571545 40963 
1820 1829 18496 22.74252131032178 41982 
1821 1829 18240 32.39785027607151 40327 
1822 1832 17480 18.146122780640045 41777 
1823 1833 18061 24.116798792304284 41657 
1824 1833 17597 11.642104354938333 41047 
1825 1834 18427 41.76133591828413 40448 
1826 1836 18604 37.08127660174991 41111 
1827 1838 17853 16.541791442614734 41385 
1828 1839 17868 17.876177699447076 40411 
1829 1840 18478 34.23430406253108 41553 
1830 1841 17012 23.844582196781985 42063 
1831 1841 18741 29.594427879974802 41910 
1832 1843 17568 31.39260427991254 42081 
1833 1844 17415 43.58168634499614 40423 
1834 1845 17248 36.4508275782475 41787 
1835 1846 17350 12.806969585870029 40642 
1836 1848 18733 10.68001662270676 41880 
1837 1848 17767 31.23782876914007 41117 
1838 1848 17341 43.35926636685788 40456 
1839 1848 18522 32.42207552849325 41880 
1840 1850 18989 35.01273093698582 41520 
1841 1850 18922 26.143670482812592 42197 
1842 1851 17237 27.719464932355745 40727 
1843 1852 18190 33.734822692702124 40255 
1844 1854 18734 35.67115875985784 41810 
1845 1854 17989 30.72053382629897 40915 
1846 1855 17425 36.91172469211841 41423 
1847 1859 18768 41.042090442979614 40536 
1848 1860 17847 28.35093245975144 41859 
1849 1860 18929 16.927626913275915 41466 
1850 1861 18421 13.905531201285442 40884 
1851 1861 17269 39.703141569227924 41375 
1852 1861 17104 16.98743319836323 41497 
1853 1861 18365 30.774977364516012 40743 
1854 1862 17362 47.32970694840607 40847 
1855 1862 18431 41.18275797447426 41161 
1856 1862 17782 13.963647300123396 41740 
1857 1863 17852 28.0614570561248 40926 
1858 1866 17968 41.203300672718285 40422 
1859 1866 18117 30.886211852689023 41218 
1860 1868 18935 32.80242714916747 40984 
1861 1868 18239 44.10525528278901 40357 
1862 1869 17196 24.295925822831578 40718 
1863 1869 17514 46.499946618865316 40737 
1864 1870 17394 14.546505828790885 40851 
1865 1870 17516 29.96662380012937 40764 
1866 1871 18107 10.796064949856557 41260 
1867 1873 17022 36.76965142770439 41532 
1868 1875 17135 11.80360019272852 41896 
1869 1875 17788 23.067687635981283 41483 
1870 1875 17551 40.89283120612353 40555 
1871 1876 18926 41.66957333773941 41175 
1872 1876 18721 28.995860928756656 40960 
1873 1877 18858 43.81377782534742 42175 
1874 1878 18841 36.48056765457609 40567 
1875 1879 17001 47.41899919815027 42215 
1876 1880 18814 48.17506842405919 41652 
1877 1881 18311 40.94138358275748 41018 
1878 1881 17577 13.88855684074592 40868 
1879 1886 17782 39.26975087568963 41156 
1880 1887 18608 13.509585200976627 40922 
1881 1887 17063 47.04302742761787 41409 
1882 1888 18442 13.871495482631104 41392 
1883 1888 18938 42.92980090566242 41636 
1884 1890 17062 48.948017418846035 41437 
1885 1891 18774 41.5801702240284 40984 
1886 1892 18715 47.80165242528796 40223 
1887 1892 17051 44.750285255828686 40836 
1888 1893 18458 21.77739220816885 40438 
1889 1893 17672 13.681394422741263 41421 
1890 1893 17860 39.819607225867486 41089 
1891 1894 17748 28.09387025936062 40595 
1892 1896 17281 49.94007829596262 41569 
1893 1897 18199 24.732044246742998 40500 
1894 1897 18536 27.77944618884296 40684 
1895 1898 17645 30.628972558797866 40534 
1896 1900 18308 18.33204780509172 40452 
1897 1900 17474 18.49489683815932 40390 
1898 1900 18415 21.500306063345835 41819 
1899 1901 17794 14.99060443119867 40918 
1900 1907 18867 19.57883263687005 42203 
1901 1907 18086 30.679070672102103 40770 
1902 1908 18344 48.57256784385281 42164 
1903 1909 18188 27.32953083737142 41266 
1904 1911 17198 43.09686500074029 41362 
1905 1915 18099 10.557635747817029 41926 
1906 1916 17063 33.98561243049734 40394 
1907 1917 18417 24.53079099051632 40777 
1908 1917 17599 27.395421073192434 41624 
1909 1917 17845 39.64755164142283 40572 
1910 1918 18853 46.75732586673306 41007 
1911 1918 17074 37.383488980818996 41955 
1912 1921 18743 33.69900914834643 40359 
1913 1921 18206 29.496317347681963 42086 
1914 1921 17317 17.949218013170466 41170 
1915 1922 17914 24.547808534141623 41695 
1916 1922 18837 10.419102028372503 41703 
1917 1923 17435 13.062036352974458 41179 
1918 1923 17451 30.623956043504712 40422 
1919 1923 18370 12.552967394160813 41332 
1920 1926 18213 14.478035095340672 40806 
1921 1927 17996 29.1141352211444 42034 
1922 1927 17971 24.933628688725165 41066 
1923 1929 17134 37.35968393343942 40288 
1924 1929 17835 14.177316107131738 40699 
1925 1930 17458 30.83608299709903 42054 
1926 1931 18515 37.74204026463635 41405 
1927 1933 18273 45.78943526667214 41548 
1928 1933 18903 35.343746231542035 41363 
1929 1934 18102 32.91715505439874 40909 
1930 1934 18447 32.63581262061592 40873 
1931 1936 17578 42.03053196647484 41269 
1932 1938 17840 24.535941154371134 41381 
1933 1938 17917 47.58472920487755 41815 
1934 1939 18991 27.58191742190983 41968 
1935 1941 17168 44.473126123596515 41305 
1936 1942 17686 44.0793860146101 41872 
1937 1947 17118 29.154915244534276 41769 
1938 1952 17219 44.80151003911174 40563 
1939 1953 17850 48.058207991049755 41201 
1940 1953 17306 20.65238246595037 41157 
1941 1954 16996 45.85040800792664 42097 
1942 1954 18951 21.41061816647797 40926 
1943 1955 18320 40.952329221213404 41653 
1944 1955 18024 33.77565331968718 41540 
1945 1957 17098 26.503651004172035 40647 
1946 1958 17125 29.432963839678386 40596 
1947 1959 18849 23.986585620681844 40296 
1948 1959 17890 27.51787172585945 41994 
1949 1960 17947 15.343094060067116 41252 
1950 1960 18854 30.12800398545087 41345 
1951 1961 18005 24.419276173941938 41048 
1952 1961 17773 36.86168341937569 40879 
1953 1963 17369 48.34968447142308 41634 
1954 1963 18306 11.055481627335041 42015 
1955 1964 18389 20.91475909742408 40525 
1956 1966 17526 18.190307393771327 41389 
1957 1967 17517 21.87986830762952 40864 
1958 1968 18426 34.362142612589594 41186 
1959 1969 18749 21.191830955677375 40455 
1960 1970 17665 37.3621799114585 41248 
1961 1973 18205 47.02977987942528 41752 
1962 1973 18452 18.9014887076355 41070 
1963 1974 17598 26.55047610762686 41305 
1964 1976 18423 29.132681999130497 40297 
1965 1981 17810 26.151321280160612 41038 
1966 1981 17613 41.82060143010488 40630 
1967 1981 18698 34.44180231707446 40837 
1968 1981 18055 31.494216393858608 42175 
1969 1982 18275 47.65542748219227 41471 
1970 1982 17500 26.606036996122107 41037 
1971 1983 17816 38.2950473603573 40217 
1972 1984 17610 33.05838703152702 41788 
1973 1985 18492 12.361611603298268 42113 
1974 1986 18716 47.36359451103278 42179 
1975 1986 17608 13.851322802598967 41393 
1976 1986 17196 25.59948347569 42154 
1977 1986 17199 46.99853645918216 41400 
1978 1986 17395 40.35365925231831 41305 
1979 1986 18377 13.576879357646622 41969 
1980 1986 18415 49.23088446435392 40353 
1981 1987 17481 32.56758938052881 40297 
1982 1987 17618 42.66975824829147 42072 
1983 1987 17841 43.87302005481951 41724 
1984 1988 18320 15.31521645914346 41170 
1985 1989 18561 46.2147020738804 41897 
1986 1990 18740 20.392226142144295 40840 
1987 1990 17936 21.09588308068282 40722 
1988 1990 17367 17.301255407589096 41718 
1989 1992 18198 27.938431650357273 41612 
1990 1994 18082 35.13771525799193 41407 
1991 1994 17519 48.58593217417599 42106 
1992 1995 18355 16.05201165684429 41258 
1993 1996 18330 24.23014483815324 41685 
1994 1998 17964 27.742047163178402 41285 
1995 1999 18677 48.51156208937735 41386 
1996 1999 17444 45.296208637890075 41394 
1997 1999 17886 18.087023705146954 41659 
1998 2000 18567 12.416524510568774 40844 
1999 2000 18052 14.470587865160391 40347 
2000 0 17067 21.24732998107161 41221 
