1 2 15667 16.54941600172226 25266 
2 3 15484 23.153739847263395 26492 
3 4 15493 41.672148445908874 26102 
4 8 15188 14.673277970229748 26546 
5 8 15874 14.662796058853743 26363 
6 9 15428 42.187725476627456 26431 
7 10 16760 23.401688618164805 25526 
8 13 15450 37.04715840905518 25669 
9 14 15192 30.89252481390603 25352 
10 14 15426 44.51897243900749 26227 
11 15 16241 14.164765608506276 26266 
12 15 15199 31.81148483152676 26161 
13 18 16133 16.001227399973917 25178 
14 18 15985 24.328017953419774 24623 
15 21 15118 18.23272287379634 25782 
16 23 16584 38.059510567583814 25052 
17 23 15111 31.12805772455394 24749 
18 24 16265 36.05443958142004 24718 
19 24 15553 44.2682766452121 24869 
20 26 16840 10.352013134565588 24839 
21 26 15185 18.52782077464294 26591 
22 26 15196 46.43780890609947 25907 
23 28 14925 49.52883328119607 26472 
24 29 16768 26.146749599057323 24774 
25 30 16418 39.596472185684846 25017 
26 33 15615 20.559201731874268 25869 
27 34 15271 38.62839242330985 24771 
28 34 15597 33.665472751159726 24659 
29 35 15351 20.15102104559359 25625 
30 35 15783 23.72863862743131 25268 
31 37 15650 13.88009979760751 24751 
32 37 16025 16.04461790146047 26384 
33 38 16350 15.929220535372309 25492 
34 40 16867 17.772326942712052 26371 
35 41 16759 10.345401653010411 26239 
36 42 15849 48.48185332080129 25808 
37 44 16074 21.92731062468202 25018 
38 47 16445 43.400002236062974 24928 
39 47 15648 19.265145103576764 25640 
40 48 16340 11.383445966926548 25124 
41 48 15330 21.139855056466345 25973 
42 48 16135 24.653538506960977 26430 
43 49 15720 31.408941645706697 25885 
44 50 15947 12.295388908330537 25353 
45 50 15915 40.91805994107701 25109 
46 51 15560 49.107286212235614 25938 
47 52 15473 22.851575232255126 25014 
48 54 15332 36.19287902272546 25715 
49 55 15875 35.768890969946 26515 
50 56 16271 39.974993244864166 25220 
51 56 15161 45.13890799115869 26421 
52 57 15889 27.683325311771515 25533 
53 60 15008 22.8146396181235 26588 
54 61 16416 29.407078118704103 26523 
55 62 15343 22.101222210515452 25534 
56 63 15269 34.86073685818731 26403 
57 63 15175 15.023746244004101 25873 
58 64 16820 15.720468807410516 25568 
59 67 16211 23.15842095637592 25025 
60 68 16285 45.40393679875288 26122 
61 69 15013 23.02873040182392 24857 
62 71 15097 29.45924223484035 25014 
63 71 15796 44.3645096174239 25019 
64 73 15429 46.773792315149684 25919 
65 75 15495 25.051581397158607 25376 
66 75 15254 34.72875967479502 24986 
67 76 15959 35.13396125734052 25071 
68 77 14887 14.021545512301348 26483 
69 80 16717 25.579879364345388 24720 
70 80 16651 42.430851102945105 25116 
71 81 14885 25.047736794819343 25259 
72 84 15635 46.49331204929684 26609 
73 85 16173 15.219515028967518 25676 
74 85 16279 11.091421176220697 26042 
75 88 15846 14.162052257702715 24699 
76 89 15473 36.03422352928683 25468 
77 90 15822 44.170943093832676 24619 
78 90 15064 44.95896687368453 25851 
79 90 16018 24.89466629799971 25842 
80 91 15513 36.35437919529464 26536 
81 93 16624 26.013352580569155 25280 
82 94 16193 37.60938327869395 25423 
83 95 16564 49.70347277537944 25561 
84 96 14904 20.80798358554684 25075 
85 97 16398 31.877235917963624 26490 
86 97 15120 25.09558615504735 24940 
87 98 15206 29.818678773171776 26481 
88 101 16222 44.56505563627845 25454 
89 101 15466 19.494214024707716 24972 
90 103 14984 12.761101929156059 26147 
91 104 14984 40.25046122351327 26431 
92 105 16826 44.2858509141772 25335 
93 109 16233 13.803634312598575 25488 
94 109 16012 10.568282750288152 24974 
95 109 15355 38.00578468294038 26139 
96 109 15293 21.595607816427297 25155 
97 110 15902 34.493298663510444 24919 
98 110 15866 33.024366233078894 26056 
99 111 16200 38.41673332244389 25596 
100 112 16168 47.563997557414986 25231 
101 113 15645 29.929424536716674 25895 
102 114 16544 49.75200193165725 24612 
103 116 16004 15.622053586228585 26550 
104 125 15379 28.562980908494893 26284 
105 125 16313 23.75694362376972 25196 
106 126 15230 12.290101038906073 25761 
107 127 16014 38.585698088082225 24772 
108 127 14977 25.904456641538726 24782 
109 129 15969 42.43283521279685 26308 
110 130 16843 25.457993739426612 24762 
111 130 15177 37.655439342477706 26134 
112 130 15598 39.16446295614258 25848 
113 131 16252 22.797951212925803 24955 
114 131 15701 35.972791644481504 26486 
115 133 16204 23.387452189518353 25434 
116 135 15218 34.77891815858251 25316 
117 135 15012 17.189516492784502 26456 
118 136 15489 35.52603065397052 25831 
119 136 14884 11.664031426438637 25804 
120 136 15200 41.07656347592043 26252 
121 137 15629 44.69517464574227 26266 
122 139 15075 31.71979972957713 24720 
123 140 16128 49.4113251583167 26610 
124 143 16779 19.054159992646763 26526 
125 145 15242 27.534992579041443 24761 
126 145 16263 45.49661959478544 26302 
127 149 15006 38.38901209325839 26500 
128 149 15756 14.951736101016797 25842 
129 150 15489 31.189915261243087 25781 
130 150 16309 28.851839355712123 26045 
131 150 15056 35.762448282506455 25777 
132 153 15918 19.870335877159157 25112 
133 153 16001 28.018236804878768 24912 
134 154 15607 22.51944313930884 24649 
135 155 16296 40.20559475564075 24926 
136 155 15004 13.981170255313948 24700 
137 156 16820 25.525871974959276 25882 
138 156 15432 26.948319419277023 24931 
139 156 16790 23.91357596902639 26205 
140 157 15271 40.65732244050757 25980 
141 157 15039 41.556925719504115 25931 
142 157 16422 41.941004606392895 26205 
143 157 16393 15.291793706706617 26139 
144 157 15737 27.487156311909693 25924 
145 159 16082 28.439081144856537 24740 
146 160 15805 37.556128517301836 25295 
147 160 15942 25.32147761728033 25947 
148 160 15127 24.1327907947963 26273 
149 161 16302 45.97361863853272 25206 
150 162 15790 17.26999161360867 25590 
151 163 15030 30.822305703887757 25653 
152 164 15159 27.526657935644533 24914 
153 164 16267 45.308003299981344 25956 
154 165 16346 31.52743592542182 25187 
155 166 15901 49.470672978104105 26162 
156 166 15206 36.44869669123345 26473 
157 167 16505 35.37761016094452 26560 
158 168 16377 43.859172772704824 25578 
159 170 15389 30.575453206563118 24667 
160 173 15023 41.84737763629628 24967 
161 173 16303 29.93122904617885 25941 
162 174 15049 13.366754091899352 25944 
163 174 15911 49.58015047299024 25822 
164 175 15406 47.90678337141818 24808 
165 177 16800 11.503216715533267 26191 
166 178 16596 38.74468464246985 25589 
167 178 15360 12.273867561496932 25983 
168 178 15634 41.97076538936585 24961 
169 179 16642 12.565644761243192 26262 
170 181 15964 47.02328505267518 26035 
171 183 16154 17.139406747176686 26074 
172 186 16428 15.95146605541152 25976 
173 187 15125 30.14913368337146 26136 
174 190 14984 19.746520335091894 25810 
175 191 15948 14.760536466362026 24635 
176 192 16740 19.544274891352025 25820 
177 193 15919 27.715211052787208 26547 
178 194 16082 47.69335938222945 25386 
179 194 15647 44.98398491821548 25974 
180 195 16864 21.24332550256571 26185 
181 196 16503 33.38815820680899 26258 
182 196 15975 44.81219132804808 25089 
183 196 16186 45.65274656063732 25998 
184 197 15207 30.612260074951685 25470 
185 197 16876 23.645551757384226 25900 
186 197 15232 19.378867346448004 25023 
187 198 15655 40.34317434457273 25622 
188 198 15659 33.84653514589962 26155 
189 200 15832 24.300027250699237 25583 
190 202 16635 27.24876157570109 26218 
191 202 15795 46.38028294964206 24875 
192 202 16000 13.609452833984893 26306 
193 203 15356 18.359554335225194 25860 
194 204 15376 46.080537672161014 25959 
195 204 15328 45.012690363223655 26464 
196 206 15170 19.43124345965613 25106 
197 206 16388 29.92791204728291 25392 
198 207 15568 24.24861790780691 25843 
199 208 16865 32.8754102421281 26140 
200 210 15038 13.337998935967095 25695 
201 210 15743 41.523605239775684 25207 
202 211 16609 18.808988316868653 26060 
203 212 15051 19.899899064639182 25880 
204 213 14966 20.817858160477563 26003 
205 213 16390 11.475889799136008 25092 
206 215 15356 43.94638685143238 25213 
207 215 15017 21.550021537921285 26131 
208 218 15580 45.330260852432026 25844 
209 218 15136 34.47477507068025 25796 
210 220 15058 47.594454537135505 25389 
211 222 15623 19.499071949744206 24866 
212 224 16337 36.954338530349204 25913 
213 225 16482 17.729434960222555 25810 
214 227 16100 34.9026720106669 26154 
215 228 15723 28.380707389947073 25271 
216 229 15723 31.60080999826084 26113 
217 229 15124 44.25230145736278 25110 
218 230 16226 31.72310401604949 26210 
219 231 14953 17.39272321526848 25378 
220 232 15883 42.45779126560447 26543 
221 232 15521 41.972770037860656 25924 
222 236 16752 11.127602699969316 24631 
223 236 15540 47.223149409893175 26153 
224 237 15868 34.590142541104726 26389 
225 238 16181 13.914647423342554 26349 
226 239 15937 18.36282748518533 25151 
227 240 15595 32.53166834911069 25085 
228 243 15485 20.329696768143553 24884 
229 243 14905 20.36530208938641 25359 
230 244 15379 31.24476539409831 26481 
231 244 15626 41.57730443714979 25052 
232 245 16415 46.96421793923229 25799 
233 246 15770 29.158566152174462 24947 
234 246 15394 22.135398001742384 26588 
235 246 15090 38.86940749613227 25247 
236 249 15934 21.40585911536881 25138 
237 250 16383 38.22091633629475 24932 
238 255 16636 31.080899380894284 26471 
239 255 16560 49.05842314116327 26221 
240 256 15384 21.321715885811038 26271 
241 259 15801 24.5525984426575 26042 
242 259 15910 26.681150705632156 25806 
243 261 15347 27.569905017037918 25990 
244 261 16237 23.747389080086197 25760 
245 262 16768 11.946127301105767 25057 
246 262 15164 49.15806483545711 25795 
247 262 16108 43.483131831620334 24814 
248 264 16716 27.92179446278646 24721 
249 265 16212 23.83481915533348 26130 
250 265 15878 17.57921195789661 25982 
251 265 15764 49.04268266395944 26484 
252 265 15545 40.00339180191497 26606 
253 266 15547 16.589903774066485 25634 
254 266 15827 19.598489845076884 24645 
255 268 15180 16.24644888273656 25007 
256 270 15886 23.54565646481884 26130 
257 270 16712 44.609424497629995 24876 
258 272 15246 42.00219488051447 24873 
259 273 15608 22.30775521977488 25981 
260 273 16529 27.738469696339493 25924 
261 276 15757 18.511413966898207 25870 
262 276 15744 37.204356354164105 26332 
263 276 15515 17.214634728468212 25737 
264 276 15251 18.68295924545341 26275 
265 277 15399 34.79979846707083 26113 
266 277 15338 26.060813131686075 25963 
267 277 16814 20.539226013148703 26377 
268 279 16689 20.502246238167693 25168 
269 280 16846 29.687389475638454 25333 
270 282 16841 49.31917283614006 26288 
271 282 16297 13.314832836298827 25972 
272 285 16261 16.55968857865634 25164 
273 286 15958 32.030939323445985 25469 
274 286 16493 18.81582539500403 25940 
275 288 16351 11.488710814568087 26417 
276 290 16490 32.39702161009315 25274 
277 290 15274 29.450422985489784 25225 
278 295 15446 30.869939907106 26503 
279 296 16715 38.9087898434686 26434 
280 296 16519 30.27168834617822 24639 
281 297 15668 25.859126833270448 26374 
282 300 14881 22.036330995685503 26388 
283 300 15733 44.735712431167826 25912 
284 300 15811 34.83071768033777 25165 
285 302 16624 29.10372613023684 26351 
286 302 16789 29.217333681594504 25730 
287 303 16140 31.486961303122598 25567 
288 306 15435 24.95416446261478 24630 
289 306 14943 15.363629741169635 25952 
290 308 14925 45.380054750737656 25442 
291 308 15815 28.139202190837224 26206 
292 310 16086 13.663992874898732 25145 
293 311 16409 40.78770502493009 26122 
294 312 16754 12.992813434848767 25707 
295 313 15296 29.275736297871262 24781 
296 314 16055 46.43145416260929 26454 
297 314 15172 15.288133581504963 25327 
298 315 15575 43.20760665538499 25740 
299 316 15771 48.4267861301304 25436 
300 317 15548 22.767051471340768 24974 
301 317 15244 21.705291691186734 25752 
302 318 15512 40.83991456820774 25254 
303 318 16484 47.712213741538775 24896 
304 319 15093 31.51517645729995 25574 
305 321 15115 36.70767544468978 26168 
306 322 15984 38.171334515856415 25135 
307 323 16116 20.58031932947535 26370 
308 325 16508 29.18766888800001 24965 
309 325 16594 23.23495919980882 25527 
310 325 15088 49.9167690518739 25896 
311 326 15267 45.20547589499608 26065 
312 326 16253 32.03955711767638 24830 
313 326 15674 24.977234947331603 25716 
314 329 16727 29.26617077037179 26020 
315 330 16052 13.078066908498034 25748 
316 331 16178 41.00169854510159 25665 
317 333 15827 18.93286703267237 25320 
318 334 16258 17.497724667540734 25158 
319 334 15494 22.818178684589633 25982 
320 335 16200 19.62488673396805 26207 
321 338 15697 10.919731613977213 25530 
322 340 16374 18.196096526981194 25148 
323 340 16660 49.9508568228812 25470 
324 340 16820 10.2305095496851 25376 
325 344 15295 34.391514555481756 26573 
326 344 16218 31.853130947977878 25903 
327 344 15648 29.53285119201888 26515 
328 344 15486 29.990535161368467 26281 
329 346 15529 46.39461550038641 25277 
330 346 14897 12.026123906379294 26606 
331 349 15409 27.07879402616907 25350 
332 350 15721 45.43758128781476 26115 
333 352 16542 11.582346711269143 26545 
334 353 15214 35.001895073130704 25569 
335 353 15177 29.702203631774687 26181 
336 354 16380 28.924449005519786 25493 
337 356 15712 16.63182538034388 25080 
338 357 15698 25.326670427244835 25554 
339 357 16813 34.47111685438159 25705 
340 358 16068 24.38565667184504 25581 
341 358 15974 24.200333768783967 25521 
342 358 15033 49.52667464630252 25486 
343 361 16040 22.405945226035335 24875 
344 362 15658 28.982338729318844 24772 
345 363 15565 22.83644475746773 25134 
346 364 16494 33.130326058058 24737 
347 365 15149 22.51892307905173 25603 
348 365 15729 34.887251247280005 26541 
349 366 16611 48.46117506081733 26336 
350 369 16560 23.359903120767566 26578 
351 369 15341 34.614742700120125 26488 
352 370 16724 12.811384698823026 25230 
353 370 16043 17.377358269358268 25702 
354 373 15156 44.74991795151704 26514 
355 373 15156 48.54146693353002 24629 
356 374 16781 43.041493674993696 26416 
357 374 15632 46.74209935505173 25901 
358 376 15100 19.0433714148095 25998 
359 376 15154 41.98375357055859 25741 
360 376 15077 43.185650959900215 26489 
361 377 15526 20.75549224140074 26018 
362 382 15774 45.92420361030249 25926 
363 382 15238 33.49297324775452 25976 
364 383 15356 13.075033808286367 25457 
365 383 16324 37.91107104206183 25702 
366 384 15396 11.422875122532945 26459 
367 384 15649 18.7307626172278 25120 
368 385 15056 38.33901194368594 25406 
369 386 15152 22.91612841816915 26329 
370 387 15273 45.63780773527683 26582 
371 387 15989 40.2371881797893 26551 
372 387 15265 46.46731701790319 25547 
373 387 16062 24.94068155595024 26311 
374 388 16344 48.847950121236515 25293 
375 388 16280 42.8901686496275 25092 
376 392 15170 18.268217773873893 24821 
377 393 16565 16.177024996636455 25067 
378 393 16645 41.241742444218474 25445 
379 395 16552 30.65790177744594 26104 
380 396 15308 13.479057697191127 25501 
381 397 15970 25.93232116834809 25945 
382 400 16506 14.48616571800834 25728 
383 400 16085 21.626390909739094 25014 
384 400 16082 19.514523834602006 26072 
385 400 15322 37.62901192298028 24628 
386 401 15686 39.90895710485838 25380 
387 401 16526 14.959074353764684 26490 
388 401 16181 14.40966500782126 25510 
389 403 15741 41.84734923014163 25090 
390 403 16772 24.282325524637614 26507 
391 404 15268 26.23566808602584 25448 
392 406 16819 47.16649360522041 25114 
393 409 14897 26.30670850799834 26487 
394 409 16737 26.398211614902877 26511 
395 412 15019 29.800664647610574 25233 
396 412 16645 30.22425590649057 24748 
397 414 15449 10.499586940874558 25889 
398 414 15243 27.092455858917216 25768 
399 415 16418 32.797026235579175 24722 
400 418 15111 25.967448569406336 25681 
401 418 15488 44.08419907426895 25862 
402 419 15859 24.87653942202789 26411 
403 420 16176 10.267169048883073 26263 
404 421 15972 47.41924226815268 26196 
405 421 15992 20.23143477637342 26082 
406 423 16807 14.154773489952785 26586 
407 423 15933 13.80884933150778 25378 
408 424 15216 30.88681586681492 26077 
409 425 15418 37.605794145549396 25965 
410 425 15717 26.252381068742167 25612 
411 426 15745 11.47275065310049 26026 
412 427 15548 40.30004015165291 26140 
413 428 15764 40.112575971716694 25131 
414 430 16127 31.595823669223652 26158 
415 430 15122 47.93365563298064 26447 
416 432 15743 48.45947793678992 25934 
417 433 16346 31.217867418542117 26519 
418 435 16139 47.531870756489376 26249 
419 437 16336 39.317808887319394 25330 
420 437 16585 16.28753220606731 24964 
421 438 16683 38.52880072506034 25590 
422 440 16740 34.90509793088484 24714 
423 442 15786 31.922887311513477 25040 
424 442 15996 46.35692071066949 26173 
425 445 16791 40.40015958400353 26165 
426 445 14890 37.32293895518959 24694 
427 446 16195 49.040557534708626 26403 
428 447 15663 19.385819582235474 25786 
429 448 15308 36.265340241436135 26122 
430 450 16879 29.67008644627232 26091 
431 450 15840 14.38386094428977 26177 
432 450 16361 49.53808101424576 25204 
433 451 15007 49.61314097973903 25328 
434 455 16374 33.69592917030354 26387 
435 456 16590 27.173754343334334 25796 
436 459 15674 26.317818897976053 26315 
437 460 16424 47.651807333559375 25342 
438 461 16354 49.68577748462975 26065 
439 461 14886 49.87740322140126 25287 
440 462 15788 41.20438573888528 25723 
441 462 15034 31.435957047227873 26059 
442 464 14899 25.564164457830554 24746 
443 464 15320 25.68520101193192 26221 
444 464 14895 19.756339196419773 25739 
445 465 14914 21.070502507396988 24983 
446 466 16268 20.38485545104663 26568 
447 466 16511 26.517521192494605 25168 
448 466 15594 13.232869298419496 26346 
449 467 15250 16.175554574950795 26241 
450 469 15741 34.599476477884984 26549 
451 469 16555 14.848184053062955 24741 
452 469 15579 29.251907036491765 25790 
453 472 15865 41.28249191121346 25441 
454 474 15690 42.28966642762814 24875 
455 478 15604 15.849951589454507 24783 
456 480 16014 10.177842495513708 24747 
457 481 16613 12.461530287792769 25261 
458 482 16843 41.79468570442066 24930 
459 482 15592 30.157600485856157 25646 
460 485 15536 31.30009758512678 26394 
461 487 16256 10.859134065266494 25074 
462 487 15011 30.707759162998528 24851 
463 488 15558 10.90350667985681 25471 
464 489 15275 35.40263553444322 25200 
465 490 16028 43.21310681808485 24717 
466 491 16467 14.78258709697435 25302 
467 491 15103 48.54858835976563 26196 
468 491 16101 37.571678880734154 25324 
469 492 16007 46.383075683108615 25755 
470 493 16745 47.14447134972991 25085 
471 493 16808 15.574131861340765 25280 
472 493 15684 30.741447279869316 26605 
473 494 14907 31.199196637485965 24952 
474 494 15692 17.956665186353035 26126 
475 494 16631 23.2734267941566 26269 
476 495 15188 35.623855008737735 26566 
477 496 16254 49.881683933073965 25447 
478 496 15374 10.685350785293384 25003 
479 497 15621 15.438939776657051 26481 
480 499 15601 25.92529307245418 25544 
481 500 16791 40.036471498107446 26481 
482 501 15165 28.54376681124702 26098 
483 501 15302 30.652571633922282 26419 
484 502 16073 41.23199518784807 26292 
485 503 15145 24.21573584085403 24748 
486 503 16415 39.6729977493725 25410 
487 504 14976 21.03022672834687 26551 
488 505 15962 16.64970577606634 24833 
489 506 16586 15.218501386079378 25893 
490 506 16013 31.479529540312324 26591 
491 506 15293 46.43762354003718 26231 
492 507 16018 39.79833453793717 25171 
493 507 15233 47.63399543751219 26085 
494 507 16814 23.809898714668414 25376 
495 507 15228 25.152021340313393 25970 
496 508 15565 36.32227107501854 24901 
497 509 15261 34.85635771893547 26433 
498 510 15151 22.26096136414212 25353 
499 511 15889 31.06770282948631 25446 
500 512 16526 13.457810961396962 24895 
501 512 16087 43.5877798123294 25191 
502 512 15411 10.551433265313195 25756 
503 514 16168 25.811960988777415 25015 
504 515 16284 11.054299900647294 24885 
505 515 15517 46.06127001303512 24923 
506 516 16505 20.447976804599616 25148 
507 516 15352 13.881605117619454 24933 
508 517 15427 43.704894362758196 24778 
509 518 15976 19.40700112227713 26159 
510 519 15909 16.7985789604124 26146 
511 523 15232 33.72812513072101 26217 
512 523 15486 34.11002198871849 25537 
513 523 16228 49.17688353617088 26139 
514 526 15446 12.24307358465496 25419 
515 527 15522 28.863122972411702 24937 
516 528 15407 21.53297386444287 24878 
517 528 16479 39.96039162293537 25800 
518 528 15714 20.732027032477838 26337 
519 528 14985 43.0050747762258 26516 
520 529 16743 18.078541357832233 25523 
521 531 15627 15.595838815372822 25083 
522 531 15313 28.388808811564466 24900 
523 534 15177 19.843309372646686 25837 
524 534 16451 27.75438655644365 26604 
525 534 16471 29.54761869622718 25866 
526 535 16185 15.056211979487273 25976 
527 537 15406 35.432964998882966 26120 
528 542 14985 47.19724236447527 25412 
529 542 15659 47.35955044412349 26602 
530 542 16211 17.04926190656567 25555 
531 545 14888 11.274899296553755 26563 
532 546 14902 22.46497109309892 25600 
533 546 15506 36.504058288756035 26299 
534 547 15497 39.40177715760704 25994 
535 547 15483 23.215446637242408 25691 
536 550 15849 24.05680443981015 25030 
537 552 15612 31.23911029152358 24803 
538 554 15048 24.331252667578287 24731 
539 555 15686 10.31128672753451 25437 
540 556 16873 13.172332296901805 24708 
541 558 14938 25.719422185975166 25094 
542 562 16656 30.389782987322445 25888 
543 563 15971 40.04247346945094 25770 
544 563 15740 28.24634427555565 26168 
545 564 15375 30.57966967145711 26396 
546 566 15004 30.25551479200852 24627 
547 567 15250 38.73115448606073 25613 
548 568 16437 14.721960516088588 25117 
549 568 15257 25.077706244688564 24809 
550 568 14938 29.58640847518703 25526 
551 570 15361 38.291040806406 25831 
552 573 14952 32.26763288394249 25651 
553 573 16527 48.57668490429791 25314 
554 573 16053 31.647682808393345 24826 
555 575 16572 24.168556148615636 26008 
556 575 15395 14.922260169550277 25037 
557 576 15900 34.141535568832865 25403 
558 576 15727 37.15250122463283 26056 
559 577 15395 14.180194246333965 24665 
560 577 16195 31.423355319091 25768 
561 578 15384 49.646711687120394 25493 
562 580 15837 36.38959018371273 25408 
563 581 15932 17.926744945039633 26006 
564 581 15419 12.538579805231826 24727 
565 582 16112 36.982669924967816 25790 
566 584 16283 14.988125773267154 26487 
567 585 16638 38.29843440459066 25409 
568 585 15587 24.037355068190934 25844 
569 586 16017 20.290479450533056 25752 
570 587 16461 33.25571034167542 26415 
571 588 15163 18.167631241867426 25476 
572 589 15030 39.697182281996234 25622 
573 590 15270 30.086736879400835 25426 
574 590 16678 28.183845205762857 25781 
575 592 15499 18.923553787448682 24734 
576 592 15124 47.70197372320966 26555 
577 593 15449 40.69283034076507 26449 
578 594 15394 15.653574261035104 26383 
579 598 15374 25.218536923152964 26157 
580 599 16370 27.194082020489283 24891 
581 599 16097 38.35280748623965 25825 
582 601 15467 48.15510359335222 25335 
583 605 15419 20.085462714172024 25099 
584 607 15025 12.471336413391963 25523 
585 608 16255 26.128931667975507 25803 
586 609 16313 10.67607118448684 24942 
587 612 15754 49.15028179132905 25669 
588 612 14889 48.96288723248104 25975 
589 614 16757 37.390168513047186 26189 
590 615 16724 31.654900289207287 25205 
591 615 15420 45.22692922129929 25407 
592 616 15670 21.38884065877822 25394 
593 619 16844 26.60197752153136 25284 
594 620 15811 49.45604623762196 25003 
595 621 15100 48.18234326501341 25602 
596 621 15469 21.754747536983942 24876 
597 622 14902 43.23551805090966 26179 
598 622 16799 26.76463141277928 24732 
599 624 15011 18.530161370186462 24674 
600 625 16184 40.12227991343032 26287 
601 626 16560 22.15201129252687 26093 
602 627 15301 26.130052874229634 25469 
603 627 16746 46.309836173469115 25432 
604 628 14951 14.063943109295053 25894 
605 628 15051 28.964557244615875 24968 
606 629 15914 46.86692731047287 26156 
607 634 16699 26.26669280831205 26228 
608 636 15008 10.438424514259616 25179 
609 637 16730 46.88333437061555 26502 
610 638 15632 30.236670660118705 25638 
611 639 16624 35.81448037827488 25117 
612 640 15132 40.99015370605842 25663 
613 641 15352 36.25101222788365 25726 
614 643 15985 45.438996537593106 26527 
615 644 15554 21.483864390655057 26249 
616 645 15227 32.665807065515885 25107 
617 646 16737 18.337716262793865 26412 
618 646 16637 18.971073010968105 24944 
619 648 15482 38.12588052639198 25872 
620 649 15533 23.141232740460865 25256 
621 649 15615 45.18116465712894 25681 
622 649 15322 34.66822522828246 25575 
623 652 15469 17.900969144568556 25250 
624 655 16091 15.653821911437905 24742 
625 656 16705 13.153303800607684 25804 
626 656 16380 37.93630251479085 24980 
627 656 16164 16.107779913466445 25081 
628 657 15429 37.24675714337572 25192 
629 658 15493 32.81292992042196 26042 
630 658 15792 39.549929956228766 24754 
631 659 15186 37.334051407368946 26236 
632 659 15610 19.04106940660469 24834 
633 660 16644 41.26663437818624 26581 
634 661 14993 12.549737598468923 25212 
635 661 15491 37.03195750371196 24969 
636 665 16574 33.85380113214047 24992 
637 666 15664 15.109550872839481 26133 
638 666 15619 43.048174826620766 25221 
639 667 15297 41.44159209337552 26014 
640 667 15424 12.17025047332056 25124 
641 667 16069 42.75658136276154 24917 
642 668 15008 13.601722064352701 25047 
643 669 14941 37.166075769172686 24731 
644 673 15201 20.554084093977263 25108 
645 674 16025 47.46735726749187 25318 
646 674 15629 18.078610588841183 25673 
647 674 15304 22.573225709610583 24938 
648 676 14922 10.505720994577077 24944 
649 677 15097 29.893625971592336 24807 
650 678 16195 26.623487420326974 25008 
651 678 16786 14.009661387399298 24813 
652 681 15230 45.7859600704117 26539 
653 683 16346 14.03194365109615 25954 
654 683 16460 12.623416610098914 24901 
655 685 15915 41.718693018403194 25565 
656 685 16716 20.491105105609773 24784 
657 685 15303 20.25521985249057 25464 
658 687 16731 40.86037231873438 24936 
659 687 16520 46.37064551198676 24745 
660 688 15661 48.494426141918815 24655 
661 689 16633 42.54361069863323 26492 
662 689 15332 19.456408564024837 24685 
663 690 15096 39.61466014422665 24852 
664 690 15639 15.83926326092052 26497 
665 691 15407 33.031452077154285 25188 
666 691 16498 34.764627734215445 25494 
667 692 15971 43.29839369528347 25793 
668 693 16695 47.09650474082454 25298 
669 694 15272 41.52928751726924 24870 
670 694 16679 41.266128461421054 26474 
671 695 15154 45.12958516673136 24675 
672 697 15379 10.744923884896291 25456 
673 699 15090 24.999619368034246 26034 
674 699 16724 37.997266617888855 26046 
675 699 15867 39.802379764338895 26102 
676 700 15744 45.46332962547836 24762 
677 700 15680 40.5914587954834 25303 
678 700 15277 34.37047171610643 25945 
679 701 15248 34.07910995293064 25997 
680 701 15478 19.94152969568421 25736 
681 704 15751 39.9886464161257 26489 
682 705 15512 12.31391268851121 25631 
683 706 15269 21.83557069243794 25251 
684 706 16244 12.528114956704055 25169 
685 708 15848 20.93512679634005 24900 
686 708 16851 24.02723443863367 25016 
687 709 16821 37.499612780604046 24846 
688 709 16650 48.33205778327776 25790 
689 712 16078 35.838508095728315 24923 
690 713 16294 38.8765838309247 26365 
691 717 16864 36.59456337475607 26028 
692 720 15591 37.76218818206767 24701 
693 720 16620 34.10363242161377 26016 
694 723 15611 11.275873000031794 26014 
695 723 15473 17.69520782412 26160 
696 723 16321 28.303622523433663 25366 
697 724 15006 43.88608233566372 25729 
698 724 15583 49.54459248595655 25550 
699 725 16553 33.09801096892838 25856 
700 726 15639 38.35404025714284 24726 
701 726 15776 27.501985685607803 24978 
702 727 16673 35.385019517678685 25617 
703 729 16601 33.387673544962546 26311 
704 731 16225 22.067702162394298 24953 
705 731 15048 30.932743509546697 25443 
706 732 15270 34.863877759189066 25985 
707 732 15151 36.469057722838926 26219 
708 733 15417 49.804676667656594 26504 
709 733 15311 13.292317047393269 25524 
710 734 15871 12.71273669018501 26204 
711 735 15656 48.67098378785336 25013 
712 736 15322 22.40368645413713 24615 
713 737 16541 42.36082058813973 24716 
714 737 16357 34.32241369858746 25502 
715 738 15020 27.89529228879666 24655 
716 740 15890 15.942340581425078 25014 
717 742 15151 31.351113223427536 26378 
718 742 15679 39.58821538875575 25423 
719 743 16016 21.02882067523708 26610 
720 744 15301 22.616214080853723 25509 
721 745 16734 42.223229323313724 26501 
722 746 16014 12.113406329402551 25064 
723 746 16146 11.8178095858142 25694 
724 747 15268 25.538918286734763 24614 
725 751 15242 15.587909383323089 26097 
726 751 15228 49.36946549532939 24981 
727 751 16029 38.200010119202 25060 
728 751 15428 29.854626725386744 26542 
729 752 16012 26.27851370270413 25077 
730 752 16569 42.11889640087909 25104 
731 753 14918 13.897083351479584 25809 
732 753 16134 24.405187802964313 26586 
733 754 16228 42.285333087110125 25196 
734 754 15131 15.950552299978312 26487 
735 755 15913 35.73057131058907 25611 
736 756 16174 25.19947549475297 24635 
737 756 16318 41.09396624572686 26178 
738 757 16080 35.95725563351709 24925 
739 757 15531 44.079712943760164 25923 
740 757 14920 30.711161148391092 25140 
741 757 16562 25.239712039723052 26000 
742 762 16215 47.42233253951713 24919 
743 762 15934 20.677093570906486 26419 
744 763 15666 19.391792799575388 25320 
745 763 16481 12.563892808151174 25026 
746 763 15590 37.70340996463454 24942 
747 764 15392 15.329664178783936 25749 
748 765 16215 21.486927968517946 25525 
749 765 15431 27.893478514835216 26040 
750 765 15722 33.091837662656474 25699 
751 766 16671 23.41751642126045 26184 
752 766 15258 23.508783290297583 24684 
753 767 16786 37.11570711875497 24664 
754 768 16013 36.38152073023822 24769 
755 768 15223 39.408920276440426 26502 
756 769 15339 26.382159772093424 26020 
757 769 16157 42.951124562838984 25679 
758 769 16379 17.226194186356565 24912 
759 769 16596 23.283236043928266 26032 
760 769 16560 37.65550148024632 25437 
761 770 15294 24.484964688486567 26026 
762 771 16206 26.329761212324495 26557 
763 771 16493 42.89437248285653 26046 
764 771 15513 49.48613907151717 25729 
765 773 16256 23.634462775737056 24831 
766 773 16404 14.399052249334066 26041 
767 774 15750 18.28866975056326 26350 
768 776 15908 38.95599045970995 24631 
769 779 15231 48.714560303939905 25307 
770 779 15578 12.797074263858255 25717 
771 780 16199 45.7910776843647 26015 
772 782 15680 36.914002690904255 26385 
773 784 16720 46.73412647922648 25272 
774 784 15305 25.590783755569525 26393 
775 785 14978 15.850617888493804 24677 
776 786 15597 30.611939328899194 25871 
777 786 15907 13.33894724848561 25815 
778 786 15575 44.065291340288795 26483 
779 789 15390 37.131967286095474 25925 
780 790 16215 39.26397204914935 26269 
781 791 16489 17.278509054365635 25351 
782 791 15067 18.681093032313246 24745 
783 792 14974 46.540105216431094 25509 
784 794 15310 17.445859178606312 25925 
785 795 15322 27.747960628047753 24819 
786 796 16872 24.299383454063616 26059 
787 797 16593 33.845479118116174 25226 
788 797 15004 10.84314165099947 25497 
789 798 15107 32.59990351500222 25036 
790 799 15767 49.5967341329558 26580 
791 799 15512 34.151152317138205 25384 
792 799 15452 39.85735234141256 26171 
793 799 16255 11.667188922242389 24977 
794 800 15243 26.925434003536246 24695 
795 800 15754 17.923128396365755 24916 
796 801 15469 48.36326988289205 25412 
797 802 16726 14.32264430780426 24633 
798 804 16086 11.339283064048068 26033 
799 807 15476 42.39416755767796 26454 
800 808 16388 29.5259641599567 26270 
801 813 16368 33.16166007615806 25714 
802 813 16150 14.659936307253778 25741 
803 813 15584 10.938731353658397 24959 
804 814 16098 49.854504903984925 25355 
805 814 15132 19.29290785995972 25581 
806 817 16018 19.562415366194685 26503 
807 818 16440 34.22673846496325 25280 
808 818 15904 13.313170235105755 25419 
809 818 16556 20.766580895669343 24734 
810 819 15937 34.128339389476004 25852 
811 821 15670 49.86525197816829 26566 
812 823 16015 36.01961311074535 25195 
813 825 16350 42.318107032671406 24979 
814 825 16479 26.811093193843373 26124 
815 825 15639 15.589900843509499 25160 
816 825 15274 10.608364209302428 26339 
817 826 16129 18.17485382025209 25026 
818 829 16176 15.764966841796898 25905 
819 829 16475 24.660142783816866 25323 
820 829 15148 23.067857897046693 24857 
821 831 15881 28.96398327571489 25433 
822 832 15990 35.98553855619548 26499 
823 834 14984 26.08720354671793 25756 
824 837 15897 40.844984132214655 25628 
825 838 16086 49.179485045951125 25156 
826 838 15407 48.08232516190171 25146 
827 839 16738 39.32541489996279 25910 
828 843 16113 42.45685919119593 25085 
829 844 15847 30.248936352141655 25915 
830 844 16225 38.81762812635385 25030 
831 844 15474 13.353421877250845 24815 
832 845 15159 30.465793691976838 25296 
833 846 16271 17.08199099597362 25334 
834 849 15050 45.769117444003925 24999 
835 849 15782 47.67792908389757 25117 
836 849 15642 11.01569254913391 25055 
837 851 14926 16.92480999828345 25172 
838 854 15088 10.169414893073636 26211 
839 854 15387 21.208987711227625 26552 
840 856 15881 45.63567679710318 26506 
841 857 15909 40.22489473631106 26454 
842 857 15545 13.762080359349635 26219 
843 858 15527 37.37806344527572 25318 
844 861 15983 20.770711622994376 26105 
845 861 15362 20.33421584012638 26487 
846 861 15078 31.576317306981014 26510 
847 862 15160 36.56914174239884 24780 
848 864 16200 32.98073666506063 24979 
849 866 15461 46.6975600247508 24761 
850 867 16442 25.594995900904532 26208 
851 867 15700 49.300358684836894 25626 
852 868 15593 39.610259531567465 26471 
853 870 15176 46.25311719451556 24648 
854 871 16153 38.74303767634434 24749 
855 871 14941 17.352904494982837 25839 
856 873 16121 17.67968488828405 24939 
857 874 16562 24.576904519552937 25514 
858 874 15565 23.04439050942177 24893 
859 874 16841 14.133124469519434 25076 
860 875 16369 21.779713521746235 24749 
861 876 15279 48.66472695987146 25432 
862 876 15641 23.021874802003826 26317 
863 877 14964 47.46662291663775 25886 
864 877 16462 26.29371237271162 25158 
865 881 14961 37.18990494278736 25938 
866 882 15427 40.91368433454963 25411 
867 884 16586 36.17548993274467 25237 
868 884 16711 44.008877867713764 25057 
869 885 16629 46.562257377306985 26269 
870 886 16564 24.41830471529284 24686 
871 888 16258 34.76239770735902 25547 
872 888 15719 11.30741157121121 25448 
873 889 16755 27.099326423051927 25889 
874 890 16219 30.146215593421 24636 
875 892 16850 13.006497252058153 25403 
876 898 14960 33.326328557580524 25253 
877 898 15529 48.03035065029116 25267 
878 898 15170 10.94564478639163 26376 
879 898 16176 29.226383464017196 25413 
880 899 15493 10.176263699922412 26263 
881 900 16597 45.29910973523877 26078 
882 902 15463 47.7612078734641 25830 
883 902 16470 44.47598092769226 25654 
884 904 16434 26.93419450881358 26053 
885 904 15958 25.471848993228047 24874 
886 905 16571 24.00612577815576 26571 
887 905 16103 45.190403933611975 25089 
888 906 16672 41.72818348465057 24626 
889 906 16316 10.95875156852204 26190 
890 906 16529 34.834030535127575 24911 
891 907 15421 48.14344197930258 25355 
892 908 15487 45.89166672333596 25645 
893 908 14934 11.910533783590358 25918 
894 910 16838 16.008870232120067 24709 
895 911 16845 31.375292972204214 24833 
896 915 14949 42.4494337621932 25239 
897 915 16551 16.626904695896734 25939 
898 916 15549 10.84584810824143 25739 
899 916 16676 39.70134514321924 24655 
900 916 15270 40.52902789307653 26239 
901 916 15275 24.086727305234874 25249 
902 917 15208 20.767304544412376 24614 
903 917 16740 25.394044654864395 25046 
904 921 14884 17.49848248812817 24717 
905 922 15482 13.86621561056192 26290 
906 923 15211 10.891569405152586 26030 
907 923 15528 28.92567755335024 24785 
908 924 15105 26.72248078240446 26119 
909 924 15892 16.886158618095443 26085 
910 925 16870 30.164814704904096 26562 
911 929 15037 36.54174744100803 26345 
912 929 15557 29.77166811206162 25942 
913 929 15256 16.47042684168541 24952 
914 930 16601 24.748922468241762 24925 
915 931 15261 46.859908640484605 26419 
916 932 16096 24.79073372523798 25561 
917 933 16509 38.015292335889384 25651 
918 933 14967 38.26759036414279 24740 
919 935 16477 21.11415843037974 25762 
920 936 15136 18.22818961624619 26221 
921 936 16267 49.33035847955446 25377 
922 937 15642 37.67311234700682 24822 
923 938 16783 23.040201873634835 24703 
924 938 16253 41.98815312371997 25152 
925 939 16524 35.333085099874964 24639 
926 939 16399 29.870331133274153 25723 
927 939 16608 47.01610226855616 25974 
928 940 16432 41.920834860146535 25003 
929 940 15719 26.254770629540513 25733 
930 941 15684 29.2900951140232 24773 
931 943 16147 25.251711711003434 25889 
932 944 16410 49.17995432820597 24664 
933 944 16354 25.348503906572827 26556 
934 944 16494 31.316450679644475 24622 
935 945 16218 32.78007499843325 25160 
936 948 16001 32.16252509110877 25416 
937 948 15686 46.03920413757179 26073 
938 949 16179 27.533980565708582 25277 
939 951 16425 24.812177265304385 26362 
940 952 15323 38.890685324964664 25964 
941 952 16277 45.36426477543063 25986 
942 953 16667 47.106486592296314 25362 
943 956 16174 41.97490102190412 26425 
944 957 16643 31.539947833365535 25569 
945 957 16577 19.934363005420202 25169 
946 957 15288 28.35656188250745 26079 
947 958 16114 14.482245714197015 25837 
948 959 15481 20.321706859857972 25594 
949 960 15302 18.861376862999247 25644 
950 962 16808 41.0438877323175 25264 
951 964 16481 26.539272025379667 24700 
952 964 16803 39.18710055753669 25353 
953 965 15603 25.40846552460497 26127 
954 968 15297 16.3641291462246 26427 
955 968 16543 24.141503254574353 25092 
956 970 16108 42.29894236514016 26513 
957 972 15049 20.246048032492197 25018 
958 973 15185 13.736601858104489 26042 
959 975 16326 45.262871812332584 24870 
960 976 15343 41.212745057152055 24971 
961 980 16228 45.56410085867677 25026 
962 980 16198 28.229244321612583 24956 
963 980 16337 14.931883437454134 26060 
964 983 15055 27.29495623382945 26595 
965 985 15358 43.126302875027534 25812 
966 986 16359 29.749901647301424 26551 
967 986 15638 17.784824278671124 25251 
968 989 16416 26.10006742384956 25042 
969 990 16294 32.10685835759625 25332 
970 990 16513 34.40866159648479 25891 
971 990 16693 11.446815959187152 25516 
972 991 15309 32.27287618949865 24612 
973 991 16227 32.113660751690674 25038 
974 992 16280 41.64246649114226 24742 
975 993 16565 43.509101675770154 26598 
976 995 16000 42.980730350486965 25621 
977 995 15447 45.73428082843693 24977 
978 996 14902 31.62522329471052 26412 
979 996 16050 10.66565483768402 26106 
980 997 16870 32.903787931063405 24687 
981 998 16475 19.44621560433184 24670 
982 1000 16668 29.88188231409627 25567 
983 1002 15193 19.98300719201653 26141 
984 1003 15073 31.24437085021146 26294 
985 1005 14923 26.778009920055382 25917 
986 1008 16486 14.904981563897856 25769 
987 1008 16503 49.84108003468227 26198 
988 1008 15133 27.305657508635854 25575 
989 1009 16500 37.63935181736205 24665 
990 1010 15589 29.627970541676753 25463 
991 1014 16398 24.626698329063444 25806 
992 1014 16264 17.238153302924545 26496 
993 1015 15833 35.39841964633922 25782 
994 1016 15544 19.903516273710025 25989 
995 1018 16282 20.264015247611727 25880 
996 1018 15046 48.544394526058916 24712 
997 1019 15835 38.08908134429373 26084 
998 1019 15778 40.639868684998255 24638 
999 1024 16483 23.623056811593187 25113 
1000 1025 16499 17.40114146994303 25117 
1001 1027 15771 43.68749957325406 25886 
1002 1028 16468 33.21631827056904 25368 
1003 1028 16154 10.881024677624541 25969 
1004 1029 15466 35.04168920889554 25337 
1005 1031 16174 22.45991378377195 25920 
1006 1031 16768 47.25757680128466 25340 
1007 1033 15478 42.71026321708902 25989 
1008 1033 15568 22.18277562908455 25179 
1009 1033 16088 21.010295742783423 25704 
1010 1035 16459 33.44859957553359 25407 
1011 1036 16027 28.822008760827494 24876 
1012 1037 16213 10.401095640915958 26417 
1013 1040 16177 48.81069810738814 26578 
1014 1042 15352 18.087061505903627 25369 
1015 1042 15854 26.63400976998777 26062 
1016 1047 15917 16.10305105669585 24889 
1017 1047 15964 18.36163712034645 25853 
1018 1048 15891 20.164912270005484 26583 
1019 1048 14932 24.27582296314548 26215 
1020 1049 16593 10.412031797104554 25627 
1021 1051 16005 19.12526209410183 24635 
1022 1051 15350 28.223203762575867 26234 
1023 1053 15419 38.86473566281033 26536 
1024 1057 16258 23.34434014532146 26173 
1025 1057 15695 17.344705759963787 25938 
1026 1057 16754 16.787066909788475 25798 
1027 1058 16291 23.91108273665616 25110 
1028 1059 16434 37.66046323755366 25457 
1029 1059 14931 31.387796273600912 24668 
1030 1059 16878 18.000125360623073 25734 
1031 1060 15205 49.985022394988746 24668 
1032 1060 16759 25.875505996442257 24838 
1033 1061 15215 46.17840835815412 25335 
1034 1062 16303 39.551321180426825 25476 
1035 1064 16053 16.650298608019874 25103 
1036 1064 15722 16.129132705352177 26296 
1037 1065 16445 16.01524985354797 25802 
1038 1067 14975 25.161130543099198 26522 
1039 1067 16627 39.21416559728219 26060 
1040 1068 15548 48.49004908777803 26083 
1041 1069 16830 26.095875307499618 25298 
1042 1071 15364 18.594977755430442 24698 
1043 1072 15761 38.88577490649604 26095 
1044 1073 16839 49.486796183057635 24769 
1045 1073 15206 20.801428829017894 26331 
1046 1078 15823 23.29661796455227 25574 
1047 1080 16071 49.818535428389204 24817 
1048 1081 16297 40.27020667656792 24709 
1049 1084 15070 36.93804105003678 26569 
1050 1086 16354 42.842229615827925 26147 
1051 1088 16630 18.65239898851744 25858 
1052 1088 15459 34.25498313633932 25713 
1053 1095 16706 21.79880583484405 25344 
1054 1095 15675 21.920095263832163 24781 
1055 1096 15152 36.05943959336604 24955 
1056 1099 16477 29.01056808332333 25758 
1057 1099 16330 16.00953032934832 25635 
1058 1099 15185 38.43079825708108 25732 
1059 1101 16206 45.692799364380136 25275 
1060 1102 15007 45.452983603915904 25457 
1061 1103 15564 43.53417824177081 25502 
1062 1103 15087 30.30692220291401 26108 
1063 1107 16742 36.74622782994317 25234 
1064 1108 15163 25.180739651925975 25345 
1065 1108 16230 36.75792203247232 25236 
1066 1110 15400 18.751305687520833 26300 
1067 1111 15468 21.26540259270469 26393 
1068 1114 15939 35.79478394245439 25023 
1069 1114 16551 39.287685127429405 26499 
1070 1114 16155 17.952597703442365 25285 
1071 1116 16109 26.598903982827427 25747 
1072 1116 15903 20.60003930652151 26417 
1073 1118 15448 39.938876025560056 26437 
1074 1119 14981 12.164638039462448 25812 
1075 1121 15376 39.114872312029284 25414 
1076 1122 16082 47.24697540976855 26580 
1077 1122 16598 15.25431527303168 24987 
1078 1123 16201 18.252275906676875 25706 
1079 1124 15392 20.735830372582882 24993 
1080 1125 14976 16.41076240700726 24813 
1081 1127 16615 12.794334285590402 25357 
1082 1127 16458 32.35159312071819 26032 
1083 1128 14968 30.738629045160742 25080 
1084 1129 16717 20.878579974288588 25284 
1085 1130 15566 34.14456791973761 25801 
1086 1131 16043 49.062776722842884 26046 
1087 1132 16524 12.214372465474984 26068 
1088 1133 16068 26.40317377989725 26222 
1089 1133 14962 11.476048760376445 26034 
1090 1134 15814 11.443571272382185 25469 
1091 1135 14916 34.0868832610245 26258 
1092 1135 15067 23.508148924947214 24974 
1093 1138 15148 26.392612571115105 25605 
1094 1138 16259 42.24476965447958 25476 
1095 1139 16673 33.913237694685975 24991 
1096 1139 15149 30.035080492981482 26143 
1097 1139 16294 25.052998475216306 26592 
1098 1140 15275 33.372823775503015 26418 
1099 1141 16332 35.19876311837456 24881 
1100 1142 15986 39.223228109292975 25371 
1101 1145 16440 43.80112371429257 25512 
1102 1146 15261 23.029207945349217 26480 
1103 1146 15405 42.142598667669546 25347 
1104 1146 15949 17.685551655490713 24793 
1105 1146 16547 12.661424380251521 24713 
1106 1146 16846 13.269739774733726 25204 
1107 1148 15921 44.67986356334022 25189 
1108 1149 16129 23.23452230000868 25080 
1109 1150 14964 28.070136360668293 26064 
1110 1150 15652 49.35432631863051 25678 
1111 1150 15133 19.63596773557235 25982 
1112 1151 16471 41.66120666978913 25198 
1113 1152 16580 46.67458619282502 25331 
1114 1153 16614 33.30842480940122 25876 
1115 1153 15028 28.327617932945355 25896 
1116 1156 14937 37.33021474573666 25962 
1117 1156 15396 41.57336269748025 25699 
1118 1156 16580 24.281757822196294 25505 
1119 1160 15856 16.930307781278028 25616 
1120 1160 15269 23.490341268352402 25167 
1121 1161 16621 11.801592015004205 25609 
1122 1162 16734 21.441663112724328 26386 
1123 1165 15376 42.548185685424194 25726 
1124 1167 14981 12.741634935395197 26287 
1125 1169 15239 26.42994899149727 25766 
1126 1170 16707 16.697290157677408 26301 
1127 1171 16470 26.366970849368844 26294 
1128 1171 16492 36.364530689271675 25116 
1129 1172 15737 42.15615367129569 26215 
1130 1172 15304 12.667263858653364 25430 
1131 1172 14922 47.05504453447836 26399 
1132 1172 15610 48.260550435393526 26282 
1133 1173 15134 21.679856954761544 25574 
1134 1173 15531 41.41366762161984 25647 
1135 1174 15720 26.01638474183666 24641 
1136 1174 14921 32.526791880712956 25511 
1137 1176 16573 41.54450078702496 26578 
1138 1177 16693 17.97409821832671 26161 
1139 1178 16592 17.50862751234935 25795 
1140 1179 15968 35.91416970150169 26481 
1141 1180 15264 23.71136941368846 25988 
1142 1181 15487 21.721994125455698 25761 
1143 1182 14941 43.40291111500138 25341 
1144 1183 16216 48.53015110138087 25568 
1145 1184 15928 27.221973408154337 25356 
1146 1190 16514 32.94703565163174 26236 
1147 1190 15604 16.551242981605377 25478 
1148 1191 16170 48.00129624655892 25782 
1149 1192 16104 47.45510068422705 25114 
1150 1192 15225 36.93600916908048 26095 
1151 1194 15104 13.865246599661475 26399 
1152 1195 15125 48.073755118719184 26175 
1153 1196 16146 23.69660580843886 26201 
1154 1196 16569 41.137764738706025 25749 
1155 1196 15092 36.6425279129943 25244 
1156 1198 15887 12.73181012753556 26356 
1157 1198 16000 17.629843316610923 24659 
1158 1198 16829 32.712360688779995 26131 
1159 1200 15169 36.14847024578939 24889 
1160 1200 16390 26.46686968950961 26085 
1161 1201 15906 39.676136220917684 26550 
1162 1202 15101 32.47950813327047 25503 
1163 1204 16300 37.676207764101264 25331 
1164 1207 16504 32.86858216631842 26205 
1165 1209 14883 23.980019303164536 25367 
1166 1209 15280 46.630351155933454 24657 
1167 1212 14895 32.05217754017495 25956 
1168 1212 15172 30.888517421154575 24969 
1169 1213 15181 19.26266491727104 26529 
1170 1214 16497 10.156344068100598 24811 
1171 1216 15447 40.371115232861754 25589 
1172 1216 16709 20.958585322561362 25218 
1173 1221 16294 46.74341935839496 25569 
1174 1221 15701 33.87618257628068 25604 
1175 1221 15556 12.71822848418504 25656 
1176 1223 16157 40.67410370410599 26360 
1177 1224 15942 47.75012997541865 25772 
1178 1225 14996 33.09475906483675 25012 
1179 1226 15159 24.002772891989768 25083 
1180 1227 15764 39.98526133507975 25306 
1181 1228 15856 40.61474784843618 25961 
1182 1228 15137 31.176332694495706 26119 
1183 1228 16708 47.15050790475535 24792 
1184 1230 15940 41.727813278161314 25646 
1185 1230 15350 19.34562932141691 25773 
1186 1231 16032 42.57718245142904 25019 
1187 1231 15210 18.997843169526078 24886 
1188 1231 15666 11.30221585902634 26216 
1189 1232 16256 21.67368006485273 26515 
1190 1234 16007 31.83445297761277 26161 
1191 1234 15376 29.830475134919276 25618 
1192 1235 15789 23.54238679940106 24928 
1193 1235 16421 37.9622153026346 25793 
1194 1235 16509 23.73125957920611 25709 
1195 1236 16697 10.66165938941895 25726 
1196 1237 15648 46.005885016766875 25530 
1197 1239 16054 40.51873442795473 26513 
1198 1240 15240 43.49713005634166 26498 
1199 1240 16590 22.48394389824726 26174 
1200 1241 15251 35.53476759682811 25426 
1201 1241 16030 18.50848122890457 25526 
1202 1244 14916 15.28743079972266 26509 
1203 1244 15347 15.815639946372313 26484 
1204 1244 16668 41.86329633000372 26073 
1205 1244 16402 44.601568472971024 25306 
1206 1244 15683 30.309265007843734 25685 
1207 1245 16314 25.23524957916344 25073 
1208 1245 16129 17.393874144552864 25332 
1209 1246 16313 15.211507925176356 25987 
1210 1247 15254 20.71110881073902 24896 
1211 1247 16516 34.471589317031814 24970 
1212 1247 15570 31.34270724464629 26464 
1213 1248 16604 24.412493344600318 24784 
1214 1248 16821 36.76555864042581 25255 
1215 1249 15069 14.886709854835498 24726 
1216 1250 15254 40.607767299208426 26123 
1217 1250 15980 34.164130095792444 26397 
1218 1250 15376 39.58079219454275 26092 
1219 1250 16770 25.225364752495487 24630 
1220 1250 16130 49.81119945373352 25897 
1221 1251 15030 26.703922859204713 25459 
1222 1251 14987 38.507798945587965 26552 
1223 1253 15794 34.18192540835351 24632 
1224 1253 16352 11.998173740461993 25172 
1225 1253 16336 42.034527517936866 25437 
1226 1253 15578 45.09200079211518 25808 
1227 1254 16819 20.45852777360085 26411 
1228 1255 16023 25.933265370901637 24630 
1229 1255 14991 24.52189258778703 26055 
1230 1258 16375 33.43507675349061 26337 
1231 1260 16048 10.714251047804026 26250 
1232 1260 15608 27.456053293268678 25550 
1233 1260 15592 46.000371567460945 25396 
1234 1261 15902 13.79577941940228 25217 
1235 1262 16678 39.37265223413145 25288 
1236 1263 16089 45.21602716137556 24712 
1237 1265 16145 41.11563097183628 24736 
1238 1265 16028 37.881207330440034 25492 
1239 1265 15323 23.109044495559733 25359 
1240 1267 16247 38.90550778517249 25194 
1241 1267 15021 25.925017539265287 26020 
1242 1268 15297 26.040073251981525 25955 
1243 1268 15590 23.25853119231489 25526 
1244 1270 15309 49.65634199627849 25309 
1245 1270 15988 15.775535905011084 24885 
1246 1270 16000 14.209224250266189 25652 
1247 1281 16780 25.444032523096922 26421 
1248 1281 16518 47.25202025967795 25734 
1249 1282 14994 32.89385223021258 25919 
1250 1284 16551 13.48713885464964 26001 
1251 1285 15937 39.05329418158916 25782 
1252 1288 15228 34.972700300881506 26058 
1253 1290 16252 19.82930163050108 25067 
1254 1294 15662 10.583150518753047 25587 
1255 1295 16104 37.04800571493614 26462 
1256 1295 16608 24.462168795601112 25340 
1257 1295 15450 23.180295384363472 25400 
1258 1296 15056 30.790197798727057 25885 
1259 1296 16695 49.39156171691585 26037 
1260 1297 15843 36.40820508207649 26120 
1261 1298 15377 22.61206310589294 26565 
1262 1298 15142 45.538886703851354 26487 
1263 1300 15881 28.446731792024337 25026 
1264 1301 15026 33.624337457718056 24755 
1265 1302 16193 35.84682541117615 25765 
1266 1303 15329 41.60510752370326 26533 
1267 1305 16217 30.473917100191365 24716 
1268 1305 15120 11.371520908806305 26454 
1269 1305 16772 13.991021705961625 26439 
1270 1307 16015 28.777066956756187 26576 
1271 1307 15500 27.228339002021368 25200 
1272 1308 15927 20.83838677414809 26499 
1273 1310 15319 21.632700316927227 24919 
1274 1310 15341 18.605270646868362 25519 
1275 1312 16146 14.200689013146835 25734 
1276 1312 16019 49.57213521465266 25511 
1277 1313 15494 39.926746544121194 25932 
1278 1314 15219 49.71779250609387 24630 
1279 1315 16501 44.56143633798063 26525 
1280 1315 15310 11.506843584812128 25033 
1281 1317 16361 13.72397836771662 25303 
1282 1317 15423 43.465670383031004 24692 
1283 1318 15863 14.092430136488382 25969 
1284 1325 14919 15.73199982865432 25524 
1285 1325 15462 15.951895601047461 24774 
1286 1326 16055 44.48693134357805 25434 
1287 1327 15769 40.900367855697986 26457 
1288 1328 15622 24.959504848404382 26605 
1289 1328 16273 37.66360319668796 26141 
1290 1329 15088 49.40736460195737 26597 
1291 1329 15950 22.371860102815717 25340 
1292 1329 15846 20.503903297349545 25151 
1293 1329 16305 31.79085907729716 26463 
1294 1330 16228 21.70641646529002 25707 
1295 1330 15763 41.859532042395024 25362 
1296 1332 16638 10.793264979726214 25259 
1297 1332 15250 12.275060448018063 25296 
1298 1333 15309 16.92917830677825 26297 
1299 1333 16286 21.52001073015576 25701 
1300 1334 15225 20.78010100964906 25325 
1301 1334 16182 17.53511731791281 24825 
1302 1335 15510 29.85718280609506 24950 
1303 1336 15001 36.89375690422533 25188 
1304 1336 15742 13.710672214089108 26346 
1305 1338 15223 33.93109777120505 25460 
1306 1338 14887 16.34661444497656 24914 
1307 1339 16669 37.13487053568784 26490 
1308 1339 16031 47.778025641928735 25319 
1309 1343 15053 27.05610776963308 26434 
1310 1344 15437 30.323701452665908 25723 
1311 1346 15087 32.80408897320056 25173 
1312 1348 16815 44.28294048418514 26373 
1313 1348 16713 14.61124771322725 25766 
1314 1349 15812 20.88051860407973 24880 
1315 1349 15567 12.756239491111657 25442 
1316 1349 15214 35.189268273118856 26007 
1317 1351 15160 13.558279389548327 25403 
1318 1351 15675 31.84957968089239 26093 
1319 1352 15058 16.522289618285324 25889 
1320 1353 15179 14.882462227255434 25561 
1321 1353 15765 14.325062935745287 25652 
1322 1354 16325 23.63215147455923 25411 
1323 1355 15143 32.22105397357147 25015 
1324 1357 15775 25.675637758631638 24815 
1325 1360 15096 30.37088072015498 25556 
1326 1361 15323 21.601222547386683 24728 
1327 1363 15506 20.83399043571852 26005 
1328 1364 16834 36.59605352066226 25483 
1329 1367 16675 42.78701898849592 26384 
1330 1368 15138 23.30157482353175 25799 
1331 1369 15311 34.071028380641295 26341 
1332 1370 16181 19.599337973254233 25352 
1333 1371 16476 45.3172467869092 26416 
1334 1371 15575 16.9069537892803 25958 
1335 1371 15333 27.532568515350363 25785 
1336 1372 16662 19.972596442703296 25050 
1337 1373 15855 24.101646128436226 26116 
1338 1376 15327 29.630701117547027 26608 
1339 1377 16281 40.7544824914589 26504 
1340 1377 15695 42.04597296449015 25044 
1341 1378 16461 12.588251136153911 25086 
1342 1378 16650 17.713072146876918 26149 
1343 1378 14919 40.98050010637429 24707 
1344 1383 16043 10.479311336492128 25772 
1345 1384 16103 12.681622555920855 26062 
1346 1385 16524 46.14001733613971 24713 
1347 1385 14904 28.798063757029006 25227 
1348 1386 15832 19.9617018348544 26049 
1349 1387 15750 48.198712028022534 26186 
1350 1387 16129 22.29025664341546 25647 
1351 1389 15243 37.4549762966007 25498 
1352 1389 15291 10.226718263334828 25669 
1353 1389 15959 39.93535707732684 24669 
1354 1390 15467 39.546826130110105 25464 
1355 1390 16453 44.68626725108042 25278 
1356 1391 15915 40.29819920872911 26340 
1357 1391 16868 45.240778059219224 25548 
1358 1392 16859 42.386583563774 25994 
1359 1393 16107 25.749311949755672 25012 
1360 1394 16275 31.196111157085788 25501 
1361 1394 15330 34.53867512318766 26105 
1362 1395 14970 15.968959135538881 24614 
1363 1397 15000 48.269580013550346 25278 
1364 1397 15457 18.861475221096576 24653 
1365 1400 14880 28.491789461026297 24682 
1366 1401 15182 24.895640923235028 26189 
1367 1402 15903 22.21440084991047 25722 
1368 1403 16044 41.41193057320375 24789 
1369 1403 15971 16.308292336741303 26487 
1370 1404 14955 24.716171038923584 26122 
1371 1405 15064 14.533014900098467 25728 
1372 1406 16658 30.004522676139047 26332 
1373 1406 15799 39.78771542312544 25216 
1374 1409 15545 42.76847581200982 24900 
1375 1409 16444 27.975338012662792 25388 
1376 1411 15171 11.550147314112106 24911 
1377 1411 15670 26.877364959144835 26557 
1378 1412 15707 31.94516836550351 25112 
1379 1413 15098 43.47176543138765 24890 
1380 1415 15838 49.36043628682034 25488 
1381 1416 15640 45.66240808920107 25364 
1382 1416 16438 30.033642720822446 25142 
1383 1419 16705 37.80699049010373 26330 
1384 1419 15025 18.12334575593379 25531 
1385 1419 16226 40.9331167196108 26041 
1386 1420 15955 38.22038825966895 25824 
1387 1424 15098 14.694491267796712 24986 
1388 1424 15429 34.80394016142904 25193 
1389 1425 16831 42.914382391933984 25476 
1390 1425 15685 34.37896246514904 25006 
1391 1425 16453 49.19499687240669 24663 
1392 1426 15534 45.23536805133054 25078 
1393 1427 15621 42.617462710800865 25851 
1394 1429 16044 26.666917283201368 25971 
1395 1429 15409 44.088617977025194 24767 
1396 1432 15887 43.07364338797556 25182 
1397 1433 15293 44.687238013076104 26057 
1398 1433 15681 36.619152014095555 25922 
1399 1433 15243 39.60116818663336 25542 
1400 1434 15390 19.60716838307002 24797 
1401 1436 16074 40.11193837489965 24922 
1402 1437 15941 35.28460384791539 25897 
1403 1437 15570 12.847780468509008 26288 
1404 1439 15041 34.478992620461874 25965 
1405 1439 16781 12.783535364393108 24838 
1406 1439 16379 31.770462333478342 25444 
1407 1442 16008 23.514554735540788 25727 
1408 1446 15111 21.53921897922026 25175 
1409 1446 16183 22.47504302705632 25016 
1410 1447 15851 49.37293047606718 25998 
1411 1448 14888 38.41788359196352 25373 
1412 1449 15698 26.80159270855226 24871 
1413 1450 15685 42.171784877182944 24991 
1414 1450 16823 43.842265492105554 24844 
1415 1450 16304 30.26963509119279 26036 
1416 1452 15772 13.282602043534663 26448 
1417 1452 16088 35.7403335388204 25920 
1418 1454 15958 13.345770944428015 26105 
1419 1455 15134 16.551384322409678 26289 
1420 1455 16454 34.55340870414131 26212 
1421 1456 14973 21.625505541604912 26458 
1422 1457 15011 22.65509472681844 26134 
1423 1461 16585 13.742499049375795 26059 
1424 1462 16658 39.49972298339357 26001 
1425 1463 15404 13.88265734238136 25682 
1426 1463 16102 23.00482070111208 25755 
1427 1463 16654 30.166164728855374 25157 
1428 1464 15037 35.615266266550215 26029 
1429 1466 16431 42.37645029635113 24646 
1430 1466 16766 12.980593144125002 25005 
1431 1466 16103 24.40041406998523 25887 
1432 1468 15479 14.686102157786923 26204 
1433 1468 15098 38.630705647475324 26256 
1434 1469 15072 46.4932784748497 25132 
1435 1469 15796 11.867679621245228 25447 
1436 1470 16202 22.20719244346032 26339 
1437 1472 14923 43.07134596870445 24846 
1438 1473 16402 38.224502152744876 24721 
1439 1476 16471 25.167374150084246 25306 
1440 1476 15878 42.20215610998836 25108 
1441 1477 15573 38.827398035821034 25138 
1442 1477 16744 29.849825895147642 24781 
1443 1478 15914 41.13374979989217 26275 
1444 1483 16460 28.72709568625998 24645 
1445 1484 16876 28.28367039565373 25451 
1446 1486 15302 40.34208802748199 25925 
1447 1487 14952 20.835655240491175 25186 
1448 1488 15296 21.18921801169529 26183 
1449 1488 15848 36.50107811532035 25257 
1450 1488 16190 25.897967297253935 25727 
1451 1488 15302 10.70468492757585 26602 
1452 1489 15324 44.78213749342024 26327 
1453 1490 16153 22.16172924500583 24814 
1454 1490 16617 45.24362657724349 25544 
1455 1492 16539 38.91432196617348 25849 
1456 1492 16353 14.463247367579752 26459 
1457 1492 16207 21.459296688845093 25547 
1458 1493 15148 44.37275303375222 25759 
1459 1493 14883 33.16997926645965 24641 
1460 1494 16304 28.64592290824941 25213 
1461 1495 16276 23.012297341926683 24786 
1462 1499 15526 48.38508528894082 24778 
1463 1500 15013 26.26986658292782 25333 
1464 1500 16456 43.035831872218424 25012 
1465 1500 15280 32.99659898646285 24642 
1466 1503 16452 36.99371733071016 26248 
1467 1503 16875 43.4695368048722 24988 
1468 1504 15453 15.712806953170668 25364 
1469 1505 15756 42.18594882845747 24809 
1470 1505 15197 46.08255270633815 26445 
1471 1505 15254 11.291046752701037 25024 
1472 1506 14940 12.36748681512732 26133 
1473 1506 14954 46.81843911496617 25038 
1474 1507 16148 33.418565760747114 26524 
1475 1507 16835 18.787274959621243 26013 
1476 1509 16118 37.66147908633425 26517 
1477 1509 15138 48.06286448023285 26163 
1478 1509 16299 31.679775399488367 25928 
1479 1509 16209 20.429742775680914 26018 
1480 1514 15263 44.59281937420291 25635 
1481 1514 15800 32.63319556578402 25279 
1482 1517 16225 34.90971534350119 24891 
1483 1517 15086 41.60747299729145 25599 
1484 1517 15145 41.72301152727837 25574 
1485 1519 15979 46.89937270877974 26141 
1486 1520 15351 47.17434580696504 25210 
1487 1522 16343 10.210727469483105 24667 
1488 1523 16198 41.412067877741606 24743 
1489 1523 16455 39.541678908488784 24728 
1490 1524 15980 46.8401998640085 24977 
1491 1524 14900 11.228303991130337 25412 
1492 1526 16859 20.247568549183526 25237 
1493 1528 16059 39.82118384382718 25847 
1494 1528 16658 43.3338441858425 25404 
1495 1531 14966 18.060675301615564 25714 
1496 1532 15705 13.869143372923723 24674 
1497 1533 16587 46.39771317265743 26115 
1498 1534 16331 38.72312186397225 25157 
1499 1534 16619 29.747049854840697 25758 
1500 1535 16215 41.85932043028322 25161 
1501 1536 16366 19.229643975364255 24626 
1502 1537 16378 27.343836025400556 25894 
1503 1538 16483 29.162024723262586 26116 
1504 1539 15203 12.851431016883952 26055 
1505 1544 16556 46.46082871277699 25271 
1506 1545 15703 48.03333983962051 24706 
1507 1545 16746 10.645137821132412 25816 
1508 1548 15943 38.91907020744256 25042 
1509 1551 15942 47.496081593966025 25796 
1510 1551 16850 38.32084551344015 25098 
1511 1551 15256 27.853894174980848 24907 
1512 1552 15124 12.942655236518243 25645 
1513 1553 14891 37.10848923850614 25584 
1514 1553 16684 16.896838936630438 25007 
1515 1553 15330 35.80701833276731 25804 
1516 1554 16469 21.97408275377809 24929 
1517 1554 15803 28.767570956408957 26217 
1518 1555 15558 35.637102984747116 24624 
1519 1555 15476 45.427266637742186 25028 
1520 1556 15103 22.382987629129723 26293 
1521 1556 16579 16.036689318985875 26290 
1522 1558 16320 37.74865078958054 26095 
1523 1559 16064 24.92578822810429 26347 
1524 1560 15903 41.09734054575265 24732 
1525 1560 15135 38.662653332189095 26503 
1526 1561 15110 24.953324830134612 25445 
1527 1561 15128 20.763767749932143 26314 
1528 1562 15028 27.418607213738298 25193 
1529 1562 16537 14.280136490388045 26325 
1530 1563 16313 32.57626521484681 26519 
1531 1564 16438 31.766174288445015 25652 
1532 1564 15032 21.379842060519678 24773 
1533 1568 15811 46.797069622633515 25756 
1534 1568 15847 40.43566837630275 26096 
1535 1569 15450 19.237600807853298 26155 
1536 1569 16282 45.36558413502172 24742 
1537 1570 16831 36.163367468147435 25574 
1538 1572 16654 26.43283500281095 26257 
1539 1572 15375 16.603476097267418 25205 
1540 1572 16222 30.183191955206684 24949 
1541 1572 14883 40.255443892939766 25913 
1542 1572 15023 38.87934880926835 26145 
1543 1572 16751 11.88675615614172 26466 
1544 1575 15633 30.59002805732021 25258 
1545 1578 16810 42.096221114761015 26254 
1546 1578 16268 34.341259556794235 25736 
1547 1580 16436 31.5179064809658 25204 
1548 1581 16412 25.401824415420382 26351 
1549 1581 15733 48.00317852273971 25720 
1550 1582 15097 26.49272053310512 26600 
1551 1583 15420 44.275535670235136 24972 
1552 1583 16241 15.611098512290216 26455 
1553 1583 15144 10.805120863613293 26436 
1554 1584 15865 28.158699292676733 26071 
1555 1584 15869 44.81380115177393 25778 
1556 1584 16305 49.27110563184514 26583 
1557 1584 16237 14.584051023485735 26321 
1558 1585 16470 39.48964956418054 26377 
1559 1586 16207 31.458817343211145 24659 
1560 1586 15801 25.73716999835829 26269 
1561 1587 16810 24.63703323791631 24855 
1562 1588 15902 23.674913074945675 26191 
1563 1588 15232 23.983793781472276 24771 
1564 1589 15083 39.72669904587539 26014 
1565 1589 16776 14.949102448628455 24877 
1566 1590 15036 31.233035113540126 26305 
1567 1590 15871 38.121802461477586 25675 
1568 1591 16004 12.512808096917066 25991 
1569 1591 15163 47.65763493557988 26092 
1570 1591 16355 48.395884843942554 26460 
1571 1592 15150 14.365572060230164 26067 
1572 1594 16091 35.919121109989234 25774 
1573 1594 15567 42.44515492025981 25006 
1574 1594 16703 42.876315297585975 25833 
1575 1596 16066 18.273547122693238 24937 
1576 1596 16468 27.155863310742347 26475 
1577 1596 15284 17.53793086912841 24678 
1578 1598 15602 28.794269296013653 26507 
1579 1598 16255 43.413309926548195 25964 
1580 1599 16619 46.73287180588845 25413 
1581 1600 15782 37.2690902709808 26459 
1582 1602 14882 13.378751293900187 25097 
1583 1605 15733 49.89902730495042 24727 
1584 1605 15094 18.472628136621303 25238 
1585 1605 15756 25.205184811741482 26585 
1586 1609 15621 36.6679958012462 25576 
1587 1609 14985 41.84017349405625 24692 
1588 1610 16174 15.453461929710425 25392 
1589 1610 16487 48.144809026531405 24637 
1590 1610 15684 10.798475216253083 25479 
1591 1614 15035 26.03207410787364 24933 
1592 1616 15391 32.9064282085554 26026 
1593 1616 16362 15.263020813314503 25651 
1594 1619 16155 28.868311703144236 26288 
1595 1619 16112 22.49033096919611 24927 
1596 1620 15485 38.55822660283039 26498 
1597 1620 15067 49.98282708055177 26169 
1598 1621 15214 25.630200813108814 26452 
1599 1621 16442 30.385402914476906 25573 
1600 1622 16644 34.569568060868264 25478 
1601 1622 16573 15.53451064153371 26030 
1602 1623 16198 46.55798322995882 24963 
1603 1623 15076 11.717479739360815 24760 
1604 1625 15525 39.66889514816645 25814 
1605 1626 15330 29.891258631018452 26316 
1606 1626 15216 31.780376558426088 25455 
1607 1626 16165 10.202090225713981 24931 
1608 1626 15119 37.11136948298833 24723 
1609 1627 15702 11.037283691811481 26510 
1610 1627 16321 48.48836696279261 25904 
1611 1627 16845 44.16231659228567 24737 
1612 1627 16589 14.184189349976322 26147 
1613 1628 16726 42.44569340059674 26426 
1614 1630 15351 35.656717290668674 24759 
1615 1630 16611 35.566657198548455 24697 
1616 1631 16439 25.64570504157801 26264 
1617 1631 16522 21.363767287172173 25954 
1618 1634 15695 40.30575427853333 24816 
1619 1635 16685 20.017911064253575 25898 
1620 1636 14899 20.95970299786228 25601 
1621 1637 15835 33.671737530902725 25849 
1622 1640 16074 39.58563482778433 25367 
1623 1640 16235 33.94085455721435 25225 
1624 1641 16727 46.98678666040249 25847 
1625 1644 16523 21.954101745431423 26253 
1626 1644 16209 33.62933170357243 25234 
1627 1645 15119 32.068823037697356 24753 
1628 1645 16247 43.204147131649506 25244 
1629 1645 16812 49.53790469023847 26286 
1630 1646 14977 21.31570991030395 25097 
1631 1647 16265 19.73193039545943 25872 
1632 1647 15145 33.76961719865314 25647 
1633 1647 15494 11.211302663907503 26164 
1634 1648 15577 43.23236266729594 25887 
1635 1649 15459 32.748118180848614 25516 
1636 1649 15633 11.495707748224536 25550 
1637 1651 16859 24.07627869793298 26423 
1638 1652 16873 35.9928695376076 25255 
1639 1653 15039 18.420516003797832 25994 
1640 1654 15517 48.712513398121914 25047 
1641 1654 15244 25.661384530749444 26395 
1642 1655 15601 18.229110753969383 25506 
1643 1657 15720 39.48448024461517 26364 
1644 1658 16054 35.12180508094125 25186 
1645 1659 16027 44.132895090572745 25996 
1646 1661 16206 43.89400680051777 24682 
1647 1661 16065 44.99666682587118 25901 
1648 1661 15317 33.12934078349365 25757 
1649 1662 15826 16.006894564277626 26260 
1650 1662 16308 37.47031598053356 26183 
1651 1664 16383 10.569279288399933 25527 
1652 1665 16484 19.204175404084832 26014 
1653 1666 15558 47.32418162316735 25306 
1654 1666 15955 42.250685954752136 25814 
1655 1667 16735 40.397796333390446 26274 
1656 1669 14881 38.47728943378513 25461 
1657 1670 16533 15.458041548258148 25880 
1658 1673 16082 26.43150773567418 26597 
1659 1673 15168 20.80166820072469 25213 
1660 1673 16369 20.651768092831404 26134 
1661 1674 16122 29.279948029204753 25501 
1662 1675 16854 40.64483958761923 25396 
1663 1677 16214 18.84121325214581 25716 
1664 1679 14954 31.549998484559147 26296 
1665 1680 15827 35.76832214935989 24833 
1666 1682 16249 41.10399892247017 25485 
1667 1682 16844 13.111742141740335 25942 
1668 1682 15383 38.12760329050502 25164 
1669 1682 15480 35.97158143905806 26583 
1670 1683 16563 41.78070246338349 25213 
1671 1683 16366 25.756234044232464 24820 
1672 1684 16844 44.00455861104596 25322 
1673 1686 16491 40.40655751934857 26066 
1674 1686 16085 31.368195782252904 25794 
1675 1689 15101 23.83551619489072 24794 
1676 1689 15859 46.724682519154406 26591 
1677 1690 15552 49.429801093571534 25223 
1678 1691 15588 10.564109610816255 26308 
1679 1693 15390 16.064534097724767 26555 
1680 1693 16025 21.612807814219256 25783 
1681 1693 16072 32.64423878435054 24773 
1682 1695 15691 48.94112761389258 25625 
1683 1695 15694 32.37123160651717 25336 
1684 1695 15601 10.801033068139256 24784 
1685 1695 15153 19.327877175068796 24991 
1686 1697 15104 44.50364247282359 25112 
1687 1700 14914 20.661133205340615 26141 
1688 1701 16426 37.515010130894915 24660 
1689 1702 16130 17.392537264316175 24649 
1690 1702 16669 17.91389492295614 25150 
1691 1703 15473 19.4366663935795 26288 
1692 1703 16130 45.64779034907346 26087 
1693 1708 15351 13.515701372242699 26110 
1694 1708 15008 31.295797410592016 26376 
1695 1709 16640 13.885976482078659 25923 
1696 1709 15718 14.324915096471083 24807 
1697 1711 16030 36.96771338087636 24998 
1698 1712 16719 26.916083895367056 26412 
1699 1713 15803 34.95431944401183 24826 
1700 1713 16122 13.756144880306431 25038 
1701 1713 14885 33.19954660600508 24845 
1702 1716 16261 18.680414608194905 26318 
1703 1716 15758 32.31678218506972 25059 
1704 1716 15262 24.8631204269269 25609 
1705 1716 15408 16.509503468285416 24916 
1706 1717 16761 31.02900814208369 26392 
1707 1717 16574 49.18192624181866 26228 
1708 1718 16460 11.32571032513081 26485 
1709 1718 16364 30.049699425249713 25543 
1710 1718 15023 38.93689770097194 25936 
1711 1722 15079 34.73208385681788 25501 
1712 1722 15454 36.28852491446143 26566 
1713 1723 15830 21.679593517810343 25278 
1714 1724 16655 21.671391533198545 25752 
1715 1725 16239 40.454587000353996 26313 
1716 1726 15947 31.87959700662625 26210 
1717 1726 16592 16.207536315668307 26033 
1718 1727 15463 18.375656408309386 25968 
1719 1728 15303 34.057316831297236 26286 
1720 1728 16709 28.832309964851085 25223 
1721 1730 14958 18.636664874395727 26241 
1722 1731 16219 26.607981837121578 24871 
1723 1732 15376 11.930700847148291 25168 
1724 1733 15764 33.532298568104366 26212 
1725 1734 15512 37.81633433039053 25709 
1726 1736 16021 47.57237923494897 26404 
1727 1736 16187 44.91910003071635 25821 
1728 1736 16068 14.264411064130753 26547 
1729 1738 16707 42.63587577205231 26334 
1730 1739 15017 40.76237505878359 26071 
1731 1740 14890 28.848885551247264 26561 
1732 1741 15077 25.773709387778926 26040 
1733 1741 15160 38.24262147007518 25186 
1734 1741 16500 26.250858950377356 25009 
1735 1741 15102 24.013997172960238 25950 
1736 1742 15557 28.665397659046363 24827 
1737 1742 15375 25.89705112721664 25043 
1738 1743 16141 34.19217447685206 25359 
1739 1743 16420 32.83297782666093 26577 
1740 1745 15504 39.47494421938603 25751 
1741 1745 15120 27.786090984283017 25248 
1742 1748 16379 41.86510778681887 25941 
1743 1749 15723 26.629567396809986 25046 
1744 1750 15927 41.50668511514734 24883 
1745 1751 15163 10.495720898662192 25209 
1746 1751 15815 43.478952222960466 26557 
1747 1752 16190 43.270249211653294 25709 
1748 1753 15040 22.486406473783944 26592 
1749 1754 16799 44.2174141082551 24863 
1750 1757 16715 40.26921196561773 26173 
1751 1758 16017 35.67601391591873 25305 
1752 1759 15792 28.492836751048287 25276 
1753 1761 15747 30.05048377493273 26132 
1754 1762 14975 27.540763657772494 25204 
1755 1763 15627 40.56062155376713 25862 
1756 1766 16288 32.773752374463925 25961 
1757 1766 16260 14.517074410656763 26519 
1758 1767 16861 18.403707466081343 25264 
1759 1773 16115 37.79874236705247 26412 
1760 1775 15871 43.0105524826797 26393 
1761 1777 14905 21.584395714437097 26064 
1762 1778 15100 29.207308466007355 25741 
1763 1778 14899 30.02712355684332 25645 
1764 1778 15367 24.024014439882542 24639 
1765 1778 16799 25.644436451037677 25703 
1766 1780 15837 21.373344586535875 26510 
1767 1782 16812 15.30878395351937 25276 
1768 1783 16081 17.372396196349342 24647 
1769 1783 16334 26.77562344218031 24620 
1770 1784 16751 33.44963569554286 25368 
1771 1784 15651 32.25970050083687 26440 
1772 1784 15110 12.20669110694891 26324 
1773 1785 16517 24.764756611094466 25233 
1774 1786 15920 18.382820975449654 24679 
1775 1788 16088 29.712119438935094 25847 
1776 1790 15836 24.17809609223252 25766 
1777 1791 15607 18.82859446777086 26542 
1778 1791 16518 37.05803790678184 26561 
1779 1792 15223 20.48045445245759 24692 
1780 1793 15897 37.637629747043334 25943 
1781 1793 16242 34.71384934468427 26350 
1782 1795 15521 42.25733971975365 26255 
1783 1796 15846 20.65594567546857 24732 
1784 1797 15647 36.17116380536537 25665 
1785 1800 16630 36.92719142399703 25383 
1786 1800 15820 39.55588988107025 25869 
1787 1800 16233 43.73013122765053 25288 
1788 1801 16068 37.448142383931625 26593 
1789 1802 15919 22.644812943671187 25151 
1790 1804 15374 30.822093258679715 25354 
1791 1807 14952 42.763558346155435 25520 
1792 1807 15463 27.39621249282374 26227 
1793 1808 15211 22.61544145346608 25446 
1794 1809 15584 45.90890170850771 25741 
1795 1810 16794 47.56580579084608 24719 
1796 1813 16869 47.39474300710965 26567 
1797 1814 16211 28.16034010671543 26150 
1798 1815 16583 29.317299162082968 25502 
1799 1815 15546 14.41183430013199 25353 
1800 1816 16708 10.641396221461425 26611 
1801 1817 16563 14.066149583321486 26130 
1802 1817 16566 40.76975171207138 25619 
1803 1817 16444 21.973291671500213 25111 
1804 1818 15030 40.94245074918491 25799 
1805 1820 16584 42.981874955327136 26062 
1806 1820 16533 43.230842432775404 24971 
1807 1822 16508 15.944373648529577 25080 
1808 1823 15929 23.344529697034258 25843 
1809 1823 15629 16.714242980965217 25694 
1810 1824 15601 19.179003571616583 25167 
1811 1824 16659 12.380646036115657 25153 
1812 1825 16758 16.49942190324593 24852 
1813 1826 16691 15.565636633361443 24993 
1814 1827 16181 43.81339026553271 26608 
1815 1828 15927 45.44437774703204 25110 
1816 1829 15367 41.054699742866255 26244 
1817 1834 15519 29.32547246468775 25052 
1818 1834 15874 32.040710113141216 26113 
1819 1835 16214 48.41529224601836 26591 
1820 1838 15721 40.748139102984354 25457 
1821 1838 14926 22.755943590048965 24706 
1822 1840 14933 27.252159280921244 25178 
1823 1840 15473 20.08614433069692 25670 
1824 1841 15152 21.526880201724552 25893 
1825 1841 15531 47.63227574267593 26470 
1826 1842 16023 48.820084238780716 26011 
1827 1843 15367 30.289406054775796 26584 
1828 1844 16274 12.744472367948362 25016 
1829 1845 16588 41.84967469355167 26364 
1830 1845 16589 11.310497154746102 26553 
1831 1845 15426 14.295651352836716 25422 
1832 1846 16624 42.83704219948468 25287 
1833 1846 16386 22.567115033899448 26337 
1834 1847 16467 30.809159171372094 25909 
1835 1848 15973 45.5621231971884 25713 
1836 1848 15718 33.022395136239425 26018 
1837 1849 15737 17.411027273516314 26245 
1838 1850 15542 40.29052693912878 25544 
1839 1850 16246 11.459060844304535 25886 
1840 1852 15904 43.417169523042645 26252 
1841 1852 16325 19.858520779075857 26288 
1842 1852 16423 24.482483201228888 25983 
1843 1853 16484 23.409587605881562 25550 
1844 1856 15631 10.24446443027025 25694 
1845 1856 16558 37.79864034204006 26513 
1846 1856 15226 28.537657216249453 24882 
1847 1858 16844 39.189629769105295 26071 
1848 1858 15660 17.643898087173447 26183 
1849 1859 16677 29.16635335872625 25925 
1850 1860 15023 24.242674950520158 25975 
1851 1862 16340 38.79131991011137 25455 
1852 1863 16555 46.16633721127406 25634 
1853 1864 16239 29.154775391140397 25775 
1854 1864 15440 37.08920502396714 25464 
1855 1864 15633 37.89473868071306 26287 
1856 1865 16313 44.574609153517606 24954 
1857 1865 16197 24.987701143784303 26474 
1858 1866 15057 13.637863004486857 26074 
1859 1866 16000 20.985487253807513 24658 
1860 1867 15262 31.72630251858213 26461 
1861 1868 14956 38.192906117909494 25061 
1862 1870 15343 21.166617968910877 24976 
1863 1871 15265 33.05849215029686 25066 
1864 1873 15432 35.103468019205266 26026 
1865 1875 15643 45.68131412025534 25617 
1866 1875 15072 39.142593900889324 25712 
1867 1876 15751 20.23950864961339 24878 
1868 1877 16281 39.79998140738921 24900 
1869 1878 16424 34.70355274771078 25516 
1870 1879 15140 33.00533113493368 25506 
1871 1881 15761 47.937404196691574 25507 
1872 1881 14988 19.314760225702944 25364 
1873 1882 14920 18.376588903575644 25173 
1874 1882 15183 28.842520503520962 25637 
1875 1883 16859 15.968508161148911 26182 
1876 1884 15167 43.73092268527012 26243 
1877 1884 16340 33.42126987777186 25066 
1878 1884 15787 47.336890828787396 24752 
1879 1886 15113 29.605533996103905 26347 
1880 1886 15736 33.455126770842135 24645 
1881 1888 15773 45.56517318800069 25213 
1882 1888 15621 29.83897538016151 25826 
1883 1889 16206 24.950714430735456 25289 
1884 1889 15708 11.103660600520753 25693 
1885 1890 15039 19.553336746719992 25389 
1886 1893 15816 25.921862315198815 24833 
1887 1894 16752 20.20399740796636 25343 
1888 1896 16776 17.797513121227226 25421 
1889 1896 16168 15.381115199171575 25433 
1890 1897 16205 22.210964095221918 25032 
1891 1898 15439 27.720501598822757 26374 
1892 1901 15210 24.371315176044114 26525 
1893 1902 15803 17.39943296514199 25817 
1894 1902 16416 15.000303615183892 26457 
1895 1905 16813 34.104194658999425 25032 
1896 1906 16525 38.87964735116631 25972 
1897 1906 16707 23.981991625976143 25826 
1898 1906 16875 18.370351166263337 25266 
1899 1906 15767 32.87986089329094 25647 
1900 1907 16009 34.09497797189778 26336 
1901 1909 15351 28.83615171499329 25973 
1902 1910 16556 16.40786079163382 25759 
1903 1910 16828 14.12383864817643 25021 
1904 1911 15878 23.185585264087088 26281 
1905 1916 16768 40.17441036406363 25625 
1906 1917 15824 39.24666673378689 25208 
1907 1918 15508 20.65824338812671 26374 
1908 1919 14901 30.535141946362646 26491 
1909 1919 15063 30.50715461912422 24834 
1910 1920 16538 32.8411255248344 26563 
1911 1924 15748 27.11756898578324 26609 
1912 1924 16114 18.851710268333083 26308 
1913 1925 16094 34.17682748945982 26139 
1914 1925 15828 26.736036845182568 26015 
1915 1927 16475 28.44617048637614 25418 
1916 1931 15404 38.50545263084651 26419 
1917 1932 15218 11.280040179753064 24733 
1918 1932 15469 11.535737050836445 26153 
1919 1932 16857 20.51159528535443 25317 
1920 1933 15639 34.74253975676933 24707 
1921 1935 16833 12.733117834147464 24686 
1922 1935 15068 22.03925204770762 24842 
1923 1937 16661 49.91426055989362 25208 
1924 1937 15747 31.668296002591113 26549 
1925 1937 15045 35.00689005592222 26002 
1926 1939 15050 14.447972441797145 25643 
1927 1940 16388 13.741157453950894 25065 
1928 1940 15753 15.555637640334638 26010 
1929 1943 16476 11.788007199262172 26471 
1930 1944 16720 28.911888922836745 26477 
1931 1945 16623 29.528925014746477 26018 
1932 1946 16011 28.102291453234315 25040 
1933 1946 16410 10.855219905071012 25820 
1934 1946 16013 27.562403444356264 26201 
1935 1947 16239 34.218474863647444 26353 
1936 1947 14955 30.876678797334392 25855 
1937 1948 16107 18.82715679609283 26522 
1938 1948 15025 37.34029455791405 25758 
1939 1949 15897 26.20187231907297 25500 
1940 1951 16478 39.291444004101166 26244 
1941 1952 16144 28.66680888379917 24700 
1942 1952 16200 45.04275035968925 25616 
1943 1954 16517 13.888161279730586 24788 
1944 1954 15805 13.077154881434986 26344 
1945 1954 15466 27.01424976695568 25761 
1946 1955 16142 21.335718176161325 25568 
1947 1955 16049 34.49808458739267 24625 
1948 1956 15404 19.781809485387214 24658 
1949 1956 15910 32.93345747069303 26287 
1950 1956 15395 45.52605207790419 25090 
1951 1957 16449 16.8822896367158 24958 
1952 1958 15952 36.674828184864666 25639 
1953 1958 16854 35.45515176866978 25984 
1954 1959 16532 37.65257370534074 25569 
1955 1961 15859 11.94359056322362 25849 
1956 1962 15536 14.809992228572387 25384 
1957 1962 16272 10.463415670068898 25810 
1958 1962 16215 13.9425361057459 24809 
1959 1964 15041 42.69150133423027 26096 
1960 1965 16341 33.298349226174054 25002 
1961 1966 16704 14.608514074384416 26415 
1962 1966 15832 26.041035090170347 25750 
1963 1968 16488 41.24849196389086 25852 
1964 1969 15791 36.83937060913353 24946 
1965 1969 15619 17.153910120309284 25512 
1966 1971 15969 27.666671351028064 26052 
1967 1971 15756 30.612013743027276 25515 
1968 1972 16550 49.85345875069776 25732 
1969 1973 16390 14.412758714948728 25856 
1970 1973 16875 13.268291819301803 26577 
1971 1977 15231 32.696978764964925 25711 
1972 1977 16482 34.96138015619262 25668 
1973 1978 14894 29.397563725514537 25042 
1974 1978 16304 44.40563188488668 25897 
1975 1979 14932 36.69672439783078 26356 
1976 1982 14938 47.25334650901834 26068 
1977 1983 15770 23.589324893021807 25757 
1978 1984 16873 48.31246268327717 25974 
1979 1984 16374 46.32847901176943 24845 
1980 1984 16675 46.98992046446672 25085 
1981 1984 15669 32.22756335614303 25639 
1982 1987 16794 23.254264314674934 26090 
1983 1988 16611 10.099237635224863 26105 
1984 1988 16493 48.390853975699976 25172 
1985 1989 16381 36.632573395429475 26091 
1986 1990 16535 43.36340765342 25136 
1987 1991 15694 35.955775252102676 25469 
1988 1992 16064 24.379004516461848 25432 
1989 1993 16323 44.60972172968624 24883 
1990 1993 16102 40.69551549765277 24810 
1991 1994 15866 11.482653048061247 25203 
1992 1995 15876 43.35085959961364 25629 
1993 1995 16502 22.263959078638457 24663 
1994 1995 16092 35.224272763165104 25543 
1995 1996 15469 25.093066775527557 25649 
1996 1998 15293 18.029794367956224 24984 
1997 1998 16827 49.67613568439961 25635 
1998 2000 16783 39.500247033660024 26096 
1999 2000 16384 12.266487486281648 24629 
2000 0 16430 43.34167871169781 25178 
