1 2 56 0.21207296035801093 434 
2 4 53 0.18234471317992515 1834 
3 4 42 0.7218338604542583 521 
4 5 47 0.5858390739062049 558 
5 6 50 0.7304043512531865 910 
6 7 39 0.8573356954682524 608 
7 9 54 0.1002043283543774 1334 
8 9 46 0.6025303509530362 1411 
9 12 38 0.8906983314699356 1298 
10 12 50 0.3156288037711683 1396 
11 13 51 0.6461618752239091 793 
12 15 54 0.5750821610394325 478 
13 15 46 0.15052804777435913 1697 
14 17 39 0.3918173316536117 1400 
15 18 55 0.8595039877441485 765 
16 20 52 0.6256745413007203 1113 
17 20 38 0.5371346956355706 1638 
18 21 39 0.44638030823933267 2205 
19 22 54 0.33004130865189074 2125 
20 22 54 0.16672594379480232 1821 
21 26 38 0.513066477011617 1147 
22 26 42 0.6891824062987543 554 
23 29 50 0.8926710748169601 1946 
24 29 42 0.5758700503670907 2118 
25 31 45 0.5817068447407657 1411 
26 32 52 0.08282371878771043 1285 
27 32 50 0.1985157008386284 529 
28 33 58 0.14372050271912787 1401 
29 34 46 0.17146172533741824 1849 
30 34 38 0.4722437068648251 2064 
31 35 49 0.3682801106928298 285 
32 35 56 0.033923424610773474 1041 
33 35 54 0.5167887702303485 574 
34 36 52 0.7480439287052716 1849 
35 37 55 0.38850764177621294 2030 
36 37 57 0.6923368636482325 1053 
37 39 55 0.8122783085550179 1183 
38 40 38 0.4062747700455101 2148 
39 41 53 0.10406462927626786 1150 
40 43 57 0.6600470035473313 1051 
41 46 53 0.5667560638099927 1337 
42 47 54 0.8804334955279409 831 
43 48 43 0.11020674609446209 482 
44 48 54 0.17591993973207673 271 
45 52 38 0.5761849742169104 724 
46 54 53 0.5732365984257985 2137 
47 55 40 0.8482778189817624 1969 
48 56 44 0.5350856370966532 1638 
49 56 48 0.34321215267642663 1295 
50 60 50 0.7386264225668316 532 
51 61 55 0.45981471496746096 487 
52 63 49 0.7989906429348123 615 
53 64 44 0.13555330937130242 561 
54 67 54 0.44435357592045516 1183 
55 68 53 0.3740365954787376 1574 
56 69 50 0.7845549801800712 713 
57 69 38 0.668381237300007 539 
58 70 54 0.32021805328683034 1473 
59 71 51 0.5621659574147282 2206 
60 71 39 0.33050677346896234 2125 
61 73 48 0.3012723798277613 911 
62 73 51 0.6239809523821945 1872 
63 74 39 0.64316119757507 522 
64 78 50 0.10958459809489703 1647 
65 78 52 0.7518579854826338 1058 
66 78 46 0.37301863455492673 1479 
67 79 38 0.7492158025992925 1591 
68 80 41 0.8797788777808789 423 
69 80 48 0.6421868975579288 1307 
70 80 58 0.15033167520291515 1892 
71 81 45 0.8375214531185038 260 
72 81 39 0.601662005883418 759 
73 82 41 0.39953638800917557 1154 
74 82 40 0.4368006653980491 1884 
75 83 50 0.16276520117062573 1436 
76 83 58 0.2708223182697756 338 
77 86 48 0.7221414560516156 830 
78 87 55 0.7324491094019088 494 
79 88 48 0.28067018466544486 1669 
80 89 38 0.6201095861739865 755 
81 89 58 0.12603062999709666 2009 
82 90 51 0.8830970566492079 320 
83 90 39 0.6272925538145866 1987 
84 90 42 0.31252909472000945 1952 
85 90 54 0.37507058458002046 1580 
86 91 50 0.1520104179114156 1311 
87 91 51 0.8579569996570069 514 
88 94 40 0.09662170345200122 1915 
89 94 44 0.3958417593827397 1571 
90 94 43 0.5118594048517531 1509 
91 95 47 0.48016873324847054 1273 
92 95 41 0.40858629986411105 1680 
93 96 54 0.549252276561914 1141 
94 98 51 0.8562257289095694 683 
95 99 55 0.23149998524850843 625 
96 100 44 0.30002835564725605 2125 
97 102 48 0.1223266789322376 1457 
98 105 41 0.5394526048397666 1855 
99 106 58 0.5209842734599404 456 
100 106 44 0.03898589193588218 771 
101 107 55 0.36980263503006433 2135 
102 108 39 0.6403678751889798 1225 
103 108 49 0.6248495308727154 1314 
104 110 47 0.4175541132425429 2014 
105 111 40 0.8570482393285809 766 
106 116 51 0.19462087302353803 1528 
107 119 54 0.103970616810435 1818 
108 119 41 0.5768304465899992 1989 
109 119 56 0.844596516782818 2195 
110 120 57 0.2727341129430542 1719 
111 122 41 0.684079474244743 1851 
112 122 41 0.6484085955014562 1145 
113 126 57 0.13553750330190786 485 
114 128 44 0.26563596417618446 975 
115 128 47 0.508495614071542 1261 
116 129 40 0.8629581015532602 594 
117 130 58 0.308073896774931 1985 
118 131 49 0.043181627588578915 1189 
119 132 51 0.07869991525403598 1988 
120 132 38 0.47997572994802185 559 
121 133 43 0.8316618830506105 2066 
122 134 49 0.6188495527283779 1450 
123 134 56 0.29932759980451945 681 
124 135 50 0.32968519940589797 1537 
125 135 39 0.4142070483268451 322 
126 136 58 0.1629153045475288 478 
127 136 55 0.26721161712393404 1985 
128 137 48 0.1829528959903796 1785 
129 139 42 0.5425803566909304 2103 
130 139 40 0.3962947026268521 569 
131 139 41 0.7654628545753404 1415 
132 140 40 0.8074514048628869 1855 
133 140 52 0.23966283648161263 2011 
134 141 39 0.4932919165321588 1962 
135 141 56 0.8442596428996756 2206 
136 141 56 0.5071438721394361 1243 
137 142 53 0.618425656102039 954 
138 142 49 0.5803318679930966 1592 
139 144 55 0.06851740278606037 398 
140 144 49 0.3717283613182388 1783 
141 146 58 0.10968910426998585 2094 
142 150 57 0.4578026995392694 772 
143 150 56 0.5961134564271092 607 
144 152 42 0.5539151693289839 2236 
145 152 58 0.5295845696810159 1061 
146 153 45 0.010127434889358848 2225 
147 153 48 0.6394005227526323 2222 
148 153 39 0.07829529897761212 1465 
149 154 42 0.6127722422294163 1802 
150 157 57 0.3050793953157472 528 
151 157 54 0.5454042766343989 725 
152 159 42 0.41972674350706113 1091 
153 160 52 0.848320513990275 1581 
154 160 48 0.11818698554698615 262 
155 160 50 0.5495215739759209 1840 
156 161 55 0.20782568473960625 739 
157 162 58 0.8849321087957687 296 
158 164 47 0.22415139031196787 1346 
159 166 55 0.7273265065102095 304 
160 167 42 0.47709625464300914 1713 
161 170 43 0.5619974854854037 662 
162 171 40 0.42662162397790926 2029 
163 171 52 0.05975332574377895 1104 
164 172 41 0.09766874578405547 1325 
165 172 45 0.21284169556115803 670 
166 175 46 0.19367183241788022 1494 
167 176 47 0.664464419514554 787 
168 176 38 0.650100286768528 1857 
169 177 53 0.07402403499254372 1357 
170 178 50 0.5122939152260009 334 
171 179 55 0.5218743617091299 724 
172 179 57 0.0657902203778411 1949 
173 182 41 0.6469853899937104 1833 
174 183 42 0.6976863644362628 292 
175 184 41 0.2248151114157606 678 
176 185 41 0.33004003474610855 2140 
177 186 43 0.8430123262879203 855 
178 190 41 0.34306270775804004 965 
179 192 44 0.6876150755912737 1242 
180 192 41 0.4850387110586937 788 
181 195 43 0.3930490346064601 1381 
182 195 55 0.8021958922024566 1552 
183 196 44 0.34762449869271983 1162 
184 197 41 0.22384694849864595 707 
185 197 40 0.3245654074199256 1271 
186 197 45 0.7298119905534204 1806 
187 198 39 0.703951155945002 1760 
188 200 43 0.10642037572115991 1445 
189 200 58 0.7921588414982684 2211 
190 202 46 0.3280123956411309 1860 
191 202 39 0.4818929045934761 540 
192 203 39 0.5043162467383405 1918 
193 204 44 0.5474556040579012 674 
194 205 43 0.2399368125445835 1409 
195 206 50 0.2930988753223131 1933 
196 207 40 0.7546164479939165 1282 
197 208 57 0.2693245131823766 1725 
198 209 55 0.8713800703371856 1144 
199 212 51 0.38255029284046255 312 
200 213 39 0.04310410899638998 1819 
201 213 53 0.22442262444477543 1597 
202 214 58 0.5485461366041546 1496 
203 215 51 0.012850959312844922 1251 
204 215 55 0.6488982820361964 1371 
205 215 44 0.03126030112631561 1523 
206 219 49 0.2680924013736048 1090 
207 222 39 0.06557834823651185 1460 
208 224 45 0.6535794562013818 1875 
209 224 54 0.5639037688283709 2013 
210 224 44 0.5390957210760511 1715 
211 224 56 0.7057934122211406 412 
212 225 39 0.6199193735239346 1623 
213 226 49 0.3944762243995503 1543 
214 226 58 0.5610675622180418 1276 
215 227 47 0.16240775178012398 1814 
216 228 45 0.39384520076516233 1878 
217 229 58 0.8925293651860732 1997 
218 229 45 0.016971062843845683 1958 
219 230 51 0.6527704714340623 1992 
220 230 44 0.01652216139921444 606 
221 230 58 0.07583485671971038 309 
222 231 47 0.22328636893048467 583 
223 233 53 0.2520742118655503 1206 
224 234 53 0.8777528518801186 1091 
225 234 57 0.4795659388088744 819 
226 236 54 0.6528298900772233 2246 
227 237 46 0.819073227543689 937 
228 237 50 0.5726131878396116 2168 
229 237 38 0.5129083419412718 759 
230 238 48 0.7687058206679078 883 
231 239 38 0.6801344115569191 1050 
232 243 50 0.7122885008548953 721 
233 245 48 0.0580120443796558 941 
234 246 45 0.8300171706303816 1454 
235 248 41 0.3116168282094838 2193 
236 249 56 0.12985263157437535 285 
237 250 56 0.04126487289280612 1433 
238 251 45 0.5316510422785384 1882 
239 251 50 0.5558292201670693 1480 
240 251 39 0.43880549103092686 2138 
241 252 49 0.8771428643257645 829 
242 253 54 0.5492266907160964 1538 
243 254 41 0.18155237410670985 1877 
244 254 55 0.39690005377128834 1434 
245 254 39 0.5738246992118977 1188 
246 255 45 0.49539649119051504 1269 
247 255 47 0.6783117162695348 508 
248 256 50 0.18420219763249346 1791 
249 257 46 0.2604401768901901 1009 
250 258 51 0.6574313118501441 1527 
251 258 52 0.31509141377588495 736 
252 260 44 0.4904894032561881 349 
253 260 49 0.24766881961619894 1246 
254 260 58 0.43865635561260286 879 
255 262 38 0.011249735727190839 938 
256 262 43 0.06925059328820883 1469 
257 263 53 0.3846942495234471 1686 
258 265 39 0.06544775531340691 1460 
259 265 57 0.8459104869285403 1206 
260 266 41 0.45766669342957506 1188 
261 266 47 0.40948185994912956 559 
262 270 48 0.33212916043598567 1010 
263 271 46 0.8182808287292221 1816 
264 271 46 0.39198039723142203 1598 
265 273 39 0.36760587547107204 555 
266 274 46 0.3285672024283871 630 
267 274 57 0.3701409005214159 915 
268 274 44 0.805340090144122 1515 
269 274 41 0.8593382484410222 1751 
270 275 50 0.3575353933518541 2021 
271 275 38 0.27231313371404947 717 
272 275 51 0.6846891270956885 1815 
273 276 46 0.8212799637280589 1193 
274 277 46 0.5031147029262917 1657 
275 279 54 0.5362598206022801 1145 
276 279 38 0.33419537195754634 1990 
277 279 47 0.25760624742133115 2076 
278 279 58 0.22560031602194022 2028 
279 281 42 0.6852331682743962 1748 
280 282 56 0.13625055766736693 280 
281 283 46 0.35371483682056304 991 
282 283 38 0.2976394095995703 1405 
283 288 54 0.1571384482965206 1301 
284 288 56 0.44404555075698765 904 
285 289 39 0.7097773697805814 2228 
286 290 56 0.6001250240122942 354 
287 290 45 0.6227202170342765 1788 
288 291 41 0.7655628544947943 487 
289 291 49 0.8696667162089838 395 
290 297 56 0.6545377244686922 995 
291 299 45 0.13212820208366813 1159 
292 300 52 0.7181725538070193 1205 
293 300 52 0.41543965774035124 1597 
294 301 40 0.19571685522694526 1259 
295 302 38 0.6730780044222955 1189 
296 303 54 0.10705356182421208 1591 
297 304 58 0.49618478717214953 1780 
298 304 47 0.6309584443345095 1112 
299 306 51 0.3806460719848811 1442 
300 306 46 0.8990730120885584 1604 
301 306 50 0.09047684341989731 1750 
302 309 39 0.8514343708292358 1361 
303 311 47 0.8287129938451467 766 
304 312 58 0.23748170512826522 353 
305 312 52 0.11941639261276299 697 
306 313 52 0.8639224023898838 884 
307 316 38 0.8703592482576917 1642 
308 316 49 0.7482974562374354 1931 
309 320 55 0.4410670040052949 326 
310 321 46 0.8123933200052318 1565 
311 321 47 0.01622681988928808 1155 
312 324 40 0.35306500019082215 1885 
313 326 46 0.5581168953105877 2126 
314 328 57 0.2892195940859722 453 
315 329 55 0.6971255956623851 1289 
316 330 53 0.28609730432044034 1295 
317 331 40 0.35068366473734347 1571 
318 333 52 0.8795504794989399 761 
319 335 39 0.21689201455534857 624 
320 336 42 0.44904426519944685 1441 
321 338 40 0.5656617195780472 699 
322 338 46 0.6031216738780658 1338 
323 339 52 0.5832334782357461 649 
324 341 40 0.7162996386416748 1273 
325 344 42 0.7153978467210407 1448 
326 345 42 0.63900179367499 1493 
327 346 44 0.44131994669553865 444 
328 346 41 0.18798901431112203 1219 
329 347 39 0.6931330350065884 2118 
330 349 50 0.4414452744666869 1060 
331 349 43 0.4901679671046995 1653 
332 350 39 0.1654425214096108 428 
333 351 40 0.7362760118155491 1059 
334 351 44 0.1526658239670201 1074 
335 351 39 0.764912191498202 1799 
336 352 56 0.5436854678627436 1462 
337 354 49 0.7833050218429768 989 
338 356 42 0.7769640534276081 789 
339 356 58 0.3659478605598663 1599 
340 356 40 0.1928224900416224 1790 
341 357 57 0.6506168945839855 419 
342 358 49 0.08752579636001757 591 
343 360 50 0.5273815443696831 1427 
344 361 43 0.3605603295968227 278 
345 361 57 0.577455342688661 1484 
346 361 40 0.6594899879384488 278 
347 361 42 0.19511201238678624 1784 
348 361 41 0.421471572535619 1957 
349 363 39 0.3354173499391835 535 
350 364 47 0.5447612175183514 1961 
351 365 58 0.5464129540474278 803 
352 365 46 0.29686843945740315 2100 
353 365 47 0.792931898832153 1791 
354 366 38 0.36263838806045606 400 
355 367 57 0.5169982738519368 1410 
356 368 41 0.8266047902742083 664 
357 370 42 0.2972642512617539 486 
358 370 56 0.87320353569082 1264 
359 371 53 0.511106629638783 2170 
360 372 56 0.056054286772381945 894 
361 376 45 0.596070115485269 1320 
362 376 48 0.8266891839454642 697 
363 376 49 0.3177085411287076 1172 
364 377 46 0.5499146232778864 589 
365 378 46 0.4135208200614161 1130 
366 378 47 0.6778141849494523 1656 
367 379 50 0.8684283137748064 2208 
368 382 38 0.052394599997332265 2051 
369 382 43 0.4155581267344808 1840 
370 383 50 0.33155855439575027 2141 
371 384 44 0.43632513233061493 1304 
372 385 41 0.4731121559649376 374 
373 385 52 0.05220977622085707 923 
374 385 54 0.8279750794965092 744 
375 387 53 0.2765954047476039 1746 
376 391 51 0.8123730308749642 1065 
377 391 58 0.7503198839162057 875 
378 392 43 0.10416851754075522 1088 
379 394 46 0.40596347829282653 1530 
380 395 48 0.6232923728613825 917 
381 397 44 0.14483311070198512 1629 
382 397 55 0.033578868670573636 2031 
383 398 43 0.3620334195886707 1580 
384 400 40 0.05896134071123527 1330 
385 403 55 0.8203805560226268 2083 
386 404 54 0.49057984009532773 1526 
387 404 40 0.5046909009665632 1519 
388 405 44 0.061694485793190576 1068 
389 407 48 0.39557955559944746 1637 
390 410 44 0.859344941378653 869 
391 412 45 0.8216344474106452 2136 
392 413 44 0.5237845181034999 2110 
393 414 39 0.3547266622513206 2016 
394 415 45 0.47931931198860084 1609 
395 415 53 0.32410369090280305 1484 
396 415 45 0.5174623956947594 2052 
397 416 54 0.7420584776171593 1009 
398 417 51 0.8343015452475759 498 
399 418 51 0.7370379457901739 709 
400 419 48 0.6910760831505622 1122 
401 419 53 0.5980859497876062 656 
402 420 57 0.20456283607000345 967 
403 424 57 0.6128854733734606 897 
404 424 53 0.7575182506448247 2231 
405 426 52 0.09147557152302373 536 
406 431 48 0.060209121921786665 1851 
407 434 53 0.15234200690900646 574 
408 434 55 0.23554634571948577 991 
409 435 38 0.7040860719707008 883 
410 437 44 0.6225694654799139 1625 
411 437 47 0.8342330108196366 2074 
412 440 39 0.02268952388925309 762 
413 440 53 0.08335304511418466 1886 
414 440 49 0.8054354053445497 1067 
415 441 45 0.03169599012220382 1525 
416 441 55 0.3454220550978921 979 
417 441 43 0.5353200697011613 2247 
418 442 47 0.07225007760723583 1400 
419 443 54 0.867370585499976 1563 
420 444 57 0.7133024916449451 1499 
421 445 47 0.08637930658249907 1344 
422 445 42 0.06878436372557316 539 
423 447 38 0.7295102390208733 630 
424 448 38 0.8220947503399875 488 
425 448 52 0.3711085408215467 1577 
426 449 52 0.6036604252100615 1758 
427 449 48 0.24088743248210498 513 
428 451 41 0.08919063302554531 280 
429 453 39 0.8293202941564755 406 
430 453 51 0.28917485471798443 1854 
431 455 55 0.4644318935876013 1395 
432 457 44 0.3172298796038744 1392 
433 459 51 0.7975369727525788 298 
434 459 52 0.020516034231001443 322 
435 460 47 0.5459758366249362 878 
436 460 43 0.11619249239893899 1473 
437 462 55 0.5413194140094405 1414 
438 465 55 0.555239371839979 1318 
439 465 40 0.2657884308756233 934 
440 466 55 0.15390351671727492 2208 
441 469 53 0.3009335584832289 746 
442 469 51 0.8417001141642447 744 
443 470 42 0.8144197934808057 2160 
444 470 58 0.5785087303202345 1712 
445 470 44 0.2163078201464978 1718 
446 472 39 0.6349358358336591 1799 
447 472 42 0.7337048095068215 646 
448 476 38 0.3512333239581845 1623 
449 476 41 0.7322358089827528 594 
450 476 40 0.8736110318377079 1129 
451 477 53 0.3548786672385062 1967 
452 477 48 0.40750218002112776 1931 
453 478 58 0.7839121407273478 352 
454 478 45 0.6925296526665198 1025 
455 478 40 0.5781598574022682 1576 
456 479 43 0.27184652193934816 1404 
457 479 41 0.6881590512187657 2034 
458 479 47 0.7370176199073166 848 
459 481 50 0.32659783184253155 1415 
460 483 40 0.0763652638638636 1709 
461 483 57 0.8527964765695938 826 
462 484 42 0.6174065617848441 953 
463 487 52 0.7244470438018624 964 
464 488 44 0.07030730937393898 1510 
465 492 49 0.11475667736037048 1586 
466 493 38 0.5605655643825107 682 
467 495 38 0.7038887776592995 1572 
468 495 42 0.11191852529657757 978 
469 497 38 0.2710157133832526 1110 
470 497 58 0.1544983201329145 684 
471 497 40 0.29171959438435074 1730 
472 498 56 0.044995413579161474 1659 
473 500 58 0.6185956806296297 1305 
474 500 50 0.41509004176201 1378 
475 500 41 0.6876305814332884 811 
476 501 42 0.5583665642547276 1236 
477 502 43 0.8662187392560926 449 
478 503 53 0.17202031505849089 1082 
479 504 40 0.757552452017037 373 
480 504 58 0.5962387591070051 311 
481 504 44 0.33113894649449005 549 
482 504 49 0.3038461140201216 1948 
483 505 58 0.7933721258145776 1931 
484 506 39 0.8884201521144375 1008 
485 510 48 0.058215535636754676 1419 
486 511 52 0.49135941717279946 785 
487 512 56 0.2465496419169734 1170 
488 516 38 0.6624849662175388 911 
489 516 44 0.8877441417579085 1499 
490 517 43 0.4839723924431044 2239 
491 517 41 0.058847898619555014 1441 
492 520 38 0.07883620561047043 1663 
493 521 49 0.1664586931993762 693 
494 522 47 0.6443523589835884 1207 
495 524 52 0.26335451147211897 1763 
496 526 48 0.1964151339799094 1867 
497 527 42 0.02894371299391204 1914 
498 527 39 0.02696048970059757 1195 
499 527 48 0.772803785977025 1771 
500 528 48 0.3118384655272277 1564 
501 530 39 0.04724269414700804 1201 
502 532 54 0.7844864286526188 1182 
503 533 42 0.8631089956399814 931 
504 533 49 0.4358642545856819 1072 
505 534 46 0.4966274281322416 1470 
506 534 50 0.5805521727594595 927 
507 535 57 0.575813476851066 779 
508 537 39 0.5568247864781652 1725 
509 537 41 0.20907956015523319 846 
510 537 58 0.7706063844816728 756 
511 537 39 0.5881395385144119 1586 
512 539 58 0.5714482768225145 869 
513 540 46 0.2599461586212926 1464 
514 540 46 0.4015917572384552 447 
515 541 57 0.5178381620124537 907 
516 543 42 0.12785168364224425 1937 
517 544 51 0.48843726560199835 2143 
518 544 40 0.2416750078127125 483 
519 545 44 0.19609465312889987 907 
520 547 46 0.036339478447881 2228 
521 548 46 0.2914296656750318 1845 
522 549 47 0.133767114498249 458 
523 550 50 0.3563119649460521 1839 
524 550 39 0.576817306412881 1303 
525 550 46 0.3219195852253989 1428 
526 551 45 0.0188682329195652 1010 
527 554 46 0.3189668138756865 975 
528 557 42 0.3340187794841374 727 
529 558 40 0.19418273335582636 1175 
530 561 44 0.8115856219665987 1460 
531 561 46 0.6655479188642464 2120 
532 562 55 0.7029931863565939 790 
533 566 43 0.8986598141082311 1801 
534 569 40 0.1361584172705931 2082 
535 569 52 0.15230232145889597 2002 
536 569 46 0.5878288747695225 575 
537 570 54 0.8400249337609182 1330 
538 570 54 0.09731254638604021 1883 
539 571 53 0.8464825143031192 1243 
540 574 51 0.3082922026147791 2017 
541 574 54 0.44923265905672927 1065 
542 574 52 0.09585887547781677 864 
543 575 58 0.6163170268292752 1457 
544 579 39 0.32113680337414857 1602 
545 582 40 0.1534925935616501 328 
546 583 44 0.495481395855798 377 
547 583 58 0.8468806835613395 2116 
548 586 42 0.10571213484097833 1482 
549 587 43 0.3844500401731365 1829 
550 587 42 0.37777932981447593 2166 
551 588 56 0.5871060133318867 882 
552 588 43 0.6460463778881063 928 
553 594 55 0.6616505312750014 1810 
554 595 44 0.31009532821879626 1252 
555 595 44 0.8570703062568653 1577 
556 595 51 0.7736320511704339 1460 
557 596 46 0.5660131147188855 1735 
558 596 38 0.07463961029995 1879 
559 596 56 0.1069627842433714 947 
560 597 52 0.5320015149502838 1630 
561 598 57 0.5474586554715283 1967 
562 599 46 0.8209484737655928 1531 
563 601 49 0.8391546125094256 1380 
564 601 50 0.6882298702345263 2100 
565 602 40 0.6651568993259522 1286 
566 605 41 0.2619197630767992 1269 
567 605 54 0.8903004080587934 705 
568 606 45 0.19005636220765773 2168 
569 607 54 0.7141700110796727 733 
570 607 45 0.27454619768331273 1543 
571 608 58 0.43932261906539843 1365 
572 608 41 0.4231192014370802 2189 
573 609 48 0.11117477499579706 1987 
574 610 57 0.07491679086151555 2232 
575 610 47 0.19742199117130255 1992 
576 612 39 0.024105047346387243 1694 
577 612 53 0.11238036414773399 1175 
578 612 44 0.29031132787581576 305 
579 613 48 0.7826371119916524 1746 
580 613 46 0.5405642373240951 2130 
581 614 44 0.13916146322453113 366 
582 618 55 0.15050162792290392 497 
583 623 44 0.26068343247381204 1631 
584 623 58 0.21876835143862267 2135 
585 625 57 0.8800642875880291 1603 
586 626 40 0.3235811577804906 1805 
587 627 58 0.8493722707153314 422 
588 627 43 0.16128078221806338 292 
589 627 54 0.29419112821953836 1869 
590 628 49 0.07521373432247624 852 
591 629 49 0.7306331854320692 2108 
592 630 49 0.27774066622998783 1216 
593 633 42 0.47265738941219276 1757 
594 635 55 0.3561033169762813 1662 
595 636 38 0.4274750847828247 1245 
596 636 39 0.5673934075663112 1971 
597 638 55 0.8583827160903186 1164 
598 639 43 0.30925456218562686 469 
599 639 58 0.6948694178780349 992 
600 639 40 0.2922789893960534 1262 
601 639 45 0.28784240673399253 1728 
602 639 49 0.7291434342122787 1800 
603 642 56 0.6352043407106923 1311 
604 643 50 0.058667738531979846 1546 
605 644 38 0.12789630640077848 1381 
606 644 46 0.7416366621918311 490 
607 647 46 0.07067770982161375 1946 
608 648 57 0.3545478272084136 1350 
609 649 56 0.5371410956863227 362 
610 650 52 0.4141416880181145 1075 
611 651 58 0.8453014297118648 355 
612 652 53 0.057797458548464346 2109 
613 653 45 0.20672388574900363 1745 
614 654 49 0.34487909530249716 922 
615 656 47 0.8723827198008872 1329 
616 658 51 0.7871311523354776 847 
617 659 40 0.1646484168179512 896 
618 661 50 0.3571747717039384 2088 
619 661 53 0.5943164830632838 1672 
620 662 38 0.015638986465977122 1908 
621 662 51 0.7008793451332456 867 
622 663 49 0.4237300627988822 777 
623 664 41 0.22510041708421746 1191 
624 664 53 0.2448770469023171 2187 
625 665 57 0.4549481267876592 1872 
626 666 41 0.8242483719943223 1073 
627 667 45 0.8903374625855172 2242 
628 667 58 0.22832530897346198 1490 
629 667 38 0.25527466469727145 1082 
630 667 50 0.39201755470570987 356 
631 667 44 0.55592588341429 1983 
632 667 43 0.13471491273279787 391 
633 668 40 0.35223297633946576 453 
634 668 46 0.09398026082929477 650 
635 670 41 0.3506397926732354 1375 
636 671 54 0.3693604551956726 2167 
637 672 58 0.5385347548314502 1330 
638 673 41 0.15684484716067623 654 
639 674 38 0.106021034262749 2229 
640 674 57 0.32780464784975616 1815 
641 674 41 0.7997542672639288 432 
642 676 40 0.48699144558029994 916 
643 677 57 0.0772192385888163 562 
644 678 38 0.44404939644428276 1112 
645 679 57 0.7696745285454595 1186 
646 680 41 0.45820870475030173 874 
647 680 40 0.4209537256209953 1601 
648 681 38 0.8259317938799589 709 
649 682 45 0.20452919041731282 590 
650 685 57 0.08133467397458967 1933 
651 686 52 0.31709972342371756 2172 
652 687 46 0.6398067316646578 1410 
653 687 48 0.056985413254119 2122 
654 687 57 0.7176127411888173 1117 
655 687 50 0.7221604488693533 1594 
656 690 46 0.1367999922547929 1388 
657 693 47 0.8388861064828209 1057 
658 693 48 0.3877160120902437 2104 
659 694 46 0.45715938592309646 784 
660 694 57 0.057565680680642654 824 
661 695 57 0.327776227527341 1679 
662 696 38 0.09411856352748187 437 
663 698 43 0.8516384754747435 2108 
664 698 50 0.549983819923003 1364 
665 700 48 0.47532934564742135 736 
666 702 55 0.7725636077879621 458 
667 703 51 0.14857966579021895 603 
668 704 39 0.58488250907218 1361 
669 704 44 0.3881348475263752 1902 
670 704 42 0.7865989947168907 2047 
671 706 48 0.4926183135556991 1773 
672 706 55 0.6629493581575022 1882 
673 707 48 0.21192958119034364 876 
674 709 40 0.8358591055376113 1529 
675 709 53 0.1482856222877643 2034 
676 709 47 0.6661247410628559 1382 
677 709 52 0.37118154808085657 387 
678 710 57 0.5537080545484171 494 
679 710 58 0.587868236293411 657 
680 712 44 0.6941240850263923 1239 
681 712 55 0.3733185472389727 1777 
682 712 39 0.03596173729391244 372 
683 712 38 0.0957918480239109 2226 
684 713 44 0.6580565232183285 1228 
685 714 54 0.6758114233733413 570 
686 716 56 0.8856974879778708 458 
687 719 44 0.11861328006611557 1593 
688 719 39 0.35777109060840934 1124 
689 720 46 0.19787526790302318 2055 
690 720 43 0.17682742771674367 1317 
691 721 55 0.47524227802485997 993 
692 724 42 0.2328763986540292 2108 
693 725 54 0.05278048131745524 473 
694 725 47 0.8059566570214313 547 
695 726 39 0.7615797874048361 1774 
696 727 45 0.02412674400463636 2181 
697 728 58 0.7808475112974743 1518 
698 730 39 0.7398433691642479 1335 
699 730 53 0.5432710244762177 484 
700 732 44 0.4636297444710471 379 
701 733 46 0.5516187855291534 1402 
702 734 58 0.5841788618229188 1551 
703 734 45 0.7029734684422759 2080 
704 734 56 0.6669190760331516 350 
705 734 56 0.3817336469095776 1109 
706 736 40 0.4631386300641675 889 
707 738 44 0.2264073783328967 445 
708 738 41 0.6281347165678207 554 
709 740 47 0.22940684742836057 726 
710 740 57 0.46919058412740916 1509 
711 741 49 0.06945556410991818 1073 
712 744 40 0.6995800390744928 1162 
713 744 45 0.842964382416432 1994 
714 745 42 0.16873270180401115 1188 
715 747 50 0.0239983596733737 1691 
716 748 57 0.8095066950563315 819 
717 748 41 0.44197420213607724 1585 
718 748 56 0.1616664928318751 1717 
719 750 39 0.26333145496244725 2004 
720 751 41 0.1358012678521568 1992 
721 751 45 0.5686119725043202 1136 
722 751 45 0.21282354918732568 655 
723 751 52 0.8370280974502723 1275 
724 752 38 0.5388838521862638 2245 
725 753 46 0.26297864034178253 985 
726 753 47 0.429904050569379 2102 
727 753 56 0.18954078005381597 1285 
728 753 50 0.1384057803439182 2257 
729 753 47 0.25502414509630056 554 
730 756 45 0.51166123624244 558 
731 757 55 0.12490330216534426 1875 
732 757 56 0.1265905407926082 1056 
733 757 42 0.3759723074544798 344 
734 761 41 0.1325815749522917 1403 
735 761 51 0.8067484914560866 1589 
736 763 46 0.05687068739314369 261 
737 763 39 0.8719073657381168 1217 
738 763 50 0.4716203392591155 2055 
739 765 43 0.5339576061792637 1054 
740 766 46 0.8588115165082026 1563 
741 768 58 0.8461652289320647 1800 
742 768 55 0.22865311917207623 1117 
743 770 41 0.5252615251312481 486 
744 773 49 0.08260848014402039 848 
745 774 45 0.8408821840751902 655 
746 774 46 0.35264584248893716 1900 
747 775 58 0.26209325730701105 575 
748 776 48 0.10242607398340962 639 
749 776 51 0.15793745638197254 2203 
750 779 45 0.5601726771419064 2234 
751 781 47 0.8074202381662764 820 
752 781 38 0.39322719076423635 358 
753 782 41 0.22169777191518228 1637 
754 782 44 0.09688674732147014 829 
755 784 51 0.13522647402974988 1171 
756 789 54 0.2839578981312243 688 
757 791 46 0.15322512026062257 1762 
758 791 54 0.4270832627092778 373 
759 792 56 0.746282955572397 1699 
760 793 48 0.47514276005795314 1009 
761 796 48 0.13224636164570577 1727 
762 797 47 0.6459632585396425 945 
763 799 56 0.2845647858707136 655 
764 799 57 0.65002489219528 1473 
765 799 51 0.35038153369813496 832 
766 800 45 0.29782291920521764 1637 
767 800 43 0.8266819721393515 923 
768 801 44 0.3807538660570689 2210 
769 801 42 0.16576581535472118 284 
770 802 45 0.7198689013010926 1086 
771 805 40 0.4496891251515312 1076 
772 805 56 0.03710895595151649 817 
773 806 38 0.8556801596542276 346 
774 806 41 0.751736070436492 311 
775 807 49 0.4975409759779399 1490 
776 809 44 0.17724186857567753 1810 
777 809 43 0.62918863886534 1258 
778 809 49 0.7852044903181582 1952 
779 810 40 0.753460562183544 1723 
780 810 40 0.7020298331340357 1478 
781 811 47 0.7294527245043905 313 
782 811 53 0.4623893141553788 298 
783 811 40 0.12240747619936 747 
784 812 46 0.5873291319697344 1877 
785 813 53 0.6823707284959388 1982 
786 814 53 0.20455439024605934 1598 
787 815 57 0.12178963135446176 1297 
788 816 51 0.479789338280471 654 
789 817 49 0.5899824494966001 2159 
790 818 58 0.15632435275296158 505 
791 820 39 0.5415314532415834 702 
792 820 52 0.561528537957468 1381 
793 820 39 0.6697135857975263 1092 
794 822 53 0.545148854637168 1668 
795 822 39 0.06035467684475241 1973 
796 823 41 0.5981141666407265 858 
797 823 52 0.46974422369590024 2049 
798 824 38 0.8815436005596549 1050 
799 825 46 0.7895592435519424 1351 
800 827 40 0.5089438689445221 1567 
801 827 45 0.8258781672043619 1326 
802 828 38 0.5508480443380679 716 
803 829 57 0.5501587724506851 573 
804 830 42 0.6134243634970412 1444 
805 830 58 0.6865435076409225 471 
806 832 41 0.702427485668447 1766 
807 832 53 0.2710179769820884 1683 
808 833 55 0.21121815973672806 315 
809 837 48 0.4839897488731987 1821 
810 840 57 0.4831884531977962 1703 
811 843 54 0.5913644415595509 1541 
812 844 42 0.38494413938477234 1084 
813 845 45 0.5455996652681021 1947 
814 846 49 0.8642039377247025 584 
815 846 43 0.0450193110414057 1402 
816 846 48 0.10251652862838205 587 
817 848 58 0.538131646836071 560 
818 848 53 0.6128190598024756 1208 
819 848 52 0.1140802636593567 1411 
820 851 48 0.775927213373285 711 
821 852 39 0.3082364934339176 1901 
822 853 48 0.40648388902588345 983 
823 854 44 0.46025132060524254 965 
824 855 56 0.7218974667503166 646 
825 857 58 0.08292140277994163 1409 
826 858 57 0.2818301165240749 848 
827 859 39 0.14074094392188982 539 
828 860 49 0.22360407836043844 1640 
829 862 53 0.18747780944992443 748 
830 863 56 0.7213269451218874 1847 
831 864 53 0.08238625245987395 851 
832 865 54 0.6903253789061626 643 
833 866 39 0.24850835869773025 1551 
834 867 41 0.22818535916003974 2174 
835 869 43 0.8494495551257223 1658 
836 869 46 0.06942151040121473 1576 
837 870 58 0.4379478840938299 854 
838 870 42 0.5677681931798162 2255 
839 870 44 0.20049291987534953 922 
840 871 53 0.12633337894053695 759 
841 871 39 0.1661099221975261 2084 
842 871 57 0.8099649721367564 926 
843 874 41 0.22592331089435114 2169 
844 874 54 0.5804257186309085 1113 
845 875 58 0.705799562691764 796 
846 878 48 0.273070183644313 296 
847 881 50 0.12417811430788958 546 
848 882 44 0.6261433268365074 2134 
849 882 48 0.8283177865246397 1858 
850 884 42 0.5741406649055948 1487 
851 885 56 0.820932132936469 1078 
852 887 49 0.3797721511849915 2257 
853 888 56 0.6866883679857873 1665 
854 890 47 0.3200545161725373 1107 
855 890 54 0.12169177537898292 1260 
856 890 54 0.2475905240682104 633 
857 891 48 0.3381490539357476 809 
858 891 38 0.06710727274244295 2048 
859 892 38 0.6711762650559215 1329 
860 893 55 0.8040173231844422 549 
861 896 54 0.3327784321656834 1298 
862 897 38 0.18177470213741886 808 
863 898 58 0.6253654853920629 760 
864 899 49 0.8454196591812605 1178 
865 900 45 0.7632745340163677 1013 
866 900 47 0.30297813093708353 1984 
867 901 39 0.397437914283342 1176 
868 902 57 0.213140529713026 908 
869 903 48 0.1730705613309378 659 
870 903 52 0.5090927611699702 1993 
871 903 43 0.866313416462138 474 
872 903 46 0.6689101226215188 757 
873 903 42 0.758626273662799 594 
874 904 58 0.8494530795375314 1551 
875 904 39 0.4833127488939158 2236 
876 904 38 0.6524878922484145 534 
877 904 58 0.6959926509340962 322 
878 905 50 0.3200450648494119 309 
879 907 45 0.7525065867203602 1960 
880 908 45 0.18829767160186425 861 
881 910 57 0.07987441468612273 1746 
882 912 49 0.17028872589592725 682 
883 912 39 0.5376876399395615 1149 
884 915 45 0.3134353523807549 515 
885 915 58 0.20187999524046085 1592 
886 917 44 0.2837864594280345 1759 
887 918 45 0.6357130414826886 1403 
888 919 52 0.06428406493433161 1506 
889 919 45 0.3527819787798493 2193 
890 920 53 0.2906756420255559 1509 
891 920 55 0.8553758100536993 1041 
892 921 52 0.16353916673510324 322 
893 921 51 0.38134604830640645 1178 
894 922 39 0.6296100763067083 1235 
895 925 48 0.7380410673329826 1854 
896 925 53 0.8361379607554993 1393 
897 926 55 0.3676636278093331 1081 
898 927 44 0.4205744812645067 532 
899 928 41 0.5953352499987163 1594 
900 931 50 0.3491151888258677 1079 
901 932 40 0.7881525948451774 1334 
902 932 50 0.8223001901780623 706 
903 933 47 0.8452113558037503 690 
904 935 39 0.145415707779887 1603 
905 935 57 0.8603583121144078 1865 
906 936 46 0.410263152719285 361 
907 937 39 0.23276043395276425 853 
908 938 46 0.6679115848826429 344 
909 939 57 0.4685172554028261 539 
910 940 56 0.2980852251217394 1037 
911 941 47 0.050026339802598484 1727 
912 943 42 0.16912538680310793 1883 
913 943 53 0.5987255168275627 448 
914 944 38 0.6882500589395614 486 
915 946 58 0.2393275832553121 504 
916 946 55 0.7404646340943193 1493 
917 947 48 0.25499733572789535 1051 
918 949 57 0.186505291082363 447 
919 949 38 0.02999779306043937 1134 
920 950 40 0.4980047407779243 1996 
921 952 49 0.7924363864712313 434 
922 952 49 0.817625451653939 1521 
923 955 53 0.793797803248429 1535 
924 956 40 0.3805908528078086 1901 
925 957 51 0.127995525272648 1279 
926 958 43 0.666343001227104 2002 
927 958 44 0.5986731816777248 961 
928 958 53 0.02999686193345808 285 
929 960 48 0.48821298905378996 580 
930 963 52 0.7240103204986832 390 
931 966 53 0.24335345260018404 755 
932 967 43 0.889100119630519 1830 
933 969 57 0.27311025043043663 541 
934 969 41 0.08021390336219647 1374 
935 971 38 0.8222370156823323 1357 
936 971 56 0.40787459422875616 823 
937 971 49 0.23636741322238128 1133 
938 972 57 0.8847284917289683 729 
939 973 56 0.19302904072880264 269 
940 974 53 0.5881265272362138 1693 
941 975 53 0.18973278345092165 1923 
942 975 49 0.19395189099160884 1653 
943 976 41 0.31186577304437724 1878 
944 978 56 0.6760099274320753 2073 
945 978 41 0.7557284968562765 679 
946 979 58 0.2631394431106407 885 
947 979 50 0.7771959714704302 352 
948 979 58 0.09116426829593557 1108 
949 980 52 0.277133187279052 403 
950 983 44 0.22266495456227026 1893 
951 985 54 0.6598622358301198 2107 
952 986 48 0.4484646996749833 1688 
953 986 40 0.13042275242368664 1008 
954 988 41 0.18052041801909405 2119 
955 989 52 0.3274666796494133 1869 
956 990 44 0.6191471617322757 1437 
957 993 45 0.1363391541583077 1800 
958 994 40 0.12604212405651843 1211 
959 994 48 0.27460337692483827 2122 
960 995 47 0.5472429562235888 1125 
961 995 41 0.43671275640512264 1719 
962 997 55 0.13724006940234834 311 
963 998 44 0.8615672164591492 619 
964 1000 54 0.6988903298944447 528 
965 1000 40 0.2991127610952243 944 
966 1001 45 0.277365827386472 1932 
967 1001 38 0.3469499692423572 876 
968 1001 38 0.33188475142764234 2141 
969 1002 55 0.5857758401116752 1297 
970 1002 38 0.1619125399829099 1865 
971 1003 44 0.6257619410800493 2121 
972 1003 52 0.580494240037327 1270 
973 1003 47 0.205277755575436 2084 
974 1004 44 0.7770411891008692 877 
975 1005 51 0.14120568122095709 1173 
976 1007 47 0.46500987312650965 642 
977 1007 57 0.4426910205120155 902 
978 1008 46 0.012135428380805086 1660 
979 1009 40 0.895419357749158 1899 
980 1009 52 0.26793577198706403 1538 
981 1010 41 0.241352322800621 783 
982 1011 55 0.6743500714089582 644 
983 1012 52 0.0974514598965293 658 
984 1012 53 0.7536376793594618 1731 
985 1013 40 0.6725466985391747 721 
986 1015 38 0.6359565958420259 319 
987 1015 41 0.5380334648782928 955 
988 1016 46 0.8673083135708858 608 
989 1019 44 0.37159437024643627 940 
990 1020 56 0.7969775324759129 2233 
991 1020 46 0.7792254440644477 342 
992 1021 53 0.43726080938151796 534 
993 1023 56 0.7415847343552092 1780 
994 1025 54 0.40321705864075635 1166 
995 1026 57 0.1767770960146963 1890 
996 1026 58 0.8003580842960386 2188 
997 1027 55 0.29178969418026074 1880 
998 1028 58 0.5859395170621242 643 
999 1028 51 0.5274937762153868 1090 
1000 1030 49 0.021028062201963488 1205 
1001 1031 39 0.35264986673157483 902 
1002 1031 55 0.20882060134375052 1944 
1003 1031 48 0.030200221532727396 1078 
1004 1032 40 0.3945329882390356 1987 
1005 1032 42 0.18007202018911803 1928 
1006 1034 42 0.8117631040391344 1782 
1007 1038 50 0.34558913855911744 642 
1008 1039 40 0.35054474755975346 644 
1009 1043 42 0.24658907507273353 287 
1010 1044 56 0.3673918859344725 2232 
1011 1044 46 0.06335779500695005 1970 
1012 1045 53 0.8179240654185875 1166 
1013 1045 38 0.8152581028515822 2138 
1014 1046 57 0.27650184868251987 280 
1015 1049 45 0.7656758832906829 1788 
1016 1050 46 0.7518665915950626 1573 
1017 1055 47 0.8749230931795773 1813 
1018 1057 39 0.12708392723470835 1446 
1019 1058 42 0.7022815424858887 1589 
1020 1058 56 0.7199266245848653 1363 
1021 1060 51 0.8229214923068353 2030 
1022 1061 40 0.08849290258836962 610 
1023 1062 56 0.7355456440071636 2206 
1024 1062 49 0.8564094431329173 2073 
1025 1063 42 0.23373136299858574 1027 
1026 1064 45 0.012185793633353186 1190 
1027 1065 39 0.697749288685637 854 
1028 1065 58 0.20413459301774947 739 
1029 1065 38 0.2921751163367722 2157 
1030 1066 47 0.44741793463692575 711 
1031 1068 48 0.5406446356388781 598 
1032 1068 56 0.8030838675289785 1394 
1033 1068 54 0.7567790430330475 1869 
1034 1070 43 0.6406464847220027 1652 
1035 1070 49 0.28013824847310925 1391 
1036 1071 40 0.4535970420170418 523 
1037 1071 51 0.023048615596200552 711 
1038 1073 38 0.6804784611903687 352 
1039 1073 43 0.8090947170063839 609 
1040 1074 40 0.8336259777338301 508 
1041 1075 40 0.3004671344663331 433 
1042 1076 49 0.5908811134429302 2171 
1043 1077 55 0.3131356550801404 1846 
1044 1078 42 0.2983823478774022 785 
1045 1080 38 0.38629017345827743 1721 
1046 1080 40 0.7382919542773576 1569 
1047 1080 56 0.15023588903667245 1740 
1048 1080 50 0.4512123839230128 427 
1049 1081 38 0.7640014260030437 730 
1050 1081 58 0.2629085620297097 1211 
1051 1081 52 0.6635490655642339 2148 
1052 1082 55 0.6760292274529361 471 
1053 1082 53 0.8682741149308051 1964 
1054 1083 50 0.11882709946520159 761 
1055 1083 50 0.5175385993220379 1947 
1056 1083 51 0.3708441903980778 1137 
1057 1084 46 0.4406194655726708 413 
1058 1087 38 0.869702373988317 317 
1059 1087 49 0.8788978731386121 678 
1060 1089 40 0.4781408953102592 920 
1061 1089 42 0.5998132530756731 856 
1062 1090 54 0.4914953451170773 324 
1063 1090 49 0.3336963735876703 1746 
1064 1090 41 0.8369353636749356 500 
1065 1091 40 0.8113762147000878 507 
1066 1092 58 0.8087037206512367 1788 
1067 1095 44 0.7915516488178991 684 
1068 1097 40 0.16243392777084323 1911 
1069 1097 44 0.35205436612518504 474 
1070 1098 38 0.15796955869295481 960 
1071 1099 44 0.6064953789873497 757 
1072 1099 49 0.7353886154575653 2070 
1073 1104 56 0.6681992838472179 535 
1074 1104 42 0.6756007072386516 401 
1075 1105 55 0.5065146898237727 1216 
1076 1107 50 0.11260494141190171 1057 
1077 1108 47 0.8644418282351015 283 
1078 1109 48 0.19428590858490039 928 
1079 1110 47 0.448293959267053 1957 
1080 1111 38 0.5936276952628604 1542 
1081 1111 49 0.8005725316604079 1361 
1082 1111 44 0.5002193151369692 1070 
1083 1112 40 0.39503213530827913 596 
1084 1112 57 0.5618859265967433 1947 
1085 1112 58 0.3448956466560583 604 
1086 1112 51 0.04061432744653091 1926 
1087 1113 57 0.7987457156858693 437 
1088 1114 55 0.30825375503588737 1249 
1089 1115 57 0.8067020250072677 1285 
1090 1116 49 0.6303212692297978 1538 
1091 1116 55 0.23178124121737248 1962 
1092 1117 46 0.6341255368999591 1000 
1093 1117 44 0.5587446474310085 1926 
1094 1117 56 0.6858647792191487 1985 
1095 1118 56 0.82223300246189 1815 
1096 1119 52 0.2728759616992148 1230 
1097 1120 57 0.7843092966515558 1833 
1098 1120 41 0.02376042723803265 1738 
1099 1120 44 0.35355791864335284 1753 
1100 1120 40 0.1459739427346912 275 
1101 1121 47 0.16803953315463804 725 
1102 1121 55 0.4636403317122856 996 
1103 1121 41 0.1182546080140977 2078 
1104 1128 49 0.7213287815763421 1709 
1105 1128 57 0.27785387822608215 2161 
1106 1128 44 0.5993188595970917 469 
1107 1129 45 0.3155264563962602 1103 
1108 1130 51 0.3018522864773529 1057 
1109 1130 47 0.4168724974729907 419 
1110 1131 41 0.5366817500529796 1846 
1111 1134 41 0.6657079317656979 1271 
1112 1134 50 0.3456869626851473 518 
1113 1135 55 0.7014721529730594 1376 
1114 1135 55 0.10086864601725343 1992 
1115 1136 44 0.3520992754394192 2210 
1116 1137 44 0.17492856099731474 1817 
1117 1138 43 0.41540163826016246 824 
1118 1138 38 0.6427114894347107 594 
1119 1138 43 0.6610008686426225 2150 
1120 1139 50 0.6994942313667133 2040 
1121 1139 43 0.7978197814482765 1500 
1122 1139 53 0.7891768423362273 1575 
1123 1139 44 0.6000579386689789 945 
1124 1141 48 0.1426605828553623 2149 
1125 1142 52 0.5426513162778955 558 
1126 1143 51 0.34163797115880473 497 
1127 1145 54 0.3846875469965076 1241 
1128 1148 44 0.3156035622948865 1690 
1129 1149 52 0.5343086794193768 817 
1130 1150 54 0.5785795404431265 711 
1131 1150 56 0.35964735564806993 2048 
1132 1150 50 0.18675781441861666 686 
1133 1152 49 0.560991450993889 665 
1134 1153 53 0.08133281455781823 1976 
1135 1153 47 0.4124880537893623 363 
1136 1154 48 0.6678934406750944 319 
1137 1156 55 0.05365489159171156 258 
1138 1156 51 0.4430271885031324 1028 
1139 1157 49 0.8165688331891637 363 
1140 1157 53 0.8959161093399218 587 
1141 1157 43 0.06783484446603574 2223 
1142 1157 49 0.8721648748688602 1099 
1143 1158 58 0.22955874396009768 2147 
1144 1159 47 0.3337368057193581 1093 
1145 1160 50 0.4051954172242283 435 
1146 1161 38 0.1298115493513592 1949 
1147 1161 50 0.2272369318490458 1669 
1148 1162 58 0.32778715738172176 2080 
1149 1162 57 0.8190468459257411 1618 
1150 1163 50 0.5130384088645401 1843 
1151 1165 50 0.46382611188251477 1476 
1152 1166 47 0.7905654150701092 643 
1153 1168 50 0.8936458324955093 1656 
1154 1168 55 0.14723242805943462 999 
1155 1168 38 0.3546043184656484 1341 
1156 1170 57 0.8012244135404807 459 
1157 1170 48 0.7276323682868304 335 
1158 1170 38 0.25106446994335635 1425 
1159 1170 54 0.5608490135572352 937 
1160 1171 49 0.1878837757414078 2253 
1161 1173 45 0.4624158621738807 348 
1162 1175 38 0.2943752620852105 310 
1163 1175 50 0.7072262503485999 2215 
1164 1177 55 0.33585925966095237 2190 
1165 1179 57 0.5507938788179032 1162 
1166 1180 42 0.774050953935252 1695 
1167 1180 39 0.04012896376519509 1247 
1168 1182 52 0.7784838756924227 1619 
1169 1182 42 0.4159984226047443 1289 
1170 1183 53 0.4049468612526029 2160 
1171 1183 51 0.5578740893209336 1890 
1172 1184 56 0.3858365948647823 754 
1173 1185 54 0.5057014356330567 2109 
1174 1185 49 0.021756189347745918 1535 
1175 1188 58 0.3943443219333927 1132 
1176 1189 45 0.828686165672971 2017 
1177 1190 43 0.24379695029521453 727 
1178 1190 44 0.30685291487801336 2217 
1179 1192 56 0.199827942642937 1053 
1180 1192 48 0.5011993245168225 2097 
1181 1192 54 0.6869105799904826 1676 
1182 1193 38 0.7501165623771844 357 
1183 1193 46 0.38161474378683136 1689 
1184 1193 49 0.1412978869351055 1821 
1185 1193 52 0.6320844182625004 1377 
1186 1193 49 0.14176600080093554 1648 
1187 1193 38 0.28441045459744185 1059 
1188 1194 51 0.781336921655741 376 
1189 1194 51 0.616902230677943 755 
1190 1195 40 0.620150464775675 844 
1191 1197 54 0.17339126474535274 908 
1192 1197 53 0.8552895131758348 399 
1193 1198 53 0.4031080617213799 1723 
1194 1199 57 0.3777721963507901 637 
1195 1199 49 0.8140828493166147 1857 
1196 1200 42 0.7133949972829764 1861 
1197 1201 58 0.45486341147588605 756 
1198 1203 51 0.5160841577649367 1766 
1199 1204 44 0.7608598366018486 948 
1200 1205 55 0.3973557579297583 1578 
1201 1206 38 0.8331280968240138 323 
1202 1208 57 0.06958441032441778 1569 
1203 1209 46 0.2377031124600541 458 
1204 1210 55 0.4303450598101218 546 
1205 1211 38 0.1884962792003519 464 
1206 1212 48 0.052847392875001446 1952 
1207 1213 43 0.28510658707048936 1079 
1208 1216 44 0.2243009809682831 976 
1209 1220 56 0.578071047005546 968 
1210 1223 38 0.8141552671851126 341 
1211 1223 48 0.2994833447743245 1215 
1212 1224 41 0.32271512594809626 1849 
1213 1225 51 0.07916652336006169 1830 
1214 1225 45 0.6550095702949444 279 
1215 1227 40 0.4804459642831067 1051 
1216 1228 54 0.5562740217171573 1231 
1217 1228 58 0.1505011433362479 1572 
1218 1229 50 0.32151407215477873 688 
1219 1230 48 0.46648791405888645 922 
1220 1232 54 0.06314786520028533 1405 
1221 1234 52 0.5930023442272019 621 
1222 1235 39 0.7376621482676963 1986 
1223 1236 58 0.5885380216082974 1008 
1224 1240 40 0.5993945981048224 1323 
1225 1240 43 0.4541266640733992 368 
1226 1245 56 0.36544496707600466 743 
1227 1246 54 0.01957186075107458 971 
1228 1247 52 0.7977381981934999 781 
1229 1247 53 0.7642423267648615 1337 
1230 1250 50 0.760613125081051 853 
1231 1250 52 0.2300282682418789 1534 
1232 1251 46 0.380146534633364 463 
1233 1252 52 0.2530290071414911 1768 
1234 1253 38 0.09640660095163715 2015 
1235 1253 52 0.6598422938150169 541 
1236 1255 43 0.338967061233328 1644 
1237 1255 38 0.14746258872204954 1320 
1238 1256 44 0.7819779544480394 1883 
1239 1256 47 0.02767819603031891 464 
1240 1259 42 0.49731655538548486 593 
1241 1259 58 0.1380883928540208 2011 
1242 1259 51 0.2418713825256139 693 
1243 1259 50 0.6035244002568506 577 
1244 1260 46 0.797019637936451 2126 
1245 1261 52 0.12694458668676276 1417 
1246 1261 38 0.6263194119327727 1967 
1247 1262 48 0.6146069684040302 1235 
1248 1263 38 0.03144969850225814 1699 
1249 1263 48 0.8074221895997796 1042 
1250 1264 57 0.7028909274573774 796 
1251 1265 50 0.05762432066546489 1841 
1252 1265 55 0.4471615545610421 1112 
1253 1265 53 0.4867216789288231 1252 
1254 1265 53 0.24491399066326908 1406 
1255 1266 48 0.4754893911561871 2181 
1256 1266 44 0.5686204231886792 929 
1257 1266 45 0.5213309574875369 1037 
1258 1266 58 0.38091577013534594 1237 
1259 1267 39 0.8133778977479192 2158 
1260 1267 40 0.8437278757099765 1592 
1261 1268 48 0.35306275316676855 290 
1262 1269 46 0.7419508753388483 658 
1263 1269 42 0.6624517164137117 505 
1264 1270 51 0.6877396123089233 1960 
1265 1272 49 0.452654071672699 2020 
1266 1273 54 0.1437506296117157 1176 
1267 1274 42 0.7047652906052133 1055 
1268 1278 57 0.11778624332962412 1641 
1269 1278 51 0.5326073906363674 2058 
1270 1278 39 0.5689994362157421 1130 
1271 1278 42 0.5120197349283041 1819 
1272 1279 48 0.16808991394548592 1482 
1273 1281 57 0.7825225205919584 597 
1274 1281 52 0.8101044902402049 1984 
1275 1281 38 0.767849491139149 1228 
1276 1281 52 0.1680189961406884 909 
1277 1281 47 0.14610016247753596 1273 
1278 1283 52 0.8241057751630124 495 
1279 1286 55 0.8974946267725822 1192 
1280 1286 52 0.8623680003151308 642 
1281 1288 50 0.6155155801786372 1472 
1282 1289 48 0.07601908962755466 1377 
1283 1291 55 0.3195581678963635 2201 
1284 1291 41 0.06689135635444003 2205 
1285 1292 52 0.8211425944120165 1058 
1286 1293 46 0.5826437775285079 848 
1287 1294 41 0.09467183638317082 964 
1288 1296 39 0.754791758644312 1987 
1289 1296 57 0.6876476227881956 2122 
1290 1297 53 0.15683516746489626 1726 
1291 1300 41 0.21667472402835591 1291 
1292 1302 49 0.2863222763913069 1277 
1293 1303 39 0.3102782272375352 2114 
1294 1304 56 0.012193623633774856 1088 
1295 1304 53 0.12489655356145812 1700 
1296 1306 46 0.2839597505803996 1326 
1297 1306 58 0.10356045009762836 2182 
1298 1306 53 0.8834548902787901 1306 
1299 1307 39 0.7219042784993551 770 
1300 1308 52 0.3508452083711056 701 
1301 1310 38 0.5722571629434783 1718 
1302 1310 58 0.8444904811720075 1495 
1303 1311 44 0.2340933937798257 566 
1304 1311 54 0.8728490056566905 514 
1305 1311 38 0.024271780941648047 1553 
1306 1313 46 0.7917948825769248 792 
1307 1314 38 0.06506457575540392 1163 
1308 1315 54 0.4645470799941319 707 
1309 1315 38 0.39662763780413335 364 
1310 1316 48 0.04660498002448119 2149 
1311 1318 53 0.15098839307132678 459 
1312 1318 39 0.3271304315984737 776 
1313 1319 41 0.8293452232998911 2166 
1314 1319 40 0.35882296758360926 824 
1315 1320 57 0.6944110335634646 996 
1316 1323 50 0.7195276501330778 1878 
1317 1325 38 0.8922269330217152 388 
1318 1326 46 0.7301160165387944 1747 
1319 1326 49 0.4347263577948976 2232 
1320 1326 57 0.7428907946746448 741 
1321 1326 38 0.5798249384857262 723 
1322 1327 56 0.8842589158792215 1533 
1323 1329 58 0.7134634311846489 899 
1324 1329 56 0.7393801209849656 585 
1325 1330 39 0.5299976852333435 1970 
1326 1332 43 0.2707597098448566 757 
1327 1333 52 0.2218505439083528 835 
1328 1333 41 0.3846220708029831 2230 
1329 1335 41 0.8232232982011696 1805 
1330 1337 39 0.8510961321093731 504 
1331 1337 48 0.6434141690211853 1611 
1332 1342 46 0.6711007530463923 1965 
1333 1342 41 0.4376760692684891 1563 
1334 1342 51 0.32197759970452333 699 
1335 1343 45 0.18511003029433673 1816 
1336 1344 41 0.38762374850884623 393 
1337 1346 47 0.755948241104353 619 
1338 1346 51 0.8047611412875796 2206 
1339 1346 56 0.38404045396847925 1348 
1340 1349 53 0.5376301961318676 1017 
1341 1350 47 0.8867447310235225 1811 
1342 1351 43 0.388292908120078 1148 
1343 1351 39 0.454444542056752 2010 
1344 1351 40 0.3293504178828315 1629 
1345 1352 40 0.22718602568118457 1369 
1346 1353 45 0.6428651848066665 402 
1347 1353 40 0.14867054620145181 1317 
1348 1356 40 0.6223292585438469 1240 
1349 1358 58 0.7645532391958216 1304 
1350 1359 44 0.5323628111391362 2068 
1351 1360 55 0.3491081731789768 327 
1352 1360 38 0.5949591294710297 1593 
1353 1361 53 0.13447020923510647 2025 
1354 1361 55 0.3320365618864702 1051 
1355 1365 48 0.05361273993004205 771 
1356 1368 41 0.628330029757232 371 
1357 1368 38 0.8515639456208287 1406 
1358 1369 51 0.7471660612051584 1759 
1359 1369 45 0.7067438085872447 633 
1360 1372 47 0.7060287141408846 329 
1361 1373 52 0.10713670013455849 1361 
1362 1376 56 0.769637420157597 567 
1363 1378 42 0.7112570491429189 2005 
1364 1378 41 0.1372633995418595 1796 
1365 1379 46 0.2674609990532828 1855 
1366 1380 38 0.3515758461821274 1755 
1367 1381 51 0.23168868249468513 1274 
1368 1381 49 0.7705272492803952 939 
1369 1382 46 0.7545184761723778 1488 
1370 1384 57 0.03146770354524507 661 
1371 1385 49 0.7237020536794954 2212 
1372 1386 50 0.5366114111003644 1309 
1373 1386 41 0.7474080810821904 373 
1374 1387 40 0.441515376599614 986 
1375 1390 50 0.3310863875003241 1241 
1376 1391 38 0.1252599327863108 722 
1377 1393 55 0.39638837261504967 1359 
1378 1398 58 0.7624853339117208 287 
1379 1400 49 0.7360245200195423 1516 
1380 1400 44 0.07408033095666829 532 
1381 1400 41 0.5517780469680061 1509 
1382 1402 42 0.25516349575322816 746 
1383 1403 45 0.28891399950246616 761 
1384 1403 42 0.09489666484386236 1553 
1385 1405 48 0.6712234551256732 1146 
1386 1406 58 0.025819899489345932 1252 
1387 1407 46 0.0948889762982014 2177 
1388 1407 46 0.7547111227414055 1074 
1389 1407 54 0.2491189477687062 1686 
1390 1408 48 0.7192431053788231 326 
1391 1409 45 0.63091889228397 1168 
1392 1411 57 0.8610017522062943 1237 
1393 1412 41 0.8704410341082345 759 
1394 1413 41 0.18654758133790877 364 
1395 1414 57 0.8468413133387591 2092 
1396 1414 42 0.056225116313832785 445 
1397 1415 38 0.3840494775956711 922 
1398 1416 46 0.13506253599063456 1196 
1399 1416 50 0.5235664637351968 2175 
1400 1417 50 0.26045693399584186 617 
1401 1418 42 0.6734246680908067 1042 
1402 1418 44 0.30595313299035576 270 
1403 1418 50 0.19135005359532803 405 
1404 1418 47 0.6747480389975843 840 
1405 1419 54 0.8367582611799 1635 
1406 1420 38 0.3674073408263512 1149 
1407 1421 58 0.8241951263500568 1368 
1408 1422 57 0.11656671308532501 1836 
1409 1423 40 0.18108979578305115 387 
1410 1424 40 0.5629128244331889 570 
1411 1425 45 0.8213230037844779 2176 
1412 1426 50 0.4138508410312883 1966 
1413 1430 39 0.5264174262522017 2191 
1414 1433 40 0.505528089249401 1934 
1415 1433 57 0.6813275846426685 2037 
1416 1434 42 0.23355602659629138 2047 
1417 1435 48 0.515085815297178 309 
1418 1436 47 0.6969089887170133 945 
1419 1437 42 0.4461812625361425 1447 
1420 1442 56 0.2863397082321693 598 
1421 1443 47 0.4597562784763212 491 
1422 1446 47 0.13910617241663303 1593 
1423 1449 42 0.042224348783256094 333 
1424 1450 56 0.7403278367094295 1745 
1425 1452 56 0.6335132116934599 652 
1426 1452 52 0.4987553639954361 1205 
1427 1452 39 0.11621090506365611 1153 
1428 1453 40 0.568317419913569 405 
1429 1455 51 0.5553461871325839 1084 
1430 1461 55 0.07954651757034004 1618 
1431 1461 39 0.45022123188193186 1209 
1432 1461 42 0.3501221303587176 735 
1433 1462 42 0.7593298583216799 1987 
1434 1462 40 0.4368949604889973 471 
1435 1463 39 0.2589395027219669 676 
1436 1468 54 0.6149312602508522 1311 
1437 1468 39 0.01742056577476564 859 
1438 1471 50 0.1409994515417802 313 
1439 1471 38 0.6510653078574633 1900 
1440 1473 38 0.603451790774915 1883 
1441 1473 54 0.5384040590315585 977 
1442 1474 48 0.1043666966103775 968 
1443 1474 48 0.8865389984900144 479 
1444 1474 56 0.7035841319901301 1746 
1445 1474 43 0.8470866513455669 1446 
1446 1475 43 0.17588669374748012 753 
1447 1476 46 0.021815286891169218 1991 
1448 1476 44 0.25168717242687316 673 
1449 1477 57 0.06888989499738714 701 
1450 1477 41 0.11561527549896744 732 
1451 1477 49 0.7662346522961259 2010 
1452 1478 44 0.7038140409253691 689 
1453 1478 40 0.7270993486783798 2219 
1454 1479 54 0.11808048841454734 278 
1455 1480 44 0.2324438887666178 1359 
1456 1481 57 0.6937278072192078 570 
1457 1481 58 0.5163272080673387 1281 
1458 1482 46 0.16852205759836905 596 
1459 1483 50 0.8378048497449229 1009 
1460 1483 51 0.03321024338877525 1357 
1461 1484 46 0.601818156532799 1957 
1462 1485 46 0.5948458228055301 1156 
1463 1485 48 0.12532446543457568 850 
1464 1487 52 0.688973313729816 1172 
1465 1487 46 0.43029370872359846 2011 
1466 1488 50 0.042145656106699396 569 
1467 1489 52 0.7195602683824135 1214 
1468 1490 56 0.27716121298018204 1509 
1469 1490 51 0.02563233456630904 1676 
1470 1490 44 0.568354766226666 1723 
1471 1491 52 0.3364210744516107 1260 
1472 1491 44 0.8027384269395049 701 
1473 1492 55 0.8325229706482293 1424 
1474 1496 53 0.05520937945963915 997 
1475 1496 40 0.38383421198300566 1806 
1476 1496 50 0.02847106529615559 672 
1477 1497 50 0.016092363572591303 683 
1478 1499 39 0.4500648604534219 497 
1479 1500 52 0.347310835957008 454 
1480 1500 54 0.5787331345241067 1256 
1481 1502 57 0.3975779493649078 2078 
1482 1504 55 0.7091590417897535 753 
1483 1504 39 0.18752259338531696 604 
1484 1505 57 0.6972170075972737 977 
1485 1506 54 0.8896325177180271 1309 
1486 1506 54 0.04070020536793327 481 
1487 1508 49 0.2936865767021403 1150 
1488 1508 54 0.8551917055665492 838 
1489 1508 54 0.5538909624745115 434 
1490 1509 38 0.6352540992646645 1314 
1491 1511 40 0.20748434576695765 1710 
1492 1511 46 0.5834140586891036 1721 
1493 1511 50 0.2828712919779563 1798 
1494 1512 46 0.3410684686669645 1074 
1495 1512 38 0.8182885502677973 1493 
1496 1513 51 0.41113213797465425 1818 
1497 1514 53 0.5041796773469743 431 
1498 1515 48 0.10946583079833597 1893 
1499 1516 43 0.15014460213768205 1548 
1500 1517 42 0.8966759805874295 750 
1501 1518 44 0.6265994958488461 825 
1502 1519 50 0.5137025592260815 1123 
1503 1520 53 0.09576977581636195 751 
1504 1522 53 0.7518525304813367 1892 
1505 1522 40 0.8082636644598998 1566 
1506 1522 46 0.1665937712123083 810 
1507 1522 39 0.04215634986095156 2100 
1508 1524 54 0.4868159119427025 412 
1509 1526 43 0.05117341284590073 1842 
1510 1526 57 0.3437344862119779 2009 
1511 1527 46 0.5895238824017356 1504 
1512 1527 38 0.8673942021591039 1083 
1513 1529 44 0.5646445728995159 835 
1514 1529 46 0.45699805639087854 1755 
1515 1529 41 0.5749876707518685 766 
1516 1530 56 0.5337992521358276 1985 
1517 1531 43 0.08285043770752301 363 
1518 1532 45 0.8623934929220678 1645 
1519 1532 38 0.6921116174576845 1954 
1520 1533 38 0.18325881030705893 910 
1521 1533 58 0.5801873950365491 1921 
1522 1534 39 0.4608860778525408 627 
1523 1534 39 0.4313530973097773 1288 
1524 1535 46 0.17504500025633357 1544 
1525 1535 39 0.1850586465593745 2097 
1526 1537 51 0.8044116386015379 1117 
1527 1537 47 0.029260371334147314 834 
1528 1540 52 0.5785849831433808 657 
1529 1542 43 0.5459090909114568 1398 
1530 1542 40 0.3108460897706505 2238 
1531 1543 46 0.6204026696546399 1832 
1532 1543 53 0.6865178771555164 1665 
1533 1543 50 0.8140627207989608 338 
1534 1545 49 0.8604918938058479 1927 
1535 1546 38 0.22146098321395072 681 
1536 1546 48 0.3477442966617619 961 
1537 1548 58 0.43562698379856457 537 
1538 1548 45 0.2392937296713766 1554 
1539 1548 54 0.4419588082680428 671 
1540 1549 49 0.5854129489052883 1619 
1541 1549 39 0.39874541263249025 736 
1542 1551 53 0.03466558995857329 2191 
1543 1552 42 0.4379985377746396 509 
1544 1553 49 0.03445752475212653 1107 
1545 1556 45 0.21542786319969878 883 
1546 1556 45 0.33952872476511314 1627 
1547 1559 57 0.4800059061509554 1050 
1548 1560 38 0.7676059395422455 2132 
1549 1561 39 0.40278632855541197 1871 
1550 1562 41 0.5683943537233838 1674 
1551 1563 45 0.17081580130793292 1042 
1552 1564 48 0.6868730258289563 1592 
1553 1564 51 0.17128486799555914 1355 
1554 1564 42 0.10933109263337164 1623 
1555 1565 53 0.15521047404579186 714 
1556 1566 44 0.7028780854804271 674 
1557 1566 54 0.5151107848541234 407 
1558 1566 47 0.5040418189153425 1179 
1559 1568 51 0.387080968802575 1187 
1560 1569 45 0.6648188417811808 1988 
1561 1569 49 0.5666964369497599 1707 
1562 1569 51 0.047057821172620314 1078 
1563 1571 44 0.28741947575000565 525 
1564 1571 55 0.7057974799979614 1271 
1565 1572 47 0.213145293301577 2105 
1566 1573 40 0.3760727956627372 1969 
1567 1574 41 0.2366570255854135 364 
1568 1575 42 0.700899682487167 1395 
1569 1576 44 0.46679480482273533 1183 
1570 1577 57 0.41532036287828156 2256 
1571 1581 55 0.8797872631231486 1739 
1572 1581 48 0.3749660671305809 1610 
1573 1582 39 0.8078160202363095 758 
1574 1583 55 0.2057213120028405 1761 
1575 1584 39 0.4455761100011784 838 
1576 1585 45 0.402295804136969 389 
1577 1585 57 0.7404733778566652 1210 
1578 1585 52 0.30223485534648853 894 
1579 1587 50 0.05571596375172619 2051 
1580 1588 56 0.42101969108086545 1686 
1581 1590 57 0.29057786664206486 1583 
1582 1591 47 0.06848318375019476 1313 
1583 1591 46 0.4783205702791623 1898 
1584 1592 44 0.3040213473904091 1799 
1585 1593 46 0.6016748932689235 733 
1586 1594 50 0.09471302755991241 2019 
1587 1595 42 0.8021132231507164 511 
1588 1598 43 0.6238501659037169 1669 
1589 1598 54 0.18583487259408465 2141 
1590 1599 50 0.6403984066607408 1216 
1591 1600 42 0.5116998883156272 1659 
1592 1600 53 0.7395220611331996 1557 
1593 1601 56 0.5694095651084868 1554 
1594 1601 54 0.016893006188934356 1316 
1595 1601 55 0.4422264330172295 579 
1596 1601 41 0.4575089830455729 1385 
1597 1607 58 0.36356393459829356 1033 
1598 1608 49 0.23211698262961386 944 
1599 1609 41 0.5692463227812566 2157 
1600 1610 47 0.02897580876731247 1715 
1601 1612 39 0.014698549000462104 2192 
1602 1612 53 0.8874669494017595 547 
1603 1613 45 0.6426685288075654 1550 
1604 1614 44 0.8586751983910281 1558 
1605 1616 53 0.013777099097769765 868 
1606 1617 43 0.24692891479577525 886 
1607 1618 52 0.8413326807525325 2239 
1608 1619 43 0.06586397050961387 2022 
1609 1621 50 0.599515700399013 1216 
1610 1622 46 0.1807962570362313 975 
1611 1622 41 0.058743044791858906 271 
1612 1623 56 0.8940791638048794 686 
1613 1623 46 0.18661190498150984 1961 
1614 1623 49 0.47713358330863537 1740 
1615 1624 47 0.4452004747178412 1359 
1616 1625 48 0.7490563385577161 1973 
1617 1625 56 0.18873633703206988 1313 
1618 1625 42 0.7730866985652841 760 
1619 1626 49 0.050500738922405385 1833 
1620 1626 53 0.4610618128939781 472 
1621 1627 49 0.4813531642692166 361 
1622 1630 43 0.6677958610808915 1659 
1623 1630 44 0.2919029368368913 1013 
1624 1631 44 0.4060582508019187 2108 
1625 1634 55 0.31627364728785773 273 
1626 1634 47 0.6765067878822222 1063 
1627 1636 58 0.5033371716083761 1294 
1628 1636 41 0.40974585237506156 744 
1629 1636 53 0.49999625898568323 1775 
1630 1637 52 0.40967358194306613 1060 
1631 1637 51 0.5344055390002231 959 
1632 1638 48 0.6010211609361047 1384 
1633 1639 43 0.02591158914236187 1557 
1634 1641 52 0.6565342535782962 1891 
1635 1642 43 0.0853504338326485 1107 
1636 1643 51 0.331413125880772 795 
1637 1648 54 0.4115661422537269 1133 
1638 1649 41 0.42680381699673475 1278 
1639 1650 51 0.13212569160853266 815 
1640 1652 42 0.7297223709178187 617 
1641 1654 50 0.7735077385988147 1765 
1642 1656 58 0.43674380108461663 1499 
1643 1658 42 0.4318407593041269 1726 
1644 1658 45 0.3691308123908678 900 
1645 1666 40 0.4512937842846204 1296 
1646 1669 44 0.012998294670838474 1914 
1647 1669 45 0.29786034200551226 799 
1648 1671 56 0.46713068802768115 1274 
1649 1673 55 0.7264091390487417 540 
1650 1675 43 0.6719547344315588 2211 
1651 1677 52 0.32981181185984854 1075 
1652 1679 54 0.3070555213510584 1372 
1653 1679 56 0.03037093548908619 925 
1654 1680 41 0.28688662542455967 433 
1655 1681 46 0.4992123825480907 2111 
1656 1682 55 0.7009184302190634 1554 
1657 1682 46 0.226959423099896 1540 
1658 1684 47 0.8267119865558873 821 
1659 1684 54 0.5775492449123315 755 
1660 1684 52 0.40282968544440706 1757 
1661 1685 46 0.6583272676537917 780 
1662 1687 45 0.471241646840714 1979 
1663 1688 49 0.6789480291121274 810 
1664 1688 42 0.2429287659768329 1906 
1665 1693 40 0.6488839127132917 830 
1666 1694 57 0.08050209373225548 1638 
1667 1696 39 0.8980902833944586 1017 
1668 1697 52 0.25218331158330554 1630 
1669 1697 38 0.1804456765319435 1828 
1670 1697 46 0.5389474251162033 1581 
1671 1698 54 0.33158959741721294 1754 
1672 1698 57 0.7559800135200151 1554 
1673 1698 58 0.5802081108060861 1516 
1674 1698 55 0.7723428854548726 272 
1675 1699 39 0.2692636491616678 459 
1676 1699 58 0.0667265966171858 1712 
1677 1701 47 0.737596395214257 931 
1678 1702 49 0.1401022069549369 690 
1679 1707 50 0.4273492480155653 1347 
1680 1708 39 0.04892164333464169 1873 
1681 1709 41 0.1211961546099234 2087 
1682 1709 41 0.026976537314646186 1400 
1683 1709 53 0.6419262935569224 708 
1684 1710 49 0.4341463038791029 1650 
1685 1710 44 0.025318196709699158 2104 
1686 1710 56 0.8083544960970617 876 
1687 1711 38 0.564642931034112 562 
1688 1711 42 0.020143450380186882 1807 
1689 1711 56 0.058085125035909825 2239 
1690 1711 45 0.8572538504744108 947 
1691 1712 48 0.8083302836807065 662 
1692 1712 46 0.7182476345887262 1970 
1693 1713 49 0.2610470787023503 924 
1694 1714 45 0.5534505437338479 1118 
1695 1714 52 0.8755191534513189 2217 
1696 1714 44 0.8402455729286935 609 
1697 1716 53 0.16141389101425155 419 
1698 1717 45 0.7337668100060659 771 
1699 1717 46 0.120896774393344 409 
1700 1718 50 0.14230592011030258 1886 
1701 1718 50 0.5727869540649971 912 
1702 1720 54 0.38363299108452903 1456 
1703 1720 56 0.36090217645056194 2119 
1704 1722 38 0.5881506123216752 1035 
1705 1722 45 0.6475668667988222 918 
1706 1723 50 0.036512058366962086 2064 
1707 1723 56 0.8039559368418021 731 
1708 1725 42 0.431209508730864 1551 
1709 1725 50 0.6617257593661371 1180 
1710 1726 43 0.2139092977543974 1271 
1711 1726 50 0.16452327098163078 670 
1712 1727 47 0.54841202650298 474 
1713 1728 45 0.7870172304134547 609 
1714 1729 48 0.7254257013479827 788 
1715 1729 50 0.8802219445625307 1823 
1716 1730 43 0.6100662051420563 1841 
1717 1731 49 0.5430820942249609 1049 
1718 1731 45 0.6832133452573976 445 
1719 1731 54 0.14963090359536343 729 
1720 1732 43 0.7452187319287559 325 
1721 1732 49 0.7153356901236665 1661 
1722 1732 41 0.8390176056515433 2110 
1723 1735 57 0.6199633739264522 1584 
1724 1736 49 0.2250313666108389 1073 
1725 1737 41 0.08967670083917753 2075 
1726 1740 43 0.16424327382868867 1757 
1727 1740 44 0.5027137814106414 547 
1728 1742 53 0.199326517014381 999 
1729 1743 54 0.6817768830420107 375 
1730 1743 54 0.4450513713970475 627 
1731 1745 39 0.28288826703987313 1818 
1732 1745 44 0.5972326469240433 1518 
1733 1745 40 0.18005662144728546 2072 
1734 1745 46 0.031344913174334264 1891 
1735 1746 46 0.1903349959424992 1891 
1736 1747 48 0.6136889419709771 1315 
1737 1749 51 0.6771728579247216 1320 
1738 1750 53 0.21460774117937714 712 
1739 1751 44 0.10744109688237287 559 
1740 1756 48 0.6685102144754035 383 
1741 1756 45 0.7693188510995664 1066 
1742 1756 50 0.4480649584548454 397 
1743 1757 42 0.6348304952005035 546 
1744 1757 41 0.5023979870011264 1970 
1745 1759 49 0.3860063816959981 1828 
1746 1760 52 0.7709276431319148 1420 
1747 1760 52 0.812737218925035 1518 
1748 1761 52 0.4301177857806989 2244 
1749 1762 46 0.5158862027736056 687 
1750 1764 54 0.370255658241789 1712 
1751 1766 53 0.2932608827599415 1973 
1752 1766 38 0.16899148115934867 549 
1753 1767 50 0.6967971629623498 1462 
1754 1767 53 0.27935982554063227 2118 
1755 1769 46 0.6118923138172079 1753 
1756 1771 45 0.7620406367245824 1503 
1757 1774 51 0.18425447451431304 423 
1758 1774 43 0.5020626680655047 807 
1759 1779 54 0.5550781564783991 1606 
1760 1779 51 0.5900573837366374 769 
1761 1779 56 0.7964740600477898 1542 
1762 1781 41 0.5151044263704875 1022 
1763 1781 43 0.05359906425984215 1814 
1764 1781 50 0.6438850626801731 1504 
1765 1784 56 0.7126624037485035 1907 
1766 1786 44 0.7923868704339998 1236 
1767 1787 57 0.03386041739587882 2037 
1768 1787 47 0.18293889165503469 699 
1769 1790 46 0.6622388470797654 565 
1770 1791 38 0.7931002546306241 2184 
1771 1793 39 0.23562689050014718 1836 
1772 1793 48 0.2876144686870187 1742 
1773 1793 53 0.21458352070821712 1689 
1774 1794 42 0.5646607927480423 1916 
1775 1796 56 0.45669771342205767 2234 
1776 1797 42 0.6794796511189521 2025 
1777 1798 41 0.06286206580524872 283 
1778 1799 54 0.14638127933383777 594 
1779 1800 52 0.5989396258938967 1799 
1780 1801 58 0.6229894000321756 1510 
1781 1802 41 0.125255159229218 1794 
1782 1802 51 0.39022497989844407 1001 
1783 1802 48 0.610289837208685 1995 
1784 1803 49 0.2226046185298857 775 
1785 1806 46 0.7126410456108275 783 
1786 1809 52 0.02409534686153552 294 
1787 1809 57 0.33644797450030334 1022 
1788 1810 53 0.02887064446525619 482 
1789 1811 55 0.7315825869146636 688 
1790 1812 49 0.4910536306966022 507 
1791 1813 44 0.21390377878217828 411 
1792 1813 43 0.6823955438767079 1504 
1793 1814 42 0.6253418745961621 2239 
1794 1815 39 0.7127551418717165 2216 
1795 1816 55 0.21466904545398707 585 
1796 1816 51 0.8910435590521635 1452 
1797 1817 51 0.5748396845613903 2024 
1798 1817 54 0.4290041624176453 483 
1799 1817 43 0.015317809017925996 540 
1800 1818 57 0.8017156648782957 1828 
1801 1818 45 0.6360903384081878 835 
1802 1820 46 0.8788475965319774 1652 
1803 1820 58 0.6253709400003697 1159 
1804 1820 49 0.07031268787408032 1964 
1805 1824 54 0.8045546791387849 1116 
1806 1825 53 0.67501617369137 643 
1807 1825 55 0.7276444100786849 657 
1808 1826 54 0.09489416339522976 1740 
1809 1827 38 0.41862441466894607 309 
1810 1827 46 0.30637547304158913 364 
1811 1830 42 0.4873628313335357 1222 
1812 1830 49 0.26811546759802185 2254 
1813 1830 49 0.326587775125505 890 
1814 1835 51 0.5046765108902453 683 
1815 1835 48 0.0770289622210833 260 
1816 1836 41 0.8169151675223424 2087 
1817 1837 52 0.5005707159333034 1633 
1818 1838 48 0.39989865791386353 1517 
1819 1838 51 0.7228056011180808 1545 
1820 1840 52 0.67316680683768 908 
1821 1840 52 0.33616591458438994 1544 
1822 1840 47 0.5046815532389795 2172 
1823 1840 42 0.873580541977459 534 
1824 1841 51 0.6936934732307497 1631 
1825 1842 50 0.8962441878801238 290 
1826 1843 51 0.7508090732169914 1658 
1827 1844 39 0.4034282182917568 1479 
1828 1844 42 0.06760828339720294 1161 
1829 1844 46 0.5376620757610794 1794 
1830 1845 43 0.8908989377064848 2216 
1831 1846 45 0.6318268647931373 750 
1832 1847 54 0.2536496983469406 704 
1833 1847 51 0.27678546108702673 789 
1834 1848 53 0.47751679986010465 1431 
1835 1849 52 0.8638366295415802 599 
1836 1850 43 0.8377272648273546 777 
1837 1850 56 0.3680854155164424 332 
1838 1852 54 0.297162343731974 1865 
1839 1853 54 0.8266475776532837 1199 
1840 1855 50 0.8428622385749611 1913 
1841 1855 57 0.04876466854528074 1211 
1842 1857 40 0.21046753694185105 817 
1843 1859 48 0.8865799407407615 1754 
1844 1862 45 0.3204456870707224 932 
1845 1864 44 0.8448559070586016 1562 
1846 1865 54 0.7164026994650333 2067 
1847 1865 40 0.5419366361722011 1648 
1848 1865 52 0.7386257773800221 1454 
1849 1868 48 0.6997405913431868 507 
1850 1869 57 0.4265529042235829 817 
1851 1869 48 0.1970942916745898 1709 
1852 1870 45 0.6938969894692824 333 
1853 1871 58 0.3372637550382173 662 
1854 1871 54 0.08230874706458709 1392 
1855 1872 49 0.3475895607974235 870 
1856 1872 39 0.4579231909495105 1821 
1857 1873 43 0.37158376985425084 1299 
1858 1873 43 0.858633308486944 1367 
1859 1874 48 0.5133639482128928 1151 
1860 1874 38 0.4757875466394617 1477 
1861 1875 38 0.017645682811735876 513 
1862 1876 44 0.6459820792514547 794 
1863 1877 45 0.02765938192974758 1450 
1864 1878 55 0.41132667371389914 894 
1865 1879 39 0.10870171485391313 1891 
1866 1879 38 0.15023389841178827 1117 
1867 1879 48 0.8229694276915341 1746 
1868 1882 48 0.6449656798059504 2211 
1869 1883 52 0.6836092406602939 2028 
1870 1884 57 0.8759921681133817 934 
1871 1884 57 0.5822344601883944 1235 
1872 1884 42 0.5687989384908778 1571 
1873 1884 41 0.1759208534837651 822 
1874 1884 45 0.5598448768866198 430 
1875 1885 56 0.7442912609072777 262 
1876 1887 54 0.4307379850735835 412 
1877 1887 44 0.08566652042091749 396 
1878 1888 52 0.2804480187441433 602 
1879 1889 46 0.8202926664320397 1374 
1880 1890 51 0.5931987017871972 371 
1881 1893 46 0.6234513822570095 1881 
1882 1897 58 0.04916840154185007 647 
1883 1901 53 0.5918172897833224 2084 
1884 1901 43 0.7154532089246967 818 
1885 1901 40 0.7149592024126229 1719 
1886 1901 48 0.4898012826596294 1785 
1887 1902 53 0.43167487535716986 1321 
1888 1903 55 0.8386450161913618 1544 
1889 1903 55 0.5386376085943059 1020 
1890 1903 39 0.893569761423279 2251 
1891 1904 49 0.50387649982261 1903 
1892 1905 45 0.5953578437020483 772 
1893 1906 42 0.8472534098367183 439 
1894 1907 46 0.46161726631189814 679 
1895 1908 47 0.4531093713705942 1907 
1896 1909 57 0.6588503350396634 715 
1897 1911 57 0.5352430241176833 981 
1898 1912 51 0.6391244110367573 750 
1899 1913 49 0.06895297448141234 315 
1900 1915 52 0.36673572954408146 444 
1901 1917 49 0.7659598067359383 686 
1902 1919 39 0.05671277829002275 755 
1903 1920 48 0.16932814487841147 1885 
1904 1920 40 0.7042132153083983 1564 
1905 1921 54 0.8689889292827175 1637 
1906 1921 49 0.2096693247212457 454 
1907 1921 45 0.01401250040944749 260 
1908 1921 43 0.6234664075273889 2166 
1909 1922 56 0.5684201493205536 1166 
1910 1923 58 0.032683097008469525 1846 
1911 1925 53 0.6503387296902784 1829 
1912 1925 39 0.8459958458101193 1715 
1913 1927 58 0.7837225531839069 2140 
1914 1927 54 0.06859032802428452 843 
1915 1928 38 0.7373943032930979 1714 
1916 1929 49 0.12026384967916323 609 
1917 1931 54 0.4924284074475352 1154 
1918 1932 42 0.5184887657361008 923 
1919 1935 46 0.3114097903431392 618 
1920 1937 44 0.06071010047955592 1982 
1921 1937 55 0.6710972797465642 2030 
1922 1937 53 0.10207020747402142 1312 
1923 1938 46 0.2914122867081646 1904 
1924 1938 57 0.7183577525798508 1758 
1925 1940 40 0.6033495664947479 2246 
1926 1941 54 0.0884260088987042 1574 
1927 1941 52 0.6530963059545347 1294 
1928 1943 48 0.47883929835812733 984 
1929 1943 43 0.4184025684353371 687 
1930 1944 58 0.14622355976553617 439 
1931 1945 48 0.5586501504564962 1481 
1932 1945 55 0.22639436904544463 753 
1933 1945 40 0.6572214865966232 483 
1934 1946 42 0.0651670017176318 1116 
1935 1947 53 0.5680968716629553 522 
1936 1947 56 0.563791691216548 2166 
1937 1948 42 0.2585215445688695 355 
1938 1948 46 0.6997784764174313 1477 
1939 1948 58 0.4926103060313479 1310 
1940 1949 40 0.274939931830771 1790 
1941 1950 58 0.023769522816057466 1176 
1942 1950 43 0.17525294478254191 1382 
1943 1952 57 0.38433564409666865 1183 
1944 1952 50 0.40303866954404344 2007 
1945 1953 38 0.15060916045272552 704 
1946 1953 48 0.8806636673358201 886 
1947 1954 47 0.8302084252864267 2109 
1948 1955 38 0.32337443090022505 1615 
1949 1958 51 0.8878085090166774 2175 
1950 1958 43 0.7240269352428718 1185 
1951 1959 49 0.8182105926804918 1665 
1952 1959 40 0.4863026457790828 1190 
1953 1960 40 0.39545399392505465 1648 
1954 1960 45 0.3302921692069895 2172 
1955 1961 49 0.2328842614222917 952 
1956 1962 42 0.8434303747836718 2253 
1957 1962 40 0.2579358585246745 1495 
1958 1965 49 0.17471540524000104 285 
1959 1965 42 0.8488642257727819 2027 
1960 1966 38 0.8843279004649109 1595 
1961 1967 43 0.7986855226842067 814 
1962 1969 42 0.4205469789332623 1061 
1963 1970 54 0.4197003934744254 1378 
1964 1971 53 0.8138308011047131 1164 
1965 1977 48 0.1700002352294176 314 
1966 1979 43 0.20001632226361005 582 
1967 1980 40 0.07980397384595925 2062 
1968 1980 38 0.7485921937615768 755 
1969 1980 54 0.3126862392781749 1540 
1970 1981 50 0.7680869597259125 1276 
1971 1981 43 0.45709151237721063 574 
1972 1982 42 0.3649398056756012 1789 
1973 1983 38 0.7198578694761565 2185 
1974 1983 39 0.17757892026531166 1715 
1975 1984 52 0.270187348673906 458 
1976 1984 47 0.7771756471169231 1684 
1977 1985 54 0.06502595537375258 867 
1978 1986 44 0.2744482157503864 1672 
1979 1987 46 0.7429812231857296 1715 
1980 1987 58 0.2508958247578391 497 
1981 1987 46 0.8526557668629301 774 
1982 1987 53 0.7064788138256538 842 
1983 1988 42 0.5528886785197081 631 
1984 1991 49 0.16028192221566256 1319 
1985 1992 41 0.8166839835828102 1643 
1986 1992 44 0.03258154167540203 1866 
1987 1993 48 0.014798738829054643 779 
1988 1993 39 0.8568861651690463 348 
1989 1993 39 0.5802515960552704 1623 
1990 1993 54 0.7777884184307763 1988 
1991 1994 48 0.8131206700857301 2074 
1992 1995 57 0.5091785199277934 511 
1993 1995 39 0.6792582378595593 2108 
1994 1996 53 0.1565946818953247 1317 
1995 1997 40 0.8577752083773258 1428 
1996 1997 43 0.6325881004519323 689 
1997 1998 57 0.14434215291290023 878 
1998 1999 48 0.5450395758298203 1929 
1999 2000 41 0.1504996389909194 1583 
2000 0 47 0.5641652012884636 1455 
