1 3 17216 0.7997136556355351 3828 
2 3 16761 0.5410693682668201 3758 
3 5 17634 0.507918621551199 3834 
4 6 16520 0.5192474762874141 3748 
5 7 17263 0.4631367336884349 3703 
6 9 18385 0.04606820148935459 3737 
7 13 17743 0.21728548433311626 3831 
8 14 18238 0.7572481890078385 3734 
9 15 17826 0.4512478750573049 3742 
10 15 18433 0.8735136334822661 3768 
11 16 17352 0.5827437530164608 3861 
12 18 16929 0.25842557337484745 3830 
13 19 17285 0.2720639782269459 3806 
14 22 16525 0.4911471788104938 3861 
15 24 18255 0.8493075628353147 3841 
16 25 18180 0.17274162078926567 3832 
17 25 16782 0.06544955448121559 3851 
18 26 18311 0.6594697976615408 3821 
19 29 17514 0.2481128672418217 3686 
20 31 17071 0.024680675539859195 3778 
21 36 18347 0.8854490081528511 3785 
22 37 17146 0.7143221730917895 3733 
23 40 17436 0.4102293296347166 3759 
24 41 17305 0.650678331821637 3673 
25 42 16729 0.26060578131989315 3675 
26 42 17850 0.7395738426781292 3859 
27 42 17836 0.3258967954365485 3690 
28 43 17395 0.5266846638752936 3785 
29 44 17672 0.6690033532295322 3711 
30 44 16859 0.8562399526909332 3709 
31 47 17427 0.1666215107635533 3793 
32 47 18029 0.5078165772427338 3719 
33 48 17121 0.611546898253552 3842 
34 50 17051 0.4094837795785838 3745 
35 51 16845 0.6614458945676518 3686 
36 52 16592 0.37785488423013475 3679 
37 54 16727 0.630355528241839 3814 
38 54 17109 0.7195071930777414 3726 
39 55 18313 0.8959844214922557 3846 
40 57 17973 0.5229538974740788 3815 
41 58 17727 0.5358000495349321 3720 
42 59 16524 0.4853081742828765 3858 
43 59 16848 0.3267196613094089 3818 
44 60 18182 0.2154181618259989 3722 
45 62 18135 0.6334960061804311 3757 
46 62 16523 0.028382793147105748 3756 
47 63 16871 0.6246859572548114 3766 
48 69 17806 0.20755346526512322 3845 
49 69 17907 0.08428214209007914 3864 
50 70 16637 0.11532738594447899 3691 
51 70 17429 0.32407447207865403 3676 
52 71 18357 0.2965915428824113 3852 
53 72 17477 0.7030840009713455 3847 
54 76 17537 0.769984269647917 3709 
55 76 17531 0.19975467973398403 3790 
56 76 16906 0.7078053293707951 3785 
57 77 17653 0.6236986030093411 3832 
58 77 17868 0.17370025277289816 3728 
59 78 16553 0.1938990673738869 3674 
60 79 18435 0.3732338786742958 3756 
61 81 17667 0.853732137780961 3774 
62 82 18092 0.6416751399283165 3826 
63 82 18273 0.6734687486159137 3793 
64 82 18154 0.05149787947046062 3801 
65 83 17471 0.4682954672564754 3664 
66 84 17826 0.1759769703591474 3688 
67 87 17359 0.17701729445844205 3703 
68 88 18402 0.19732259976317384 3792 
69 89 17120 0.5503089169620035 3784 
70 89 17663 0.11629373105093913 3847 
71 89 17084 0.6378480118076495 3672 
72 89 18393 0.84200169493635 3778 
73 90 17310 0.33126919688870793 3857 
74 93 18496 0.4818125552325781 3849 
75 94 17008 0.8763733482183566 3703 
76 94 16726 0.6072493194339936 3736 
77 94 17574 0.39672680573931307 3828 
78 96 16753 0.6345275905179851 3751 
79 96 18133 0.7485702641988291 3850 
80 96 18406 0.2672734018037111 3673 
81 97 16562 0.6948200041101328 3820 
82 97 17688 0.8871357942417526 3680 
83 101 16603 0.048896383659524326 3823 
84 103 17876 0.4156094714250043 3768 
85 103 18059 0.8199539905090568 3778 
86 104 17241 0.07725534799620817 3718 
87 104 17709 0.5527193961406525 3782 
88 105 17609 0.0639985761214836 3753 
89 106 17526 0.7993586292331311 3800 
90 106 17175 0.21702610880302078 3745 
91 107 16580 0.09791295686544398 3720 
92 107 17014 0.7449012357118545 3741 
93 108 18377 0.3660127501173807 3800 
94 109 18245 0.15678716013739913 3704 
95 109 18267 0.5995620921870927 3739 
96 110 18345 0.5844925270866054 3724 
97 111 17440 0.22303173064090837 3691 
98 111 16867 0.11082324075703996 3714 
99 112 16799 0.6042094536273775 3755 
100 113 17846 0.8442558503968722 3783 
101 114 17002 0.5778398078407257 3812 
102 114 17153 0.7048408579152271 3820 
103 116 16875 0.8139960537984466 3689 
104 116 17108 0.7482033793881938 3672 
105 117 17497 0.6238163720661284 3674 
106 118 17871 0.4252833012729293 3841 
107 118 16652 0.12995376405040895 3774 
108 118 16827 0.5476067943554038 3691 
109 119 18449 0.7105884703691919 3805 
110 122 17626 0.416949085167379 3762 
111 122 17992 0.6334688817736848 3698 
112 122 18378 0.13350329210087578 3792 
113 123 16973 0.8087087997220438 3824 
114 123 16768 0.4389295687168866 3852 
115 123 16863 0.4385765095882808 3775 
116 126 16663 0.7992177755394844 3842 
117 126 18441 0.696314319234978 3680 
118 129 17366 0.5198979550881921 3781 
119 131 16547 0.623736232029728 3717 
120 131 18060 0.33151284987444585 3737 
121 131 17847 0.026226662956582193 3755 
122 132 18179 0.2309477138102038 3813 
123 135 18515 0.6783924767999764 3776 
124 136 17713 0.6552787092353949 3759 
125 136 17707 0.8098036646814971 3784 
126 137 17397 0.25582272999721306 3744 
127 139 16556 0.09736095234986405 3691 
128 139 17066 0.35857429015394654 3767 
129 140 17559 0.4933073672222782 3815 
130 140 18368 0.899920406159115 3747 
131 141 16714 0.018433193878183297 3776 
132 143 18334 0.8096997571337105 3711 
133 143 17079 0.5933028348902448 3849 
134 143 18036 0.3659598451989794 3789 
135 144 18269 0.7077964328493402 3698 
136 147 17997 0.17926868364311482 3861 
137 152 16930 0.618341571495542 3720 
138 153 18251 0.4565540092045913 3776 
139 154 18031 0.1922467839627935 3794 
140 156 16636 0.7866070186796836 3743 
141 157 17069 0.07848752550045784 3697 
142 157 18017 0.6763879792614288 3743 
143 158 16565 0.6214663942471376 3752 
144 158 17720 0.10313346884954007 3858 
145 158 17786 0.7145035860370518 3803 
146 158 18372 0.18392366867894863 3695 
147 159 18352 0.8729287870549854 3736 
148 162 16913 0.48598113878852217 3815 
149 163 17275 0.49322263198987504 3730 
150 164 17633 0.7473996760586339 3786 
151 165 17084 0.03305691655625309 3829 
152 167 18499 0.26557757046320435 3701 
153 167 16804 0.772950743226892 3849 
154 168 17096 0.7932728701644791 3682 
155 170 17123 0.7944081015157717 3837 
156 171 17374 0.47053062740175566 3843 
157 171 17627 0.740703382813724 3817 
158 172 17194 0.4056214024445919 3698 
159 172 16829 0.07776702521642251 3772 
160 174 18364 0.38705881673305925 3716 
161 175 18263 0.6616282828134933 3790 
162 178 18439 0.28395703406204725 3812 
163 179 18066 0.1472438823960116 3777 
164 179 16549 0.8362706652121417 3809 
165 179 17898 0.5659248789524687 3739 
166 179 17401 0.8955471262517622 3754 
167 180 18256 0.07731060612667287 3806 
168 180 17321 0.3785642330375658 3745 
169 183 17713 0.748558339070293 3798 
170 183 16975 0.8773401258748423 3773 
171 184 18097 0.3726717215848479 3700 
172 184 17771 0.7898324473025492 3723 
173 184 18321 0.3864183777239907 3848 
174 184 16883 0.2710956708483333 3731 
175 187 18283 0.5754622431669599 3771 
176 187 17733 0.1985826321052618 3715 
177 189 18509 0.8236908296793406 3751 
178 195 17493 0.6222975766428424 3691 
179 196 16752 0.6572547845976869 3851 
180 199 17674 0.3762213554301872 3842 
181 200 18305 0.18007198058157425 3717 
182 202 17319 0.12196671313947825 3749 
183 203 17957 0.3623911378836082 3689 
184 204 16625 0.23685489793533554 3695 
185 204 17345 0.24006372427916584 3727 
186 205 18019 0.7297880337617697 3761 
187 208 18075 0.5686633022705224 3863 
188 208 18317 0.172391551936775 3747 
189 211 17756 0.3025916484409515 3823 
190 211 18361 0.3286007435815184 3740 
191 211 16762 0.5421516829397744 3757 
192 211 17363 0.791073180212901 3704 
193 213 17589 0.7704999480113068 3784 
194 213 17553 0.7459586656467763 3703 
195 215 18274 0.5528138626406921 3708 
196 215 16963 0.7795384786324195 3766 
197 215 17363 0.060847481185250296 3857 
198 218 17045 0.5734508643265414 3694 
199 222 16526 0.7090634561919985 3740 
200 224 16770 0.32366493820146564 3811 
201 226 17000 0.14620432710507977 3668 
202 227 17590 0.3652428158242414 3834 
203 227 17849 0.10818246055546536 3794 
204 230 17474 0.11826943760018133 3709 
205 230 17569 0.3147417061725723 3759 
206 235 16545 0.013594331094370011 3752 
207 237 18209 0.4787893709537868 3814 
208 238 17442 0.8492886724327584 3792 
209 238 16868 0.46620044966541174 3819 
210 239 17689 0.475854341889148 3786 
211 241 17365 0.5573978211543168 3847 
212 241 17368 0.25032092010034046 3671 
213 243 16799 0.4715746477450831 3801 
214 244 17801 0.25484991168885746 3780 
215 246 18407 0.12730722406742168 3697 
216 247 16666 0.8009970784812932 3686 
217 248 18151 0.18123579313080346 3731 
218 248 17818 0.29686354514121704 3699 
219 250 17258 0.5176548711216357 3698 
220 251 16901 0.24172457120542354 3810 
221 253 16936 0.025384025290669195 3716 
222 253 16556 0.1560593254701893 3787 
223 254 18007 0.16310525036972537 3723 
224 255 18013 0.1419622645826984 3729 
225 256 17976 0.4679963850369436 3833 
226 257 18184 0.11783324706644523 3820 
227 257 17710 0.7933696553438114 3813 
228 257 17172 0.3864271491741527 3794 
229 259 18085 0.13897791768730422 3790 
230 260 17396 0.8367971636941436 3691 
231 260 17008 0.657339318375469 3719 
232 261 17141 0.10633615077031366 3774 
233 261 17194 0.3704726384017707 3752 
234 263 17718 0.4964222110746598 3809 
235 264 16618 0.32929995259101924 3741 
236 265 17569 0.7117304292968788 3817 
237 266 17413 0.8705792629310793 3728 
238 266 16871 0.8580385094700334 3848 
239 267 17794 0.7528983416927246 3772 
240 267 16975 0.3934646669971135 3836 
241 269 18247 0.5607632793651763 3857 
242 269 16910 0.7993484580015955 3712 
243 270 17920 0.45395536664340286 3769 
244 271 17120 0.6389808666872925 3801 
245 273 16707 0.43789616019009014 3777 
246 275 18115 0.4832867394749794 3701 
247 276 17058 0.8513535649539584 3807 
248 276 18018 0.834804949876142 3674 
249 276 16912 0.7056715644952957 3688 
250 277 18377 0.20347988390177926 3665 
251 278 16519 0.27227324176447176 3784 
252 278 17125 0.06036834140157558 3823 
253 281 16944 0.7946232423137182 3775 
254 281 17959 0.7251192508296116 3744 
255 283 18485 0.7702672672421017 3760 
256 285 18416 0.18569594180939153 3683 
257 286 17633 0.5796053897058917 3806 
258 288 16695 0.6636092230478597 3799 
259 289 18244 0.11084550839893327 3706 
260 292 16984 0.6644798358796608 3696 
261 296 16700 0.1337215117511917 3701 
262 296 17685 0.6026807154147737 3727 
263 296 16776 0.06949612948750987 3713 
264 297 17341 0.7739497324111518 3782 
265 297 18420 0.8345017363713662 3716 
266 301 17885 0.23613859692282077 3799 
267 302 17947 0.8510496319649429 3730 
268 304 16795 0.10824982684030938 3848 
269 305 16555 0.3971316749587283 3806 
270 306 16778 0.6065153329573666 3680 
271 307 17041 0.7090783449229818 3780 
272 308 17823 0.48991270903952455 3739 
273 308 16810 0.3249852908428412 3849 
274 309 17394 0.5216831807493194 3822 
275 312 17557 0.8454435922204231 3668 
276 313 17581 0.34474826335074393 3838 
277 315 17829 0.038801850015322964 3821 
278 315 18150 0.4637785567329696 3665 
279 319 18126 0.5386276826168929 3772 
280 320 18225 0.328971324074074 3670 
281 321 17053 0.7736209257420217 3852 
282 321 17040 0.581174992628075 3671 
283 325 17707 0.26980169302101376 3762 
284 325 18465 0.8095672095223667 3756 
285 325 18084 0.3858509225764683 3791 
286 326 17142 0.4814292604346654 3709 
287 326 17695 0.3340668663364649 3785 
288 327 16586 0.1801790749904786 3683 
289 327 17913 0.45356221315535156 3815 
290 327 17515 0.4306600618110324 3736 
291 328 16525 0.09445656876217992 3719 
292 330 18246 0.2546209413574996 3832 
293 330 18161 0.4852716656471254 3780 
294 330 16794 0.5124995071569914 3734 
295 331 18342 0.1592619023993418 3685 
296 332 16949 0.46171517732222306 3747 
297 332 16926 0.15877753459228247 3788 
298 334 16618 0.43011224678494053 3791 
299 334 18314 0.7441524942250473 3778 
300 336 17196 0.1876051174795188 3763 
301 337 16829 0.5493599773452089 3755 
302 339 18237 0.2591577768760137 3664 
303 340 17893 0.35365639785528363 3809 
304 340 18123 0.3231717259234276 3812 
305 341 18280 0.7384479273317184 3829 
306 342 17259 0.6804636448030724 3664 
307 342 16835 0.31689533949117105 3669 
308 343 16844 0.8837171175136437 3790 
309 343 17265 0.4107903733333422 3821 
310 345 18027 0.6669736993399572 3764 
311 346 16689 0.7029079999933798 3736 
312 347 16876 0.2075922806226278 3816 
313 348 17340 0.1696483049517799 3862 
314 348 17693 0.4939956821305489 3684 
315 354 16940 0.1466985223477663 3679 
316 354 16888 0.020529359797765635 3710 
317 354 18425 0.33838178539053887 3826 
318 354 16625 0.6067034149278135 3801 
319 356 17836 0.6022650264586503 3728 
320 357 17532 0.1331240070916889 3762 
321 359 17934 0.557060461359809 3845 
322 359 17235 0.17872438540580912 3862 
323 359 17637 0.7417342782790496 3693 
324 359 18080 0.3346196406683031 3863 
325 360 17238 0.28938496232172484 3703 
326 360 18396 0.020115673220215943 3831 
327 360 18230 0.8612060643461237 3743 
328 360 17161 0.0369140831103644 3689 
329 361 17305 0.44622667100851304 3754 
330 364 18219 0.8001197200906183 3693 
331 367 18511 0.10716917056390102 3856 
332 369 16713 0.568589491956098 3779 
333 369 16949 0.293248598164123 3711 
334 372 18120 0.15309288538183827 3777 
335 372 18303 0.06513460564564216 3798 
336 372 17786 0.5553415867638155 3804 
337 373 16558 0.1824937424166074 3686 
338 373 18131 0.7634530788279418 3690 
339 375 18055 0.6334924758904288 3703 
340 375 18095 0.8345418906025959 3826 
341 378 18509 0.02216213556644664 3750 
342 379 16655 0.29071451840477713 3696 
343 381 17029 0.32708926441237834 3791 
344 381 18351 0.1022323967092402 3744 
345 381 18122 0.4575716510421908 3835 
346 384 18350 0.23356274420542852 3723 
347 385 16667 0.49121879094006154 3785 
348 386 18479 0.22601927583915943 3847 
349 386 16986 0.16247228700930208 3800 
350 388 17231 0.6600697608814514 3804 
351 388 18125 0.7220855952774297 3808 
352 388 17062 0.6712431552409479 3724 
353 389 16737 0.5504549104082541 3777 
354 389 18159 0.4095408441052533 3695 
355 390 18491 0.5119144177269372 3861 
356 391 17981 0.3682789351372209 3807 
357 391 16899 0.5618225794963789 3713 
358 391 17498 0.5631575136955607 3677 
359 392 16702 0.8793144435024997 3796 
360 393 17727 0.7059831765864898 3826 
361 394 17199 0.7292922020979525 3732 
362 398 17756 0.5482359989000715 3717 
363 398 17798 0.2975334371189683 3710 
364 401 17694 0.03909318258573101 3711 
365 401 16978 0.4177242866020879 3703 
366 401 17364 0.5645814282681869 3667 
367 403 17845 0.8048184222703562 3764 
368 403 16962 0.17267879161341837 3734 
369 404 17736 0.1741090583512709 3674 
370 404 17376 0.5179044711827633 3796 
371 405 16528 0.8886644671230766 3706 
372 406 17409 0.28439716985807556 3735 
373 408 17344 0.7599458421531633 3720 
374 408 17671 0.45028931291828683 3793 
375 409 16999 0.4713632374041261 3851 
376 409 18457 0.18812807283443858 3671 
377 409 18416 0.018624023170906362 3777 
378 415 17942 0.38077203792669345 3820 
379 415 18410 0.684490899089261 3712 
380 416 18089 0.7588174076430272 3848 
381 418 17331 0.5099509159237513 3734 
382 419 18359 0.16059879770384056 3781 
383 419 17895 0.3868896048875694 3752 
384 420 16630 0.7741597782996392 3705 
385 421 18370 0.8127617173660765 3862 
386 422 16830 0.2625851704906914 3730 
387 423 16938 0.07379417886042705 3723 
388 423 17492 0.4861456840030669 3832 
389 423 18070 0.39767287629381115 3834 
390 424 16591 0.7380810268996962 3846 
391 424 16864 0.5844645390981312 3690 
392 424 16869 0.35511622097368895 3832 
393 425 17650 0.7049432434214328 3729 
394 425 16597 0.48261209654319454 3759 
395 426 17595 0.05170986332390537 3716 
396 426 17637 0.5482961011314699 3799 
397 429 17395 0.21147840068136903 3846 
398 429 17865 0.6229906451487671 3862 
399 430 16656 0.5522249277607584 3701 
400 435 17117 0.4582730532281972 3785 
401 437 17623 0.8738747248535111 3856 
402 437 18404 0.2457728798551936 3786 
403 438 18494 0.7339026626151371 3735 
404 439 17838 0.32493006322799584 3758 
405 439 16887 0.4067554949750973 3791 
406 439 18272 0.7995345342572738 3828 
407 441 16749 0.4659575891236294 3685 
408 443 18156 0.28228699885536107 3685 
409 444 16845 0.01172379561613848 3779 
410 445 17526 0.6065132128511131 3718 
411 445 18512 0.27697765664840385 3789 
412 447 17131 0.38869750831052924 3723 
413 447 17717 0.17768466195403126 3774 
414 447 16658 0.0810283989141552 3683 
415 448 16719 0.01981748982037073 3786 
416 448 17516 0.7609508894055121 3810 
417 450 16908 0.6225915909478413 3725 
418 452 18179 0.5631158193675794 3689 
419 452 16553 0.29453168640693456 3704 
420 453 16856 0.4954331561127054 3695 
421 455 18039 0.5736523513912478 3791 
422 459 18103 0.21669975376805867 3674 
423 459 17358 0.6379092052342825 3805 
424 463 17507 0.7252000885815323 3836 
425 464 17535 0.2946356695412697 3859 
426 464 17110 0.4668307150669575 3840 
427 464 17130 0.6146305310882755 3852 
428 465 16786 0.6390788222032528 3773 
429 466 17000 0.665298458618977 3673 
430 467 16905 0.19189450201149189 3727 
431 467 16786 0.584244779844352 3847 
432 468 18032 0.7550400916318766 3854 
433 468 17820 0.6414345085186182 3786 
434 468 18383 0.5272001549020023 3736 
435 473 17795 0.31685559622618226 3795 
436 473 18077 0.6978209089038809 3685 
437 474 18059 0.27615758763510384 3820 
438 476 17088 0.8599765960395777 3835 
439 479 18025 0.6895964615399575 3790 
440 479 17578 0.03928989588730513 3773 
441 480 17661 0.25680025798638234 3823 
442 480 17377 0.28751993845185664 3776 
443 481 17178 0.2852047212810199 3847 
444 481 18194 0.6540345915403781 3733 
445 483 17235 0.5806751473571506 3857 
446 483 17210 0.24924055304475448 3705 
447 484 18048 0.05821920431331551 3847 
448 485 18409 0.5405004784795844 3776 
449 485 18165 0.4068670848664957 3825 
450 485 16742 0.6165567742741913 3814 
451 486 18084 0.056710847137394355 3809 
452 486 18168 0.7139906627582424 3808 
453 487 16560 0.8478284375176646 3768 
454 487 16965 0.30650237437193034 3690 
455 488 16891 0.7280966676152048 3676 
456 489 17204 0.6608108444765795 3717 
457 490 18495 0.1549185243584369 3811 
458 492 18446 0.8844985579662449 3771 
459 496 18284 0.569657567065802 3669 
460 497 17285 0.6351851274376191 3799 
461 501 16733 0.5452202506880174 3797 
462 502 18132 0.12302825580762976 3801 
463 503 18038 0.8013963364239058 3863 
464 503 17720 0.8198671385013842 3790 
465 503 17639 0.8017824311594391 3717 
466 503 18286 0.5915268842973653 3743 
467 504 16918 0.4505517696352684 3855 
468 507 17685 0.7466882902066215 3675 
469 508 17461 0.8820825756714049 3789 
470 509 17001 0.1818099581292724 3864 
471 511 17044 0.12557068369182448 3823 
472 511 17871 0.07802477342293969 3784 
473 511 18060 0.812325681082997 3801 
474 512 17980 0.8870559990263911 3671 
475 512 17076 0.04365154198175766 3728 
476 513 16741 0.4683381437841972 3680 
477 517 17521 0.632869921644204 3713 
478 518 17240 0.8061534062722393 3754 
479 519 18249 0.7065810089447796 3779 
480 519 18410 0.127023916358935 3708 
481 520 17517 0.789269151934178 3832 
482 523 17410 0.47202393991381997 3702 
483 524 18309 0.6083455966840114 3832 
484 528 17430 0.32403604099606576 3767 
485 529 16893 0.6376458822198263 3716 
486 529 16863 0.31183991928392824 3782 
487 529 17692 0.26158584481323083 3775 
488 530 17554 0.4113025257090667 3674 
489 531 18374 0.34010553297396634 3847 
490 531 17519 0.49457605633235924 3784 
491 531 17423 0.6191538152154396 3823 
492 531 18254 0.026924072687595238 3717 
493 531 17448 0.1992598137557758 3801 
494 532 16585 0.3742489899604129 3757 
495 532 16552 0.577650915710787 3748 
496 533 18030 0.2236755297986875 3723 
497 534 16704 0.19164746067832733 3799 
498 536 16907 0.8275451890196464 3701 
499 537 16858 0.8306795431066133 3708 
500 540 18155 0.786916220279812 3692 
501 540 17617 0.24171642742285374 3699 
502 541 16722 0.07034061769987883 3764 
503 544 17372 0.3615065162659304 3759 
504 548 17789 0.4203111118689254 3847 
505 548 16890 0.6989322617496261 3672 
506 548 16741 0.7319560747068806 3696 
507 549 17977 0.33490617593029554 3847 
508 550 16932 0.6345201108845041 3711 
509 550 17234 0.2506757869365577 3843 
510 550 18500 0.6115549869121133 3784 
511 551 18429 0.7158775479454007 3752 
512 552 17874 0.53137696391782 3813 
513 552 18292 0.43570127461898467 3678 
514 552 17137 0.26269305949724925 3791 
515 553 16671 0.291845919965022 3821 
516 553 17950 0.7795835153362044 3667 
517 555 16596 0.8030699644910676 3767 
518 558 17314 0.01417043447249698 3694 
519 559 18186 0.6911551332252237 3802 
520 559 17865 0.8144276663157067 3700 
521 560 17272 0.6014194820440172 3855 
522 560 17138 0.45823147409719395 3745 
523 562 17970 0.29713782058794996 3689 
524 565 17010 0.310985652055885 3709 
525 568 16763 0.6737786573124962 3782 
526 569 17854 0.24083943192004542 3774 
527 570 18445 0.3294523773624998 3729 
528 571 17092 0.5202889643804597 3852 
529 571 16913 0.7032456346684434 3668 
530 572 16894 0.5577507836072667 3676 
531 573 17285 0.2330736472391179 3796 
532 575 17273 0.7387395395885684 3666 
533 575 18086 0.35366216471495676 3726 
534 576 18245 0.3078297795387055 3849 
535 576 17140 0.6804874177578744 3816 
536 581 17587 0.7375287810606815 3704 
537 582 17881 0.11495240140510107 3702 
538 585 17986 0.8001226029612377 3748 
539 586 16884 0.7853070956327101 3853 
540 587 17708 0.2641971583547504 3827 
541 587 18333 0.5921301681016141 3686 
542 587 18298 0.12724968701563397 3702 
543 588 17102 0.1788616002351295 3764 
544 590 16694 0.22300257614566785 3688 
545 591 17178 0.7246867781721846 3851 
546 592 16646 0.39858689641264117 3711 
547 593 17999 0.16174085602538424 3765 
548 594 18237 0.7195769574877486 3712 
549 595 18160 0.825691943968464 3712 
550 599 16806 0.7706368752239211 3797 
551 605 16827 0.8977266394162928 3720 
552 608 18037 0.4968035165735962 3676 
553 609 17707 0.2033490578623794 3703 
554 609 17618 0.01548863072759011 3737 
555 612 17043 0.29042855893065245 3810 
556 617 17337 0.059870960675069154 3836 
557 618 16945 0.21887520009457426 3741 
558 619 18374 0.24900261689133005 3826 
559 620 16807 0.6661190008970665 3827 
560 625 17598 0.07834910939589765 3725 
561 626 18049 0.2524946574218543 3740 
562 627 18320 0.1461781867195905 3725 
563 628 18433 0.36361290250292005 3667 
564 629 17372 0.04312582730695725 3833 
565 629 16967 0.7089372490469452 3861 
566 631 17178 0.016645065435383022 3854 
567 631 17511 0.8149798969129182 3772 
568 631 18042 0.5561850930979109 3835 
569 631 18114 0.6191399883240285 3808 
570 633 17721 0.581355767777186 3696 
571 634 16807 0.19695807116219102 3728 
572 635 17889 0.2597964011173314 3707 
573 635 17027 0.5386105965897768 3720 
574 635 18513 0.042574334445270284 3744 
575 636 17840 0.8425237657133637 3733 
576 637 17995 0.04493564034011402 3844 
577 638 18090 0.6769736376073315 3783 
578 639 18375 0.7993629602348513 3861 
579 640 16643 0.08760402875540327 3833 
580 640 17463 0.620071920649677 3858 
581 641 17003 0.8021624372031725 3817 
582 645 18295 0.809573084122431 3761 
583 646 18501 0.6842055587179918 3750 
584 648 17046 0.566772482181661 3760 
585 648 17759 0.6397726075651256 3847 
586 649 17370 0.82082143274578 3700 
587 650 17341 0.7336074657330233 3743 
588 652 17203 0.30355786586673084 3853 
589 652 17171 0.723658290254219 3798 
590 656 18467 0.6183377526004554 3764 
591 656 17595 0.6611999266029913 3812 
592 659 17721 0.055917166812436116 3771 
593 659 16699 0.35848804024268893 3852 
594 661 17769 0.8459162526287927 3697 
595 662 17781 0.6473827104031591 3753 
596 662 16888 0.546893212464747 3838 
597 662 16814 0.6046374494602048 3751 
598 663 17761 0.6690995273217641 3839 
599 664 17492 0.18015924896054467 3676 
600 665 17146 0.7371931088450238 3732 
601 666 18091 0.731662706447909 3674 
602 666 17682 0.3385580072750127 3719 
603 668 16645 0.8045927500396921 3707 
604 668 17997 0.21106262901203868 3719 
605 672 16854 0.7192893149075863 3735 
606 672 18362 0.317760740789516 3787 
607 673 18399 0.3599077716761236 3840 
608 674 17192 0.2921263678033164 3721 
609 675 18253 0.3429655262318552 3848 
610 675 17946 0.29772586941528606 3685 
611 680 17935 0.593041676280627 3811 
612 681 18144 0.38779914392725395 3746 
613 681 18198 0.642541843185757 3684 
614 682 17480 0.024336494244136943 3672 
615 685 18088 0.2188301214894442 3792 
616 686 18030 0.7911460403604077 3845 
617 687 18407 0.7297719667690675 3848 
618 688 18259 0.20070453676572253 3811 
619 689 16820 0.2588863084265992 3821 
620 690 17207 0.6713137707219934 3673 
621 690 16799 0.4772713764955465 3738 
622 690 17966 0.5673002922233108 3804 
623 692 18417 0.7672445234163044 3752 
624 694 18418 0.603096167302059 3837 
625 695 16585 0.0816412862679451 3730 
626 696 17800 0.07528191832863317 3705 
627 697 17816 0.3649784254767238 3830 
628 698 17155 0.3846148995624617 3775 
629 699 18075 0.19266835856228595 3698 
630 700 16789 0.6552407041808619 3683 
631 701 16824 0.592905448935695 3848 
632 702 18010 0.2996126326957891 3732 
633 704 18183 0.8656813369953109 3665 
634 705 18386 0.3812800968669568 3685 
635 705 16828 0.20470692795578418 3847 
636 705 17236 0.3854722959326549 3789 
637 706 17952 0.44522176504816213 3743 
638 706 17406 0.707091732121124 3666 
639 707 16827 0.21691476185094116 3724 
640 708 16725 0.28131583513984226 3686 
641 710 18454 0.5944091070598724 3725 
642 710 17792 0.7709625254716987 3712 
643 710 17527 0.17420227688210396 3864 
644 710 18159 0.07572481281798202 3707 
645 712 18025 0.08347912501584397 3679 
646 712 16609 0.13716306753793367 3702 
647 713 17866 0.24798305542714177 3860 
648 714 16524 0.7394861595945527 3725 
649 714 16837 0.04480518335011722 3716 
650 716 16884 0.4469043599631572 3666 
651 716 16538 0.6950928781348497 3770 
652 718 18295 0.8892301118740418 3835 
653 719 17973 0.4300472904573441 3689 
654 719 16702 0.7254025200581422 3703 
655 719 18481 0.7694466324048758 3700 
656 722 17854 0.8142216010513258 3698 
657 723 18148 0.49625321820390106 3741 
658 723 18117 0.44874833479115855 3737 
659 724 18297 0.5569308975544357 3752 
660 724 16901 0.052579848192960944 3730 
661 725 17466 0.7446311138556352 3806 
662 726 18145 0.6619721019036047 3783 
663 726 17273 0.6952636912719783 3787 
664 731 17637 0.5772447909394024 3821 
665 732 17030 0.07023204961052747 3792 
666 733 18038 0.1397195216863453 3675 
667 734 16658 0.4892657899952538 3689 
668 734 17620 0.1351694118689645 3823 
669 735 17144 0.27156457172728665 3803 
670 737 17506 0.03054597912271477 3859 
671 739 17807 0.29182039030730933 3747 
672 742 16896 0.4311538341349993 3674 
673 742 16904 0.530945487901254 3711 
674 743 16791 0.4142133867567603 3829 
675 743 18353 0.1864899956933147 3793 
676 744 17797 0.28809264615887314 3753 
677 744 17072 0.6731366576116891 3771 
678 745 17962 0.19606609628149518 3831 
679 746 17044 0.4714781181760908 3846 
680 746 16550 0.7828283652366852 3850 
681 748 16813 0.7973523327591574 3800 
682 748 16695 0.8147774556346701 3736 
683 749 16614 0.04217101132515976 3841 
684 750 18506 0.40893756459059677 3780 
685 751 17716 0.6239341282574897 3831 
686 751 17054 0.6793699997563349 3792 
687 754 17136 0.8396757150003005 3743 
688 755 18209 0.2740806945643895 3710 
689 755 17387 0.8312596286912864 3790 
690 757 18128 0.6197116373988395 3725 
691 757 16869 0.8610754413088578 3667 
692 757 17345 0.1495883231233276 3784 
693 757 17985 0.5351303356334633 3676 
694 758 17667 0.8555652016193481 3812 
695 759 17188 0.7058484081249009 3830 
696 760 17668 0.744701007142825 3805 
697 761 17435 0.7342332875095336 3864 
698 761 16635 0.08441474638903369 3798 
699 762 17282 0.5173653744863699 3793 
700 762 17850 0.42834181145768946 3840 
701 763 16650 0.2653107447269317 3819 
702 764 16902 0.6837396635885563 3693 
703 764 16787 0.38482689766237144 3791 
704 765 18227 0.6494433570194061 3835 
705 766 18152 0.05248640097123322 3862 
706 767 17487 0.3327705691144289 3690 
707 767 18395 0.05433198939649121 3775 
708 768 18083 0.6080476111833565 3784 
709 770 16938 0.6432864083052734 3720 
710 772 17433 0.26012439949970356 3797 
711 772 18313 0.3994296789752123 3672 
712 775 18516 0.7997549911123631 3745 
713 776 16724 0.7131756911742427 3852 
714 778 16551 0.44557082143617427 3767 
715 779 18073 0.5041903461654141 3792 
716 780 17745 0.3759889824106791 3666 
717 780 17137 0.4110740250239722 3672 
718 780 17644 0.33731006564494315 3690 
719 782 16652 0.690825649703016 3748 
720 783 17832 0.13725269180466038 3854 
721 783 17370 0.24829307338695622 3821 
722 784 17645 0.6690040057709526 3827 
723 784 17275 0.27147474776927255 3814 
724 785 16985 0.13253195573696358 3843 
725 787 17240 0.4924805473848488 3781 
726 787 18274 0.6609434758211206 3738 
727 787 18160 0.2991382359323546 3818 
728 789 17497 0.3628094250786774 3864 
729 790 18137 0.2724962925780644 3711 
730 790 17464 0.7198935287777585 3687 
731 791 16591 0.865372276435539 3781 
732 791 18316 0.06570638560863797 3864 
733 791 18492 0.12472976904870954 3825 
734 792 18223 0.8360728230868676 3848 
735 792 16638 0.06248034857610078 3740 
736 795 17703 0.8283721376347567 3743 
737 795 17776 0.8219401358184035 3741 
738 799 17127 0.09358610197255962 3779 
739 799 17028 0.4887797921312244 3862 
740 799 18258 0.6109007870424636 3762 
741 799 16730 0.47179846071324616 3794 
742 800 17750 0.49933678776567064 3784 
743 800 18000 0.890087036884351 3741 
744 801 17644 0.14398921153300043 3721 
745 802 17502 0.4866099458859841 3738 
746 803 17734 0.3540208744065728 3685 
747 803 18439 0.7412808788536752 3765 
748 804 17432 0.17549131725289857 3679 
749 806 16880 0.5585148593703705 3795 
750 807 17534 0.3724924252270007 3748 
751 809 17925 0.8730681565779395 3772 
752 809 17492 0.04389776605874275 3705 
753 809 16897 0.6070757586944449 3835 
754 811 18475 0.07601338786177322 3845 
755 811 18424 0.5638772254258099 3764 
756 812 18144 0.6634468459405728 3694 
757 814 17083 0.02922942339486701 3828 
758 814 17354 0.7414664674458756 3794 
759 815 18088 0.39987051372307897 3682 
760 815 17836 0.39787611723883454 3670 
761 817 16629 0.11304803498522296 3832 
762 817 17218 0.18205398501156334 3767 
763 818 16986 0.7715270528593217 3826 
764 819 16861 0.6014833706551272 3761 
765 821 18060 0.45508520031760097 3809 
766 823 18266 0.3296420291444493 3794 
767 824 17619 0.7591649352849938 3688 
768 824 18089 0.17503460954259817 3799 
769 824 17782 0.8754267964830481 3835 
770 825 18335 0.2926641847863497 3686 
771 826 17259 0.1729048572411521 3681 
772 829 17231 0.7531870054025919 3858 
773 829 16673 0.5399949221689692 3781 
774 830 16691 0.20178107242241455 3701 
775 830 16713 0.3564711298932653 3736 
776 830 17152 0.16025010071054852 3765 
777 830 18353 0.7583051858579647 3793 
778 831 17724 0.7444883069772773 3782 
779 831 17253 0.8316456310726373 3839 
780 832 17496 0.6288056749485756 3788 
781 833 17511 0.6249100256995695 3736 
782 834 16961 0.6374012754313092 3701 
783 834 17851 0.2982330359615349 3770 
784 837 17590 0.8282630111827558 3691 
785 838 18244 0.7420819958883855 3801 
786 839 16584 0.15157364532859327 3786 
787 841 17137 0.5649602559387854 3845 
788 841 17884 0.018204185722014873 3780 
789 844 16902 0.3382616963219828 3746 
790 845 16834 0.17332792380527237 3766 
791 846 17929 0.8723510674193784 3837 
792 847 16651 0.3130549236535811 3669 
793 848 18306 0.4297590300426418 3744 
794 849 17298 0.6282110037407603 3795 
795 849 16775 0.6293685435213398 3818 
796 849 17433 0.5020574516855034 3666 
797 850 18406 0.5480694324993627 3752 
798 850 18324 0.5729172951894798 3769 
799 851 17122 0.6500707146131256 3762 
800 853 17546 0.8851608103636672 3695 
801 854 17736 0.7744709789663875 3830 
802 854 18156 0.4175538206088805 3714 
803 856 17332 0.5472790003878257 3720 
804 857 16652 0.4738094399363613 3719 
805 857 18173 0.25038545184964095 3720 
806 858 17649 0.33277038358249084 3764 
807 858 18435 0.17971853873747146 3767 
808 858 17448 0.6211638519025875 3856 
809 859 17474 0.413366480346341 3706 
810 859 16652 0.7509860512063581 3815 
811 862 17600 0.8415107991117697 3742 
812 863 17070 0.7578411856367696 3735 
813 867 17355 0.5921714084023398 3679 
814 868 18168 0.7004467629105644 3822 
815 869 18371 0.32519480419727254 3723 
816 869 17989 0.5115007003062176 3715 
817 871 17195 0.7021222026912844 3841 
818 873 18165 0.7762254016093216 3819 
819 873 17419 0.2132246794644386 3686 
820 873 17739 0.24312706241741905 3804 
821 874 17447 0.5212007749831374 3777 
822 877 18467 0.20549027275478834 3685 
823 879 16745 0.8172480382410997 3777 
824 882 17608 0.4040257707914674 3715 
825 884 16710 0.4680464568457269 3811 
826 884 18348 0.25719485753089144 3709 
827 884 17191 0.7999519326996449 3818 
828 885 17260 0.13939846916287507 3864 
829 885 17643 0.7312925526783803 3688 
830 886 18217 0.12536180833577343 3793 
831 886 18459 0.527982986690975 3807 
832 887 17313 0.8643547671526449 3675 
833 887 18396 0.6140452807277826 3731 
834 888 17182 0.5367546616485024 3714 
835 888 18187 0.30408923994298825 3850 
836 889 17567 0.24403465365123872 3817 
837 894 17546 0.6755747638560854 3743 
838 894 17259 0.4521382511736205 3750 
839 895 16901 0.21915944141036992 3678 
840 895 17817 0.6047692436298725 3820 
841 896 17436 0.8558205988345603 3848 
842 898 18101 0.8119662980953061 3783 
843 902 17652 0.49746359517905103 3744 
844 903 17578 0.1277991931967123 3852 
845 905 17268 0.07138509696103434 3815 
846 905 17844 0.7968176236839749 3858 
847 909 16966 0.506557065909191 3826 
848 909 18439 0.5757146817460195 3830 
849 910 17160 0.46823901598735856 3674 
850 910 17460 0.3190010209997759 3782 
851 911 17962 0.40154622301099274 3672 
852 912 17007 0.8766505865221178 3789 
853 914 16907 0.7822278594583721 3716 
854 914 18132 0.05639354730711738 3741 
855 915 16954 0.6511046001085552 3723 
856 918 18040 0.692037617984755 3734 
857 919 18002 0.4448640026539054 3705 
858 920 16574 0.42414127174175603 3715 
859 920 16817 0.1755616827814638 3686 
860 920 17790 0.643478540180605 3837 
861 923 16562 0.7641815872811385 3705 
862 924 17861 0.10362285466087559 3826 
863 924 18250 0.8444119794475473 3826 
864 924 17839 0.18453594478835345 3692 
865 924 17275 0.6055774641525895 3770 
866 924 17624 0.6446224713252746 3682 
867 925 18307 0.6366593429429681 3793 
868 926 17965 0.0700652046183695 3835 
869 926 17467 0.0715208222053499 3705 
870 926 16875 0.6615974356164984 3758 
871 927 17307 0.8800461764252369 3700 
872 928 18261 0.12153803851376481 3689 
873 930 18128 0.09198772229609554 3828 
874 930 16980 0.0826842816392206 3779 
875 930 17173 0.2712100295377448 3700 
876 931 17112 0.3263233943408244 3713 
877 931 17715 0.7455328241146443 3682 
878 931 18274 0.18500772175932081 3732 
879 932 17886 0.7677811467488199 3799 
880 933 17271 0.7437147106463011 3827 
881 934 17083 0.5218491079404243 3717 
882 936 16787 0.6598047638446252 3742 
883 936 16914 0.2199341289106067 3810 
884 936 18506 0.7459415308928874 3841 
885 936 17225 0.14232272664968207 3773 
886 938 18257 0.5883933164079824 3707 
887 938 17670 0.019306955282991436 3703 
888 939 17021 0.30671097888451415 3745 
889 939 17137 0.3247134831912177 3819 
890 940 17744 0.29484645333234416 3766 
891 940 17542 0.4246605694132659 3727 
892 940 17273 0.06078179723588788 3802 
893 941 18279 0.5959706789257657 3821 
894 944 17821 0.554170713893002 3725 
895 944 17964 0.8952210688379435 3672 
896 944 16742 0.4544497180782539 3855 
897 945 18002 0.6996312347536859 3819 
898 947 17136 0.41913864178681026 3740 
899 947 16734 0.7894541800001985 3796 
900 947 17733 0.3084772394038898 3737 
901 949 17262 0.010393943612033366 3742 
902 953 17820 0.3352528559134462 3756 
903 953 18381 0.5292051934462266 3789 
904 953 17237 0.43129046567306445 3696 
905 954 16813 0.899353076131813 3671 
906 956 18106 0.5157717360805789 3730 
907 956 17504 0.09860582752880154 3855 
908 956 17127 0.5702792391566934 3789 
909 958 17276 0.6891127459467644 3726 
910 959 17048 0.38543374295162475 3770 
911 959 16747 0.6348141183541067 3822 
912 962 18193 0.38860350320868614 3833 
913 963 16812 0.6857873925391431 3794 
914 964 17577 0.36562154393464597 3835 
915 964 17444 0.32226326018613777 3789 
916 964 17918 0.09678428280094062 3784 
917 965 16641 0.5023574055088229 3841 
918 967 17229 0.418343677937345 3795 
919 968 17212 0.8016496030132737 3688 
920 968 17443 0.21126316945541915 3772 
921 969 18295 0.4150278652551031 3689 
922 970 16540 0.15549184476658784 3797 
923 970 16750 0.54896405807699 3766 
924 973 17010 0.3837706673176922 3731 
925 974 18089 0.229769690637593 3850 
926 977 17515 0.8343040591199988 3723 
927 979 17199 0.5347838071638421 3689 
928 979 16711 0.0973453596586788 3747 
929 979 17557 0.246937709016672 3758 
930 980 16890 0.16515932967263666 3685 
931 980 18133 0.1469644683818137 3665 
932 982 16581 0.5918664288957373 3782 
933 982 18133 0.5781517155352017 3835 
934 984 17364 0.5579166856291102 3737 
935 985 16542 0.2178974378604718 3847 
936 988 17803 0.3503159845314439 3826 
937 990 17521 0.8671710964963889 3843 
938 991 17901 0.8550280207314388 3855 
939 991 16525 0.7661141793491819 3768 
940 993 18331 0.3463795392134247 3851 
941 993 16882 0.10850416480432279 3806 
942 994 17689 0.8973255809964331 3723 
943 996 18029 0.5746997923432952 3698 
944 997 17589 0.877772669135758 3754 
945 997 17572 0.8336431449602276 3761 
946 997 17287 0.27882414773987596 3701 
947 998 17805 0.5293186335774814 3784 
948 999 17482 0.8244549971081835 3857 
949 1000 16941 0.7462265583009514 3794 
950 1000 18507 0.6576758627317689 3741 
951 1000 17138 0.18572823421687504 3681 
952 1002 17838 0.7201035155866832 3847 
953 1005 16582 0.36457083039797755 3739 
954 1008 17077 0.048691586708928036 3728 
955 1009 16981 0.6253290830691902 3760 
956 1009 18295 0.4291290784942186 3806 
957 1009 17981 0.7621421814370417 3715 
958 1011 16697 0.20557383282536024 3784 
959 1011 16564 0.3623960908527943 3759 
960 1011 18512 0.8561991131570539 3701 
961 1011 17870 0.5232525233668427 3688 
962 1012 16757 0.12728832983025037 3772 
963 1013 16691 0.39804906045885763 3691 
964 1016 16902 0.06876351384758804 3733 
965 1017 18375 0.1339983053608114 3763 
966 1018 18026 0.3088246793606861 3827 
967 1019 17746 0.08179373674223801 3773 
968 1022 17009 0.8509897502396645 3752 
969 1022 18142 0.08668338320471469 3737 
970 1023 18380 0.29459703297113043 3814 
971 1023 17390 0.31441285166020255 3762 
972 1023 18199 0.5336871059813894 3852 
973 1024 16610 0.20298939921317627 3735 
974 1025 17862 0.19657779051666316 3800 
975 1025 18291 0.7653545179409107 3724 
976 1026 18120 0.5133009271088451 3666 
977 1028 17144 0.1747721557851457 3690 
978 1028 17194 0.6508692713460569 3789 
979 1030 16719 0.34386931776680846 3836 
980 1031 18453 0.17030534583276485 3768 
981 1031 16945 0.8994379788079113 3785 
982 1034 16660 0.045916735188916986 3770 
983 1034 17714 0.6992935874426226 3805 
984 1035 17028 0.7173978643255718 3766 
985 1035 16710 0.4928076791145891 3694 
986 1037 18206 0.7852757897280895 3838 
987 1038 17907 0.819324436103884 3833 
988 1040 16991 0.37402181288170905 3698 
989 1040 17564 0.3536253009759783 3729 
990 1043 18464 0.3421659092572653 3796 
991 1044 17048 0.3889866882833636 3699 
992 1044 18138 0.28871076983404237 3738 
993 1046 16871 0.4650754378098002 3761 
994 1047 18366 0.5028715293141154 3729 
995 1048 18334 0.5873544280493058 3765 
996 1048 16786 0.8648100471280634 3709 
997 1051 16863 0.7427463498775119 3755 
998 1051 16917 0.7803295707358372 3803 
999 1053 17695 0.3458222377367926 3675 
1000 1054 17051 0.32185977252057213 3746 
1001 1055 17373 0.15595425328717497 3856 
1002 1055 16933 0.4523115975073307 3681 
1003 1056 16820 0.24808773893581676 3741 
1004 1057 18050 0.03352694169944819 3757 
1005 1061 17317 0.1630598485895899 3847 
1006 1062 18281 0.17589110554113593 3787 
1007 1063 18387 0.378443205385933 3755 
1008 1064 17476 0.6662814966767752 3823 
1009 1064 17001 0.44210145046727783 3691 
1010 1065 16643 0.2784480752846354 3781 
1011 1065 17221 0.7602046139933788 3798 
1012 1065 16900 0.7379753370963009 3744 
1013 1065 17348 0.16917032504132504 3707 
1014 1067 18144 0.250016604855025 3670 
1015 1069 17516 0.3120641323426448 3674 
1016 1070 17037 0.5968599134664434 3814 
1017 1070 17912 0.10984456968285654 3773 
1018 1071 18359 0.33942813227233976 3700 
1019 1071 18060 0.7284518416186712 3829 
1020 1072 17384 0.7478106857667476 3735 
1021 1072 17634 0.5116889770655294 3770 
1022 1073 17195 0.4513992523928721 3802 
1023 1073 16999 0.8817573770120742 3765 
1024 1074 16902 0.8715811334235435 3696 
1025 1074 17921 0.23847426817760578 3693 
1026 1075 17576 0.28060730662491623 3739 
1027 1075 16939 0.18109365849728595 3705 
1028 1076 16794 0.5299010469795402 3754 
1029 1076 18041 0.4782322773095731 3845 
1030 1077 17678 0.5380515399012804 3817 
1031 1078 16779 0.32796916161154793 3811 
1032 1078 17070 0.5328318137596615 3701 
1033 1079 16986 0.14793588044060835 3728 
1034 1080 16727 0.3857880979819785 3841 
1035 1080 18014 0.47723052888816564 3819 
1036 1080 17238 0.6267062239880672 3741 
1037 1080 18191 0.22274590618637025 3751 
1038 1081 18055 0.8925894139898684 3845 
1039 1081 17733 0.5241074308812447 3664 
1040 1085 16764 0.11919994694838792 3707 
1041 1085 16973 0.7924049959179589 3770 
1042 1086 18226 0.40986921412585575 3754 
1043 1090 18249 0.5802990711035283 3863 
1044 1093 16522 0.18769558652027768 3729 
1045 1095 17027 0.7745581089140688 3828 
1046 1096 17123 0.3036017183446886 3856 
1047 1096 17652 0.8083008153622998 3738 
1048 1097 17935 0.013901805403497277 3669 
1049 1098 17840 0.8622265286405191 3859 
1050 1099 18037 0.8579765735311761 3830 
1051 1100 18220 0.22814606690604566 3740 
1052 1100 17771 0.5389929731530687 3778 
1053 1101 17908 0.8231542986209803 3721 
1054 1101 18347 0.18267184892885427 3845 
1055 1103 18355 0.7131464528135246 3731 
1056 1104 16700 0.7527488994146917 3738 
1057 1105 18491 0.696835395601392 3702 
1058 1105 17060 0.8572941578545918 3744 
1059 1106 17692 0.806568268493093 3704 
1060 1106 16754 0.5845738577162314 3702 
1061 1107 16987 0.09826577308924163 3747 
1062 1107 16855 0.8615111783952426 3810 
1063 1108 18430 0.13794462366925253 3864 
1064 1110 16631 0.6322979587866578 3716 
1065 1111 17760 0.22818256969093612 3786 
1066 1112 17756 0.7385647369306706 3860 
1067 1112 16569 0.8189027853416252 3838 
1068 1114 18301 0.8276575474599972 3857 
1069 1116 16922 0.8011301253106975 3822 
1070 1117 16863 0.6295162459878391 3822 
1071 1117 17971 0.5525974569123788 3812 
1072 1117 17853 0.8723446282752276 3705 
1073 1118 17760 0.24294023750715998 3859 
1074 1119 16819 0.34648771885497437 3804 
1075 1121 18481 0.45946489406217406 3796 
1076 1125 17773 0.16121111715054148 3709 
1077 1127 18457 0.6252171413933875 3785 
1078 1127 17344 0.4312894351964544 3741 
1079 1127 17921 0.0191306875527237 3691 
1080 1128 16990 0.10791886732049635 3684 
1081 1129 18285 0.044125561934841004 3853 
1082 1129 17914 0.8757296236652998 3712 
1083 1129 16832 0.20843065294072435 3794 
1084 1129 17865 0.6397596949388578 3681 
1085 1131 18358 0.013089311746345011 3670 
1086 1131 17994 0.713616884228166 3821 
1087 1131 16556 0.29593671229488516 3788 
1088 1131 17711 0.3375377734916912 3769 
1089 1131 16750 0.5456529994822354 3836 
1090 1133 18012 0.6747865924322632 3830 
1091 1133 16901 0.3901523801254697 3729 
1092 1135 17584 0.13764108420496216 3816 
1093 1137 16941 0.07724845850104842 3710 
1094 1138 16798 0.6542955510959434 3707 
1095 1138 16682 0.4898285290461902 3717 
1096 1141 18259 0.8881422327873203 3709 
1097 1142 17248 0.24858846754368105 3767 
1098 1142 17826 0.24028942681260126 3818 
1099 1148 17756 0.5932818048538255 3823 
1100 1150 18303 0.3659997720091505 3775 
1101 1151 16720 0.09200777466392027 3836 
1102 1151 18110 0.15756121515679564 3775 
1103 1152 18180 0.19429749667208523 3678 
1104 1153 17331 0.23204678534393874 3857 
1105 1155 18491 0.011402003531489081 3849 
1106 1157 16987 0.8928256880011883 3711 
1107 1158 17040 0.5157423621668669 3778 
1108 1163 18291 0.8568404419723583 3710 
1109 1163 16547 0.5763941497011006 3697 
1110 1165 17284 0.0955211656524617 3743 
1111 1165 16817 0.5406857235853839 3853 
1112 1167 17175 0.6973180900367102 3776 
1113 1169 16978 0.5431915898283564 3747 
1114 1169 16551 0.3179271800696861 3745 
1115 1169 17525 0.3281757761423349 3826 
1116 1170 18097 0.7108791738633699 3760 
1117 1172 18009 0.21232700914068084 3685 
1118 1173 16694 0.6492753246605119 3842 
1119 1175 18292 0.17912124928082643 3860 
1120 1177 17123 0.454611876941928 3726 
1121 1177 17014 0.8878990112220693 3723 
1122 1178 17097 0.27742937266866885 3720 
1123 1178 16773 0.14382997798778885 3691 
1124 1180 16622 0.5559632707426267 3833 
1125 1182 18009 0.43287758508828017 3720 
1126 1182 17329 0.5541367588962134 3748 
1127 1183 18351 0.2647092651473862 3748 
1128 1184 18457 0.7525337236983223 3742 
1129 1185 17215 0.1634569799625287 3734 
1130 1185 16706 0.6988120775478327 3810 
1131 1187 18503 0.09735878033097378 3784 
1132 1187 18386 0.3489525423301664 3680 
1133 1191 18228 0.7540042111588218 3701 
1134 1193 17528 0.4571158910486262 3776 
1135 1194 16986 0.782525123103786 3776 
1136 1194 17212 0.645615948621277 3692 
1137 1195 17850 0.8847400088397698 3860 
1138 1196 16708 0.1423408607035887 3782 
1139 1196 17091 0.17437716137914863 3766 
1140 1196 17382 0.7173499213453095 3818 
1141 1197 17808 0.5694620552709115 3768 
1142 1199 18506 0.23694521109955394 3831 
1143 1199 17330 0.4485234944054513 3779 
1144 1199 16815 0.37462676395112454 3693 
1145 1200 16789 0.7256415220618023 3684 
1146 1202 17999 0.34801485269113874 3669 
1147 1203 17165 0.3129749101256368 3718 
1148 1204 16639 0.2204684789344612 3725 
1149 1204 17688 0.44751912206208383 3711 
1150 1207 18139 0.07929452898724886 3673 
1151 1207 17547 0.7675862062262101 3773 
1152 1207 16547 0.27542368608156004 3814 
1153 1208 16922 0.3484851934617569 3787 
1154 1208 18057 0.8154951021260143 3809 
1155 1211 17202 0.8531490859511252 3803 
1156 1211 17750 0.7655335521710914 3717 
1157 1211 17727 0.12255346369374434 3685 
1158 1212 18379 0.2545094268969208 3720 
1159 1212 17036 0.5214131454980789 3855 
1160 1213 18517 0.08490244152402415 3733 
1161 1214 16788 0.317008060097031 3696 
1162 1215 18215 0.5859857292894697 3832 
1163 1216 16905 0.14186984123243365 3744 
1164 1216 18330 0.8190885661071874 3806 
1165 1217 16917 0.21281256502497156 3855 
1166 1218 18384 0.4157092965086607 3811 
1167 1221 17808 0.5960231152157691 3834 
1168 1223 17149 0.33518386360801844 3822 
1169 1224 17276 0.7256756866766507 3853 
1170 1225 17701 0.6625125937580877 3806 
1171 1229 16582 0.26894858167608726 3817 
1172 1232 18208 0.16853104893661425 3730 
1173 1232 18287 0.6270515289832977 3864 
1174 1233 18451 0.4065393830466461 3826 
1175 1236 16778 0.7072653763083877 3831 
1176 1238 17998 0.6394337370314841 3721 
1177 1240 16915 0.18133248504735403 3706 
1178 1241 17235 0.5754288981264486 3839 
1179 1241 17818 0.1252492882123938 3746 
1180 1241 17353 0.34057498641951045 3843 
1181 1243 18236 0.030238243965588357 3700 
1182 1245 17259 0.5206843278936876 3846 
1183 1246 17933 0.8828622017087154 3772 
1184 1246 16644 0.6015970533206657 3764 
1185 1247 17746 0.8431416596759387 3715 
1186 1247 16987 0.5464183372598378 3827 
1187 1248 18377 0.3302105617524327 3705 
1188 1250 18164 0.6534389014769308 3768 
1189 1250 16524 0.23801582545587582 3820 
1190 1250 17602 0.7111276906277184 3796 
1191 1251 17637 0.5433917651513984 3679 
1192 1251 17886 0.421710282732308 3759 
1193 1253 16913 0.26753341268945197 3717 
1194 1254 16769 0.6352652349931087 3714 
1195 1256 16924 0.39695360469930235 3702 
1196 1256 17268 0.49547159319826656 3737 
1197 1257 17919 0.6222996153718158 3809 
1198 1257 17735 0.5416826983289211 3811 
1199 1258 18444 0.33725709496191164 3846 
1200 1258 17014 0.04621259721491509 3743 
1201 1259 18255 0.44779897320759554 3817 
1202 1260 17812 0.39492090183777917 3793 
1203 1262 18167 0.18267360427160526 3864 
1204 1263 17218 0.2506337892283619 3772 
1205 1263 16604 0.8991172235864243 3711 
1206 1266 18158 0.48174041167210924 3773 
1207 1268 17998 0.611135629194495 3863 
1208 1270 16641 0.6653571307531546 3716 
1209 1270 17873 0.13411889394075444 3743 
1210 1270 17972 0.5579565729302145 3687 
1211 1272 17565 0.639931980373396 3811 
1212 1273 18252 0.2712898425536897 3698 
1213 1274 18015 0.09149323275142346 3779 
1214 1275 18314 0.4298467581991322 3733 
1215 1276 17962 0.8049531288329935 3773 
1216 1278 16538 0.892487005700029 3770 
1217 1279 17487 0.35548974429345037 3818 
1218 1279 17149 0.5175099721697578 3840 
1219 1279 18291 0.13490291881054117 3847 
1220 1280 16784 0.3266560642360757 3846 
1221 1281 16956 0.6847616100791952 3664 
1222 1282 17778 0.6374349888194721 3689 
1223 1282 18110 0.3765860482846348 3852 
1224 1283 17054 0.7299402717161977 3762 
1225 1283 18421 0.5165122547674164 3676 
1226 1283 18241 0.7048238864499587 3716 
1227 1283 16808 0.04693813057704747 3826 
1228 1283 16928 0.10822419715145472 3797 
1229 1284 18124 0.6212419807219992 3674 
1230 1284 17416 0.473385749006221 3667 
1231 1284 17927 0.42325631449265827 3747 
1232 1285 16706 0.6756201647113511 3689 
1233 1285 17976 0.38268894744589066 3790 
1234 1285 16795 0.06517657588534913 3721 
1235 1286 16564 0.8120052232415678 3696 
1236 1286 18163 0.5123106489105155 3750 
1237 1287 16585 0.8957832382114824 3708 
1238 1288 17288 0.8794986183617317 3849 
1239 1288 17550 0.249606538003999 3730 
1240 1289 17941 0.3817144697266017 3674 
1241 1290 17537 0.5484906446865084 3704 
1242 1290 18093 0.1364654156866847 3793 
1243 1290 18075 0.6459880070669494 3825 
1244 1292 18232 0.21508277496210002 3817 
1245 1294 17666 0.31537725932010857 3795 
1246 1294 16524 0.49757692778131846 3777 
1247 1295 17151 0.8040355442207814 3818 
1248 1296 18211 0.8562561378453425 3829 
1249 1296 16971 0.6968028490593199 3846 
1250 1297 16616 0.7216969547765977 3796 
1251 1299 16813 0.559016338330815 3814 
1252 1301 17584 0.23470577147476018 3695 
1253 1304 17195 0.4559168889772151 3727 
1254 1304 17291 0.12386143525133626 3802 
1255 1304 17713 0.5782005737077479 3779 
1256 1305 18349 0.23338057559598732 3825 
1257 1305 18166 0.01184918101389067 3790 
1258 1306 16614 0.7002524576236113 3688 
1259 1306 16910 0.1306352056878232 3857 
1260 1307 16942 0.428767227002719 3694 
1261 1309 18504 0.6966546837708881 3764 
1262 1309 17404 0.2419178230895516 3740 
1263 1310 16959 0.6390943775117734 3716 
1264 1311 18085 0.8322999031840572 3766 
1265 1311 18069 0.716819066336268 3789 
1266 1311 17499 0.24551484342262658 3721 
1267 1312 17536 0.17865405589723266 3759 
1268 1315 17685 0.7310336428415367 3727 
1269 1315 16543 0.7621469255340819 3854 
1270 1316 16936 0.6823122716801674 3767 
1271 1317 18382 0.2054625114120213 3849 
1272 1318 17690 0.17020347239756978 3854 
1273 1319 18453 0.1797112620965446 3766 
1274 1319 18112 0.29449431854093167 3774 
1275 1320 18232 0.27392138357963497 3773 
1276 1320 17471 0.5152777522074382 3736 
1277 1322 16828 0.6031400030177315 3709 
1278 1323 16873 0.30426979255862713 3674 
1279 1325 17261 0.5465349606508387 3748 
1280 1326 17791 0.6790924636260203 3724 
1281 1326 17781 0.22445657432080876 3696 
1282 1326 18190 0.220961083406509 3835 
1283 1330 18303 0.5709025074195034 3823 
1284 1330 17800 0.5869460159427761 3785 
1285 1331 18026 0.29304005401007027 3672 
1286 1331 17302 0.3337095191389985 3736 
1287 1331 16981 0.38248236908154865 3849 
1288 1332 18006 0.15097385342382727 3665 
1289 1333 18037 0.017627930025291387 3747 
1290 1335 17849 0.7570469309663262 3771 
1291 1335 16737 0.883129526883756 3687 
1292 1336 18174 0.5125419884296183 3856 
1293 1337 16884 0.11777825575550945 3807 
1294 1338 18113 0.43017420299806813 3761 
1295 1339 18047 0.20036622276999153 3734 
1296 1344 17583 0.8964415099724078 3815 
1297 1344 17864 0.7112732272165313 3742 
1298 1347 17887 0.6671323932620493 3679 
1299 1348 18055 0.05249725698782511 3724 
1300 1349 17260 0.24585245252987967 3686 
1301 1350 16878 0.584788549951428 3794 
1302 1350 17677 0.6617130001171153 3733 
1303 1352 17635 0.1311611025442331 3792 
1304 1354 17615 0.36559583988802974 3731 
1305 1355 18371 0.7550619866303658 3664 
1306 1356 17332 0.646813378432193 3712 
1307 1356 17907 0.42637527631998234 3794 
1308 1356 17467 0.4110235908365548 3851 
1309 1357 17409 0.41607422797069016 3861 
1310 1358 16730 0.4040929328552805 3833 
1311 1359 17730 0.5178936879031873 3787 
1312 1360 16775 0.5850011819018682 3789 
1313 1360 16533 0.018875205408611602 3696 
1314 1361 18389 0.7891884124379499 3778 
1315 1362 16828 0.6855136417572902 3817 
1316 1363 17330 0.8873815706599745 3759 
1317 1363 16812 0.4709902527155089 3777 
1318 1366 18228 0.6534701597575909 3717 
1319 1367 16606 0.26779381062475427 3693 
1320 1368 18241 0.4342934352749715 3740 
1321 1368 16759 0.2656254769584812 3842 
1322 1368 16657 0.2554517220820592 3828 
1323 1369 17999 0.17556803543322688 3711 
1324 1370 17513 0.3522707320640574 3713 
1325 1373 17143 0.047058778060566686 3842 
1326 1376 16858 0.8063965262363613 3665 
1327 1377 18416 0.28274598279306606 3667 
1328 1379 18344 0.6884015102502583 3819 
1329 1379 18435 0.07560524497716155 3805 
1330 1380 18444 0.8496071306799456 3719 
1331 1382 17991 0.05811615332840293 3839 
1332 1383 16765 0.23681578174786314 3722 
1333 1383 17102 0.23211072118189172 3791 
1334 1383 16721 0.36211356140396583 3838 
1335 1384 17297 0.3726761295120628 3862 
1336 1384 17714 0.3190132691296061 3677 
1337 1384 16824 0.7100954338112775 3680 
1338 1385 17941 0.12321062474452502 3805 
1339 1386 18317 0.07422133047534087 3830 
1340 1386 17612 0.25866223215302997 3674 
1341 1387 16886 0.8288133133690896 3828 
1342 1390 17668 0.12391793795718598 3683 
1343 1390 17640 0.14150558176726097 3770 
1344 1391 17114 0.11459747964862158 3664 
1345 1391 16809 0.6313513734991694 3816 
1346 1392 18339 0.7038545884102668 3679 
1347 1395 17973 0.523122006356501 3728 
1348 1396 18489 0.6534351727412269 3810 
1349 1399 16526 0.7134532936316419 3669 
1350 1401 17445 0.04770723630886796 3824 
1351 1401 17850 0.19596633339062433 3670 
1352 1402 16656 0.3620927159506452 3724 
1353 1402 17949 0.8499072164711977 3789 
1354 1404 17045 0.4480246203810817 3837 
1355 1406 17374 0.43756758666877255 3697 
1356 1406 17034 0.4950454840370984 3677 
1357 1407 17104 0.3205182107986423 3698 
1358 1408 17157 0.1360747122996147 3802 
1359 1409 18346 0.8511733550134747 3837 
1360 1409 18123 0.1780007916002264 3692 
1361 1410 18076 0.2569729941517142 3706 
1362 1411 17368 0.25603153299173176 3827 
1363 1411 17149 0.7209586734081868 3789 
1364 1412 17092 0.5229434519103044 3793 
1365 1412 17275 0.6288586523626644 3777 
1366 1413 17660 0.4394909317912806 3705 
1367 1413 17725 0.8893656840169494 3833 
1368 1414 16864 0.6556925267312539 3820 
1369 1414 18364 0.4644062885832522 3710 
1370 1414 17878 0.6480265508563293 3711 
1371 1415 17070 0.8173257902647041 3731 
1372 1416 18392 0.4466275613032541 3854 
1373 1418 17578 0.18596589061093313 3851 
1374 1420 17054 0.2895279326127595 3689 
1375 1421 17926 0.4933425441528406 3735 
1376 1422 16860 0.1831716135860655 3786 
1377 1422 16869 0.7647132665918844 3848 
1378 1423 17752 0.3024611901646421 3700 
1379 1423 17029 0.5055191234945203 3699 
1380 1424 18267 0.5911837401105107 3795 
1381 1425 17516 0.26535504716141345 3775 
1382 1426 17100 0.8325061288900795 3784 
1383 1427 17656 0.6826786108467651 3748 
1384 1428 17150 0.8460793071163248 3849 
1385 1431 16522 0.036036254071242044 3672 
1386 1432 17096 0.5776911848079366 3749 
1387 1434 17385 0.6641026562295226 3711 
1388 1434 16910 0.809814928844415 3750 
1389 1434 18269 0.04332914358468813 3721 
1390 1435 18226 0.6619081421433523 3759 
1391 1438 16585 0.3171280959613054 3845 
1392 1438 17907 0.4158445941226947 3701 
1393 1438 16827 0.16733929748070586 3681 
1394 1440 18285 0.5308173649098169 3750 
1395 1441 17883 0.6205609074496847 3683 
1396 1441 18017 0.5615976991786685 3694 
1397 1441 16752 0.17678927481331563 3852 
1398 1443 17997 0.6720716475253867 3842 
1399 1444 18483 0.6052367595972312 3775 
1400 1444 17890 0.22665415386135612 3755 
1401 1447 17871 0.052243673359221345 3797 
1402 1449 17087 0.5991132376017249 3847 
1403 1451 16595 0.029720025419269318 3703 
1404 1452 18184 0.728446805446673 3823 
1405 1453 16719 0.7128970863536166 3717 
1406 1454 17017 0.2081947587094498 3859 
1407 1455 18382 0.6097876939863804 3802 
1408 1455 18103 0.26606382026921993 3729 
1409 1456 18406 0.5544906799588464 3786 
1410 1461 17362 0.2838930515978733 3711 
1411 1464 17979 0.10972231261846936 3860 
1412 1464 17608 0.3435746776174179 3751 
1413 1465 17124 0.10523984725365224 3744 
1414 1466 16849 0.3089871671834769 3844 
1415 1466 17471 0.21787692313591553 3863 
1416 1467 18342 0.4324157037283457 3822 
1417 1467 17829 0.011831820098037243 3755 
1418 1469 17589 0.8074491214691467 3684 
1419 1469 17789 0.31517564820065114 3736 
1420 1470 18074 0.7783572112036635 3783 
1421 1471 17746 0.5916187201323108 3791 
1422 1471 17291 0.42129205580311385 3732 
1423 1471 17964 0.41212816968084914 3704 
1424 1473 16816 0.24431127337265893 3763 
1425 1474 17897 0.4525243021647996 3797 
1426 1475 17943 0.5050129720250807 3807 
1427 1475 16621 0.4883362953334232 3822 
1428 1475 17652 0.16062096455880176 3778 
1429 1475 18397 0.46132854324885425 3748 
1430 1475 17787 0.8393828101044422 3784 
1431 1478 17391 0.40075021172469044 3826 
1432 1479 16652 0.4508744057233895 3846 
1433 1480 17734 0.6944391613152275 3700 
1434 1482 17036 0.2756454998736064 3744 
1435 1485 18303 0.30504188923048436 3851 
1436 1485 16646 0.33550435397380324 3813 
1437 1486 17256 0.23898783868161175 3722 
1438 1487 16947 0.07839046813227388 3692 
1439 1487 17923 0.12767546514977451 3816 
1440 1487 17932 0.1272542318781392 3772 
1441 1490 18400 0.5727233075886313 3779 
1442 1491 16787 0.38611251920089906 3686 
1443 1492 16731 0.4786836558438357 3781 
1444 1492 16865 0.25388221296406405 3819 
1445 1493 18126 0.32144978341623115 3683 
1446 1494 16602 0.8368540795457664 3792 
1447 1494 16844 0.4109655082165936 3678 
1448 1496 18187 0.441397229257571 3689 
1449 1496 16663 0.5602529264804794 3793 
1450 1496 18029 0.22954841654290262 3821 
1451 1497 18104 0.712054697310327 3671 
1452 1499 18264 0.20785046798823667 3813 
1453 1502 16540 0.05614764675015499 3686 
1454 1503 17939 0.8289680216033367 3783 
1455 1504 17365 0.19903740107491583 3801 
1456 1506 17366 0.2782631279062224 3676 
1457 1506 17377 0.7381727551700058 3693 
1458 1507 16783 0.6764961761954166 3760 
1459 1508 18410 0.23175554380623276 3694 
1460 1508 17239 0.36859982777073863 3800 
1461 1509 17267 0.014726318171144902 3801 
1462 1509 17132 0.47348125640683447 3857 
1463 1509 16785 0.22471606671907604 3836 
1464 1512 17591 0.2977058133814203 3721 
1465 1515 18002 0.24264640134446902 3670 
1466 1515 18396 0.36319624248252164 3841 
1467 1516 18287 0.5328450141572335 3731 
1468 1516 17483 0.8433755824193899 3819 
1469 1517 16910 0.7889976162648594 3786 
1470 1517 16532 0.4067459778272407 3671 
1471 1518 16641 0.3677013933641634 3685 
1472 1518 16720 0.4479065722020796 3687 
1473 1519 18313 0.6929869181345235 3816 
1474 1522 17362 0.0477691068430216 3682 
1475 1523 18495 0.8974864767899343 3667 
1476 1524 17319 0.6578088489419046 3701 
1477 1525 17443 0.28069657658144886 3862 
1478 1526 17155 0.750492335001384 3760 
1479 1527 18336 0.01100718725473804 3828 
1480 1528 17665 0.44698305473283384 3808 
1481 1529 16838 0.25665970552431233 3775 
1482 1530 18152 0.1505066640469268 3669 
1483 1531 18354 0.1381674510863729 3787 
1484 1531 18168 0.4487189033827162 3682 
1485 1531 17675 0.8401209336345633 3770 
1486 1531 17047 0.6582502774119399 3735 
1487 1534 18458 0.5294792182359924 3740 
1488 1534 18040 0.8535449535705067 3670 
1489 1534 16710 0.17100656417199786 3795 
1490 1537 17184 0.4142805501199612 3829 
1491 1537 18352 0.5396633591469231 3749 
1492 1538 16936 0.5300945801355034 3688 
1493 1538 17751 0.7773178130531742 3841 
1494 1539 16794 0.32264928040991436 3732 
1495 1543 17068 0.30466467993261176 3773 
1496 1546 17849 0.29701234327085263 3852 
1497 1547 17838 0.7335172590854943 3850 
1498 1548 18164 0.8652637304655956 3843 
1499 1549 17337 0.6118919674197376 3769 
1500 1549 17156 0.5195158155030495 3809 
1501 1550 16656 0.040104810122790754 3798 
1502 1551 17022 0.42471982139727016 3795 
1503 1552 16902 0.5130075293876646 3809 
1504 1553 17519 0.1346027300377505 3687 
1505 1553 17263 0.5968192415423802 3762 
1506 1554 16794 0.0539576471510498 3821 
1507 1554 17432 0.6310704509702894 3855 
1508 1555 16599 0.5519976520229248 3860 
1509 1555 17281 0.43510860002047785 3830 
1510 1556 17154 0.19851777083312827 3843 
1511 1557 16914 0.19779468379989587 3685 
1512 1558 17279 0.2552646894866795 3781 
1513 1558 17496 0.579473922292486 3852 
1514 1558 16569 0.7522484719754515 3823 
1515 1559 18404 0.14600799176890075 3760 
1516 1560 17469 0.12649331102672262 3696 
1517 1562 18501 0.07015124258745384 3753 
1518 1564 16982 0.2760326783638906 3731 
1519 1565 17347 0.6844681451215374 3781 
1520 1566 17859 0.787948049734191 3763 
1521 1567 18354 0.1240277356968386 3680 
1522 1568 16993 0.11132359652059785 3810 
1523 1569 18251 0.2686880125666466 3687 
1524 1571 17348 0.5510572850491494 3667 
1525 1571 18412 0.1754791144287123 3732 
1526 1573 17454 0.871184402890599 3788 
1527 1573 16807 0.5358892412997033 3813 
1528 1573 16519 0.24173216112021384 3753 
1529 1574 18280 0.5729196996341247 3850 
1530 1575 18226 0.8536742999877449 3677 
1531 1575 16795 0.6852620133442021 3672 
1532 1576 18479 0.04852520346791682 3730 
1533 1577 17869 0.4590510022915569 3752 
1534 1579 18387 0.6614553153543457 3783 
1535 1579 16650 0.4691616795616326 3809 
1536 1580 16620 0.4569772114080044 3826 
1537 1582 17113 0.6574160288619709 3808 
1538 1584 17876 0.026411468221341314 3841 
1539 1585 17598 0.1701108179451227 3785 
1540 1586 18382 0.18920700857463588 3723 
1541 1586 16984 0.2614442859543809 3857 
1542 1587 17778 0.6418215856132503 3815 
1543 1589 18397 0.7794988951442731 3772 
1544 1591 17913 0.46636815380125374 3844 
1545 1592 18301 0.02797095178855074 3810 
1546 1593 17328 0.6765261998535896 3670 
1547 1593 17456 0.23514091969870024 3699 
1548 1594 16580 0.7096663206777971 3810 
1549 1596 16712 0.8313317057085693 3667 
1550 1596 17807 0.2474201850671238 3821 
1551 1596 16574 0.24140133308433068 3816 
1552 1597 16792 0.6401342154458536 3764 
1553 1598 18179 0.4269726339472256 3767 
1554 1598 17683 0.6222675748449573 3787 
1555 1598 18427 0.8607762280577117 3705 
1556 1598 17065 0.7333668256417573 3836 
1557 1598 17043 0.3559799357107557 3764 
1558 1602 16916 0.4805440345005242 3830 
1559 1603 17030 0.3482812286311548 3706 
1560 1603 17119 0.28722198147578437 3850 
1561 1604 16621 0.6576742338945593 3713 
1562 1605 16856 0.15819855117787748 3732 
1563 1605 17934 0.624733145254298 3834 
1564 1606 16614 0.020808847501713395 3816 
1565 1607 17187 0.5700021371840308 3667 
1566 1607 17839 0.551725153040317 3809 
1567 1608 18517 0.2754845815320351 3695 
1568 1608 17575 0.454456440887847 3681 
1569 1609 18253 0.3134264979248755 3817 
1570 1609 16975 0.6774039368892243 3687 
1571 1610 18323 0.09696661564186233 3724 
1572 1610 17480 0.6621674154315913 3740 
1573 1612 18196 0.7107193682618521 3726 
1574 1612 16873 0.2901065632900365 3861 
1575 1614 16866 0.033031863190643274 3829 
1576 1614 17380 0.44276102015331337 3825 
1577 1615 18421 0.8168922360203809 3846 
1578 1615 18159 0.789776570525773 3857 
1579 1616 16748 0.7287967665109042 3860 
1580 1616 16701 0.36981022520869283 3848 
1581 1616 17598 0.5199728452407747 3673 
1582 1617 18205 0.010418122317944669 3819 
1583 1618 18004 0.32017009062518437 3833 
1584 1619 18507 0.36222793217620114 3804 
1585 1621 17161 0.032047701630155766 3713 
1586 1622 17882 0.7277618587159739 3858 
1587 1622 17618 0.554029278800628 3699 
1588 1623 17458 0.3586780825964468 3724 
1589 1625 17063 0.08787657712702161 3827 
1590 1626 17053 0.25545131580155905 3719 
1591 1626 17015 0.3071151300709698 3835 
1592 1627 18096 0.021176864021660996 3734 
1593 1628 16582 0.8100792459759668 3751 
1594 1628 17497 0.24038181906570308 3819 
1595 1629 17300 0.19660872954950173 3796 
1596 1630 17518 0.19533049716939568 3805 
1597 1630 17164 0.35657326750579443 3670 
1598 1630 18308 0.6591382727645944 3802 
1599 1631 17715 0.7759805263435036 3743 
1600 1631 17810 0.7153753846048435 3665 
1601 1634 17642 0.8206328467705313 3861 
1602 1639 17968 0.8781462402216663 3679 
1603 1639 16923 0.5424781361244139 3714 
1604 1639 18043 0.03317222452031587 3799 
1605 1640 16560 0.6200594261495171 3772 
1606 1640 16955 0.7668579241762703 3758 
1607 1640 17765 0.28438565509832475 3735 
1608 1640 17572 0.8567332533972141 3816 
1609 1642 18320 0.322778459084517 3768 
1610 1642 16775 0.05209178353527673 3843 
1611 1642 17793 0.7396609645203899 3782 
1612 1643 18469 0.8148665312671823 3799 
1613 1643 16974 0.6405749733635122 3804 
1614 1645 17153 0.5109325074351779 3811 
1615 1646 17674 0.7267311406544804 3713 
1616 1647 16771 0.8152351067645206 3738 
1617 1647 16577 0.23650432207138064 3683 
1618 1648 18467 0.7580314054426542 3735 
1619 1651 17126 0.6490779996391408 3705 
1620 1651 17298 0.7786735980448483 3850 
1621 1654 16565 0.10451768665152529 3760 
1622 1654 16579 0.46301671723626653 3727 
1623 1656 16819 0.5976628561946593 3779 
1624 1657 17129 0.5856623814067574 3757 
1625 1657 17553 0.08232686859093374 3707 
1626 1658 18228 0.029135584215067914 3674 
1627 1661 17516 0.668375745524125 3805 
1628 1662 17068 0.31778621235543075 3843 
1629 1663 16954 0.43619983572065607 3702 
1630 1664 18173 0.15347012087956213 3782 
1631 1664 17275 0.8897863993088422 3722 
1632 1664 17493 0.07103788017045157 3683 
1633 1665 17830 0.6332129736866264 3793 
1634 1665 18233 0.18631339074767841 3855 
1635 1665 16944 0.22290954093906232 3776 
1636 1666 17123 0.7966329147751503 3699 
1637 1667 18430 0.8587012939829779 3716 
1638 1671 17317 0.43513994254433563 3701 
1639 1673 17317 0.5456034674486498 3730 
1640 1674 16994 0.5653786450668304 3806 
1641 1676 17240 0.316073972324558 3775 
1642 1677 17985 0.06187337077517508 3739 
1643 1677 17948 0.7102884100036204 3790 
1644 1678 17747 0.4318623770020411 3715 
1645 1680 16953 0.6857263388738354 3852 
1646 1680 16545 0.03705681471473974 3796 
1647 1681 18147 0.4512895106631744 3779 
1648 1686 17379 0.8416915989481113 3797 
1649 1686 17231 0.462905940695178 3680 
1650 1687 17149 0.21880240468533127 3676 
1651 1688 16907 0.5887521362376672 3724 
1652 1689 17874 0.297973350933854 3817 
1653 1689 16584 0.5973185810844995 3756 
1654 1691 17551 0.3061135012195554 3754 
1655 1692 16936 0.7881931717731676 3755 
1656 1693 17382 0.8782687021047493 3679 
1657 1694 17872 0.5888780768957272 3794 
1658 1694 18178 0.5779083853604725 3778 
1659 1698 17147 0.7891853352520375 3839 
1660 1699 16984 0.17500835003760162 3858 
1661 1699 17890 0.33422727865497803 3786 
1662 1701 18479 0.5278202945329117 3695 
1663 1702 16706 0.202355432149355 3733 
1664 1706 18170 0.30718487720793053 3687 
1665 1706 18460 0.45049618499929645 3675 
1666 1706 17962 0.444115635131004 3855 
1667 1709 16937 0.6418034252073405 3710 
1668 1710 17069 0.6894427595643718 3683 
1669 1713 16776 0.014161405732732866 3780 
1670 1713 18210 0.6064149061096181 3689 
1671 1714 17001 0.2741830075625689 3715 
1672 1716 18046 0.6949302414775351 3683 
1673 1717 17270 0.09078730307538604 3793 
1674 1719 17535 0.657330888768582 3666 
1675 1719 17017 0.621298796808787 3762 
1676 1720 17260 0.7051507884028839 3790 
1677 1724 17193 0.42230750521084875 3791 
1678 1724 17298 0.19659208431248573 3806 
1679 1727 16937 0.07188758132098244 3694 
1680 1729 17356 0.025349173053436057 3758 
1681 1729 17093 0.273891731522396 3759 
1682 1729 18072 0.2680238160575926 3822 
1683 1730 18028 0.5891967549890323 3691 
1684 1731 18426 0.20843171656269258 3849 
1685 1731 18494 0.039360093649400435 3672 
1686 1733 17693 0.46271924021168737 3692 
1687 1734 17538 0.4116881919308616 3837 
1688 1735 17833 0.5706145760788776 3862 
1689 1735 17044 0.6159483910581879 3862 
1690 1736 17836 0.8111178150171555 3684 
1691 1737 17063 0.2737596131725591 3761 
1692 1741 18448 0.6379716936140306 3692 
1693 1741 18241 0.6529618009534685 3757 
1694 1742 18267 0.22686616572239582 3805 
1695 1742 18420 0.88243543145904 3700 
1696 1742 18516 0.14327065500963881 3839 
1697 1743 18060 0.8078748792530008 3760 
1698 1743 16603 0.29425247057678267 3687 
1699 1744 17074 0.565071249065708 3705 
1700 1744 18308 0.4958618301172263 3738 
1701 1745 18168 0.03947540688073526 3785 
1702 1745 18308 0.8330468803672043 3685 
1703 1745 18391 0.5328647105972764 3783 
1704 1748 17577 0.523766493921851 3677 
1705 1749 17719 0.27247913685143693 3697 
1706 1752 18031 0.2005204790912854 3781 
1707 1753 18463 0.44036597361858576 3799 
1708 1755 16560 0.5312211243190486 3671 
1709 1756 17248 0.6549379139527143 3744 
1710 1757 17795 0.2695910059905616 3760 
1711 1760 17714 0.404463928062545 3779 
1712 1762 18154 0.4809703606717382 3692 
1713 1762 18243 0.5902880875172888 3753 
1714 1765 17499 0.17844860764976406 3859 
1715 1765 17561 0.10745757705254827 3799 
1716 1765 18376 0.12721010930453822 3726 
1717 1766 18322 0.1958151422649157 3779 
1718 1766 17101 0.34208937448377713 3818 
1719 1769 16888 0.7934338287085678 3814 
1720 1770 18130 0.2995962001575674 3717 
1721 1771 17543 0.6481530214968463 3777 
1722 1771 16875 0.36048655623224674 3710 
1723 1771 18359 0.06892823367115523 3667 
1724 1772 17845 0.22533131502901882 3800 
1725 1774 17295 0.5005872713372951 3761 
1726 1774 17502 0.4420892427347786 3668 
1727 1777 17798 0.03932521635011244 3741 
1728 1779 17090 0.016283779833487447 3747 
1729 1781 17832 0.13090138507727844 3832 
1730 1782 17646 0.6923612666504803 3731 
1731 1782 16834 0.13873021115506487 3783 
1732 1782 17291 0.17290408221139655 3846 
1733 1784 17412 0.33709020139801077 3784 
1734 1785 17309 0.30715701506471416 3770 
1735 1788 17329 0.8783126919429249 3812 
1736 1788 17321 0.3832414250727744 3844 
1737 1789 18479 0.7861356659501018 3698 
1738 1789 17850 0.2629757625889041 3856 
1739 1789 16992 0.8564335842356663 3772 
1740 1789 18487 0.6502503670144455 3688 
1741 1790 18291 0.7924974171679441 3773 
1742 1792 17759 0.7086267135560494 3727 
1743 1794 17835 0.4283765200909477 3719 
1744 1794 17117 0.6961745002469092 3708 
1745 1795 17694 0.18450803804719418 3798 
1746 1795 18042 0.2545924700536892 3850 
1747 1796 17328 0.7791100451698428 3673 
1748 1796 18346 0.2856667452067591 3683 
1749 1797 17716 0.737032819742328 3802 
1750 1800 16673 0.7144095212663545 3794 
1751 1800 17028 0.7206943048317863 3736 
1752 1803 16544 0.14918615132988602 3730 
1753 1803 16709 0.43629209093468235 3789 
1754 1803 17694 0.8589865371730661 3858 
1755 1803 17062 0.2537916538197229 3752 
1756 1804 16713 0.42538281785215004 3761 
1757 1804 17983 0.19130945387629195 3677 
1758 1804 18404 0.6332463204004476 3697 
1759 1805 18403 0.07609059066881448 3686 
1760 1805 17070 0.022337741392823525 3837 
1761 1805 17544 0.7993802608692253 3702 
1762 1807 17661 0.22859018314954738 3826 
1763 1807 17754 0.2511260165144669 3734 
1764 1809 17640 0.20132680679280482 3799 
1765 1811 17033 0.8896249985838489 3674 
1766 1813 18281 0.7926619732825586 3664 
1767 1813 17883 0.3081377419282839 3856 
1768 1813 17537 0.14991635943820555 3772 
1769 1815 18131 0.5297179938448868 3800 
1770 1816 17926 0.07293429001576703 3724 
1771 1816 16905 0.4555924378211597 3796 
1772 1818 17630 0.39531416300112565 3666 
1773 1818 16583 0.7108955830903075 3748 
1774 1819 17885 0.5374313944961187 3680 
1775 1819 17419 0.14018127414259418 3735 
1776 1819 17870 0.34748297142478407 3755 
1777 1822 17168 0.6780601656976132 3846 
1778 1822 16627 0.5385763162975462 3704 
1779 1822 16530 0.6543769835911387 3676 
1780 1828 18329 0.5220578647025476 3854 
1781 1832 18311 0.45970151175836127 3796 
1782 1832 16905 0.4424852298181247 3743 
1783 1833 16812 0.49081209832618444 3835 
1784 1834 18342 0.10800972213682469 3763 
1785 1835 17212 0.3540088406214342 3711 
1786 1835 18409 0.4855257439768434 3694 
1787 1836 16698 0.21934262583704547 3672 
1788 1837 17020 0.5427455824798555 3743 
1789 1837 17566 0.5146684246861342 3815 
1790 1837 17938 0.07126768770778719 3822 
1791 1837 16594 0.14394864720666223 3723 
1792 1838 16900 0.4310932681696195 3769 
1793 1838 18462 0.49944054746982797 3701 
1794 1839 16917 0.5477671196728536 3826 
1795 1839 17861 0.27406653233409317 3734 
1796 1839 16699 0.850826225430068 3763 
1797 1841 17943 0.7144536036526344 3777 
1798 1841 18377 0.6635781417977543 3797 
1799 1843 18422 0.4111178719359314 3743 
1800 1844 18062 0.5509276556675635 3742 
1801 1845 17880 0.1451495291439503 3828 
1802 1845 16579 0.20817539045752795 3746 
1803 1846 16923 0.026113331167488707 3674 
1804 1846 16812 0.7089557055622833 3793 
1805 1847 18276 0.2423230138553941 3786 
1806 1847 17087 0.6589785316911181 3755 
1807 1848 17208 0.6452365506320422 3775 
1808 1849 17106 0.5817163284333849 3783 
1809 1851 16869 0.6541629095944929 3758 
1810 1851 16754 0.0372673367648099 3682 
1811 1852 17195 0.1886439618646411 3855 
1812 1852 18377 0.8949059329973611 3759 
1813 1853 17943 0.25265650986405463 3707 
1814 1853 16826 0.6915062416125378 3760 
1815 1855 17377 0.11228490135620728 3861 
1816 1856 16624 0.14230134447744147 3758 
1817 1856 17657 0.6286124353740399 3818 
1818 1857 18324 0.025642062685435583 3852 
1819 1857 17048 0.8202034668275512 3697 
1820 1858 16768 0.6203012947891067 3761 
1821 1858 17168 0.18383358727350363 3696 
1822 1860 17252 0.17618063060001185 3796 
1823 1860 16898 0.7288638663795233 3686 
1824 1860 17285 0.6880115997886991 3791 
1825 1860 16675 0.33143222388962584 3715 
1826 1860 17515 0.8663137607579983 3781 
1827 1860 18108 0.6011566899303004 3694 
1828 1861 17085 0.6773240017682641 3803 
1829 1862 17668 0.8971749971134294 3679 
1830 1863 17674 0.06902649403881543 3702 
1831 1863 17488 0.8458840421966173 3693 
1832 1864 17067 0.7154185575782418 3666 
1833 1864 17579 0.24248457877855062 3785 
1834 1865 17407 0.5250243280117328 3695 
1835 1866 16521 0.849593898410197 3687 
1836 1868 17305 0.27480848102955785 3713 
1837 1869 18188 0.31448722307577676 3713 
1838 1870 16784 0.8814916333322085 3756 
1839 1871 17346 0.24838436849408882 3693 
1840 1872 17140 0.6434849097792816 3796 
1841 1873 18144 0.7506345530308924 3701 
1842 1873 17618 0.20635648163051207 3725 
1843 1874 18191 0.7388841929788147 3790 
1844 1876 18300 0.23478277821478355 3793 
1845 1876 16651 0.4525245919201656 3692 
1846 1877 17622 0.31524557481433574 3736 
1847 1878 16915 0.3865755985261311 3762 
1848 1880 17447 0.43769541207114954 3851 
1849 1880 16534 0.6804000705387256 3728 
1850 1882 17125 0.3423093864036064 3773 
1851 1883 17586 0.6192455583158881 3843 
1852 1885 17149 0.33680846127655817 3720 
1853 1887 18396 0.5195001379626719 3714 
1854 1887 18511 0.753482374734102 3699 
1855 1888 16665 0.43256987318967877 3686 
1856 1888 17578 0.5530032912313814 3716 
1857 1889 17170 0.5960102192973059 3851 
1858 1890 16532 0.1325572393061184 3796 
1859 1890 18237 0.415403023022783 3832 
1860 1891 18489 0.5088777386410955 3800 
1861 1891 16783 0.2732399391687001 3762 
1862 1892 18482 0.8528376979994462 3815 
1863 1892 17577 0.4109027156811306 3670 
1864 1894 17398 0.06946772798124133 3794 
1865 1895 17318 0.6012916937197297 3810 
1866 1898 17416 0.6815788554537489 3815 
1867 1899 18106 0.29255575032488906 3762 
1868 1900 17523 0.31109409643667946 3808 
1869 1902 18369 0.8224677407851686 3778 
1870 1903 18277 0.740336174568893 3698 
1871 1904 17631 0.6693188598687821 3737 
1872 1904 17980 0.16841119502850405 3761 
1873 1905 17265 0.7602242024744865 3762 
1874 1905 18440 0.6121661474280643 3759 
1875 1905 17367 0.12659305991300757 3792 
1876 1906 17347 0.6735691607574847 3839 
1877 1908 17698 0.7752374472371302 3827 
1878 1909 17027 0.869821078559224 3697 
1879 1909 18262 0.2773267785665599 3804 
1880 1911 17596 0.05650490256248337 3857 
1881 1911 17894 0.6876398444818883 3690 
1882 1912 16982 0.5083181150435889 3706 
1883 1912 16703 0.8901685645638149 3680 
1884 1914 17537 0.13749955855480883 3686 
1885 1914 17599 0.8889922200065794 3702 
1886 1915 16910 0.7722103241599627 3861 
1887 1918 17077 0.7626049900461289 3682 
1888 1918 18141 0.34735063600956506 3838 
1889 1919 18386 0.33078361407286994 3795 
1890 1919 17098 0.6365383215917687 3689 
1891 1920 16963 0.2957775463719471 3796 
1892 1920 17128 0.7375606068336573 3824 
1893 1922 18115 0.663635814989085 3756 
1894 1923 18418 0.4046851888847875 3814 
1895 1923 17440 0.02195888622060472 3669 
1896 1923 16803 0.09126249281733063 3832 
1897 1924 17664 0.7184331078664865 3714 
1898 1925 16790 0.7281959285702502 3762 
1899 1926 16550 0.6250200731656771 3664 
1900 1927 17270 0.7413521363873382 3833 
1901 1928 17158 0.5798791940344733 3796 
1902 1929 17728 0.0996611311067242 3721 
1903 1929 17497 0.8269402565315443 3698 
1904 1930 17334 0.20529888025252102 3679 
1905 1930 17368 0.29171508133466356 3697 
1906 1930 17122 0.3673537575434436 3806 
1907 1930 16978 0.09409072328834969 3764 
1908 1931 17789 0.6527477886753235 3796 
1909 1932 17729 0.5226064299694264 3819 
1910 1937 17013 0.5305072824674176 3762 
1911 1938 17833 0.6892217095093698 3745 
1912 1938 16582 0.11615168464405992 3820 
1913 1938 17420 0.4041327901729688 3830 
1914 1939 18215 0.46473162608457136 3664 
1915 1939 16736 0.01054833336148928 3782 
1916 1939 17012 0.028318113454447638 3680 
1917 1941 16570 0.5521635248980326 3701 
1918 1943 16854 0.579292347788282 3770 
1919 1944 17924 0.15626277229548335 3768 
1920 1944 17031 0.28166309884039264 3669 
1921 1944 17333 0.45435284944140847 3757 
1922 1944 16840 0.12356923353283787 3784 
1923 1946 18127 0.48989659545708086 3682 
1924 1946 16888 0.38807621331588543 3760 
1925 1947 18410 0.09560063470869878 3722 
1926 1948 17185 0.16363520613525454 3834 
1927 1949 17760 0.21396920898669367 3799 
1928 1949 17815 0.23045693505065656 3726 
1929 1950 18100 0.3804477249199432 3810 
1930 1950 17376 0.8184092375637418 3676 
1931 1951 17892 0.47016997390011084 3838 
1932 1951 16764 0.21686931280130178 3750 
1933 1955 18414 0.12393647098117155 3757 
1934 1955 16759 0.3502598286600198 3814 
1935 1956 17425 0.748482150409821 3772 
1936 1956 17449 0.3398199825880184 3701 
1937 1956 17188 0.8134088394181113 3816 
1938 1957 18492 0.7583739216244548 3836 
1939 1957 17583 0.7432317147746387 3731 
1940 1957 16925 0.7871670182671638 3737 
1941 1958 18366 0.5904186695081091 3799 
1942 1958 17496 0.15097872649235486 3726 
1943 1960 18351 0.7067540164344607 3753 
1944 1962 16756 0.23901243854639537 3837 
1945 1963 17683 0.792256620311605 3808 
1946 1965 18130 0.4036587672161111 3807 
1947 1966 16599 0.1712893054629834 3694 
1948 1967 17653 0.24197810442395765 3693 
1949 1967 18237 0.4643284642572471 3855 
1950 1968 16638 0.7430361245093826 3735 
1951 1970 16530 0.22793601502636376 3847 
1952 1971 16750 0.8313927243110517 3680 
1953 1971 17782 0.8590988185787231 3842 
1954 1971 16749 0.2559227168351359 3690 
1955 1972 16966 0.13701327891042725 3717 
1956 1972 18249 0.7041679220786304 3774 
1957 1973 18324 0.8215765318615516 3808 
1958 1973 17140 0.25765792199004806 3710 
1959 1974 17603 0.32461279778247165 3678 
1960 1978 16921 0.4248814796807441 3756 
1961 1978 16992 0.5083365124873306 3802 
1962 1979 16747 0.8020497924890129 3816 
1963 1979 17982 0.8148501538650896 3733 
1964 1979 16838 0.1898769420616607 3711 
1965 1980 16656 0.44133259722018403 3793 
1966 1980 16657 0.4985502592352122 3711 
1967 1980 16638 0.024636681049125614 3671 
1968 1981 17753 0.21795045663208376 3802 
1969 1981 16582 0.6102716122667936 3697 
1970 1982 17588 0.17656725620864033 3727 
1971 1982 18393 0.0840727894074796 3688 
1972 1983 17636 0.06942775206633053 3728 
1973 1984 17641 0.21730987477165933 3771 
1974 1985 17889 0.3863751802371834 3697 
1975 1986 17073 0.5437679021809488 3701 
1976 1988 17013 0.24197120300961122 3772 
1977 1988 17634 0.5378376391330084 3854 
1978 1989 16600 0.8763525388871206 3848 
1979 1990 17579 0.8664827610645182 3863 
1980 1990 18321 0.8183094667031603 3687 
1981 1991 16728 0.8663714051295758 3692 
1982 1992 17403 0.542448901177303 3856 
1983 1992 17360 0.020238217767061917 3845 
1984 1993 18493 0.3890541115935893 3810 
1985 1993 16876 0.16795674466780763 3794 
1986 1993 16989 0.09337945481909599 3729 
1987 1993 18297 0.0822616506492029 3805 
1988 1994 18077 0.834543640996331 3731 
1989 1997 17461 0.5925623079849004 3677 
1990 1997 16930 0.592997044579012 3836 
1991 1997 16587 0.47233453636717615 3781 
1992 1998 16973 0.5508545783219785 3711 
1993 1998 16614 0.7312146621951903 3774 
1994 1998 17318 0.776448395709155 3708 
1995 1998 17416 0.15919955111668016 3723 
1996 1999 16934 0.7324963204731665 3724 
1997 2000 17082 0.0834050955090362 3717 
1998 2000 17282 0.07155933565270656 3810 
1999 2000 17910 0.6361031985708433 3725 
2000 0 17125 0.24625034211843227 3780 
