1 4 19275 0.10780105243387622 2163 
2 5 18464 0.6097039783092549 2071 
3 7 19607 0.435808629179519 2175 
4 8 19237 0.0769284407152344 2099 
5 8 19901 0.7874904038441781 2074 
6 9 18419 0.22719046254474212 2061 
7 11 19670 0.36717943660589514 2026 
8 12 19072 0.8214733244249721 2042 
9 12 20308 0.20894491813363042 2160 
10 14 20306 0.3366111397413776 2195 
11 14 19528 0.36586465025217063 2180 
12 15 19786 0.414813460315596 2152 
13 15 19200 0.6785979550160258 2103 
14 17 20325 0.0954666783682707 2162 
15 17 19042 0.30158948374510464 2147 
16 17 19881 0.48112009885383106 2154 
17 18 19398 0.23488141208212554 2050 
18 20 19016 0.16752935791208998 2029 
19 22 18696 0.5994147455840524 2191 
20 23 18743 0.12202276088888644 2215 
21 23 19167 0.8136411063101628 2146 
22 25 18573 0.39889250727868136 2048 
23 26 19686 0.14759070650564013 2194 
24 26 19333 0.5765486567383756 2060 
25 27 19427 0.7536218877348893 2027 
26 30 19174 0.43312308353662626 2153 
27 32 19198 0.440575585455859 2081 
28 32 19915 0.6857453968683034 2160 
29 33 18767 0.75782064458211 2032 
30 34 20329 0.3156545295364669 2052 
31 36 18374 0.19711332523253072 2204 
32 37 19914 0.6989441099722244 2031 
33 37 19494 0.7000004437891254 2105 
34 40 18381 0.7719024021653924 2214 
35 40 18522 0.6558299765377688 2039 
36 41 18849 0.29832207139895867 2187 
37 42 18780 0.8964152364486698 2060 
38 43 19485 0.32605639838578837 2142 
39 43 18753 0.3173800332478756 2059 
40 44 19093 0.537686427784921 2060 
41 44 19902 0.6945751737700607 2119 
42 45 19895 0.4182255771873042 2160 
43 47 19511 0.5237652073563188 2047 
44 48 19299 0.6643877505133591 2037 
45 49 19816 0.08170990534623623 2147 
46 49 20356 0.630281091683365 2027 
47 50 18504 0.3158317087788601 2053 
48 52 19846 0.19131874954548383 2080 
49 52 19178 0.5928702611158744 2024 
50 52 18793 0.6326561670046094 2121 
51 56 19034 0.6883255166623394 2093 
52 58 20169 0.09275299367427436 2070 
53 59 18596 0.7286768697216665 2088 
54 60 19786 0.02499920392712108 2038 
55 62 20112 0.2695363145048 2156 
56 62 19388 0.44611030259540113 2063 
57 62 20319 0.34316879284010887 2035 
58 64 18488 0.4769666193713851 2059 
59 64 18664 0.5920859044202365 2047 
60 64 20221 0.609354188370203 2214 
61 64 19694 0.24790469047700173 2050 
62 65 19193 0.7987504156618058 2150 
63 67 20003 0.8537170860056031 2029 
64 68 19848 0.3859132325764613 2121 
65 72 18519 0.264539512201896 2152 
66 74 19900 0.5932795298294107 2154 
67 75 18669 0.8218052345080714 2171 
68 75 18836 0.016876915526987654 2141 
69 76 18457 0.5454224737583577 2043 
70 76 19584 0.1728936222172596 2157 
71 79 18769 0.28324114415572293 2029 
72 80 19229 0.20658908077678137 2148 
73 80 18956 0.4189759569387098 2130 
74 81 18586 0.7696767505221691 2199 
75 83 18845 0.17573653891514354 2090 
76 83 19055 0.7179671278691169 2154 
77 84 19605 0.8796065637236111 2033 
78 86 20142 0.19870920158994745 2053 
79 87 20151 0.7643677341025767 2090 
80 88 20317 0.4683892589740134 2143 
81 91 18542 0.6961429399405735 2049 
82 91 20186 0.3912506230317832 2142 
83 92 18978 0.6269957882779144 2095 
84 93 19180 0.5935093061117378 2197 
85 94 20168 0.20767433949311084 2179 
86 94 18468 0.5900081526210863 2021 
87 95 19558 0.18464944398504768 2044 
88 96 18795 0.1252557687925625 2028 
89 97 19283 0.010085163002806229 2084 
90 97 18778 0.05870259914510484 2058 
91 98 19074 0.48472049960733615 2049 
92 99 19568 0.4372985360778298 2205 
93 99 19815 0.675843703785515 2128 
94 100 19785 0.2876577000091678 2208 
95 100 20314 0.048769234573558994 2099 
96 102 18456 0.10414785598515176 2033 
97 105 20017 0.6881287783651214 2068 
98 105 18822 0.7951773395276386 2026 
99 106 18908 0.3634708200696763 2196 
100 108 19430 0.3479917582839628 2156 
101 108 19810 0.8539935347810088 2089 
102 111 18588 0.18368684196389998 2181 
103 114 19101 0.17417377497494244 2080 
104 114 19688 0.17509073909115044 2074 
105 115 19773 0.72588278390716 2126 
106 117 19216 0.11345220694285452 2206 
107 117 19710 0.3964800403597829 2098 
108 118 18579 0.14214813448210653 2186 
109 118 19554 0.5044477481672309 2053 
110 118 20330 0.8232248152608124 2044 
111 119 20165 0.48722312159734193 2156 
112 120 19614 0.34334873573181796 2149 
113 123 20039 0.6386159575917276 2094 
114 124 18401 0.29360120561410635 2029 
115 128 19458 0.6637098024909477 2021 
116 128 19497 0.3374667771299543 2046 
117 129 19731 0.49676159410664755 2080 
118 129 19507 0.20713358598840198 2122 
119 129 20073 0.14225018303664078 2040 
120 130 19342 0.01889565849867097 2032 
121 130 18871 0.01361841096611176 2040 
122 130 19337 0.6761120682743665 2092 
123 132 18898 0.16135287620938607 2188 
124 133 19645 0.27243861970406136 2136 
125 133 20340 0.8316437872276573 2095 
126 133 19771 0.7849654045783935 2072 
127 135 19693 0.2889407833448766 2026 
128 138 18846 0.6328900038755749 2217 
129 139 19636 0.8442398898512932 2074 
130 139 19246 0.4047872543798228 2203 
131 139 19713 0.21059386258520463 2144 
132 140 20112 0.6026551574690483 2019 
133 140 19601 0.7074446039770954 2186 
134 140 18583 0.8188015800202015 2219 
135 142 19506 0.4330808129636313 2212 
136 142 19350 0.6330363455206462 2172 
137 142 19231 0.6021719554457008 2103 
138 144 19285 0.6015194981015703 2121 
139 147 19919 0.5004324294704826 2183 
140 150 19854 0.4684498021933695 2185 
141 151 18688 0.6811618009618462 2175 
142 152 19114 0.08286599163057382 2053 
143 152 19480 0.8726330365031468 2203 
144 156 19170 0.6988062818608405 2138 
145 156 18370 0.7230052637794393 2131 
146 156 19724 0.2741673776160508 2082 
147 158 19989 0.03641124516032596 2086 
148 159 18376 0.15661888711615024 2090 
149 159 18659 0.07638203788183667 2153 
150 160 19354 0.7873375194613157 2025 
151 160 19162 0.6939377215492993 2101 
152 160 18882 0.7007128551964111 2063 
153 162 20209 0.3783293894780221 2088 
154 163 18662 0.8477705150578906 2056 
155 165 19350 0.4182642794943116 2106 
156 167 19906 0.8263127375040209 2040 
157 168 18497 0.7097127764421517 2083 
158 169 18745 0.22048529866938676 2092 
159 172 19301 0.23574274565429415 2193 
160 173 18831 0.21013371313001863 2046 
161 173 20206 0.06242927545584548 2216 
162 173 19964 0.7421082315340339 2043 
163 174 18544 0.2487988161889575 2054 
164 176 18906 0.18251075309473316 2170 
165 182 19294 0.07524879802595218 2103 
166 185 19816 0.13457809466076212 2054 
167 185 19904 0.7827263459333389 2070 
168 187 19210 0.024099827219414546 2081 
169 188 18356 0.714407598474852 2204 
170 188 20121 0.1700267500327099 2112 
171 188 20083 0.21708376729349008 2154 
172 189 18433 0.030843609871323403 2208 
173 190 19140 0.1423222679440614 2019 
174 192 18648 0.4918855820612376 2166 
175 192 20120 0.7379339850691006 2110 
176 192 20108 0.22330752010641233 2101 
177 193 19617 0.15121522402094112 2155 
178 195 20299 0.3608469491444128 2182 
179 196 18462 0.786016912030606 2165 
180 197 18361 0.6816267454626604 2175 
181 200 18817 0.2704363703716442 2087 
182 200 19607 0.01820541513044119 2157 
183 200 20321 0.3862143566752652 2095 
184 200 18564 0.5954039197734143 2048 
185 201 19455 0.20662199758544067 2079 
186 204 19971 0.2933645539078888 2110 
187 206 19899 0.3294770284073093 2104 
188 207 19288 0.4944860416369624 2068 
189 207 18642 0.2239757916141832 2088 
190 208 18738 0.6404694990583926 2090 
191 209 19394 0.4783376865193856 2117 
192 211 19038 0.5554047838323746 2024 
193 212 19268 0.4621636071445984 2168 
194 213 20275 0.6620476192590994 2202 
195 214 18883 0.03591863048474796 2045 
196 215 18499 0.11221133274276501 2151 
197 215 19703 0.42416618601079953 2028 
198 216 19185 0.14264060960407454 2044 
199 216 19834 0.47874400933174294 2080 
200 219 19623 0.2551562986155704 2062 
201 222 19530 0.26396277963433457 2190 
202 223 18736 0.37515929788951013 2194 
203 223 19219 0.8235174718630918 2183 
204 225 19179 0.8237211648556633 2130 
205 225 20176 0.3319693611926405 2110 
206 226 18544 0.41442459547036337 2138 
207 227 19816 0.5069478790488646 2108 
208 227 18401 0.5233524140159285 2112 
209 227 19830 0.839499597766147 2136 
210 229 19973 0.7365032217176306 2110 
211 230 20113 0.6287428382446991 2099 
212 231 19083 0.6406433583446286 2167 
213 231 20188 0.595901983017781 2065 
214 232 18500 0.23516219139283853 2111 
215 232 18794 0.7815666698904301 2046 
216 232 18549 0.22917554323078268 2130 
217 232 19862 0.26470314330499 2145 
218 233 19342 0.18678422898552985 2163 
219 234 19170 0.3459580123751049 2192 
220 236 18882 0.5641094624046188 2130 
221 239 20254 0.3187757277613141 2043 
222 240 18662 0.22098396867851658 2026 
223 241 19894 0.2627695985184993 2149 
224 242 20328 0.22112717104317756 2070 
225 244 18917 0.558188380298607 2178 
226 248 18639 0.7784032045980378 2106 
227 252 19784 0.4568293753672532 2121 
228 252 20298 0.3955041710811681 2081 
229 253 20136 0.5470242212175319 2153 
230 253 19333 0.23807484249185246 2174 
231 254 19361 0.8333632644617385 2112 
232 255 19225 0.8418155607114156 2156 
233 256 19952 0.615919567000688 2031 
234 261 19383 0.37524397236423535 2124 
235 263 20119 0.5812435695188728 2084 
236 266 19485 0.44136983467039625 2133 
237 267 19466 0.564462254682584 2089 
238 268 18365 0.7373485618674696 2200 
239 268 19934 0.6694697100075141 2139 
240 271 18915 0.7539494773625972 2187 
241 271 18416 0.3908332748077876 2167 
242 272 20318 0.08652210506211123 2147 
243 272 18470 0.8030695766457475 2155 
244 274 19450 0.0432717131217196 2075 
245 280 19487 0.2099779744703926 2094 
246 282 19395 0.21200036859661286 2084 
247 285 20287 0.4105927922988681 2081 
248 287 19083 0.17463687154007754 2199 
249 288 19260 0.6318541076567727 2036 
250 291 20155 0.4872190420880198 2136 
251 292 18996 0.5959272904108996 2036 
252 293 18929 0.7990006368519204 2025 
253 295 19432 0.36363746797039315 2136 
254 295 19735 0.06731087384912922 2185 
255 298 19432 0.4386787401111184 2215 
256 299 20077 0.20452030451005682 2072 
257 299 18379 0.6677417010693718 2187 
258 300 19389 0.6505602265056887 2118 
259 300 19812 0.6877247111795289 2151 
260 304 19195 0.08574768128210604 2140 
261 305 19222 0.8165936103999315 2113 
262 306 18875 0.8801708140933777 2159 
263 307 18601 0.199992644189331 2028 
264 307 19211 0.8324038725153694 2123 
265 308 19740 0.6213576103579177 2085 
266 309 20290 0.5548556165549695 2112 
267 311 19302 0.4468936921718644 2192 
268 311 20125 0.23974722448945734 2201 
269 311 18881 0.39061345363590316 2092 
270 311 19179 0.778304959010834 2039 
271 314 20024 0.6134989964104279 2022 
272 315 20005 0.8827641867986878 2131 
273 316 20221 0.8187265206059168 2165 
274 319 19783 0.5220253160886277 2031 
275 320 20206 0.7579835806667322 2216 
276 321 18998 0.012663635509055431 2056 
277 321 19493 0.5010002343608122 2022 
278 321 19248 0.4289795409811274 2147 
279 324 19834 0.4323469914856928 2128 
280 325 19892 0.22391505183450136 2053 
281 328 18740 0.7272162749960307 2106 
282 330 19476 0.5769371641978612 2188 
283 330 18778 0.6745221046207829 2021 
284 330 20004 0.11833259804419538 2138 
285 331 19920 0.4728816383959168 2081 
286 332 18854 0.3107086043343935 2041 
287 333 19766 0.16709959042165096 2103 
288 333 19529 0.6904122017872077 2113 
289 334 18848 0.060606535159845314 2151 
290 334 18692 0.2295961065555931 2053 
291 336 19268 0.06297085584686243 2106 
292 337 19034 0.8737601856866591 2188 
293 340 18880 0.8426477771368929 2164 
294 342 18414 0.6268372265362788 2202 
295 343 19874 0.328491310590162 2116 
296 343 18803 0.14874186769593287 2108 
297 343 18726 0.2016000244372509 2219 
298 344 20134 0.23396082647385333 2078 
299 344 18695 0.7424256168543876 2157 
300 345 20290 0.6647201613543705 2059 
301 346 19827 0.5376452709402718 2136 
302 347 19678 0.35029085099809787 2155 
303 350 20224 0.18925486365923333 2061 
304 350 18529 0.4907212470525977 2078 
305 351 20187 0.017680728566237196 2073 
306 351 18381 0.3256194145014695 2074 
307 351 18667 0.8064097647829263 2184 
308 356 18596 0.24757224233948755 2095 
309 356 18545 0.6759675636724879 2176 
310 356 19185 0.2853928527304555 2185 
311 357 18968 0.6497615140754434 2181 
312 358 18786 0.7135444448879394 2026 
313 360 20256 0.6393679801804578 2138 
314 363 19206 0.056913920950192924 2023 
315 363 18922 0.7189064820077944 2096 
316 363 19764 0.374182579329056 2208 
317 364 18581 0.48551938394804117 2131 
318 367 19434 0.7046185345149394 2109 
319 368 18682 0.05838743546031209 2156 
320 368 18638 0.5277281772450154 2119 
321 369 18383 0.687890237855928 2019 
322 369 18515 0.1546485452173407 2171 
323 369 19092 0.655217842688856 2202 
324 371 19698 0.5489141773552664 2160 
325 372 18545 0.7739611752978262 2026 
326 374 19151 0.16420784526831364 2173 
327 374 20063 0.7577260512273829 2135 
328 376 18684 0.16174696228851448 2122 
329 380 19777 0.7232334257284472 2098 
330 380 19886 0.8794514379787336 2183 
331 380 19898 0.06429574258065801 2188 
332 381 20225 0.46172100761858537 2067 
333 382 20122 0.41766080168124603 2209 
334 382 20203 0.6179297812787998 2140 
335 383 18783 0.4036625194187308 2161 
336 384 18744 0.5912657507089872 2103 
337 384 19609 0.09517400771028837 2186 
338 386 20194 0.20736087130157335 2143 
339 387 19164 0.6347987080934767 2026 
340 388 19476 0.6654902055058967 2124 
341 388 18768 0.2894507798566483 2209 
342 388 19795 0.6072484016456198 2029 
343 393 19552 0.33658848100221245 2149 
344 393 19833 0.4817756574179952 2219 
345 393 19914 0.07055625915841214 2212 
346 393 19757 0.38695408514664 2137 
347 394 18431 0.6080417495317971 2193 
348 394 20121 0.615174875547671 2082 
349 396 20073 0.7776014547723742 2086 
350 397 20291 0.1688912113546283 2177 
351 400 20334 0.23826513286213946 2030 
352 400 19511 0.29962636390808833 2091 
353 401 18963 0.5768040429626996 2032 
354 401 19199 0.6172079614805059 2193 
355 402 18901 0.1254889773849412 2154 
356 404 18426 0.3926565083894841 2130 
357 407 18444 0.7338984523496451 2123 
358 408 18551 0.3474204530095687 2080 
359 408 18714 0.03407683261431822 2069 
360 408 20099 0.7097057315562397 2127 
361 409 18888 0.8180882910828551 2067 
362 410 20105 0.06069741061792188 2201 
363 411 20182 0.10206393996908189 2184 
364 413 19936 0.6834346108966162 2095 
365 415 18625 0.33696351209314657 2189 
366 416 18536 0.7571024504752254 2029 
367 417 19090 0.4778348001366304 2093 
368 418 19228 0.7968240943287703 2122 
369 418 20169 0.6736809995529346 2150 
370 418 20114 0.026671070344835908 2037 
371 421 19986 0.8375893222230449 2081 
372 422 19424 0.4435559024496085 2138 
373 422 19848 0.5939344892909706 2197 
374 423 18848 0.41370261896978333 2118 
375 424 18942 0.11620573798032102 2181 
376 429 19589 0.8334002088070961 2060 
377 431 19881 0.2803382527839546 2066 
378 431 18452 0.7959552215530508 2078 
379 431 18677 0.22373389834856347 2057 
380 432 19597 0.21846027712320698 2207 
381 432 18714 0.2768672957786509 2103 
382 432 18794 0.6594372621781013 2155 
383 434 18467 0.1388945960400926 2033 
384 436 18745 0.7417133513734523 2154 
385 436 19014 0.497225180995784 2151 
386 438 18867 0.39120265265485726 2156 
387 438 20076 0.30859159949866155 2098 
388 441 19575 0.8212506759219608 2154 
389 441 19386 0.20657658756823669 2126 
390 442 18509 0.8761776907156841 2136 
391 442 20114 0.47940522409050423 2203 
392 443 18964 0.893018001722747 2168 
393 444 20045 0.5838029089278823 2125 
394 444 20345 0.8049398448731511 2115 
395 444 18926 0.16366867438977215 2131 
396 450 19217 0.6701912166940294 2165 
397 451 19339 0.43889606751064353 2088 
398 451 18737 0.8320026504581325 2143 
399 451 18852 0.5022488368275561 2094 
400 452 18375 0.16526133195897702 2206 
401 453 18745 0.18030795446940226 2082 
402 455 19037 0.06544833322089527 2193 
403 456 18559 0.7498351469702452 2052 
404 458 19004 0.7893313200410768 2103 
405 458 20195 0.3155805038319647 2210 
406 458 20225 0.5265255309545265 2098 
407 460 18719 0.4848873382716994 2041 
408 460 20130 0.07651106667327992 2070 
409 462 19817 0.49364860290753537 2092 
410 462 19796 0.8159756027490552 2079 
411 465 19381 0.7269943360194212 2032 
412 466 20253 0.5631536647601646 2123 
413 466 19919 0.6195267543162727 2213 
414 467 19206 0.3093459416601658 2063 
415 468 19384 0.22076044747031986 2210 
416 468 19335 0.6776139368175423 2109 
417 469 19230 0.18614655857685972 2055 
418 469 18578 0.6339585389877823 2048 
419 469 19850 0.15366545144953503 2162 
420 469 19834 0.630439752543419 2092 
421 470 19745 0.28857909678694116 2198 
422 471 19578 0.3040268197341748 2168 
423 474 19051 0.06155351888921395 2034 
424 475 19841 0.04280787892605255 2098 
425 475 19432 0.6038908526564332 2060 
426 476 19333 0.3228385391968972 2120 
427 479 19561 0.6450336513049267 2178 
428 482 20217 0.11290933754284126 2147 
429 483 19341 0.7195359474805669 2197 
430 484 18846 0.8028008128294216 2139 
431 486 19033 0.6581203388753207 2070 
432 487 18535 0.31728080932587016 2094 
433 487 19691 0.5318405802902912 2062 
434 488 19110 0.29000459901445796 2024 
435 488 20138 0.48561649868450124 2197 
436 489 18560 0.42508031910880806 2217 
437 489 18859 0.20366994646916997 2023 
438 491 18550 0.5990215490112878 2044 
439 492 20149 0.22941878936732818 2159 
440 495 18600 0.31285050584033114 2171 
441 501 18586 0.21664263368666836 2107 
442 501 18488 0.6518681004640925 2192 
443 502 20056 0.08053643248291543 2081 
444 504 19918 0.6082969018160141 2159 
445 504 18488 0.14074758379612154 2195 
446 506 19952 0.8115161476192472 2078 
447 506 19148 0.25893068505639033 2022 
448 510 19913 0.27350584725243215 2176 
449 511 19860 0.3121310805682829 2095 
450 512 19596 0.13186726916630576 2019 
451 512 19138 0.41697999006708447 2116 
452 513 20088 0.4544810957505954 2199 
453 513 18442 0.16362221850192235 2172 
454 513 19923 0.24400862207447724 2163 
455 515 18409 0.34015016055817704 2080 
456 515 18612 0.14440642832931838 2194 
457 517 18801 0.5589990529741686 2074 
458 517 19219 0.592420717415546 2036 
459 517 19915 0.04149177514813215 2169 
460 519 20218 0.4922991395152096 2218 
461 520 19490 0.897649274175662 2096 
462 523 19096 0.4425552830541095 2110 
463 523 19582 0.02120498484068315 2046 
464 524 18779 0.8355064327010678 2207 
465 526 20002 0.10690744854299998 2214 
466 527 19780 0.3339512143738875 2141 
467 527 18638 0.20695795360068472 2176 
468 528 19926 0.7108506543731025 2092 
469 529 19727 0.7270662123473417 2031 
470 530 19121 0.8538948318329331 2066 
471 531 19671 0.38358062863008424 2190 
472 533 19777 0.6399390591126755 2101 
473 534 18841 0.5628229957245263 2205 
474 535 19762 0.7579379486476199 2211 
475 535 18379 0.13412312088052591 2105 
476 535 18511 0.5783132452631844 2101 
477 535 19076 0.8451979535202377 2064 
478 536 18396 0.21710089002315322 2112 
479 536 19041 0.259506065528844 2175 
480 537 19689 0.4244760891719256 2207 
481 538 20032 0.540729019357442 2140 
482 538 18829 0.4706441525128001 2138 
483 541 18880 0.5196902025308988 2119 
484 542 19240 0.1446370358388609 2082 
485 544 19888 0.846693527664229 2090 
486 545 18876 0.8438282850498441 2102 
487 547 20232 0.5304591776914626 2153 
488 547 19066 0.7412762516937799 2046 
489 547 19710 0.876102741062126 2152 
490 547 20214 0.21069339413741647 2183 
491 549 18652 0.36228491760466336 2102 
492 551 20232 0.46092140558373174 2038 
493 551 18467 0.2619183440878612 2083 
494 551 19800 0.2937039772272926 2041 
495 551 18927 0.8574089924698246 2093 
496 552 19316 0.2241039852560368 2181 
497 552 19809 0.51718470239273 2044 
498 553 18396 0.19932671211090766 2091 
499 553 18565 0.6158182297399037 2203 
500 554 19956 0.42720793698652176 2137 
501 555 19147 0.8357300334934288 2189 
502 555 19125 0.24768773080411052 2067 
503 555 19218 0.7342159410662625 2180 
504 556 19168 0.5627283121808718 2187 
505 556 20298 0.23400510002575675 2162 
506 557 19575 0.18030155053891586 2048 
507 559 19890 0.5381903428590228 2131 
508 560 19138 0.6753953154065149 2102 
509 560 18816 0.7457372924359011 2211 
510 562 19410 0.5782792709222676 2021 
511 562 19673 0.11833415893123964 2140 
512 563 19507 0.032390435078300216 2109 
513 563 19495 0.23057321565453526 2050 
514 564 19070 0.23208718628280528 2089 
515 564 20165 0.42662112862699036 2057 
516 564 19832 0.1417020591841686 2152 
517 565 18944 0.029646788542884606 2193 
518 565 20216 0.43471806955899617 2071 
519 566 20058 0.6926904556562892 2144 
520 566 20166 0.5458789552866204 2084 
521 567 18474 0.77198789601845 2043 
522 568 20132 0.02496407386254363 2142 
523 568 19812 0.32318510478040646 2101 
524 568 19395 0.5779098405957145 2072 
525 568 19683 0.20950991714706393 2101 
526 569 19721 0.03383638007906334 2172 
527 570 18784 0.1397255699154567 2117 
528 571 18430 0.789993335481864 2189 
529 571 20125 0.14265571863854506 2179 
530 571 19874 0.32211312099935013 2135 
531 574 19793 0.7952197249981412 2161 
532 574 18764 0.5754182308004487 2105 
533 575 19606 0.7886759518317493 2029 
534 575 18452 0.20743215124170564 2101 
535 579 19694 0.37759002357593474 2219 
536 580 20156 0.26681942130064024 2062 
537 581 18797 0.1536724936911691 2178 
538 584 18812 0.661819218424379 2189 
539 584 19266 0.8008273254648175 2065 
540 585 18730 0.6984813811610864 2110 
541 587 19057 0.28817886236163326 2214 
542 590 18790 0.01882600188560976 2022 
543 590 19602 0.1303575905752099 2099 
544 592 19767 0.07928471170203258 2185 
545 593 19474 0.7705434276651141 2138 
546 593 20085 0.5688822047555159 2061 
547 594 18672 0.06885741200856568 2101 
548 594 20290 0.8171359071181583 2130 
549 595 19961 0.2122513164442497 2194 
550 595 18600 0.1915041465995887 2061 
551 595 19730 0.1750692366232849 2219 
552 596 19953 0.6379232618737064 2033 
553 596 19595 0.6494847597461805 2103 
554 598 19324 0.10590150100594165 2093 
555 599 18731 0.8775884663380671 2181 
556 600 18432 0.36685935383057316 2087 
557 605 18699 0.01872779534361426 2064 
558 605 19399 0.30465481970071145 2210 
559 606 19158 0.6554091626496148 2054 
560 607 20267 0.8559410097379241 2090 
561 607 19446 0.5475533916304504 2103 
562 608 18604 0.45681109642866763 2196 
563 608 18584 0.14786577782083282 2074 
564 610 19384 0.7505596544479798 2107 
565 610 19240 0.14876012188015655 2057 
566 611 19490 0.44594457699230206 2047 
567 611 18600 0.47689520090926185 2122 
568 612 18372 0.07958383408429318 2074 
569 612 19549 0.8833017924526502 2212 
570 613 19670 0.0984423285995615 2155 
571 613 19594 0.8111393090742558 2185 
572 613 19002 0.6388422955077704 2089 
573 617 18377 0.5407828526419722 2151 
574 619 19181 0.6466365065762979 2032 
575 619 18468 0.871796643214527 2038 
576 620 18753 0.45438182203235483 2071 
577 621 19845 0.4254366554544859 2165 
578 622 19248 0.7169920983647755 2060 
579 623 19821 0.19795436458525376 2120 
580 623 20057 0.5890250137839039 2196 
581 624 18710 0.7751392772928144 2034 
582 624 18967 0.8764861286615503 2180 
583 625 19656 0.08942913943284729 2116 
584 626 18405 0.33846326395561505 2128 
585 627 20021 0.4755583552847747 2090 
586 628 20340 0.06534458295435663 2095 
587 634 18408 0.5870616161591974 2049 
588 634 19283 0.11552070338005324 2186 
589 635 19824 0.5235118641785925 2033 
590 637 19294 0.09070762117521834 2099 
591 638 19647 0.862584282455209 2151 
592 639 19646 0.5922505798949449 2172 
593 640 19335 0.5370411713793009 2146 
594 643 19166 0.18798893314981552 2065 
595 644 19113 0.04739098119351717 2190 
596 644 20103 0.8420165074458305 2205 
597 644 20068 0.7683320509062954 2030 
598 644 18982 0.7296292752397555 2161 
599 645 18680 0.3202861909522285 2101 
600 646 19167 0.1244648622780538 2046 
601 646 19524 0.2578959460519858 2179 
602 646 19954 0.6574922396261406 2062 
603 647 20042 0.6073682084284637 2094 
604 647 19878 0.6739070756471833 2048 
605 649 19960 0.382952224139818 2075 
606 650 20220 0.5673658881971018 2077 
607 652 19149 0.41923742115118073 2105 
608 654 19889 0.7904914995303356 2141 
609 654 20115 0.32483087381617537 2215 
610 657 19605 0.44439987213830756 2091 
611 657 18877 0.6242086138354866 2072 
612 658 19745 0.22999076002472799 2126 
613 659 18524 0.23103348187026573 2116 
614 659 19217 0.22973753015607262 2102 
615 660 19042 0.5968216288524576 2190 
616 661 20307 0.7309182128112219 2177 
617 661 19796 0.3451032579456751 2117 
618 662 18592 0.1959363984510897 2151 
619 666 18432 0.6205100604663377 2129 
620 666 20011 0.3182336427845193 2060 
621 666 19114 0.7654970630446329 2067 
622 667 18764 0.29568218537001684 2077 
623 667 18804 0.6793324255054904 2197 
624 668 19341 0.25497171474266955 2055 
625 669 19032 0.604070100287548 2040 
626 670 18602 0.2731619545451303 2109 
627 671 18589 0.440104070434966 2100 
628 671 20322 0.42339362967016253 2216 
629 672 20334 0.20115240708364887 2140 
630 672 19871 0.8380968527497665 2162 
631 672 19021 0.20879612912330184 2105 
632 672 18503 0.2589779561510536 2158 
633 673 18704 0.441212554495488 2070 
634 676 20233 0.22138572350802113 2206 
635 678 19659 0.3905944344789384 2039 
636 680 18485 0.8767186071459641 2057 
637 681 19531 0.843472431026165 2084 
638 681 18829 0.7167489892223106 2024 
639 684 20029 0.17861696281015052 2210 
640 684 18988 0.306034726022202 2197 
641 684 19004 0.2610360465624096 2112 
642 685 19260 0.7916931644159099 2199 
643 687 18598 0.346813504525103 2168 
644 689 20136 0.5368186441183673 2219 
645 690 18728 0.3108633905465526 2158 
646 690 18535 0.5985779127959621 2209 
647 690 19135 0.033063400963723975 2160 
648 691 18787 0.04317497462160367 2054 
649 693 18673 0.1925540287308786 2134 
650 693 19390 0.2992351334828629 2121 
651 694 19952 0.4081523111239445 2030 
652 695 20011 0.31453935859983084 2146 
653 695 19360 0.12903348975808096 2105 
654 696 18445 0.4751879574330092 2021 
655 697 18617 0.012047200446468998 2203 
656 697 19391 0.6145299584314025 2180 
657 698 18483 0.5885340921067413 2161 
658 699 19535 0.41836217829394756 2060 
659 700 18661 0.8365660074167727 2127 
660 701 18885 0.6689595780797255 2033 
661 701 19320 0.19820496288213246 2139 
662 702 20048 0.13448342737302763 2036 
663 702 19901 0.4386011179450452 2175 
664 703 19532 0.04849861899963852 2173 
665 705 20183 0.32425528991635916 2170 
666 706 19071 0.13958721184857212 2115 
667 707 19734 0.6143722149434776 2127 
668 707 19921 0.29881090203322325 2082 
669 710 20330 0.0730880060757898 2160 
670 711 20067 0.33641423463558096 2182 
671 712 19078 0.7315894614643478 2125 
672 713 20041 0.044586807226695356 2121 
673 713 19800 0.504042659130533 2107 
674 714 19141 0.26931529465035814 2197 
675 714 18667 0.42549974919195205 2161 
676 715 19135 0.1966319164794858 2206 
677 715 18525 0.03700005734316159 2121 
678 716 19919 0.3695319004243857 2031 
679 717 18675 0.4220370701929232 2122 
680 717 19577 0.5747225537165038 2204 
681 718 18452 0.5290434227140077 2155 
682 718 19337 0.5919404142895274 2140 
683 718 19300 0.07000950107495853 2071 
684 719 18924 0.41297626770522367 2199 
685 719 19754 0.1307293707360236 2171 
686 719 20130 0.7901441234826393 2091 
687 720 18493 0.2216173173836863 2158 
688 720 18900 0.6975342853453833 2055 
689 721 18654 0.33552075192149255 2162 
690 725 18697 0.6820372666191999 2033 
691 725 19437 0.7354579642844855 2020 
692 725 18836 0.5642562744835277 2132 
693 726 18459 0.18422513270140561 2059 
694 726 19607 0.06291819347880415 2129 
695 727 19587 0.04644355362956727 2118 
696 730 20163 0.8522148884143645 2160 
697 730 19933 0.056141871402486 2107 
698 732 20061 0.036593638378913045 2111 
699 734 20150 0.3679881884024193 2056 
700 734 20083 0.07196522279595712 2141 
701 735 19315 0.4415926989682123 2134 
702 737 18778 0.7219900751294258 2116 
703 737 19464 0.14539695387696372 2026 
704 737 20141 0.043336101278378926 2171 
705 738 19197 0.11180479648886502 2044 
706 740 20218 0.8253698143001051 2107 
707 742 20257 0.37892223236799893 2035 
708 743 19562 0.517857318813778 2075 
709 743 20145 0.7346834186747333 2150 
710 743 18912 0.298859697028956 2124 
711 744 19397 0.3847797424634236 2064 
712 745 19039 0.03169800777899803 2050 
713 746 20320 0.29061200377046176 2152 
714 746 19549 0.6351667108593159 2078 
715 747 19828 0.3545760219353028 2114 
716 748 19209 0.8120852417114252 2065 
717 751 19358 0.3215858903985003 2042 
718 755 20077 0.1835201083006068 2032 
719 755 19631 0.1440076933333121 2042 
720 759 20202 0.3189640728385206 2136 
721 759 19501 0.38479919835226795 2190 
722 759 20343 0.5201370997378176 2094 
723 760 19443 0.744825050553475 2160 
724 760 18375 0.07983721558745126 2114 
725 761 18606 0.6553231327019029 2207 
726 761 19699 0.18237544304258585 2056 
727 762 19300 0.1684380512916834 2082 
728 763 19923 0.0292978852131451 2061 
729 765 20102 0.7499101752715533 2196 
730 765 19520 0.8520640019178366 2056 
731 765 19739 0.16016011553080695 2185 
732 767 19673 0.1410840894091895 2079 
733 767 19382 0.8932897081037399 2085 
734 769 18710 0.5122799018740456 2107 
735 769 18984 0.36287563880794255 2117 
736 769 19193 0.24038262551209325 2170 
737 770 19858 0.12511723156028876 2121 
738 770 18531 0.3490461925603434 2065 
739 770 19794 0.6995820311500309 2094 
740 773 18601 0.18235794083732595 2138 
741 773 19819 0.11355486474483767 2140 
742 775 18998 0.03440166664593532 2064 
743 776 18620 0.11076630436487356 2190 
744 776 19925 0.47018222518189634 2184 
745 777 18485 0.5176758997584133 2152 
746 778 19755 0.41907673232592113 2112 
747 779 18824 0.3268880803539248 2212 
748 779 20321 0.34259679108616076 2076 
749 779 19653 0.8833841534520134 2024 
750 780 18408 0.3786057473745295 2088 
751 780 18636 0.606442328216066 2106 
752 781 19628 0.6531270752213681 2212 
753 783 19358 0.14827614452256443 2074 
754 783 19353 0.8923707140587313 2139 
755 784 19995 0.258463898469324 2140 
756 784 19325 0.6360317387993746 2044 
757 785 20313 0.43319277219473673 2153 
758 785 18615 0.3598457303445178 2213 
759 786 19270 0.592872765322068 2029 
760 789 20134 0.06623797348309655 2054 
761 792 18401 0.8297000274996871 2032 
762 792 19334 0.5243676956509886 2130 
763 793 19048 0.7220148887769716 2143 
764 794 18892 0.8603249694659162 2201 
765 795 19423 0.5111587824919427 2094 
766 795 19121 0.09415562080856515 2196 
767 797 18848 0.23418132856740878 2133 
768 797 18467 0.7472591723116222 2192 
769 798 18455 0.3398741469911914 2187 
770 799 19229 0.32054428404261 2069 
771 799 19772 0.7479988842527611 2063 
772 800 18730 0.8722885582333068 2103 
773 801 18604 0.6096642535195986 2090 
774 801 18891 0.49611677060776627 2193 
775 802 18767 0.3993288583760184 2160 
776 802 19596 0.014429581730534064 2134 
777 802 20038 0.17216473787231168 2104 
778 802 19058 0.7674403445540556 2156 
779 805 19676 0.3927581843911614 2200 
780 805 18866 0.8767345037246821 2051 
781 807 19051 0.13702892803085645 2063 
782 807 19133 0.23434937173251216 2078 
783 808 19624 0.8602902690433759 2044 
784 809 18754 0.7876080234618743 2218 
785 809 20239 0.6662451120043269 2066 
786 811 19728 0.6554238825450976 2189 
787 811 20192 0.46009589138890944 2081 
788 812 19869 0.47725297217745616 2038 
789 813 19467 0.13339997000050435 2122 
790 813 18476 0.15048051651043637 2051 
791 814 19436 0.13417694707185385 2159 
792 815 19151 0.35751365082067743 2174 
793 815 18691 0.8599675546789726 2048 
794 816 19981 0.8423427398317573 2148 
795 817 20231 0.6894649878829613 2165 
796 819 18544 0.18518327620851668 2122 
797 820 18378 0.759616469532999 2110 
798 820 20328 0.11462298651277537 2074 
799 821 19768 0.7026511746011894 2045 
800 821 18362 0.38777873587142814 2056 
801 821 18997 0.8993870901404324 2038 
802 823 19627 0.513462031481084 2022 
803 823 19241 0.23322581038965218 2184 
804 823 19387 0.44397683127503684 2214 
805 826 20267 0.28804765017013606 2167 
806 826 19201 0.8738038235913697 2195 
807 827 19564 0.32415126726391935 2104 
808 827 18834 0.2012310805913964 2029 
809 829 19298 0.4356852573242345 2073 
810 829 20064 0.4389797383745542 2116 
811 831 20120 0.1398361399174983 2171 
812 831 18891 0.5838349790529317 2166 
813 832 20346 0.3146858063774684 2059 
814 832 19897 0.7779180333342276 2213 
815 835 18823 0.8494283554741352 2101 
816 836 20261 0.3484034447929343 2081 
817 839 20092 0.7850805816000402 2034 
818 839 20177 0.7901160077386384 2128 
819 839 19638 0.3864129555029738 2106 
820 840 19450 0.6537662437813161 2082 
821 841 19646 0.17657633331559627 2156 
822 844 19133 0.0782332769861472 2086 
823 845 18394 0.05133546725616561 2179 
824 845 18971 0.3044204932281224 2103 
825 846 19447 0.11354293297666467 2076 
826 847 20056 0.7840564882038197 2078 
827 847 19467 0.2210307935578909 2092 
828 847 20068 0.36865615261779017 2176 
829 848 18438 0.250090457112971 2073 
830 850 18530 0.7294962387794975 2090 
831 852 20168 0.7099175535357505 2038 
832 852 19205 0.8465927959195894 2144 
833 853 18372 0.25431186001262324 2101 
834 857 19893 0.8427227903650685 2135 
835 858 19404 0.4376478037395704 2202 
836 859 18996 0.16112601655270867 2135 
837 859 19907 0.8845252846656415 2185 
838 859 18447 0.24190759406447898 2158 
839 860 18977 0.16200181100591807 2092 
840 861 18795 0.8456832334766874 2132 
841 861 20262 0.6780777777469909 2093 
842 861 19738 0.3541862276140127 2219 
843 864 20352 0.7335060300882656 2070 
844 867 18897 0.3961355092072286 2177 
845 868 19258 0.8875371662918022 2208 
846 868 20302 0.8650779048267462 2155 
847 869 18445 0.44433184740256726 2139 
848 869 19882 0.8070701046379416 2200 
849 869 18537 0.8825366745017929 2214 
850 870 20169 0.8736813945774087 2212 
851 871 19574 0.46587131389404884 2122 
852 873 19148 0.6107958880586721 2147 
853 874 19171 0.0638276896361961 2201 
854 875 19743 0.4282137575805817 2206 
855 879 19099 0.2806158061169066 2171 
856 880 18473 0.6501147290684299 2122 
857 880 20100 0.3531005518513871 2051 
858 881 18651 0.6420377735411519 2046 
859 881 18888 0.09057045959599044 2039 
860 882 19821 0.4620847795819283 2121 
861 882 18609 0.781542520491811 2068 
862 883 19858 0.19972508403875316 2020 
863 884 19658 0.6918874343380659 2165 
864 887 18473 0.05241170768069472 2171 
865 889 19274 0.693953069334165 2101 
866 890 20291 0.2434288948610695 2058 
867 892 18939 0.7528015781962757 2026 
868 894 20101 0.3108697767794507 2148 
869 894 18370 0.53355581452603 2043 
870 894 19868 0.37112077443516683 2135 
871 894 19284 0.2701812413653245 2195 
872 895 18511 0.04626902166366433 2078 
873 896 18773 0.6741085287765828 2027 
874 896 19158 0.37145118210381295 2169 
875 898 18388 0.6121539619857247 2042 
876 899 20330 0.3909956351932571 2188 
877 899 19144 0.15422376161131265 2130 
878 900 19272 0.6236977651511845 2205 
879 903 19409 0.6379980810641639 2038 
880 904 20003 0.19034852772710661 2085 
881 905 19601 0.5545615516800626 2159 
882 905 19308 0.8149448346577902 2058 
883 907 20130 0.5915939820619066 2092 
884 908 19491 0.21572949483230258 2063 
885 909 18991 0.6513896295073128 2145 
886 910 19637 0.6729778636715487 2165 
887 912 18396 0.7789301940884017 2024 
888 912 19888 0.4690241129129779 2115 
889 913 18993 0.24471701400026294 2150 
890 914 19554 0.16391881849911377 2038 
891 914 19401 0.4181336208944254 2079 
892 914 18849 0.5219468466463717 2036 
893 916 19548 0.12056147338247261 2171 
894 917 19189 0.3041538930482378 2025 
895 918 19002 0.4870196832456508 2126 
896 920 19884 0.5919791791119573 2124 
897 920 20292 0.24064629718001204 2093 
898 921 19974 0.7728224510128477 2082 
899 921 20165 0.667514177386009 2043 
900 925 19823 0.4495068534757674 2028 
901 925 20321 0.27216330212739953 2062 
902 927 20023 0.0385443884361934 2052 
903 927 19366 0.7961705184742426 2169 
904 929 19432 0.014551654781211516 2095 
905 932 19772 0.01196865836041566 2180 
906 933 19185 0.4782436294609883 2076 
907 933 19970 0.47904182820105107 2181 
908 933 19449 0.7245220713086684 2023 
909 934 20292 0.5020030103542248 2090 
910 935 19275 0.644074720590306 2046 
911 937 19646 0.6858309411208946 2153 
912 938 20267 0.18645044736694713 2051 
913 940 19957 0.8703412599826484 2181 
914 940 19406 0.7777552559785236 2111 
915 943 19478 0.6294722250144269 2174 
916 943 19678 0.3124753179989865 2207 
917 945 18701 0.3251339475205073 2120 
918 945 19672 0.5707492626910368 2174 
919 945 18919 0.26490925188582815 2088 
920 947 20134 0.35732797668808025 2072 
921 949 19706 0.17360267055707387 2094 
922 950 18663 0.6878846111063417 2191 
923 951 19144 0.5046984380925317 2052 
924 953 18923 0.43533605563274 2056 
925 957 19188 0.2970950416425082 2202 
926 957 18468 0.5052438790614854 2120 
927 960 19286 0.27896947352050866 2212 
928 960 19406 0.5639009013024346 2211 
929 961 18735 0.7452547768950043 2119 
930 961 19567 0.49776152919765493 2061 
931 962 19254 0.11396584416936484 2119 
932 964 19215 0.020155724682497336 2194 
933 965 18458 0.5935450689127344 2138 
934 966 18469 0.09942161908863019 2098 
935 967 20284 0.7542843848886048 2057 
936 967 19451 0.7791933476119289 2045 
937 968 18583 0.41415583465581685 2026 
938 970 18814 0.12836056818536967 2135 
939 970 19512 0.6868546503523222 2028 
940 972 19611 0.6014083689445131 2081 
941 972 20323 0.3690499815541316 2136 
942 972 19922 0.1824292890989329 2125 
943 973 19277 0.2707827790013146 2117 
944 973 19967 0.35005625622650133 2165 
945 974 20265 0.7536465563140742 2129 
946 974 20193 0.7241899450699482 2219 
947 975 19587 0.8350174835724777 2217 
948 975 19197 0.7702104728173245 2171 
949 975 18729 0.6977198254845309 2061 
950 976 19123 0.32044000816208507 2070 
951 976 18679 0.01796285828567415 2178 
952 977 19471 0.6856911121131158 2092 
953 977 19102 0.434549850202065 2138 
954 978 18894 0.5241214355997544 2217 
955 978 19579 0.3483040117435634 2209 
956 979 19710 0.5921999005232073 2084 
957 982 19268 0.1994870944413956 2204 
958 983 19112 0.49320192162834264 2092 
959 983 18678 0.5564350098052022 2085 
960 986 18693 0.6415425182541459 2185 
961 986 20182 0.8747251090844811 2063 
962 987 18536 0.6529153451203877 2086 
963 988 19430 0.3709891178242311 2116 
964 990 18758 0.038205863920073316 2118 
965 990 18624 0.23900297659216302 2154 
966 990 19351 0.6025635912225642 2096 
967 990 19154 0.18401062929700332 2181 
968 990 19815 0.31059797259554905 2173 
969 990 19969 0.3301752169232751 2022 
970 995 18867 0.8533331538894637 2196 
971 995 18759 0.1297856680066547 2202 
972 996 18985 0.346100436230627 2019 
973 996 19085 0.6950896630745043 2200 
974 997 18656 0.8245432472154846 2098 
975 998 19983 0.5058730763689439 2136 
976 998 18427 0.1369814014449262 2039 
977 999 18480 0.8116945262894701 2132 
978 999 18370 0.47613105575252385 2049 
979 999 19793 0.35589899859964413 2069 
980 1002 19797 0.5232108718691632 2026 
981 1003 18679 0.16596724732067872 2215 
982 1004 18530 0.8914176590451733 2197 
983 1005 19972 0.4527542860345803 2085 
984 1007 18510 0.05990672079647052 2123 
985 1012 19888 0.15501991941496862 2208 
986 1014 18901 0.044176678332753586 2199 
987 1015 19632 0.21608300333841599 2021 
988 1015 18457 0.7553401256637036 2065 
989 1015 19871 0.4168883869753659 2087 
990 1017 20328 0.583546430584423 2098 
991 1017 20133 0.03967130239542498 2076 
992 1019 18727 0.04998108151807339 2113 
993 1020 18768 0.2568085169681853 2071 
994 1020 20075 0.0357076383871167 2171 
995 1021 18377 0.19059027162268044 2134 
996 1022 19341 0.1240723689048698 2147 
997 1023 18854 0.5873179926778405 2081 
998 1025 20141 0.7272588753983026 2189 
999 1027 19001 0.30508198595940916 2088 
1000 1027 19519 0.850209582382491 2118 
1001 1027 19876 0.7166678540774117 2152 
1002 1028 18979 0.8219532666316528 2036 
1003 1028 18749 0.8088708885788072 2126 
1004 1030 18903 0.7918680189843765 2145 
1005 1030 19116 0.6403997821956872 2207 
1006 1030 18663 0.5034473313616483 2066 
1007 1031 18458 0.29523651180070015 2042 
1008 1033 18398 0.8020765233985045 2059 
1009 1034 18376 0.31920563115696476 2071 
1010 1034 19893 0.6667216631192797 2154 
1011 1034 19294 0.04139865278175804 2214 
1012 1035 20031 0.6678481779903392 2142 
1013 1036 19930 0.2156091050134345 2050 
1014 1037 18548 0.11610368432112265 2204 
1015 1037 18655 0.6991427689006978 2122 
1016 1039 20337 0.4526288265504864 2031 
1017 1040 18495 0.6638077023871077 2099 
1018 1042 20323 0.5681862491338019 2112 
1019 1043 18888 0.13460208214906744 2147 
1020 1043 19205 0.5899069483327074 2102 
1021 1044 18883 0.6888505697941141 2207 
1022 1046 18575 0.5864898915294757 2177 
1023 1048 19955 0.4597542694666536 2033 
1024 1048 19638 0.12054098195071276 2092 
1025 1049 18723 0.44020495678591304 2120 
1026 1051 19374 0.6793103803763731 2102 
1027 1052 20277 0.21361341932160563 2071 
1028 1053 19176 0.4689685393592469 2097 
1029 1053 20191 0.5673522641763207 2112 
1030 1056 19424 0.6704258149852436 2216 
1031 1056 19815 0.03460265896442194 2089 
1032 1056 20159 0.5506299059324928 2025 
1033 1056 19229 0.4297661966128957 2216 
1034 1057 19824 0.8487272961030613 2152 
1035 1057 19392 0.6038380158277085 2117 
1036 1058 18641 0.5018268624613524 2126 
1037 1059 19225 0.7162857196320231 2111 
1038 1059 19132 0.4393642794320149 2099 
1039 1060 18374 0.47239615797814394 2124 
1040 1061 19505 0.5688964904077521 2154 
1041 1061 19020 0.07191473814956971 2025 
1042 1061 20291 0.3439441144533391 2082 
1043 1062 19661 0.03297885813000091 2182 
1044 1063 19752 0.2929067188091775 2191 
1045 1064 20311 0.4591190159862953 2162 
1046 1065 18869 0.35583314415318684 2083 
1047 1066 19717 0.2811296337811507 2215 
1048 1069 19102 0.20461545351126303 2196 
1049 1069 18572 0.5516849887878991 2091 
1050 1070 19652 0.18306272370381074 2176 
1051 1071 19578 0.2223321722756407 2065 
1052 1072 18610 0.8221881656556246 2125 
1053 1072 18691 0.8553358989054549 2097 
1054 1073 18730 0.5571149639656677 2114 
1055 1075 19672 0.5318645736490564 2214 
1056 1078 20172 0.6310053027344485 2157 
1057 1079 19065 0.57810123040138 2038 
1058 1080 18630 0.3117985074351629 2108 
1059 1081 20146 0.679846926650185 2143 
1060 1083 18450 0.5664004883220889 2123 
1061 1084 19502 0.8176505514307381 2171 
1062 1084 18936 0.7706880740165742 2185 
1063 1085 19057 0.26045282477446013 2152 
1064 1085 19111 0.019989719355445648 2205 
1065 1086 19027 0.6911274441128413 2192 
1066 1087 19838 0.41381606039413055 2182 
1067 1088 19385 0.23936099636624358 2019 
1068 1088 20203 0.15598964443778765 2115 
1069 1089 20102 0.853077480541001 2184 
1070 1089 19535 0.4117972424046156 2069 
1071 1090 19128 0.5166054472555256 2126 
1072 1092 18856 0.8950765925555867 2072 
1073 1092 19387 0.2276546627858229 2162 
1074 1092 18742 0.10892101826857277 2058 
1075 1093 18506 0.5681473312274407 2189 
1076 1095 18997 0.7503600164892393 2219 
1077 1096 19830 0.2778784758378868 2104 
1078 1097 20019 0.43737262835935525 2137 
1079 1098 18595 0.6028518972148362 2118 
1080 1100 19710 0.744559764208798 2044 
1081 1101 19404 0.6270852765344288 2129 
1082 1101 19147 0.19284175528372502 2114 
1083 1101 20048 0.2196217793273748 2041 
1084 1102 19180 0.16280948525174999 2133 
1085 1102 18604 0.5290126543560468 2076 
1086 1102 18940 0.13772486215511648 2146 
1087 1104 18757 0.6188923578586935 2094 
1088 1104 19892 0.08646377854626781 2025 
1089 1105 19522 0.41808593594979415 2176 
1090 1107 18881 0.7698294059850064 2202 
1091 1107 18818 0.10083862079885934 2123 
1092 1111 19001 0.6119273272484642 2092 
1093 1111 19373 0.23228828647181732 2048 
1094 1112 19590 0.876520599215901 2025 
1095 1112 19439 0.012953436310119202 2032 
1096 1114 19571 0.193126275811248 2209 
1097 1116 19069 0.8535387629913841 2187 
1098 1117 20066 0.8758835386169905 2114 
1099 1118 18817 0.5989611829842528 2114 
1100 1120 18695 0.6188029705355004 2219 
1101 1122 18680 0.37188125731448535 2032 
1102 1123 18385 0.3570969403812887 2032 
1103 1124 19737 0.16032041785582815 2163 
1104 1127 19247 0.13580584337986967 2124 
1105 1128 18373 0.386443399413455 2169 
1106 1128 19773 0.562030339777232 2113 
1107 1129 20046 0.12818710268126596 2205 
1108 1130 19428 0.10715031081786651 2170 
1109 1130 18647 0.5032381183941705 2117 
1110 1132 19591 0.7920217196739023 2078 
1111 1133 19146 0.8804051679924249 2119 
1112 1133 19634 0.753648702931268 2143 
1113 1134 18680 0.3214340259661559 2135 
1114 1136 18683 0.5663464113996668 2093 
1115 1138 18867 0.04803613888588882 2151 
1116 1139 18440 0.6524932221592412 2135 
1117 1142 19304 0.03000771337005862 2127 
1118 1142 19369 0.33125911445799655 2055 
1119 1143 19142 0.48546739124833427 2192 
1120 1144 19783 0.3997510670966883 2219 
1121 1144 19731 0.2028687233851407 2203 
1122 1147 18671 0.5556155613025505 2103 
1123 1148 18475 0.062147477955664075 2093 
1124 1149 19282 0.1517076743747697 2090 
1125 1150 18807 0.4908514729094841 2115 
1126 1150 19970 0.7742351635343837 2110 
1127 1151 18827 0.6658899968784935 2052 
1128 1154 19422 0.6905290764919746 2080 
1129 1154 19234 0.766997318132715 2129 
1130 1154 18745 0.7338886887453893 2142 
1131 1154 19786 0.8236873053387458 2032 
1132 1154 18539 0.32707083534933884 2200 
1133 1156 20134 0.8161498201146414 2070 
1134 1156 19743 0.6556190062274321 2180 
1135 1157 19498 0.6329288095092829 2168 
1136 1158 20254 0.27004848076651705 2050 
1137 1158 18675 0.18487402991303037 2108 
1138 1159 19156 0.7088468974189034 2206 
1139 1161 19047 0.07719249375671451 2155 
1140 1163 18993 0.7788158718247411 2061 
1141 1166 19531 0.24344359838121432 2196 
1142 1170 19925 0.32066439986874795 2022 
1143 1171 18594 0.7523890628716896 2162 
1144 1172 19182 0.17207357387537708 2153 
1145 1172 20046 0.5062653711218207 2153 
1146 1172 18680 0.4279737550234995 2153 
1147 1173 18600 0.030808261895129786 2210 
1148 1174 19857 0.13053683426033427 2057 
1149 1175 19953 0.5088495698901426 2196 
1150 1177 19771 0.09090458306609776 2170 
1151 1177 20239 0.21461484496964808 2023 
1152 1178 19463 0.06520826779834275 2162 
1153 1180 20132 0.0878709795420337 2052 
1154 1181 19473 0.05634925992520488 2059 
1155 1181 19535 0.09795927216686544 2172 
1156 1182 19193 0.3797045777702962 2212 
1157 1182 18789 0.23197104590953443 2042 
1158 1184 20091 0.8478157968012475 2182 
1159 1184 19108 0.7279402571260044 2191 
1160 1185 18450 0.07558446490282644 2165 
1161 1186 18483 0.14640143476594286 2154 
1162 1186 18643 0.5816197293217124 2117 
1163 1187 19617 0.08779820119801875 2034 
1164 1187 19705 0.3561480242023793 2174 
1165 1188 19820 0.10270383667660632 2050 
1166 1188 18987 0.19604136626358584 2181 
1167 1189 20156 0.2874657723970895 2216 
1168 1191 20242 0.8511437584386246 2080 
1169 1193 19745 0.13441290746612436 2184 
1170 1194 19075 0.7465781324887003 2176 
1171 1196 18425 0.34217918053602553 2196 
1172 1196 18581 0.21798417418629365 2211 
1173 1198 19673 0.6863080901778941 2167 
1174 1198 19118 0.17429170890872792 2215 
1175 1198 18659 0.4465004674211159 2160 
1176 1198 18424 0.5996920221117604 2084 
1177 1201 19654 0.8432656375718698 2150 
1178 1202 18694 0.3697576313541633 2107 
1179 1203 19674 0.5203569132652788 2172 
1180 1205 18592 0.07264844669324504 2028 
1181 1206 18785 0.7895164347028335 2219 
1182 1206 20000 0.5157351710297936 2198 
1183 1207 19492 0.2552671913272833 2085 
1184 1208 20259 0.2197363366647737 2047 
1185 1211 19151 0.6377820204223744 2102 
1186 1212 18654 0.574214018996685 2051 
1187 1216 18819 0.22871054162268914 2205 
1188 1216 18922 0.7116014593287777 2133 
1189 1219 19297 0.6875541650507105 2151 
1190 1219 19129 0.24347932509344378 2213 
1191 1223 19008 0.03628614808995965 2039 
1192 1227 18617 0.17553190191864 2167 
1193 1227 20337 0.718743870563021 2203 
1194 1229 20235 0.4131876966914958 2176 
1195 1230 18562 0.7640211014666857 2131 
1196 1231 20228 0.10472919064041586 2026 
1197 1231 18815 0.43752707903035964 2119 
1198 1237 18661 0.32556730729430694 2101 
1199 1238 19334 0.4756480353641043 2127 
1200 1239 18625 0.45569276895056227 2169 
1201 1241 19530 0.4053917098314034 2167 
1202 1242 19993 0.6315759061698933 2186 
1203 1242 19846 0.4373752667754216 2195 
1204 1242 20244 0.8911301897792607 2173 
1205 1243 20005 0.27364838300194894 2202 
1206 1244 19791 0.5717676305216616 2168 
1207 1244 18905 0.8977038841906124 2067 
1208 1244 18484 0.8165726034818068 2118 
1209 1244 18859 0.3105825788473222 2053 
1210 1246 18848 0.43845514102703903 2200 
1211 1246 20290 0.6811778991252313 2046 
1212 1247 20056 0.1539124711885076 2144 
1213 1247 19767 0.20226598973284102 2171 
1214 1247 18706 0.1416159618851198 2103 
1215 1247 20046 0.7415652822608333 2117 
1216 1249 18872 0.6547729243137547 2148 
1217 1249 19115 0.10016841127365896 2128 
1218 1253 19456 0.1573884858620619 2030 
1219 1255 20155 0.5667283295044774 2102 
1220 1256 19289 0.4185242048629559 2188 
1221 1257 19051 0.8137139532947535 2211 
1222 1259 19372 0.38865167583000243 2042 
1223 1261 19906 0.15637488387686174 2159 
1224 1261 18800 0.7368164838610429 2096 
1225 1263 19185 0.4972296803946894 2106 
1226 1264 19156 0.0142366411289935 2154 
1227 1265 20177 0.5905999733804804 2137 
1228 1265 20171 0.20568822593061822 2092 
1229 1266 19810 0.7433202249245303 2104 
1230 1266 19742 0.5490043242666751 2135 
1231 1268 20121 0.6496000057751089 2166 
1232 1272 19224 0.6679203021895955 2056 
1233 1273 19714 0.6010994111640163 2071 
1234 1274 20064 0.028716446152862646 2072 
1235 1274 19925 0.08199288681065398 2037 
1236 1275 19272 0.3039948984568294 2022 
1237 1276 18834 0.19898077453217305 2055 
1238 1276 20226 0.872221986309615 2083 
1239 1277 18445 0.4061102209740192 2060 
1240 1277 19187 0.06326003587263276 2214 
1241 1278 18541 0.44662635394098943 2079 
1242 1279 19946 0.8332980527705268 2118 
1243 1279 19729 0.1292204777990597 2164 
1244 1280 20311 0.2422307759574176 2062 
1245 1280 19799 0.06400199739773 2182 
1246 1281 19561 0.7563923835625701 2119 
1247 1285 19379 0.5914107807410747 2146 
1248 1286 19519 0.8823616317057867 2104 
1249 1286 19551 0.4897378460701775 2073 
1250 1286 19279 0.6196052873370173 2092 
1251 1286 19322 0.7501811481014349 2036 
1252 1287 19767 0.09759641496566342 2024 
1253 1288 19323 0.27439661880216326 2171 
1254 1288 18643 0.23016744679716125 2159 
1255 1289 19311 0.8829330824528859 2138 
1256 1289 19498 0.5278744192256838 2212 
1257 1290 19483 0.700387120208147 2155 
1258 1290 19686 0.2552483457591465 2049 
1259 1291 18648 0.7957725067751826 2152 
1260 1291 19556 0.25784467095155195 2074 
1261 1293 19827 0.6189269048731157 2066 
1262 1295 19580 0.6322021842745937 2088 
1263 1296 18654 0.05308180169820172 2032 
1264 1296 19743 0.4798771510582248 2047 
1265 1299 19508 0.4020876406424388 2045 
1266 1300 18768 0.8273518232027058 2023 
1267 1300 19610 0.016768598349833783 2034 
1268 1302 19468 0.5098666337057942 2131 
1269 1302 18996 0.879433065708705 2047 
1270 1304 19006 0.6928626759996678 2207 
1271 1305 19291 0.8383316693865089 2163 
1272 1306 19146 0.5866155510778689 2209 
1273 1307 19170 0.8901656969926618 2181 
1274 1310 18969 0.697706114276586 2209 
1275 1310 19357 0.16416794495683984 2125 
1276 1312 19458 0.06271267988827538 2058 
1277 1312 18830 0.4014500584877667 2103 
1278 1313 19222 0.4077421058549181 2143 
1279 1313 18875 0.4983509973556096 2107 
1280 1314 18362 0.312338492314605 2123 
1281 1315 18497 0.5889161622452082 2107 
1282 1315 18417 0.5205922557592618 2049 
1283 1316 18657 0.5519474579696317 2138 
1284 1318 18373 0.48688647911174554 2078 
1285 1319 19832 0.3673978343469664 2164 
1286 1320 19987 0.33093792113125237 2128 
1287 1320 19459 0.34731313413418 2124 
1288 1322 18370 0.39907584276694513 2042 
1289 1322 19894 0.7852021746390642 2183 
1290 1323 18678 0.620437487052527 2131 
1291 1323 19989 0.4536594526932402 2096 
1292 1324 18428 0.6591429228824509 2086 
1293 1326 20146 0.6784524275144462 2183 
1294 1326 19465 0.12873359912810736 2206 
1295 1327 19726 0.7173006544469084 2062 
1296 1328 18790 0.5242491603640278 2141 
1297 1330 18618 0.694184770063719 2167 
1298 1331 19595 0.10946542745191983 2187 
1299 1332 18587 0.6102472833516047 2202 
1300 1332 18523 0.5830479046119343 2095 
1301 1333 19165 0.8401068953055071 2042 
1302 1335 18827 0.18687401150124838 2105 
1303 1335 20157 0.1162476658349264 2204 
1304 1335 19699 0.42669239373360096 2126 
1305 1336 18664 0.8359242378926285 2213 
1306 1337 19753 0.3400459972734251 2052 
1307 1338 18852 0.34783912529218897 2204 
1308 1338 19106 0.2518669925623632 2028 
1309 1340 19063 0.3408519031197052 2148 
1310 1341 18379 0.3860073214642068 2050 
1311 1341 18860 0.21356533998029134 2170 
1312 1342 18915 0.48360884410186233 2119 
1313 1342 19087 0.2686943371913869 2183 
1314 1343 19908 0.2843254366975577 2113 
1315 1343 19811 0.41985714066600827 2140 
1316 1343 18516 0.3343496456717275 2045 
1317 1343 19796 0.13802925900151927 2052 
1318 1344 19777 0.5699494853142018 2134 
1319 1345 19975 0.7547876056600767 2191 
1320 1346 19415 0.06310957637859939 2211 
1321 1346 19758 0.6318627988034292 2065 
1322 1348 19760 0.8471777553475696 2184 
1323 1349 19980 0.7076697802156426 2062 
1324 1349 19286 0.6349151528961808 2157 
1325 1350 19333 0.44073789476638214 2073 
1326 1353 18467 0.2591444982376823 2108 
1327 1354 20132 0.7259505186910521 2036 
1328 1354 19185 0.028685546729179362 2048 
1329 1354 20259 0.8065728083819711 2134 
1330 1356 20310 0.8892674636792536 2031 
1331 1356 19168 0.6911482922768247 2099 
1332 1357 18659 0.14941983240743978 2155 
1333 1358 18464 0.5554952358544849 2159 
1334 1358 19597 0.654754557273128 2131 
1335 1361 19365 0.3499544253343578 2092 
1336 1361 19822 0.8746792269499543 2153 
1337 1362 18468 0.16082013019900224 2063 
1338 1362 18506 0.3828288987251931 2137 
1339 1364 18634 0.6768264398088405 2082 
1340 1365 19348 0.12042140707474062 2117 
1341 1368 19658 0.2378231772641124 2168 
1342 1369 19373 0.6472423753498848 2044 
1343 1372 19409 0.24020056236355608 2061 
1344 1372 19190 0.26587530592482644 2085 
1345 1377 19243 0.012424222860923147 2037 
1346 1377 19397 0.5609502889636881 2051 
1347 1377 18963 0.5256010552063953 2210 
1348 1378 19368 0.8779035359835472 2163 
1349 1378 19645 0.1285859720177011 2081 
1350 1379 20215 0.46135709538129915 2019 
1351 1379 19172 0.7908141293853791 2080 
1352 1379 19451 0.702131523270536 2091 
1353 1387 20050 0.25089913804283065 2179 
1354 1387 19049 0.1352766366751711 2129 
1355 1387 19994 0.020835195182453463 2215 
1356 1387 18519 0.8285341539669954 2187 
1357 1389 18426 0.37788351173019585 2039 
1358 1390 19485 0.7840625800530993 2099 
1359 1394 19215 0.35439116718385827 2047 
1360 1396 18622 0.4553460250446985 2206 
1361 1397 19967 0.03009609645213044 2175 
1362 1398 18961 0.2737075764936468 2038 
1363 1398 18797 0.6558704401807735 2155 
1364 1399 19157 0.520898706110541 2178 
1365 1400 18588 0.2589277390092224 2109 
1366 1403 19284 0.44324461505764395 2079 
1367 1403 19781 0.7591166149781924 2088 
1368 1404 18782 0.8741197343720721 2163 
1369 1407 18841 0.5520832197457329 2215 
1370 1407 19884 0.6313878596698592 2053 
1371 1407 19420 0.4821560564381315 2074 
1372 1408 19457 0.3446787876055059 2052 
1373 1409 19671 0.13324773190057188 2020 
1374 1412 19283 0.5660781253422558 2061 
1375 1414 19514 0.27422083781779655 2212 
1376 1414 19324 0.6623789995067356 2206 
1377 1415 19153 0.8517896319349467 2171 
1378 1415 18749 0.6871080953985478 2084 
1379 1417 18880 0.7345891966475148 2200 
1380 1417 18535 0.43781492091910257 2217 
1381 1418 19267 0.41381263452054723 2083 
1382 1418 19631 0.8254244817674903 2151 
1383 1418 20206 0.047816240747617964 2068 
1384 1420 19091 0.5736675639219266 2052 
1385 1421 18640 0.6686943862698417 2133 
1386 1423 18936 0.04455283427586216 2146 
1387 1425 18865 0.4785391450826316 2089 
1388 1425 20053 0.6240480124222862 2088 
1389 1427 18996 0.34170674231704723 2082 
1390 1427 18789 0.40406861009402256 2182 
1391 1427 18444 0.8252230981460337 2065 
1392 1427 19394 0.11776516170623655 2045 
1393 1430 19976 0.5660320976454313 2200 
1394 1431 19955 0.5227954747159572 2187 
1395 1431 18968 0.6959103724393774 2112 
1396 1433 19113 0.6606871629515358 2160 
1397 1435 19397 0.03518710222931786 2055 
1398 1436 20317 0.026644267246551542 2040 
1399 1436 18628 0.6377088979833377 2196 
1400 1438 19568 0.5197350587238377 2084 
1401 1439 18892 0.032539597296755804 2115 
1402 1440 18996 0.5580175636729174 2077 
1403 1440 19209 0.7928522277818241 2043 
1404 1441 18983 0.25671189423298485 2037 
1405 1441 19724 0.8112761117249803 2190 
1406 1442 19288 0.09471756048266292 2217 
1407 1443 19575 0.3286126564109643 2055 
1408 1443 20158 0.20701215301444914 2209 
1409 1443 19481 0.6639950546287731 2019 
1410 1444 19256 0.3101401710777265 2107 
1411 1444 19089 0.13852256672586702 2139 
1412 1445 19594 0.3153226405993865 2189 
1413 1445 18438 0.8241233614251191 2076 
1414 1446 20245 0.6171192120774986 2122 
1415 1449 19907 0.2409885744780153 2078 
1416 1450 19810 0.43741904348306976 2128 
1417 1451 19111 0.190760770697974 2158 
1418 1451 19396 0.2285351960175381 2074 
1419 1452 18646 0.7059048972158676 2027 
1420 1454 19292 0.33732383067631816 2047 
1421 1455 19849 0.4477537398427985 2143 
1422 1457 18839 0.6630457763042539 2214 
1423 1459 20052 0.57262849972754 2189 
1424 1460 18840 0.4031172384885568 2219 
1425 1461 20284 0.591629816322672 2041 
1426 1463 18809 0.3543058930660194 2076 
1427 1464 19593 0.39817866654624284 2144 
1428 1464 19521 0.6959072656466755 2069 
1429 1466 19926 0.6280611231566573 2091 
1430 1467 18694 0.7066976850148216 2124 
1431 1471 18537 0.06576086353620925 2154 
1432 1471 19758 0.7233915876746664 2052 
1433 1472 19364 0.4702156869671032 2187 
1434 1473 19226 0.5022895629010581 2095 
1435 1474 20314 0.7940879842119954 2185 
1436 1474 19054 0.6441489910308081 2171 
1437 1474 19198 0.8514579250911701 2172 
1438 1475 18640 0.6094826771989822 2130 
1439 1475 18708 0.4572288041427176 2193 
1440 1476 18897 0.4627354943701057 2100 
1441 1478 18456 0.7630881747909855 2062 
1442 1478 18528 0.429450018881628 2029 
1443 1479 19703 0.46155557351258464 2114 
1444 1479 19387 0.12848144120909466 2175 
1445 1479 19045 0.6628666742675999 2147 
1446 1480 19702 0.7099452615520633 2135 
1447 1480 19514 0.27014426623055193 2052 
1448 1480 18729 0.7075636949164471 2098 
1449 1481 18849 0.3012994237527823 2075 
1450 1482 19601 0.790675381310077 2020 
1451 1485 19803 0.010233925258704268 2186 
1452 1485 19902 0.2008575246261816 2182 
1453 1485 18921 0.38471181209825694 2156 
1454 1486 19635 0.09620234108229818 2108 
1455 1486 20078 0.17589391762081702 2145 
1456 1487 18858 0.8512296642691577 2073 
1457 1488 19388 0.5179464102139016 2079 
1458 1488 19776 0.8613076638113769 2039 
1459 1488 18416 0.41242031711636024 2073 
1460 1489 19076 0.10046825710567685 2047 
1461 1490 18540 0.6793237434496889 2108 
1462 1490 19981 0.6510083844628274 2107 
1463 1491 20339 0.7783452483311003 2213 
1464 1492 18360 0.09132879111863812 2086 
1465 1492 19896 0.35365827295252633 2156 
1466 1493 20259 0.10767663322049556 2057 
1467 1493 19115 0.23576024759439476 2202 
1468 1493 20138 0.8481765340320934 2094 
1469 1495 18813 0.8486089189313998 2138 
1470 1495 18925 0.08809568416402623 2073 
1471 1497 20148 0.023290439944396016 2157 
1472 1497 18803 0.17638419531640254 2213 
1473 1498 18718 0.5902602333313319 2184 
1474 1500 19966 0.8110459972166807 2066 
1475 1501 18555 0.38853997057572964 2149 
1476 1505 18943 0.3681749755074335 2169 
1477 1505 19808 0.38294566028767774 2163 
1478 1506 19114 0.3209804026164569 2041 
1479 1507 19327 0.026928413100613925 2144 
1480 1507 18952 0.5040355234921386 2078 
1481 1508 19867 0.5655060529154187 2146 
1482 1512 19412 0.6317692442467266 2186 
1483 1513 19223 0.6775836637881274 2160 
1484 1514 19251 0.22054455637647732 2032 
1485 1515 18902 0.5752043621007543 2099 
1486 1515 18957 0.6711563894732433 2040 
1487 1516 19151 0.4105931594233893 2095 
1488 1516 19336 0.3792454327859483 2119 
1489 1516 19177 0.11967911954897334 2022 
1490 1518 20069 0.2866595622159181 2184 
1491 1518 19613 0.34746194863192315 2061 
1492 1519 19413 0.7099349043576085 2173 
1493 1519 18722 0.43172588831880115 2100 
1494 1520 18407 0.4004571915897893 2070 
1495 1521 18445 0.5330295939684031 2144 
1496 1522 18807 0.7615203548634356 2182 
1497 1523 19195 0.7350578467817819 2103 
1498 1523 18569 0.37098641448090114 2165 
1499 1524 19814 0.3146619799629894 2094 
1500 1525 19197 0.8852223645057642 2168 
1501 1525 20145 0.182412713813641 2114 
1502 1525 20051 0.2407831978405783 2197 
1503 1525 18403 0.23817811928063432 2073 
1504 1525 18857 0.33209615025764133 2077 
1505 1526 18780 0.8387101305967896 2039 
1506 1528 18963 0.08406099979282812 2091 
1507 1531 19081 0.8720583392764649 2027 
1508 1533 19890 0.7345530923435184 2198 
1509 1534 19088 0.34502297857024683 2026 
1510 1534 20322 0.16250683791623838 2156 
1511 1535 20194 0.16948971850996336 2217 
1512 1535 19991 0.8175808495245303 2164 
1513 1535 19229 0.22849340133604323 2207 
1514 1536 19486 0.016730857190221493 2122 
1515 1537 20302 0.5649339219095397 2049 
1516 1539 19280 0.5391843095641577 2151 
1517 1539 20224 0.7050227042445153 2144 
1518 1540 20330 0.5125139205634515 2138 
1519 1543 19657 0.23468732628465916 2176 
1520 1543 20192 0.0993689937537375 2203 
1521 1543 19039 0.0563653711527102 2213 
1522 1543 18472 0.18022035252155028 2199 
1523 1544 18472 0.4219867628712589 2025 
1524 1544 20262 0.24783314752836233 2099 
1525 1546 19233 0.8237393551012262 2194 
1526 1548 19534 0.6398333177728712 2156 
1527 1550 19290 0.7632102250618817 2064 
1528 1553 19451 0.4748982280686479 2184 
1529 1554 20064 0.7468203504158659 2072 
1530 1556 19371 0.1854384505749208 2045 
1531 1557 19136 0.7505764023435533 2131 
1532 1558 19292 0.3307377115611114 2062 
1533 1560 20323 0.5114431235514696 2173 
1534 1560 18829 0.7849254479434532 2200 
1535 1562 18891 0.6253421072637708 2068 
1536 1563 18906 0.4410796364063663 2123 
1537 1564 19374 0.5575893895830506 2033 
1538 1564 20289 0.5638986570390934 2184 
1539 1566 19714 0.8185167178281455 2150 
1540 1566 20086 0.0696249037025393 2128 
1541 1567 20024 0.5177471732274463 2059 
1542 1568 18381 0.2816525165563734 2078 
1543 1569 18406 0.4418767635999528 2180 
1544 1569 19120 0.37192194997706346 2120 
1545 1572 18645 0.4968403877528005 2065 
1546 1573 19576 0.7475439019981586 2186 
1547 1574 18626 0.4238578174429243 2141 
1548 1576 19052 0.34799100693840146 2153 
1549 1576 19838 0.6442865939982582 2163 
1550 1576 20094 0.4336283921007083 2138 
1551 1580 18823 0.6867105427666198 2210 
1552 1580 19203 0.03423486065296282 2161 
1553 1581 19910 0.8766459942560089 2184 
1554 1582 20183 0.8979224734463537 2069 
1555 1583 18618 0.03184612715718792 2039 
1556 1584 18626 0.6043613517685412 2067 
1557 1586 19544 0.1949774692787347 2111 
1558 1586 19998 0.6497794507312875 2103 
1559 1586 20300 0.41292986469836257 2152 
1560 1587 18743 0.8276376555734799 2158 
1561 1587 18392 0.7214423390755501 2047 
1562 1588 19110 0.738219112538416 2137 
1563 1589 19386 0.3830949207764757 2034 
1564 1591 20035 0.3694399916138726 2024 
1565 1593 20183 0.23826863799455691 2030 
1566 1594 18936 0.8237080365075333 2175 
1567 1594 18677 0.7430001025994928 2152 
1568 1594 19362 0.3552751595548688 2080 
1569 1595 20202 0.6933735450389644 2046 
1570 1595 18377 0.7968837310351682 2136 
1571 1596 19220 0.09786481967478872 2179 
1572 1597 19619 0.842200974372018 2045 
1573 1598 19096 0.6764229380817954 2067 
1574 1598 20271 0.7551703498935528 2112 
1575 1600 18952 0.8565221248633427 2049 
1576 1606 19539 0.4632146899011587 2171 
1577 1606 18387 0.3918315597554457 2120 
1578 1607 19260 0.8978747253098569 2095 
1579 1607 18634 0.13131919506158538 2020 
1580 1609 19306 0.5889153633883982 2200 
1581 1609 18553 0.5252028655820677 2211 
1582 1610 20309 0.598245804779751 2110 
1583 1610 19922 0.23141334121240495 2022 
1584 1612 19833 0.6065314585908943 2187 
1585 1612 18445 0.2822515928870177 2070 
1586 1614 18502 0.4527202512321548 2062 
1587 1615 19106 0.8519536255742549 2145 
1588 1615 19474 0.6328990871006068 2020 
1589 1616 18706 0.6069634463985676 2120 
1590 1616 18390 0.37806591882116375 2179 
1591 1617 20163 0.18402152916701234 2049 
1592 1617 19885 0.4055150434851827 2169 
1593 1618 19923 0.3470515638710409 2201 
1594 1619 19248 0.18216975124839396 2102 
1595 1619 19987 0.7767639842426347 2146 
1596 1621 20192 0.03498446151867325 2110 
1597 1622 20293 0.5760931982691684 2023 
1598 1623 19995 0.3177973298404172 2184 
1599 1623 19103 0.719842299421508 2028 
1600 1626 20049 0.048939196512024594 2067 
1601 1626 20130 0.6874997933366938 2198 
1602 1626 19867 0.29363781313688975 2189 
1603 1628 20352 0.8036535879537712 2174 
1604 1628 19339 0.6483694145496183 2063 
1605 1629 19886 0.7633349548034383 2124 
1606 1632 19506 0.7212473394706265 2172 
1607 1632 18770 0.23821294620848957 2133 
1608 1632 20044 0.07512369839334371 2111 
1609 1633 20243 0.384367056758356 2019 
1610 1634 19608 0.051525036928498635 2042 
1611 1634 19250 0.49126309398864587 2088 
1612 1636 19835 0.7911465865449075 2152 
1613 1639 19241 0.87034094519559 2078 
1614 1641 18412 0.2540568262094234 2123 
1615 1642 18718 0.23116459530981937 2136 
1616 1642 18954 0.08521051997695779 2086 
1617 1643 18502 0.6203056088479003 2025 
1618 1644 18904 0.1572769696451109 2213 
1619 1645 19004 0.7372166431093609 2217 
1620 1646 19992 0.35683636513704076 2063 
1621 1648 19299 0.7258166832677593 2059 
1622 1649 20215 0.10945242064071363 2171 
1623 1650 18789 0.6324467224463735 2056 
1624 1651 19328 0.7798514873498962 2192 
1625 1652 20287 0.7348751148428743 2127 
1626 1653 19706 0.551857063835662 2219 
1627 1653 19984 0.08085488883198201 2156 
1628 1653 18967 0.6017987989019196 2026 
1629 1654 18794 0.6869377024138179 2075 
1630 1654 18895 0.07896280366850894 2138 
1631 1655 19986 0.3342261066287176 2180 
1632 1656 19921 0.3001988154474607 2213 
1633 1658 18395 0.7494421377291285 2037 
1634 1659 20047 0.5844924966613246 2157 
1635 1659 18490 0.7103746092052597 2148 
1636 1660 19180 0.3905678712086474 2186 
1637 1661 18481 0.33745385374990117 2197 
1638 1661 19204 0.11278136220425226 2129 
1639 1662 19025 0.10018219592578322 2026 
1640 1663 19326 0.823024377168967 2116 
1641 1664 19301 0.28497094973202036 2040 
1642 1664 19087 0.25815427381423517 2111 
1643 1665 18502 0.6032902744777945 2204 
1644 1666 20048 0.28215437770495216 2029 
1645 1667 19254 0.23631396354252288 2166 
1646 1668 20120 0.04163697265628293 2116 
1647 1670 19341 0.26672526160383553 2019 
1648 1673 19937 0.31600756836845806 2133 
1649 1673 18694 0.1844927499035676 2136 
1650 1674 19905 0.13355596572060682 2036 
1651 1674 20225 0.0577387734670382 2154 
1652 1676 20032 0.09800186601453692 2092 
1653 1678 18985 0.14866301955309794 2095 
1654 1681 19640 0.2832837152174102 2072 
1655 1681 18875 0.6722408464671125 2049 
1656 1682 20035 0.5316709805098744 2043 
1657 1683 20046 0.4234035309023146 2212 
1658 1684 18694 0.5348157568503438 2206 
1659 1684 18416 0.249830592077111 2055 
1660 1686 19089 0.16975396251285726 2213 
1661 1687 19510 0.6506069176302526 2197 
1662 1688 19670 0.19117537892917613 2022 
1663 1689 19069 0.4901646067074417 2139 
1664 1690 18655 0.892586651743906 2099 
1665 1690 19224 0.8769444266165047 2148 
1666 1690 18528 0.3600852938175283 2101 
1667 1691 18957 0.751749089156629 2147 
1668 1691 20065 0.262105176582846 2120 
1669 1692 19099 0.44236399544556715 2029 
1670 1692 18639 0.5522706225534713 2182 
1671 1692 20148 0.3192359126068737 2184 
1672 1697 19569 0.46209328192387444 2087 
1673 1698 18441 0.820023010744818 2028 
1674 1700 19105 0.6797127758466616 2070 
1675 1703 18856 0.599466030583959 2180 
1676 1704 18731 0.22677904088058964 2028 
1677 1704 20090 0.22999292631264412 2052 
1678 1707 18544 0.04660909965426001 2133 
1679 1710 19661 0.21920633645527543 2038 
1680 1712 18776 0.37286449782034553 2054 
1681 1713 19719 0.6931702372618573 2091 
1682 1715 18923 0.8388266081351422 2172 
1683 1715 18506 0.45568594385276046 2218 
1684 1716 19014 0.47780950670557226 2085 
1685 1716 20205 0.6810410273924185 2093 
1686 1716 19197 0.09195406268442656 2074 
1687 1717 19735 0.8859170775200473 2036 
1688 1718 20187 0.32552206360455327 2116 
1689 1720 18571 0.16041629918716155 2082 
1690 1722 19029 0.32698177830029973 2166 
1691 1723 19210 0.5528815495628012 2177 
1692 1723 19533 0.8963132095317099 2046 
1693 1723 19766 0.5499416568469003 2173 
1694 1724 18405 0.6355550713940284 2089 
1695 1725 18981 0.3767319068530409 2107 
1696 1729 19912 0.3606577647196006 2218 
1697 1730 19308 0.4101287872685672 2071 
1698 1732 19122 0.6103416448191512 2113 
1699 1733 18956 0.20144068233735246 2049 
1700 1734 19911 0.07042823182566393 2177 
1701 1734 18843 0.13401470447299157 2098 
1702 1735 19105 0.0987087907385904 2067 
1703 1736 18613 0.5185598248248364 2027 
1704 1737 19859 0.011500791965026676 2147 
1705 1738 19428 0.2323201200643015 2205 
1706 1738 20284 0.6853228039386259 2089 
1707 1740 18965 0.10246567147621859 2125 
1708 1744 19152 0.15318123084982793 2121 
1709 1745 19784 0.6780891559942634 2021 
1710 1745 19169 0.34619782210066224 2043 
1711 1747 19376 0.3191900948149579 2059 
1712 1747 19134 0.09456986495158053 2050 
1713 1748 18595 0.693054858437729 2202 
1714 1748 20010 0.5417651977391901 2134 
1715 1749 19723 0.04858422029142599 2198 
1716 1749 19265 0.6412699780177644 2022 
1717 1749 18938 0.3236015521561089 2063 
1718 1750 18435 0.5215240930346933 2093 
1719 1750 18833 0.5683510803482236 2023 
1720 1751 18879 0.7283004979505453 2072 
1721 1751 20159 0.8809053157834213 2094 
1722 1754 20006 0.7183644709170774 2159 
1723 1757 18966 0.7787704435314491 2069 
1724 1757 18677 0.2746633455857396 2077 
1725 1758 18771 0.3023717245995028 2091 
1726 1758 20197 0.3709731933557889 2161 
1727 1758 20138 0.8555137112095166 2055 
1728 1759 19003 0.5924625984304873 2074 
1729 1760 18755 0.37137127839660056 2157 
1730 1760 19712 0.7100843303393837 2094 
1731 1761 19652 0.8033728553447415 2116 
1732 1762 19059 0.8268955377034503 2181 
1733 1762 20356 0.41837330682235585 2171 
1734 1764 19201 0.8402179111162187 2045 
1735 1764 20196 0.7622296386718448 2161 
1736 1765 19529 0.06745269315356933 2150 
1737 1766 20158 0.713611786350505 2156 
1738 1768 19578 0.5022911227486463 2098 
1739 1769 20096 0.06586319494546246 2197 
1740 1769 19463 0.3388137666849916 2192 
1741 1770 19273 0.8750428131609637 2202 
1742 1771 19445 0.10652072128005899 2127 
1743 1774 18686 0.608455557920697 2091 
1744 1775 20122 0.8565083713741869 2106 
1745 1775 18983 0.7851755456979755 2145 
1746 1775 19698 0.5694226056953872 2179 
1747 1777 18762 0.17020127404065089 2159 
1748 1779 18927 0.8823912783378801 2138 
1749 1780 19560 0.4700057747107695 2155 
1750 1781 20066 0.23420907579621086 2067 
1751 1782 19754 0.012780143125960574 2114 
1752 1782 19126 0.6087614735591899 2124 
1753 1784 18432 0.3632428577761959 2181 
1754 1786 19848 0.84395350589029 2140 
1755 1786 19311 0.48066676701123334 2116 
1756 1787 20052 0.27722796468442373 2098 
1757 1788 18535 0.383795031721015 2117 
1758 1789 19884 0.5101519770667988 2152 
1759 1789 19687 0.36027073260254794 2110 
1760 1791 19125 0.5062715862699911 2073 
1761 1791 19218 0.5053805528324014 2110 
1762 1794 19528 0.7325298431664912 2027 
1763 1795 20091 0.7464893775311735 2069 
1764 1797 20041 0.267721287501794 2143 
1765 1797 20185 0.14171190570049463 2106 
1766 1798 20247 0.7774776281265724 2163 
1767 1798 20301 0.770506987677019 2101 
1768 1799 18427 0.29475042586961975 2188 
1769 1799 20294 0.025048494481507668 2088 
1770 1799 19147 0.562779551723128 2176 
1771 1800 20307 0.2709715090832155 2032 
1772 1801 19926 0.7670981021916874 2173 
1773 1801 19948 0.15278898886139855 2123 
1774 1801 19965 0.3888435077774877 2146 
1775 1802 19333 0.5341047762862098 2193 
1776 1802 18471 0.8401013671545998 2075 
1777 1803 18942 0.24933414252489247 2100 
1778 1806 19902 0.3694963739121929 2076 
1779 1807 19123 0.5455371468202085 2148 
1780 1810 19662 0.8586810988197705 2217 
1781 1810 20136 0.2949549635450477 2079 
1782 1810 18411 0.6133266134517822 2098 
1783 1811 19464 0.5855387338603115 2024 
1784 1811 19053 0.6667942906325948 2173 
1785 1813 18520 0.3440589701294218 2094 
1786 1814 18798 0.7233984462636115 2053 
1787 1815 20347 0.28472312894820784 2115 
1788 1816 19918 0.7285088645528095 2024 
1789 1816 19265 0.8500574617554614 2211 
1790 1816 19902 0.3271796786332541 2045 
1791 1817 18811 0.3481116336069144 2189 
1792 1817 18902 0.649977001246839 2057 
1793 1820 19014 0.25208169763378374 2168 
1794 1821 18923 0.09170864439754581 2187 
1795 1821 18538 0.5669043931784482 2120 
1796 1821 19827 0.141521902502638 2040 
1797 1822 19979 0.17971493604038122 2049 
1798 1822 19417 0.7064912479018697 2115 
1799 1822 19175 0.4006322070818032 2114 
1800 1822 18855 0.8267985498447012 2164 
1801 1823 18965 0.7246898828539585 2208 
1802 1824 19515 0.4429402183584184 2038 
1803 1825 18913 0.497797251226776 2083 
1804 1825 20279 0.3727373698515719 2062 
1805 1826 19914 0.8329663941575957 2179 
1806 1828 19251 0.28958500191808134 2083 
1807 1829 18827 0.5475549760280297 2170 
1808 1831 20172 0.6734684616479543 2030 
1809 1831 20024 0.7389957589198455 2158 
1810 1833 18446 0.138627420241373 2066 
1811 1834 18523 0.5396383169622209 2207 
1812 1835 18785 0.5484229618021268 2218 
1813 1838 19059 0.27566023505911064 2148 
1814 1839 19643 0.14934328768630922 2073 
1815 1839 19674 0.012122933465966964 2051 
1816 1840 19840 0.3970419690166374 2036 
1817 1841 20266 0.26805611585604705 2042 
1818 1842 18831 0.6913738406636804 2089 
1819 1842 19260 0.12392943095097012 2078 
1820 1843 18524 0.33174963248255895 2095 
1821 1844 19387 0.5395371097896505 2158 
1822 1846 18869 0.4460605613500338 2047 
1823 1846 19875 0.5061301802601126 2185 
1824 1847 19910 0.5878898991217083 2045 
1825 1852 19501 0.4671929419806492 2187 
1826 1854 19384 0.5891982368199177 2167 
1827 1854 19374 0.6451086294314282 2095 
1828 1855 19179 0.708120226846335 2100 
1829 1856 19679 0.6058537122897966 2181 
1830 1856 18926 0.358385111983507 2035 
1831 1857 18649 0.33721362286420065 2033 
1832 1859 18946 0.23337077969730502 2192 
1833 1862 19182 0.7394088612841339 2134 
1834 1862 18860 0.7994835332877019 2175 
1835 1862 19878 0.5927465019290578 2198 
1836 1863 20266 0.1236109153756484 2210 
1837 1863 20004 0.5289085956406636 2089 
1838 1864 19786 0.7438539064353745 2168 
1839 1866 18582 0.19620503634532577 2202 
1840 1866 19298 0.71017943657427 2022 
1841 1867 20264 0.577071383083282 2044 
1842 1869 19998 0.7757582528465469 2209 
1843 1871 19834 0.13410710631399408 2130 
1844 1873 20205 0.1474882415073717 2039 
1845 1873 18577 0.6540373253564925 2200 
1846 1874 19069 0.15174473871665647 2198 
1847 1874 20208 0.597467798282248 2130 
1848 1874 20271 0.17560634814231005 2164 
1849 1875 20238 0.0392644115217133 2127 
1850 1876 18963 0.21776379235536733 2133 
1851 1876 19282 0.53411505163601 2164 
1852 1877 18661 0.2643120779743345 2116 
1853 1877 19983 0.04284140482520341 2206 
1854 1878 19046 0.7997202982268219 2184 
1855 1879 19508 0.6282782625138394 2084 
1856 1879 19927 0.5591988799222954 2169 
1857 1879 18440 0.838510188714842 2118 
1858 1880 20005 0.16502077402853138 2035 
1859 1881 20062 0.2924927521649862 2063 
1860 1882 18769 0.8057505287560628 2105 
1861 1882 19081 0.31284748851683103 2140 
1862 1883 19158 0.02933837945427749 2212 
1863 1886 19736 0.24846076247813745 2196 
1864 1887 18510 0.6318017445518469 2069 
1865 1887 19327 0.3933506134191923 2099 
1866 1889 19857 0.7132833774651992 2151 
1867 1889 19109 0.3956695224740933 2040 
1868 1890 20271 0.8034800573960623 2057 
1869 1892 19363 0.10327222570736022 2035 
1870 1892 20038 0.6632977972825665 2180 
1871 1894 19863 0.39572234419861924 2114 
1872 1894 20140 0.27181948368966014 2084 
1873 1896 19803 0.29668899032209967 2147 
1874 1898 18741 0.16270620775529848 2051 
1875 1898 19711 0.26266004240679675 2202 
1876 1900 18909 0.5484550781767413 2035 
1877 1900 18648 0.4201197896374548 2073 
1878 1900 18730 0.15425545281447747 2159 
1879 1902 19507 0.1126684705685219 2074 
1880 1903 18482 0.5566051612467634 2171 
1881 1903 19309 0.18161719957680836 2050 
1882 1904 20328 0.7152750589696784 2062 
1883 1907 18753 0.48904143205871103 2116 
1884 1909 18583 0.5489927999503235 2217 
1885 1912 18450 0.216888255999032 2053 
1886 1912 19968 0.49628672885728076 2148 
1887 1913 19904 0.32386064405829457 2025 
1888 1914 18613 0.6720587287229568 2144 
1889 1915 20221 0.3267669684050257 2152 
1890 1916 19297 0.740723127760961 2145 
1891 1916 18750 0.42121673826588185 2115 
1892 1916 18464 0.5007063931132412 2182 
1893 1918 19522 0.2962156189476837 2215 
1894 1918 19252 0.22055807707006117 2144 
1895 1918 18768 0.5718763618596532 2175 
1896 1919 19728 0.12398852357112222 2151 
1897 1919 19112 0.8991293219536225 2133 
1898 1920 19411 0.44253981361603795 2054 
1899 1921 19721 0.7726396028951812 2202 
1900 1921 20206 0.3526488440851924 2187 
1901 1921 18540 0.5218749918008511 2140 
1902 1922 18868 0.5382862145743104 2173 
1903 1923 20283 0.6113951698004656 2122 
1904 1924 19720 0.6308907635465706 2147 
1905 1924 19695 0.5342999432400088 2207 
1906 1925 20274 0.2526713863233349 2143 
1907 1926 19972 0.3935157281102776 2046 
1908 1926 20031 0.5363620838468848 2049 
1909 1926 19028 0.15162361343361042 2032 
1910 1931 18715 0.863637015288456 2044 
1911 1932 19025 0.8002906292170908 2159 
1912 1934 19624 0.8907491033438827 2208 
1913 1934 18668 0.7899624127477061 2158 
1914 1935 19547 0.2699499963428735 2200 
1915 1936 18573 0.8775694528368174 2174 
1916 1936 19251 0.25292701359473846 2210 
1917 1936 19327 0.7458718733900465 2131 
1918 1937 18466 0.8349062383847006 2188 
1919 1939 19512 0.6968629886166258 2203 
1920 1940 18940 0.6301820798620351 2173 
1921 1940 20102 0.44735409195235987 2193 
1922 1941 19073 0.7913451045248375 2153 
1923 1942 18915 0.5258911103294696 2175 
1924 1942 19599 0.195131243982317 2085 
1925 1942 19944 0.06448467216151825 2197 
1926 1943 19784 0.18158911205174336 2052 
1927 1943 19044 0.33722843889447074 2128 
1928 1943 19775 0.852653949874263 2144 
1929 1945 20118 0.10170638634800304 2169 
1930 1946 18703 0.17615528671191427 2042 
1931 1946 19529 0.3070619491522989 2201 
1932 1947 20041 0.13728583190881155 2150 
1933 1947 19078 0.26580992782056134 2035 
1934 1948 18684 0.02017424203898987 2134 
1935 1948 18426 0.487305135719914 2150 
1936 1950 20117 0.7291304444025691 2194 
1937 1950 18827 0.17500139810780008 2087 
1938 1950 18797 0.5003925268067035 2157 
1939 1951 19028 0.12141371914451704 2028 
1940 1955 18507 0.09627892604697931 2149 
1941 1955 20184 0.7543869105637883 2196 
1942 1956 19209 0.10009449196784019 2088 
1943 1956 18987 0.7060403138981542 2175 
1944 1956 19953 0.6280685381519385 2126 
1945 1956 19490 0.7536897730250626 2104 
1946 1957 18725 0.562419723667198 2076 
1947 1957 18650 0.4629172979128036 2033 
1948 1958 18486 0.5476824948009794 2086 
1949 1958 18432 0.27699234395408756 2024 
1950 1959 18766 0.7398181686108377 2075 
1951 1959 18647 0.7514280534640218 2033 
1952 1960 20307 0.17149698787640547 2151 
1953 1961 19104 0.7336750152106362 2161 
1954 1962 20081 0.030745914684310385 2159 
1955 1966 19770 0.8728465294696292 2037 
1956 1969 19453 0.2363880651262709 2112 
1957 1969 18485 0.3345119932747101 2049 
1958 1971 19462 0.7835596070474378 2029 
1959 1972 18399 0.16783604969007695 2062 
1960 1972 18452 0.8900061925592475 2070 
1961 1972 19270 0.593493149380451 2199 
1962 1972 19192 0.4382775950384524 2112 
1963 1973 19794 0.7777014995664544 2172 
1964 1974 20238 0.3928401403714622 2097 
1965 1975 20114 0.49894968367858394 2075 
1966 1976 19382 0.1513387118632333 2123 
1967 1976 18738 0.7242003436282445 2168 
1968 1978 19840 0.7015329256873227 2041 
1969 1979 19772 0.4854236726580701 2210 
1970 1979 19318 0.42786552903163844 2102 
1971 1980 19661 0.5173406335893872 2031 
1972 1981 18754 0.7795791980658628 2085 
1973 1982 19288 0.8164414248667564 2061 
1974 1982 20199 0.026760071200651714 2054 
1975 1983 20248 0.14377333470756956 2156 
1976 1984 19653 0.8901496345526935 2184 
1977 1984 18506 0.4742531149985839 2033 
1978 1986 20349 0.3171177107172457 2055 
1979 1989 19392 0.11111379113283765 2171 
1980 1989 19164 0.8011466683611399 2102 
1981 1990 20199 0.30320703063310683 2200 
1982 1990 19387 0.7585182995290494 2069 
1983 1990 18560 0.8059986595950671 2091 
1984 1991 20059 0.03959604499381214 2130 
1985 1991 18773 0.1151492752635422 2173 
1986 1992 19978 0.46924143872627483 2218 
1987 1992 19786 0.11637132040975345 2110 
1988 1993 19531 0.24309294450848015 2167 
1989 1994 20312 0.682760963967164 2067 
1990 1994 19004 0.7711528922309059 2036 
1991 1994 19671 0.5319042577464139 2193 
1992 1994 18494 0.696058183582104 2083 
1993 1994 19066 0.48929918945226414 2023 
1994 1996 19655 0.5346959310392427 2039 
1995 1997 19967 0.15480925281747673 2210 
1996 1998 18565 0.3451386542835267 2180 
1997 1999 19530 0.352741865594312 2216 
1998 2000 20040 0.11464515257116745 2096 
1999 2000 18404 0.7274386373911989 2194 
2000 0 19205 0.20763002542568984 2089 
