1 2 13595 0.8828947347603283 4838 
2 8 12919 0.6311781980471607 4902 
3 8 13415 0.13770020532703905 4916 
4 9 13591 0.17462775884903384 4883 
5 9 14258 0.7746313425917792 4812 
6 9 12733 0.736723626126071 4884 
7 10 12879 0.21207438080963645 4791 
8 14 12913 0.8932554288680644 4808 
9 15 14402 0.450974690460652 4874 
10 15 13826 0.7755621326983217 4776 
11 17 13802 0.03446237825551016 4850 
12 18 13114 0.48698227806572847 4827 
13 18 13649 0.6508379167179732 4869 
14 19 13445 0.346457484082808 4875 
15 20 13653 0.16214647652435157 4783 
16 22 14506 0.46894292809045396 4843 
17 23 14455 0.038258423551100464 4816 
18 27 12907 0.22519461603743182 4802 
19 27 13221 0.06871634629428533 4953 
20 27 12630 0.43722088046788643 4845 
21 28 12893 0.4047745757663986 4937 
22 29 13858 0.6411236279779198 4894 
23 30 13241 0.3955539154217707 4964 
24 30 13625 0.4263518644778519 4783 
25 32 14467 0.7733038427082602 4793 
26 32 12947 0.6508517522068361 4821 
27 34 13097 0.8574733604510957 4868 
28 39 14006 0.5045209948176289 4937 
29 40 14281 0.19167070491152946 4867 
30 45 12833 0.4787926985440006 4962 
31 45 14116 0.3680112347460819 4852 
32 47 13955 0.48201244049854175 4959 
33 47 12659 0.37210745936982303 4881 
34 48 12852 0.4507818528073498 4925 
35 48 14530 0.8023699207983805 4952 
36 48 14091 0.462674490356885 4958 
37 48 13182 0.13782079909746675 4908 
38 49 13405 0.1068365147227892 4914 
39 50 14127 0.5225931419237687 4860 
40 51 13897 0.16382155372477186 4868 
41 51 13722 0.876691325081683 4838 
42 52 13985 0.6624840169740608 4925 
43 52 13665 0.14802198085744078 4876 
44 57 14014 0.4373222920218452 4785 
45 59 14360 0.42763709640340586 4809 
46 59 13879 0.3749216112866679 4954 
47 60 13924 0.20758826534917188 4837 
48 61 14421 0.18710452718594098 4931 
49 61 13756 0.5672730839164898 4775 
50 62 13017 0.7307176706271967 4949 
51 62 13792 0.8262508837087154 4905 
52 63 13767 0.7751997214400411 4956 
53 65 12584 0.42079093729274253 4865 
54 65 14222 0.22181022073278148 4829 
55 66 12968 0.765831291727999 4886 
56 69 12939 0.7981992471703983 4857 
57 70 12916 0.5870715106704021 4953 
58 70 14010 0.35877595753423674 4881 
59 71 12728 0.6811450057290845 4873 
60 71 12805 0.6980657911504845 4769 
61 72 13307 0.7095641099716793 4805 
62 72 12937 0.14114331696042648 4931 
63 73 12628 0.47387761011859575 4932 
64 77 12918 0.6904952398237184 4916 
65 77 12834 0.6533997490038809 4841 
66 77 14305 0.36692522937994243 4909 
67 79 14450 0.5992673327359301 4879 
68 79 14317 0.493642634235043 4880 
69 83 13089 0.17609633647312356 4890 
70 83 13648 0.6601285851225267 4934 
71 85 12723 0.4924665997838197 4856 
72 86 12664 0.5669524813757486 4820 
73 86 14536 0.21700897783296924 4768 
74 86 13527 0.07884110458951529 4794 
75 86 13886 0.8737369471576985 4913 
76 87 13777 0.12962444263477133 4831 
77 88 14396 0.649961528446131 4777 
78 89 12791 0.8243923634069763 4775 
79 89 12898 0.030408820479131835 4901 
80 89 13326 0.55347435128647 4911 
81 92 14206 0.45046463226337785 4918 
82 92 13152 0.8993801241773867 4837 
83 94 13819 0.8186888938371353 4876 
84 94 13875 0.2457191603558704 4838 
85 95 13521 0.4364252987361924 4923 
86 97 12760 0.4395842476928992 4891 
87 97 13964 0.15744593108270252 4877 
88 99 14303 0.2963112804069326 4964 
89 99 13539 0.13199723542909889 4841 
90 99 14144 0.6272283677095426 4806 
91 100 13426 0.25266424519436814 4781 
92 103 13921 0.0146141542967653 4842 
93 103 13887 0.5893440117127875 4811 
94 104 13845 0.04372542787648673 4816 
95 105 13479 0.8787715988151634 4904 
96 105 12653 0.07031485598690994 4775 
97 106 13957 0.8539171012204892 4894 
98 106 13668 0.6566795661338664 4798 
99 109 13133 0.817653517357472 4903 
100 110 13968 0.8475961342304221 4775 
101 112 13040 0.7873496784314071 4801 
102 112 13406 0.6400984899875024 4781 
103 113 13999 0.015429142547078974 4875 
104 113 13832 0.04774956130532501 4780 
105 115 14475 0.729343537770912 4771 
106 116 13079 0.5945515342092493 4851 
107 116 13806 0.6239134989646267 4785 
108 116 14051 0.8109282107725101 4916 
109 117 13240 0.6977660122609259 4855 
110 119 13380 0.866454984888364 4811 
111 120 12882 0.8654525503920174 4778 
112 121 13801 0.39809484767980324 4830 
113 123 13744 0.5178977282723254 4852 
114 124 13644 0.1351529215505207 4854 
115 125 12988 0.1363596928736252 4838 
116 128 14240 0.5728176119101921 4885 
117 128 13592 0.8299471886792789 4822 
118 130 13501 0.04777369643879329 4839 
119 131 13559 0.2875386608447901 4817 
120 133 13749 0.4307266199570283 4873 
121 133 13092 0.6038454693046637 4940 
122 134 12848 0.45059441993991295 4892 
123 135 14509 0.7730063952397201 4897 
124 135 13979 0.10322555444958642 4925 
125 136 13354 0.3860886852794037 4850 
126 136 14213 0.21355377974748227 4928 
127 137 12934 0.32478946291814564 4892 
128 140 14064 0.6858428093026527 4836 
129 140 14221 0.13232399517407875 4770 
130 140 13015 0.32730263540187804 4798 
131 141 13010 0.12768595368554844 4839 
132 141 13074 0.8988060994344172 4903 
133 144 13470 0.6917655065580516 4945 
134 144 14518 0.46549287464443534 4900 
135 145 13185 0.22795969966112264 4891 
136 146 13237 0.02969394759914213 4776 
137 146 13702 0.5045372067089485 4834 
138 146 14149 0.046990066998385524 4864 
139 147 14531 0.030664195092816093 4938 
140 150 14370 0.7819187275921536 4833 
141 151 13027 0.5313673338060472 4861 
142 151 14465 0.8299154671976076 4891 
143 151 13929 0.2896836328409263 4882 
144 152 12693 0.05217574342379463 4915 
145 152 14354 0.49518592405227485 4914 
146 153 14257 0.4146613352094056 4941 
147 153 13541 0.19216452813618454 4918 
148 153 13268 0.5965823368144987 4876 
149 153 13682 0.6469948558095577 4825 
150 156 14228 0.3478471348096595 4912 
151 156 12657 0.37136988979785346 4874 
152 156 12888 0.8263173680499944 4785 
153 158 13989 0.1436862225402567 4806 
154 158 12916 0.7750766108041789 4960 
155 159 13219 0.5939419886251818 4781 
156 160 14379 0.7346034110644656 4893 
157 160 14369 0.6282660047494713 4899 
158 161 14421 0.868233975741864 4848 
159 162 12740 0.48948413865568957 4888 
160 163 13595 0.12326581021802094 4779 
161 163 13758 0.5794624704191691 4885 
162 163 14202 0.29796679625653394 4930 
163 164 12668 0.7423375021680912 4945 
164 166 12758 0.620191366354197 4823 
165 166 13534 0.185667893473517 4911 
166 167 13694 0.30841975795432974 4897 
167 168 14414 0.7506488792656721 4942 
168 169 12803 0.4329093664453818 4790 
169 172 12898 0.8282529077818148 4880 
170 172 14534 0.14354170523765572 4928 
171 174 13131 0.32053455387219965 4932 
172 175 13273 0.692918656780535 4956 
173 175 12799 0.6646945732371863 4965 
174 176 12963 0.05680256992583129 4884 
175 177 14298 0.6851681456965178 4810 
176 178 13612 0.07139402056045756 4953 
177 179 14203 0.6265124591783331 4825 
178 180 12764 0.3416334388887122 4860 
179 182 13266 0.6477994501722096 4836 
180 183 13517 0.07494428601637866 4963 
181 184 13850 0.7526030918692967 4897 
182 189 12680 0.7357152236025317 4838 
183 190 12997 0.1914310423495076 4818 
184 190 13876 0.4643680200012685 4877 
185 191 14297 0.7579537740498598 4859 
186 192 13085 0.09592198531074181 4937 
187 194 12736 0.23497222111258179 4840 
188 194 13682 0.34557868629394933 4932 
189 196 13718 0.7560872194998873 4820 
190 196 14487 0.05453318165994952 4841 
191 197 14003 0.6766374508539446 4824 
192 199 13309 0.2362104505147418 4955 
193 199 13458 0.6417941005888368 4877 
194 201 14464 0.3422926260986886 4896 
195 201 13784 0.09456352358007267 4928 
196 204 12947 0.6837835817511743 4893 
197 205 12712 0.30899204793071533 4850 
198 205 12730 0.3579711492504075 4890 
199 205 12977 0.1229225720570548 4825 
200 207 13863 0.20764862725667219 4941 
201 209 13600 0.7526165314272212 4938 
202 210 13478 0.7791203120113761 4806 
203 211 13365 0.7728794575284378 4828 
204 212 12876 0.42241709298490393 4957 
205 212 14199 0.19739189197748006 4783 
206 212 14060 0.04278091905638446 4845 
207 219 13171 0.7870109420887792 4965 
208 221 13017 0.7183006940364263 4781 
209 223 13086 0.6396169702744626 4835 
210 223 14045 0.0747942223010558 4886 
211 224 13242 0.8903071720780024 4835 
212 225 14523 0.7020743275122581 4915 
213 225 13917 0.04070371573491919 4773 
214 225 12772 0.7688361713848437 4908 
215 227 14250 0.4485181907496796 4773 
216 230 13181 0.7020355103856996 4942 
217 230 13899 0.17720465627325507 4901 
218 233 12724 0.026556381232360052 4782 
219 233 13087 0.4666069504286922 4843 
220 233 14528 0.14085650632489713 4835 
221 234 13809 0.3923220520506922 4784 
222 234 12702 0.8770438438928291 4825 
223 235 13022 0.8251394849128346 4782 
224 236 12847 0.1854412978987048 4910 
225 240 13812 0.8820483928954965 4773 
226 244 13796 0.31794953327890496 4844 
227 247 13712 0.5700904631630994 4790 
228 248 13091 0.44388503352717934 4783 
229 249 13903 0.6988603126049547 4964 
230 251 13357 0.015531507879304442 4765 
231 251 13572 0.10656533553652237 4912 
232 252 12936 0.25064816305938764 4925 
233 254 14536 0.02682729320877189 4929 
234 254 12903 0.47614221254206257 4892 
235 255 13513 0.16853559363378212 4865 
236 255 12676 0.3862578231201345 4930 
237 255 13271 0.27329307264452485 4941 
238 255 13787 0.3240954436340162 4801 
239 256 12582 0.5272925992137897 4875 
240 257 13568 0.8120083761405268 4964 
241 259 13320 0.1438549729252803 4952 
242 260 12674 0.49815272063346244 4816 
243 260 13349 0.48111082029365654 4939 
244 261 13121 0.01918749216957633 4765 
245 263 13058 0.049021621487870565 4882 
246 264 13858 0.20091242713044993 4794 
247 265 12588 0.7765392403918657 4916 
248 265 14015 0.5371810760719443 4823 
249 266 12654 0.3542490797949683 4850 
250 266 13664 0.23969851895723188 4873 
251 267 13449 0.8726261766281901 4834 
252 267 13881 0.47840960486044226 4851 
253 267 13417 0.2256715321551948 4913 
254 271 14062 0.46960534030867784 4783 
255 271 12812 0.7609231844371221 4955 
256 272 14490 0.5335293643731543 4858 
257 273 14001 0.2154646282850385 4923 
258 275 13304 0.5968847078286309 4885 
259 276 14194 0.789341605375593 4853 
260 276 13156 0.5394201013068993 4781 
261 277 13578 0.4224110491482911 4862 
262 279 14096 0.045460290719768655 4855 
263 280 13173 0.8152868556391849 4789 
264 282 13138 0.21233679529709143 4875 
265 282 13640 0.3837982155297581 4843 
266 284 13281 0.5933414013281949 4837 
267 288 14469 0.6893808190222117 4896 
268 288 13342 0.8317403997026347 4948 
269 290 13691 0.5153328895497205 4870 
270 292 13368 0.847821758441776 4922 
271 295 13485 0.6462442850749857 4921 
272 298 14549 0.3726205061155696 4835 
273 298 13529 0.12290744795722029 4819 
274 298 13244 0.7933722974558542 4919 
275 299 12635 0.20233487946184153 4792 
276 299 14025 0.5381954912262704 4950 
277 301 13287 0.2572095863713872 4919 
278 302 14400 0.6003430018726404 4775 
279 303 14127 0.09707710585104476 4935 
280 304 12763 0.8863017195317509 4790 
281 304 13647 0.5643782094001445 4769 
282 308 13761 0.4180704081266849 4883 
283 308 14495 0.4279880347114874 4906 
284 309 13947 0.25282016918991523 4908 
285 309 13153 0.7150928341520368 4803 
286 309 14484 0.28761868290226866 4923 
287 310 13881 0.8066420297805893 4812 
288 312 12642 0.8110491988173861 4849 
289 314 13284 0.7209088088344765 4856 
290 314 13125 0.4503495653380031 4874 
291 319 13564 0.4162767435564799 4932 
292 319 12732 0.36472473003213685 4852 
293 319 13729 0.8577636101850178 4778 
294 320 13263 0.24840407549813265 4930 
295 321 12902 0.461347868586329 4780 
296 321 13871 0.07093089424200637 4951 
297 322 12915 0.010470960216363224 4873 
298 323 13810 0.7269398794329752 4846 
299 324 12736 0.3561574837165985 4922 
300 327 12856 0.4486481903385881 4787 
301 327 12883 0.2582501668760462 4801 
302 328 13977 0.11615916417686914 4824 
303 329 14131 0.5462765850279035 4767 
304 329 12992 0.4452153464272455 4963 
305 330 13486 0.5965544358619401 4843 
306 331 14324 0.32469492884472273 4964 
307 331 12934 0.07661178729910793 4824 
308 333 14541 0.7556266986237502 4799 
309 334 13535 0.5488811751227677 4929 
310 334 14266 0.3016011757064994 4773 
311 334 13116 0.2646548325914211 4831 
312 335 12958 0.15098419850293446 4901 
313 335 12564 0.8673143762167419 4821 
314 336 13350 0.5565748809582892 4829 
315 336 14083 0.8743969181749947 4887 
316 340 13561 0.05382131421430899 4897 
317 341 14341 0.6092890089026459 4776 
318 343 14401 0.20757342605710072 4850 
319 345 13096 0.30147106935767626 4783 
320 346 12932 0.26870054407753835 4965 
321 349 12972 0.3374406649858537 4788 
322 349 13534 0.8315536960538874 4867 
323 351 13742 0.614355428851899 4926 
324 352 14347 0.42438610853623737 4860 
325 353 12677 0.28737845813057256 4824 
326 353 13468 0.3779227138195135 4770 
327 354 13065 0.7810438164967285 4834 
328 355 12836 0.17205494063230192 4881 
329 356 13010 0.3520672496162629 4871 
330 356 13812 0.66658851536259 4812 
331 357 12584 0.13187691403860155 4887 
332 357 12953 0.3148060894957316 4776 
333 358 13529 0.1374695844172477 4901 
334 360 13010 0.7872058138179598 4936 
335 361 12973 0.6063352590290394 4791 
336 362 12581 0.13753410021060858 4851 
337 362 13425 0.06966748947647995 4811 
338 362 12988 0.13835245274501676 4821 
339 363 13995 0.6056118459284102 4815 
340 364 13271 0.7654166417915145 4824 
341 365 14148 0.8580739759982574 4901 
342 367 13952 0.027874011266027725 4826 
343 367 14234 0.7050053011126853 4808 
344 368 14208 0.6916081987643776 4907 
345 370 13686 0.8220377590617022 4821 
346 371 13973 0.7751096926619492 4796 
347 374 14090 0.8550308890082752 4914 
348 374 13667 0.7069811131549452 4964 
349 375 13546 0.3236631255099125 4953 
350 376 13552 0.8175738303788249 4819 
351 378 14220 0.7853052408389375 4843 
352 378 13399 0.4314997583944828 4781 
353 380 14323 0.6366964310962951 4905 
354 381 13610 0.11118047844556729 4803 
355 382 13356 0.7648927086118129 4953 
356 386 12577 0.6215270563698019 4815 
357 387 13754 0.5054511243663552 4780 
358 389 13636 0.7313461959011912 4886 
359 389 13868 0.14955987983358396 4929 
360 390 14210 0.8242916387267892 4874 
361 390 14539 0.384439646485572 4916 
362 390 14433 0.6635603109454306 4888 
363 390 13458 0.5753307187378394 4874 
364 390 13917 0.4004520308701703 4915 
365 391 13864 0.8730056642072977 4876 
366 391 12752 0.6104205207619448 4869 
367 393 13481 0.4524589931804162 4919 
368 393 13623 0.08423079662268688 4815 
369 394 12859 0.354746882973505 4829 
370 395 13863 0.8089805220545818 4902 
371 396 12874 0.23568403160897267 4821 
372 396 14193 0.5253647336411162 4801 
373 396 13181 0.18808984972343035 4796 
374 397 13437 0.28261294424335914 4872 
375 398 12656 0.6454037229238626 4872 
376 398 12914 0.7685209006817759 4949 
377 399 12687 0.5305277905539186 4803 
378 400 12573 0.8057970325402106 4883 
379 400 12816 0.4587281715513689 4915 
380 401 14313 0.8345735938095775 4813 
381 402 13783 0.1541024960001509 4856 
382 402 14246 0.043703389303071945 4886 
383 402 12826 0.5923878886209513 4777 
384 403 12857 0.3226016151490335 4838 
385 405 13314 0.6369626113029595 4783 
386 405 12972 0.03387665748354899 4941 
387 407 13145 0.41805610634052454 4779 
388 408 14456 0.3952582620461813 4844 
389 410 14518 0.43141321807840205 4951 
390 412 14146 0.29590219259782646 4807 
391 412 14431 0.019267204720381008 4812 
392 412 13752 0.3746530581474773 4851 
393 413 14003 0.7848156941404756 4872 
394 414 12844 0.7819947758227072 4871 
395 414 14053 0.16429036064644426 4904 
396 417 14222 0.13902512558516764 4889 
397 417 13739 0.23815632922723215 4791 
398 418 12844 0.5339380850135639 4947 
399 419 12761 0.8532403925666397 4949 
400 420 13416 0.5650325596793507 4948 
401 420 13908 0.8797197471485131 4849 
402 422 13532 0.06015967227754334 4849 
403 424 12715 0.7871453809704613 4877 
404 424 14319 0.6994902994024458 4771 
405 426 14317 0.06728210756147947 4785 
406 426 14134 0.02190986127069359 4856 
407 427 12724 0.17608612436172266 4845 
408 427 14448 0.27109638007708586 4950 
409 427 13502 0.3320885841139392 4845 
410 431 12964 0.3861321310674311 4835 
411 432 13180 0.30854349822871824 4878 
412 436 14413 0.8052508042105714 4914 
413 437 13815 0.6503838527605627 4827 
414 438 12997 0.38400777249053947 4888 
415 438 14232 0.42980673852828216 4893 
416 441 14213 0.24295036309564 4933 
417 442 12869 0.24683039414033306 4786 
418 443 13150 0.727016265601366 4857 
419 443 13145 0.40532506633630155 4896 
420 444 14307 0.7194621675053504 4952 
421 444 14116 0.021448356147329317 4775 
422 445 14029 0.06558057508232727 4843 
423 445 13344 0.447729775804829 4797 
424 448 12866 0.10562921319511405 4876 
425 449 13657 0.17081181148485386 4953 
426 450 12990 0.10845681578085316 4848 
427 450 13193 0.5025029432757372 4965 
428 451 14135 0.30598216837910236 4808 
429 453 12763 0.8535674100607865 4955 
430 454 14304 0.8154352666273107 4810 
431 455 14372 0.5655538098757569 4821 
432 457 14418 0.3702771423779592 4876 
433 457 13506 0.08313400640334179 4932 
434 458 14385 0.6852734986651238 4861 
435 458 14440 0.22746757638722556 4780 
436 461 14215 0.15669374226629346 4791 
437 462 13885 0.6619432872978451 4909 
438 464 13943 0.44121018589178956 4917 
439 465 13156 0.7065275537028317 4767 
440 466 14352 0.8307207835638777 4776 
441 467 13340 0.8954558183926216 4817 
442 469 13413 0.2290986773041689 4935 
443 469 12884 0.6725464568002888 4803 
444 470 13636 0.4499976369205383 4956 
445 470 13615 0.4859154549756478 4927 
446 470 13780 0.45144349133232486 4841 
447 471 12691 0.5474977714065149 4830 
448 473 13037 0.7739531568290287 4963 
449 474 13123 0.10618767963499844 4837 
450 475 14432 0.6730062106345953 4915 
451 476 13348 0.781368955213898 4942 
452 476 14204 0.6538497400952513 4814 
453 478 13889 0.8731848520164086 4934 
454 480 13781 0.7845563499707925 4861 
455 481 13608 0.6176435819015321 4864 
456 484 13365 0.6653401104413604 4941 
457 487 13967 0.6138481818012743 4964 
458 487 13026 0.23138305515900875 4886 
459 487 13620 0.7717641282431622 4767 
460 488 13599 0.5115630131266582 4916 
461 490 12810 0.27458744724057094 4780 
462 490 13979 0.2872899661595957 4865 
463 490 14470 0.2236296129503388 4827 
464 491 14291 0.38139943272239396 4913 
465 492 13441 0.45303393241927387 4879 
466 493 13671 0.6328191821955499 4838 
467 493 13346 0.7381144175922644 4911 
468 494 12672 0.6597479412468968 4903 
469 495 13559 0.2009539708068478 4919 
470 497 13324 0.16959318385392716 4948 
471 498 13209 0.6528557899678111 4787 
472 498 13618 0.25788642188263267 4823 
473 500 13425 0.37894310540015846 4892 
474 501 13712 0.5063278624469495 4848 
475 501 12870 0.13855172033068258 4917 
476 501 14424 0.8505437610060723 4909 
477 501 13589 0.6584281861416398 4913 
478 502 12838 0.26725361858216196 4956 
479 502 13457 0.7024380329107187 4946 
480 504 14335 0.2769412417460024 4905 
481 505 14351 0.1912991880889418 4902 
482 505 12621 0.4920166648472441 4899 
483 506 13927 0.1538941980415006 4825 
484 506 13055 0.4686923217971621 4948 
485 506 13368 0.2976680476657196 4908 
486 506 12886 0.7357551595454349 4769 
487 507 12596 0.14794435407477205 4888 
488 508 12900 0.2778930759013818 4884 
489 514 13701 0.032880078982247846 4868 
490 516 13046 0.2698702251410381 4827 
491 517 12650 0.5199431955713558 4945 
492 517 12562 0.1623821430126322 4962 
493 518 12784 0.2035204632831256 4963 
494 518 13806 0.7939197217213101 4791 
495 521 13326 0.3068534917053091 4810 
496 521 12878 0.23084934406214092 4821 
497 522 13301 0.6507011285059191 4878 
498 522 13606 0.36398048852356946 4839 
499 522 13328 0.24700927766410385 4821 
500 524 13050 0.31602284489395827 4869 
501 526 12693 0.7581159620746952 4820 
502 526 14256 0.4396302949123741 4808 
503 526 12979 0.8104312175338269 4960 
504 527 13982 0.5115618235437199 4852 
505 528 13609 0.2717143919008735 4905 
506 528 14447 0.4952392607837219 4865 
507 528 13472 0.17485935273875708 4910 
508 530 13183 0.13446069706482766 4895 
509 530 13280 0.6102702422423137 4931 
510 530 13772 0.7227415938115812 4940 
511 534 13467 0.20973425662960635 4819 
512 534 14136 0.6962028555072701 4937 
513 535 12618 0.26642225866689556 4961 
514 539 12993 0.5508336300815543 4938 
515 541 13604 0.22983870125835074 4792 
516 542 12656 0.08061807110692613 4908 
517 542 13086 0.6099895917442443 4868 
518 544 14266 0.2264568694198896 4893 
519 545 13595 0.8161408187162905 4917 
520 546 14410 0.16769149016533763 4788 
521 548 14440 0.8375262049042894 4926 
522 548 13966 0.6809126987788452 4817 
523 548 12910 0.17269520299588104 4937 
524 549 13379 0.8872892574035356 4906 
525 549 12917 0.8803748675692707 4860 
526 551 14417 0.7188415005387842 4897 
527 551 13028 0.051558474716401154 4876 
528 552 13832 0.4186464309423557 4920 
529 553 13218 0.7742907731464149 4809 
530 554 14088 0.028609051870535127 4842 
531 554 12908 0.6751998690178701 4855 
532 555 12750 0.16623925885750857 4912 
533 556 13698 0.11730040391909884 4770 
534 557 13883 0.13567917607050883 4952 
535 557 13944 0.2756230964751527 4909 
536 557 13312 0.4259068090083625 4843 
537 559 13395 0.612327650126469 4920 
538 560 14016 0.8169586071373793 4774 
539 560 14245 0.5320467085201529 4785 
540 560 14140 0.08163652905518952 4795 
541 560 12751 0.6555935702924124 4864 
542 561 13419 0.8393547072849236 4919 
543 561 12699 0.7349222245720077 4797 
544 563 13473 0.39464259276758595 4947 
545 563 13236 0.22152377414336996 4820 
546 564 13092 0.07324585562693062 4919 
547 564 14459 0.6679567179083596 4921 
548 565 12970 0.4505616288530162 4884 
549 565 13359 0.696127768553047 4798 
550 565 14422 0.4438205722126466 4841 
551 566 14360 0.3853013383619538 4796 
552 567 13198 0.8710259252476069 4914 
553 567 13084 0.678053582111392 4826 
554 569 13769 0.8973239138247924 4912 
555 569 13921 0.5772245463404915 4937 
556 570 13103 0.34936913201886516 4785 
557 571 13399 0.6344476909617286 4934 
558 571 13650 0.6032501546350486 4931 
559 575 14425 0.14305211663847234 4902 
560 577 13240 0.7323577642493792 4924 
561 580 12855 0.4105875327708373 4949 
562 580 13581 0.7102866274083772 4817 
563 582 14413 0.17054896056108984 4806 
564 584 14284 0.4639976188800584 4916 
565 586 14233 0.01883649886296907 4926 
566 586 13551 0.14442328716178437 4897 
567 588 13271 0.13958643469122206 4825 
568 588 13948 0.28120138969043146 4923 
569 590 13487 0.8710380823625395 4899 
570 590 13357 0.42805071659737526 4920 
571 591 12626 0.11246976015954314 4931 
572 591 13041 0.6332115580552893 4866 
573 591 13377 0.7848913348042044 4779 
574 592 14274 0.01722783081092663 4855 
575 593 14523 0.35240376789618466 4856 
576 593 13781 0.7245454741104519 4843 
577 594 14052 0.7800801579475872 4798 
578 595 14349 0.3299380394463217 4958 
579 598 14466 0.8226557866246654 4816 
580 599 14223 0.8784985924627469 4816 
581 599 12894 0.7824348607740851 4865 
582 600 13833 0.6107646500254487 4875 
583 600 13539 0.6127098759467525 4912 
584 601 14075 0.3580025038771371 4934 
585 602 14330 0.0562214413059198 4921 
586 603 12597 0.10159452203062794 4800 
587 603 14223 0.2027443731091764 4830 
588 604 12709 0.36253618018325584 4904 
589 605 13365 0.5733588031944482 4827 
590 606 14252 0.3760514162777384 4821 
591 609 13704 0.16803757989178156 4862 
592 609 14458 0.24734704935443236 4950 
593 610 14189 0.6808438948358995 4901 
594 610 13715 0.6787542079155766 4806 
595 610 12602 0.3856730852026293 4826 
596 611 13139 0.102367201857218 4841 
597 611 12629 0.07529794849128353 4947 
598 616 13034 0.6468033064573939 4791 
599 618 14245 0.1470388793590619 4869 
600 620 14445 0.6560837535621667 4799 
601 620 14025 0.2822291859593956 4856 
602 620 13932 0.7359541625795085 4827 
603 623 14121 0.410951697753497 4840 
604 624 14346 0.533199651357703 4888 
605 624 13440 0.6932797767542772 4823 
606 625 14083 0.4626453730781423 4825 
607 625 13245 0.10021649812149483 4949 
608 625 13293 0.23949599930655271 4965 
609 626 14091 0.11507337907317147 4911 
610 627 12644 0.23481489090373214 4769 
611 628 12982 0.12476701459411373 4881 
612 635 12581 0.8096228461943775 4909 
613 635 13975 0.7020932855119828 4833 
614 635 13010 0.6750544828495884 4945 
615 637 14430 0.6190631665741387 4772 
616 640 12579 0.3930243648394164 4838 
617 641 13730 0.7717439465069876 4837 
618 642 13828 0.3426657697937453 4835 
619 642 13712 0.6461567731330957 4877 
620 643 14370 0.4850650913418559 4838 
621 643 13439 0.65669861400631 4863 
622 644 14029 0.6561297616924024 4914 
623 646 13247 0.6754659332544428 4950 
624 646 14145 0.7260965982211037 4837 
625 647 13233 0.7488821282520232 4810 
626 648 14300 0.2923160254377081 4768 
627 648 12828 0.4674370074882738 4963 
628 648 12878 0.07890460916517156 4796 
629 648 12610 0.3994653235470044 4897 
630 648 13026 0.18033254885914202 4782 
631 649 13786 0.02982566826008707 4867 
632 650 13622 0.17169640353410714 4776 
633 653 13454 0.5917257852195102 4922 
634 653 13486 0.8605846110674877 4832 
635 655 12720 0.7108040293360672 4779 
636 656 13219 0.5242654935443157 4875 
637 657 13571 0.8221027209678852 4922 
638 657 13924 0.7181944206493402 4813 
639 657 14201 0.782545023559759 4899 
640 659 12814 0.11396609235122179 4772 
641 659 14223 0.6878634962110248 4769 
642 660 14399 0.03422761081006406 4877 
643 660 13304 0.3841694840547216 4950 
644 660 14499 0.6030580810856998 4832 
645 660 13062 0.6151802653002701 4851 
646 661 12719 0.6963199620827177 4931 
647 661 14084 0.6746443425783808 4952 
648 662 13303 0.3957548339599243 4784 
649 662 13034 0.49698790639717166 4778 
650 664 12900 0.3032329124639682 4765 
651 665 14449 0.5329825803093874 4771 
652 670 14487 0.45457099225270825 4822 
653 671 13376 0.7626097112499828 4840 
654 671 13698 0.742222984048634 4926 
655 671 14308 0.8609638832466938 4779 
656 671 14236 0.6637958097100134 4769 
657 674 14436 0.3771013925162149 4854 
658 674 12794 0.5841614557239003 4800 
659 675 12583 0.8888967814834743 4778 
660 679 13724 0.4967902111309201 4958 
661 679 12763 0.775977026208762 4818 
662 680 14154 0.8495616351656522 4888 
663 680 13799 0.5600050094005087 4814 
664 683 12855 0.8258063496717091 4944 
665 683 14209 0.014450713685948115 4911 
666 686 14217 0.24085648765725817 4841 
667 687 13336 0.12568214207009124 4949 
668 687 14428 0.6228373017096753 4797 
669 687 13526 0.23075480208289148 4810 
670 688 14370 0.500940598903228 4935 
671 690 13228 0.06746833239424528 4945 
672 690 14314 0.8106835402573167 4798 
673 691 13709 0.1882405774711488 4889 
674 693 13820 0.0173727224366632 4898 
675 695 14472 0.11142642340963442 4767 
676 698 13966 0.5254050107650499 4888 
677 698 13138 0.31039029283606306 4923 
678 698 14037 0.5963148268858383 4924 
679 700 13299 0.8727754749918153 4915 
680 702 13533 0.12215964787171002 4773 
681 703 13039 0.36585749613588925 4817 
682 703 13292 0.7771764562346545 4820 
683 704 14521 0.29838152722847217 4961 
684 705 14316 0.13599058010942228 4798 
685 705 13005 0.021958640406017728 4807 
686 705 13028 0.27899360444192256 4842 
687 709 14537 0.7299682217707057 4801 
688 710 12812 0.6278311443984227 4893 
689 710 12933 0.2859077983684739 4949 
690 712 12614 0.260549013943163 4906 
691 712 14185 0.12877362274570262 4955 
692 713 13582 0.6163654565732516 4927 
693 716 14506 0.8594672202848687 4947 
694 716 13864 0.4314674626790196 4911 
695 717 13795 0.6196905496706795 4879 
696 717 13120 0.2664409337669918 4830 
697 720 13414 0.6822599039682411 4843 
698 722 13612 0.7198909101550927 4827 
699 724 13822 0.30959322681027046 4827 
700 725 12676 0.4996851480557899 4781 
701 728 12954 0.18804243296268816 4897 
702 729 13229 0.19063783273210452 4876 
703 729 12971 0.1403519373959713 4926 
704 730 13370 0.8175981046143267 4845 
705 731 14333 0.6459455809015653 4884 
706 731 13046 0.8817397578252648 4922 
707 732 13885 0.765585806752466 4866 
708 733 14151 0.8254175521142003 4934 
709 733 14261 0.315870802406045 4904 
710 734 12752 0.05994688258739286 4951 
711 735 12744 0.08146615540201103 4869 
712 736 14467 0.6651379186772054 4883 
713 736 13295 0.49094702226312376 4924 
714 736 12597 0.3993770397372702 4785 
715 737 14516 0.10495971462593227 4855 
716 738 14386 0.39466152253567094 4929 
717 738 13500 0.22198352201699012 4951 
718 739 13927 0.1317536275164683 4872 
719 740 12645 0.07577787472351265 4905 
720 741 13688 0.41200043346672927 4950 
721 741 13936 0.6475184371663435 4941 
722 742 13604 0.23636813302621107 4820 
723 742 13251 0.6918471527283693 4846 
724 744 12669 0.8930468805599524 4964 
725 745 13011 0.8656092878950162 4842 
726 745 14367 0.0847821844157523 4891 
727 746 13903 0.6689792157627473 4809 
728 747 14169 0.13964200161074722 4951 
729 749 13296 0.46081163700810146 4951 
730 749 13553 0.46389853714653057 4825 
731 749 13021 0.15863966838432175 4786 
732 750 13085 0.8328049098835605 4791 
733 752 14178 0.7965110942982184 4904 
734 752 13330 0.8657640138497039 4963 
735 752 13330 0.34485395690693543 4812 
736 753 13072 0.22167274987089294 4853 
737 753 14166 0.44664733819422386 4839 
738 754 14188 0.12744200563809954 4773 
739 754 12699 0.8355811434736327 4930 
740 754 14134 0.798328943885785 4965 
741 756 13342 0.3816655594061677 4925 
742 757 12579 0.8880614378066869 4837 
743 758 13334 0.7372368482324076 4883 
744 759 13016 0.8989100731745716 4886 
745 760 13248 0.2262573571860913 4820 
746 760 13965 0.5263891151524961 4868 
747 761 12912 0.013403299559004479 4798 
748 761 13775 0.3657960523737121 4848 
749 762 14020 0.8347400237410368 4946 
750 762 13446 0.3093522201685855 4938 
751 762 13855 0.5487310300139432 4879 
752 763 13877 0.8242172706679389 4870 
753 765 14187 0.5044693523694354 4776 
754 765 13868 0.8181002109039935 4820 
755 766 12810 0.20529318184877998 4887 
756 766 13970 0.17114561547064377 4909 
757 767 14224 0.5694105608190659 4856 
758 767 14270 0.8215446849784809 4791 
759 768 12860 0.846447840324549 4775 
760 769 14188 0.5193839525452127 4931 
761 769 13476 0.8044958978018548 4835 
762 769 14327 0.6331069994542126 4940 
763 770 14125 0.4268251260547357 4818 
764 770 13378 0.5121058256551735 4870 
765 772 12660 0.18024090368400209 4951 
766 773 13316 0.28601994988445373 4835 
767 774 13483 0.2786778930212186 4812 
768 775 12924 0.23250116782105026 4892 
769 780 14510 0.16566451528108256 4803 
770 781 14220 0.5477065469754029 4874 
771 781 13287 0.17790639997161947 4876 
772 783 13303 0.6268714852326134 4851 
773 783 14005 0.13240563823867493 4889 
774 784 12705 0.8714360108291308 4945 
775 784 14305 0.7833003160186801 4765 
776 786 12747 0.4175564659394496 4857 
777 787 13515 0.3011717071267404 4766 
778 788 13447 0.19520915841959977 4915 
779 791 13452 0.4165916185458 4827 
780 793 14168 0.2774851675951837 4898 
781 794 14297 0.7691431444623303 4781 
782 794 13937 0.3862224883845774 4898 
783 795 14180 0.6859194770033314 4950 
784 795 12616 0.5343368822794496 4765 
785 795 13213 0.32850032759244385 4879 
786 796 13744 0.10458522965088926 4942 
787 797 13777 0.03356364574948392 4891 
788 797 13773 0.4262402504284196 4922 
789 798 12842 0.47671525329174763 4897 
790 801 12659 0.3726129643554053 4852 
791 802 12565 0.12682852836114375 4799 
792 802 13085 0.33072985327090554 4809 
793 803 13132 0.12949170958352343 4961 
794 803 13094 0.27483230897217176 4837 
795 803 13731 0.2950075307609295 4891 
796 803 14254 0.33939606871544636 4900 
797 804 12861 0.7809744971160059 4771 
798 804 14513 0.14112587388322667 4795 
799 805 12895 0.715079002522934 4873 
800 807 13419 0.3284308318662458 4878 
801 809 13403 0.8111435212799655 4769 
802 809 13597 0.19937401251594786 4882 
803 810 13437 0.5957082067413572 4958 
804 811 13827 0.3989642697178788 4953 
805 812 12779 0.8926043595929662 4929 
806 812 14391 0.7603830687442565 4815 
807 812 13116 0.6087370442334106 4804 
808 812 13299 0.5344867183047542 4862 
809 815 13987 0.014027942265040151 4896 
810 816 14041 0.5450595817233179 4809 
811 816 13226 0.859893527028183 4858 
812 817 13496 0.2602905362112925 4951 
813 819 13968 0.263650147886081 4782 
814 819 12757 0.5365556682106917 4782 
815 820 13555 0.3315269561787357 4837 
816 821 14453 0.029669256639910498 4901 
817 824 13259 0.7686287308449762 4874 
818 825 14508 0.11571692890162671 4894 
819 826 14273 0.8170250318383065 4930 
820 827 12779 0.8872683991907626 4841 
821 828 13538 0.5391447321259903 4837 
822 828 14514 0.859990606087683 4895 
823 829 13144 0.623600796397628 4951 
824 830 14351 0.512321187835383 4793 
825 832 13954 0.646622690406366 4826 
826 836 12865 0.12154323905381949 4802 
827 837 13596 0.644703652508516 4781 
828 838 12705 0.188326128924787 4848 
829 839 13762 0.11688901967771408 4844 
830 843 12563 0.579560340011494 4783 
831 847 13867 0.49386376217802036 4940 
832 848 12618 0.14501197476281352 4775 
833 848 14470 0.05585510381006057 4924 
834 850 12737 0.083296849545962 4799 
835 850 13586 0.6177893850579773 4927 
836 853 12904 0.8958604433939588 4884 
837 853 12810 0.40092498220288886 4866 
838 856 13600 0.7313632731392821 4909 
839 857 13291 0.5199326737128251 4954 
840 857 14187 0.23436011311897326 4907 
841 857 13587 0.39778839157213763 4865 
842 858 13830 0.8879288530866818 4852 
843 861 13962 0.045890855429007386 4843 
844 861 12854 0.5597585915214821 4829 
845 863 13599 0.7521418860550626 4869 
846 865 13142 0.7972943047810906 4933 
847 866 12674 0.37357398792437874 4857 
848 867 14208 0.8783568330987895 4953 
849 867 14133 0.6771269139921074 4895 
850 867 13989 0.06445037329582337 4958 
851 867 14022 0.8793226288166025 4892 
852 868 14006 0.7089178489920533 4856 
853 873 13285 0.54884023228695 4959 
854 873 12649 0.6948164481802802 4929 
855 874 13720 0.8207380159639809 4906 
856 876 14150 0.5552681557328776 4942 
857 876 14126 0.5501563570045818 4866 
858 876 12978 0.6019088964041149 4867 
859 877 12723 0.5228629209657759 4797 
860 877 13608 0.139600970429699 4918 
861 879 14156 0.49087266781385286 4935 
862 879 14289 0.8517334327217524 4806 
863 881 14014 0.7397277455262774 4855 
864 882 12678 0.3177197480572721 4819 
865 883 13778 0.053156175534030896 4921 
866 886 12940 0.7735284336747112 4825 
867 888 14269 0.7769452523033441 4844 
868 888 12643 0.2782023005286453 4809 
869 891 14328 0.7599998888324729 4857 
870 891 14221 0.8231926176025723 4803 
871 894 13105 0.04795038867364244 4883 
872 896 13285 0.1573687245260923 4838 
873 897 12729 0.8335439865923114 4889 
874 897 13761 0.858089137079547 4873 
875 898 13269 0.7578179006374773 4849 
876 899 13770 0.19249853062602998 4805 
877 899 13563 0.7500899274290539 4894 
878 899 13205 0.7754361193590773 4897 
879 900 12954 0.6240758325490926 4789 
880 900 12749 0.6560618885156956 4803 
881 901 13092 0.8903964068634378 4942 
882 902 14518 0.7861057445303584 4770 
883 907 12740 0.22218840955647798 4937 
884 908 14095 0.6792251560399437 4807 
885 908 13426 0.4521920826882964 4779 
886 912 14223 0.32787718361718704 4950 
887 912 14436 0.2868970440592542 4853 
888 914 13799 0.02079820704644305 4817 
889 914 13791 0.22885934702782101 4942 
890 917 12792 0.7006211272669304 4776 
891 918 12937 0.3352905409628488 4917 
892 919 13445 0.358976761059736 4959 
893 920 14043 0.6307467293022021 4934 
894 921 13293 0.299418748104074 4815 
895 921 14240 0.2490769736016389 4854 
896 923 13625 0.11364089314920468 4933 
897 924 13315 0.2803445214243043 4769 
898 924 14421 0.12361739693577248 4939 
899 926 13598 0.3009383236786489 4908 
900 926 13125 0.5963015905068465 4930 
901 927 14117 0.30999556303604253 4911 
902 929 12853 0.6599821121635862 4901 
903 930 13683 0.6210016915510799 4842 
904 931 13300 0.1160716381063399 4876 
905 932 13089 0.21952896180774284 4922 
906 933 13365 0.26194807837492295 4925 
907 934 12829 0.7619611142151008 4780 
908 934 12893 0.5684043464095077 4767 
909 934 14278 0.4165703721335219 4816 
910 934 13572 0.6264058330194194 4872 
911 935 13311 0.18157006281936428 4949 
912 936 13272 0.3630621344321609 4917 
913 937 13187 0.5615665587312179 4880 
914 938 13815 0.3453845891047176 4826 
915 938 12969 0.07843802684374714 4894 
916 938 13038 0.7613766827644525 4803 
917 938 14244 0.02838650364003962 4869 
918 941 14409 0.8039442748329301 4840 
919 942 13674 0.14449814801886748 4828 
920 943 13866 0.08163018952657884 4785 
921 943 13513 0.4638839589991727 4930 
922 943 13400 0.8606544143257064 4920 
923 944 13675 0.7990963926737694 4783 
924 945 13539 0.06799733891481785 4923 
925 945 13073 0.731560671951628 4789 
926 947 13376 0.2446162829850771 4888 
927 949 13156 0.6851832993501163 4890 
928 949 12599 0.17110515179017283 4807 
929 950 14321 0.11125092551727667 4836 
930 950 14135 0.04771720453802242 4824 
931 950 14164 0.18527823598710888 4834 
932 951 13137 0.8377219462819494 4932 
933 951 13439 0.19126306164416557 4862 
934 953 12848 0.22561492043395412 4787 
935 953 13682 0.3368310757708482 4828 
936 954 14409 0.8419693602795997 4943 
937 955 13413 0.011908789633752874 4837 
938 957 14163 0.7936535661186125 4868 
939 957 12859 0.3384411612940236 4918 
940 958 13633 0.5300829954517365 4772 
941 960 13102 0.52071524524256 4866 
942 963 13262 0.8524581183519767 4959 
943 964 14128 0.5451023992741165 4841 
944 964 13004 0.7133335662516117 4867 
945 965 13432 0.5405641340563733 4888 
946 966 14447 0.7747802749066095 4796 
947 967 13041 0.3350141894881322 4857 
948 968 12881 0.19129581448819133 4807 
949 968 13082 0.7994072768877529 4782 
950 969 13064 0.4375473148977821 4919 
951 970 13366 0.44070919086440696 4931 
952 972 12787 0.8413213970152593 4903 
953 974 12737 0.7946930319968922 4862 
954 976 12755 0.04083287286041948 4849 
955 978 12851 0.8490397976034416 4862 
956 980 12757 0.6966543449429615 4848 
957 981 13542 0.06957804865453274 4932 
958 982 14128 0.04263513914969716 4894 
959 982 14476 0.14967018962603082 4861 
960 983 14068 0.2536590832349415 4933 
961 983 12941 0.5445693745627971 4852 
962 987 13513 0.2786951904144676 4851 
963 990 13360 0.12577411977949568 4838 
964 992 12892 0.6597162496331345 4909 
965 992 13341 0.8941169918324904 4882 
966 992 13471 0.09714501909575907 4833 
967 996 13739 0.4439278558776989 4899 
968 996 14036 0.3360838589367706 4928 
969 997 12828 0.8366407663276108 4784 
970 998 13930 0.349636048354673 4810 
971 999 14104 0.7187647920511442 4813 
972 999 13082 0.7464174392679505 4793 
973 1000 14179 0.19458680437738074 4780 
974 1002 12664 0.47392805115239695 4885 
975 1003 13694 0.2708832550599348 4863 
976 1003 12814 0.5892643599512989 4811 
977 1004 13656 0.28528926975393415 4940 
978 1005 13750 0.7288150482918437 4915 
979 1005 12986 0.21925890631576167 4810 
980 1006 13775 0.5550696486577043 4786 
981 1007 13565 0.45981647282209687 4793 
982 1007 12806 0.6784381964760314 4849 
983 1009 13433 0.6420978814668238 4940 
984 1009 13707 0.19397857680463218 4829 
985 1011 12944 0.2384638942199623 4959 
986 1016 14034 0.6908147057782772 4878 
987 1016 14323 0.258211052340935 4866 
988 1016 13535 0.3295860555287783 4870 
989 1019 13983 0.0835199707979349 4803 
990 1019 13825 0.7567487681668119 4934 
991 1019 12714 0.1323441669246822 4905 
992 1021 13358 0.14760151679659878 4950 
993 1022 13099 0.31480850333054444 4884 
994 1023 12685 0.7845300150980368 4793 
995 1023 13256 0.8470075565841246 4801 
996 1024 12653 0.7779228170946945 4942 
997 1024 13847 0.28483996788216237 4912 
998 1024 14150 0.423857700513037 4871 
999 1024 13350 0.8190884339535885 4769 
1000 1025 12948 0.10022331679729822 4944 
1001 1026 14403 0.306465662349884 4892 
1002 1028 13472 0.06288794180634975 4769 
1003 1028 14428 0.5318482605091522 4934 
1004 1029 14475 0.6096967671169558 4773 
1005 1031 14436 0.2533336726053058 4849 
1006 1031 13928 0.7767854601103019 4951 
1007 1032 13975 0.17119293602068647 4834 
1008 1032 12631 0.03431695390868586 4893 
1009 1033 13128 0.4122508900662465 4899 
1010 1033 14153 0.11939636426496966 4882 
1011 1034 14003 0.19030498128258658 4858 
1012 1036 13251 0.63424220687076 4865 
1013 1037 12840 0.8748603150035112 4904 
1014 1039 14035 0.4392958532929165 4914 
1015 1041 12599 0.1551457359942873 4815 
1016 1042 14035 0.15792652391378612 4800 
1017 1043 12718 0.5996549599985477 4953 
1018 1044 12666 0.8723776239424688 4852 
1019 1045 12709 0.6973144779716649 4862 
1020 1045 13596 0.6169910993762989 4793 
1021 1046 12812 0.7976507618461751 4794 
1022 1046 14450 0.650140068784805 4796 
1023 1046 13951 0.37268153208008375 4932 
1024 1048 13491 0.6602357177097646 4887 
1025 1049 12599 0.6468486614384419 4944 
1026 1049 13289 0.866039311486271 4785 
1027 1051 13968 0.6952255288258584 4838 
1028 1053 12598 0.13512599277493068 4849 
1029 1053 13610 0.5096304018293014 4888 
1030 1054 13631 0.3120629402912799 4788 
1031 1055 12801 0.4785899158169507 4896 
1032 1055 12925 0.5117820370134849 4812 
1033 1056 13615 0.38608567117289383 4934 
1034 1060 13604 0.6581043930690371 4910 
1035 1060 13903 0.41126952664050465 4847 
1036 1061 13447 0.8196246354260079 4953 
1037 1062 13630 0.3291884748861917 4911 
1038 1064 13029 0.7361653145541351 4811 
1039 1065 12833 0.5951735107064686 4900 
1040 1066 14472 0.19169617984696463 4784 
1041 1067 14141 0.26615979093754083 4918 
1042 1067 13661 0.8399294887460454 4821 
1043 1067 13689 0.49586341632134867 4942 
1044 1067 13369 0.8277021651357843 4881 
1045 1068 14289 0.6484316561466059 4819 
1046 1069 14060 0.8253353226590389 4903 
1047 1072 12621 0.586102721190776 4876 
1048 1075 13991 0.12198738794151981 4880 
1049 1075 13551 0.8566160410423226 4847 
1050 1080 12930 0.10556146181070737 4948 
1051 1081 14436 0.5165591424516357 4812 
1052 1082 13068 0.2223708152799316 4930 
1053 1083 14102 0.06232509452691726 4835 
1054 1085 12828 0.13501446915392545 4948 
1055 1090 13191 0.5241424804215776 4869 
1056 1090 13430 0.24501750913601295 4839 
1057 1091 13761 0.2074486778319166 4931 
1058 1093 14300 0.18994721135230325 4871 
1059 1093 13897 0.853111008508953 4770 
1060 1094 13153 0.7813048760451943 4900 
1061 1094 12887 0.13572403984133957 4918 
1062 1095 14296 0.12007072185907093 4911 
1063 1095 12962 0.14468238443441914 4865 
1064 1098 13137 0.7260594382444585 4892 
1065 1099 13164 0.518243864723027 4884 
1066 1100 12840 0.6213893464978176 4816 
1067 1100 14107 0.6028172385740191 4924 
1068 1106 12890 0.16802650588870854 4803 
1069 1106 14155 0.5939351139013325 4939 
1070 1107 14380 0.16469030680147892 4898 
1071 1107 12844 0.4966272558931159 4778 
1072 1110 13340 0.42255566653192117 4821 
1073 1111 13400 0.5565774317144613 4943 
1074 1113 12769 0.5691205588641659 4883 
1075 1114 13155 0.03609802073937972 4858 
1076 1115 13152 0.6617025120340838 4937 
1077 1115 14026 0.7280195727028325 4926 
1078 1116 14369 0.3317642793980341 4914 
1079 1118 14403 0.3209544162711493 4819 
1080 1118 13134 0.6981614804099232 4780 
1081 1119 14316 0.3589771169141582 4956 
1082 1119 13218 0.7946441846537263 4828 
1083 1120 12617 0.42763195649228364 4903 
1084 1121 14097 0.5759874677151109 4799 
1085 1122 13636 0.2619603659491101 4907 
1086 1122 13127 0.20437104301856743 4943 
1087 1123 13661 0.11234979833140649 4816 
1088 1123 14286 0.4424734833272647 4879 
1089 1123 14106 0.3841164746741918 4801 
1090 1124 12823 0.11397116081736032 4944 
1091 1125 13097 0.689954593667955 4826 
1092 1125 12755 0.3598403032101419 4832 
1093 1126 14419 0.7163240790701402 4928 
1094 1127 13132 0.4156177575160405 4920 
1095 1129 13604 0.8269025383663264 4945 
1096 1129 12736 0.7729987171479752 4831 
1097 1129 13183 0.10766070058544501 4927 
1098 1129 13801 0.8432364338013154 4862 
1099 1130 13735 0.7757827952260676 4769 
1100 1131 13385 0.022007788525243495 4921 
1101 1131 14196 0.643645744389047 4857 
1102 1132 12791 0.11044299092356219 4799 
1103 1132 14299 0.652754582180098 4838 
1104 1133 14012 0.5848875782367249 4952 
1105 1134 13082 0.32330305761980943 4883 
1106 1136 13886 0.03273445573854393 4961 
1107 1136 13937 0.4644522518895477 4964 
1108 1140 13476 0.6912484138051059 4955 
1109 1141 12612 0.5635609375235696 4864 
1110 1142 14305 0.25614228845456355 4889 
1111 1144 12560 0.22749550754812062 4842 
1112 1145 13427 0.6569746116090459 4827 
1113 1146 13074 0.585513055132741 4855 
1114 1147 13351 0.580393973383457 4801 
1115 1147 13041 0.4027013292791945 4931 
1116 1147 12790 0.5477740596679145 4850 
1117 1148 14505 0.551354881434142 4943 
1118 1148 13199 0.1977726733256049 4779 
1119 1149 12976 0.38920866513035535 4790 
1120 1150 13273 0.6388565246544926 4930 
1121 1151 13328 0.7857902254276025 4794 
1122 1153 12791 0.5554996332451396 4792 
1123 1153 13841 0.8310862032365061 4805 
1124 1159 13881 0.50692374187567 4896 
1125 1159 13355 0.5931082334962262 4802 
1126 1159 13614 0.6750122669054164 4817 
1127 1160 14200 0.27312335365114565 4822 
1128 1160 13465 0.4504902618827449 4783 
1129 1161 14320 0.48160979246670405 4811 
1130 1163 13132 0.6223984634358655 4797 
1131 1163 13231 0.4860975936914224 4818 
1132 1165 14162 0.1700349978717728 4958 
1133 1167 12860 0.3663998430308997 4876 
1134 1167 13097 0.07329161888209836 4859 
1135 1168 14009 0.6656371576083852 4933 
1136 1169 12735 0.5753355751765737 4957 
1137 1170 12963 0.08984705568993653 4954 
1138 1170 14264 0.28119876384988 4878 
1139 1171 13112 0.6784752836327202 4792 
1140 1173 13472 0.6653705537517114 4827 
1141 1174 14287 0.3766893155447613 4945 
1142 1175 14534 0.6008033827547752 4963 
1143 1175 13885 0.2354706811066447 4765 
1144 1176 13470 0.18961212302467734 4842 
1145 1176 12619 0.3620509365819439 4812 
1146 1176 14462 0.36015441920390123 4834 
1147 1178 13511 0.21783059770972776 4852 
1148 1178 12676 0.5269611890160747 4890 
1149 1179 14265 0.2879027481705071 4855 
1150 1179 14136 0.6122419870642093 4788 
1151 1179 13286 0.31055845188651326 4813 
1152 1179 13245 0.48315398547670424 4868 
1153 1181 13619 0.6270775925482686 4835 
1154 1181 12884 0.40354237643543495 4940 
1155 1181 13352 0.8938562477882113 4897 
1156 1183 12790 0.8893458716186635 4922 
1157 1184 14168 0.42065774810134066 4860 
1158 1185 14178 0.5878724630416521 4910 
1159 1186 13360 0.8637088940687485 4885 
1160 1186 13323 0.16866197546120357 4899 
1161 1187 12830 0.02783768917662007 4879 
1162 1187 14473 0.767644391305024 4771 
1163 1188 12689 0.4884157355334646 4937 
1164 1188 13689 0.1351054417924593 4832 
1165 1189 13089 0.17968042243894045 4920 
1166 1189 13136 0.165402516420464 4887 
1167 1193 12701 0.284982725968591 4810 
1168 1194 13179 0.6309245786463881 4943 
1169 1195 13241 0.051990772120327405 4815 
1170 1195 13703 0.20445909194383452 4771 
1171 1197 13693 0.28571446267149986 4799 
1172 1200 13972 0.7648938186098557 4957 
1173 1202 14039 0.6970405380180315 4882 
1174 1202 13661 0.4109391071889687 4870 
1175 1203 12955 0.137329337282086 4824 
1176 1204 12807 0.13102033590675352 4871 
1177 1206 14454 0.022482737955029995 4833 
1178 1207 13504 0.15470265835775276 4886 
1179 1207 13338 0.3062057978886527 4845 
1180 1207 13107 0.5731521584866859 4765 
1181 1208 13474 0.6999745803278307 4865 
1182 1208 14166 0.27234199339624615 4872 
1183 1209 13559 0.4035454758204887 4863 
1184 1210 12670 0.582692431008213 4930 
1185 1210 13068 0.5222430341026704 4830 
1186 1211 13811 0.6400512035445141 4906 
1187 1211 14222 0.3335663199101205 4909 
1188 1212 13954 0.073711404553564 4829 
1189 1213 14294 0.40970146440927696 4859 
1190 1213 14197 0.6561550735972661 4784 
1191 1214 14110 0.47023508907652056 4846 
1192 1218 14284 0.2766099786642571 4835 
1193 1219 13398 0.5235740094952216 4823 
1194 1220 14028 0.8138410040798806 4903 
1195 1224 12784 0.6390579232494997 4809 
1196 1224 14279 0.4850765942188808 4884 
1197 1225 13617 0.22391762226699186 4815 
1198 1225 13820 0.03778759548701603 4821 
1199 1225 13083 0.38049405458514457 4832 
1200 1226 13058 0.06423115170556941 4816 
1201 1227 13601 0.666185658124687 4865 
1202 1227 13359 0.1693034469965944 4782 
1203 1229 13508 0.8969349868177628 4940 
1204 1231 13491 0.6432432282459289 4834 
1205 1231 13725 0.02626466724178792 4793 
1206 1232 13567 0.8984326606609991 4847 
1207 1233 13685 0.5310144143670544 4924 
1208 1233 13910 0.5331105824175879 4929 
1209 1233 13909 0.5395142196300672 4922 
1210 1234 13692 0.4665773417729741 4888 
1211 1235 12667 0.6294154370743568 4913 
1212 1236 12984 0.5029766108585932 4937 
1213 1238 13706 0.7014943415179569 4830 
1214 1240 13589 0.634577858263235 4954 
1215 1242 13632 0.027184177939293806 4799 
1216 1243 13962 0.8858610326219407 4891 
1217 1243 12687 0.04394596240318423 4860 
1218 1244 14446 0.8663401383107842 4769 
1219 1245 12867 0.010351084979370153 4805 
1220 1247 13411 0.22395116358164902 4899 
1221 1250 14212 0.5520205960202352 4787 
1222 1251 12836 0.23565399837900014 4836 
1223 1251 14031 0.7275057322406947 4909 
1224 1253 13861 0.7327701983572339 4860 
1225 1253 13306 0.10715508645467109 4792 
1226 1255 13000 0.34815444963549125 4841 
1227 1255 14420 0.46025479912256906 4924 
1228 1255 12681 0.1345859489975713 4867 
1229 1256 14180 0.415149155055467 4929 
1230 1256 12778 0.6984690580463148 4965 
1231 1260 14413 0.2945847623745468 4934 
1232 1260 14153 0.3837377359524931 4850 
1233 1261 13877 0.819613555985578 4938 
1234 1261 13860 0.25447133311024606 4960 
1235 1261 14526 0.5480058219986064 4947 
1236 1262 12694 0.5076685795914337 4863 
1237 1262 14308 0.6425657093443441 4910 
1238 1263 13464 0.6445857868308178 4938 
1239 1264 13872 0.7682637135192991 4810 
1240 1265 13685 0.8471879112246679 4940 
1241 1268 13717 0.6200193861483462 4824 
1242 1269 13652 0.621759682432871 4806 
1243 1271 14056 0.696100601587945 4856 
1244 1272 14538 0.29338966731415195 4898 
1245 1273 13916 0.7802414707444368 4800 
1246 1273 14491 0.7131728679147553 4876 
1247 1274 13880 0.7923328769110453 4924 
1248 1274 13052 0.6075910117474311 4821 
1249 1276 14150 0.34690791281394007 4766 
1250 1277 14313 0.8833869459334235 4886 
1251 1277 13649 0.20415657907475654 4959 
1252 1278 12987 0.6320022509404455 4829 
1253 1279 13481 0.16919585083099298 4820 
1254 1280 14166 0.2837163323377332 4860 
1255 1281 13625 0.513756161337461 4803 
1256 1282 12693 0.28092991892146646 4890 
1257 1284 14475 0.01475036741553136 4887 
1258 1284 13483 0.3835177039071915 4917 
1259 1286 12968 0.37401410591877843 4802 
1260 1286 14423 0.825615417772953 4765 
1261 1287 13452 0.5537503412620062 4958 
1262 1289 14344 0.24069447377601697 4890 
1263 1289 13061 0.25185251101166833 4813 
1264 1289 13928 0.7942761002921458 4857 
1265 1289 12921 0.7729185884024762 4924 
1266 1290 13957 0.065159222970742 4784 
1267 1290 13160 0.14889395245757253 4960 
1268 1291 13337 0.37716225421696453 4912 
1269 1291 14325 0.19623814290086883 4777 
1270 1294 14067 0.7728918842850049 4807 
1271 1295 13611 0.6996019471386419 4801 
1272 1295 12676 0.2026963184824979 4930 
1273 1296 14507 0.6593819596350686 4778 
1274 1296 14349 0.3371085117535775 4832 
1275 1299 14446 0.2793413474254913 4765 
1276 1300 13400 0.36779661927774865 4774 
1277 1300 12694 0.32332155519316075 4802 
1278 1300 12762 0.8656989386736401 4844 
1279 1301 12656 0.3517861146582567 4910 
1280 1301 13444 0.8577654061290537 4798 
1281 1303 12738 0.665324037026861 4960 
1282 1303 14103 0.18065958044826236 4824 
1283 1303 14306 0.13695834798289128 4892 
1284 1305 12656 0.6675517345350408 4902 
1285 1305 13838 0.36291413597114425 4885 
1286 1307 13894 0.8107977115567999 4848 
1287 1309 13073 0.7735280788352219 4849 
1288 1309 12603 0.7997264230926712 4919 
1289 1312 14317 0.35331068072819727 4848 
1290 1314 13068 0.4122048374726592 4921 
1291 1315 14416 0.7295052143248467 4833 
1292 1315 13757 0.14931830624523879 4839 
1293 1315 12677 0.5831579841038214 4939 
1294 1316 13528 0.5200072059797753 4896 
1295 1317 12660 0.7785032900201082 4896 
1296 1318 13522 0.7231596820924475 4955 
1297 1321 12565 0.5212619395952885 4826 
1298 1321 14097 0.6406630030155565 4921 
1299 1322 14410 0.3389383715162591 4830 
1300 1324 13130 0.31065738069926074 4797 
1301 1325 13910 0.8698395281357911 4882 
1302 1326 13500 0.019388069043117094 4796 
1303 1328 13510 0.5127837765692262 4866 
1304 1329 13222 0.3628763337414487 4834 
1305 1329 13137 0.5548464993068228 4867 
1306 1331 14263 0.10267163939788408 4964 
1307 1334 13153 0.32131881170876997 4944 
1308 1335 13779 0.4016192110648976 4916 
1309 1336 12832 0.326829878201822 4781 
1310 1337 12787 0.7065630896780594 4941 
1311 1337 13105 0.4522373285751556 4889 
1312 1338 13456 0.3044259163016943 4798 
1313 1338 13723 0.847833781751488 4859 
1314 1339 12786 0.6429658304268601 4962 
1315 1339 12899 0.19070583560801088 4823 
1316 1339 14516 0.3342130389561622 4831 
1317 1341 14230 0.0567964356380354 4917 
1318 1342 14480 0.7335436295774408 4965 
1319 1342 12690 0.048774820938779835 4964 
1320 1343 13847 0.11934878615853431 4850 
1321 1344 14525 0.1451609944816321 4829 
1322 1344 14186 0.3156346758786318 4930 
1323 1345 13636 0.36365354691800844 4811 
1324 1346 13177 0.8506471358993873 4814 
1325 1347 12916 0.47301742835964644 4831 
1326 1347 12801 0.16461188611404529 4965 
1327 1347 13097 0.31779921264581207 4857 
1328 1348 13542 0.2501425796017922 4965 
1329 1348 13464 0.11015707568059835 4775 
1330 1350 14007 0.5189733154817124 4905 
1331 1352 13940 0.607293983312269 4930 
1332 1353 12840 0.3512541673111369 4775 
1333 1356 13201 0.3941419697750424 4919 
1334 1357 12707 0.29892367659705027 4922 
1335 1357 12831 0.8927023369108047 4890 
1336 1358 12559 0.708884528264098 4901 
1337 1359 12651 0.4425292567805427 4799 
1338 1360 13962 0.5147128799643681 4877 
1339 1360 14369 0.08953029403662897 4820 
1340 1361 13266 0.8783732554575412 4876 
1341 1364 12562 0.049880914754426714 4813 
1342 1366 12597 0.3126166130820532 4890 
1343 1366 14458 0.31340253115160555 4853 
1344 1367 13816 0.12954323309589252 4804 
1345 1367 12865 0.5300771674368405 4782 
1346 1369 14545 0.314697342277563 4833 
1347 1370 14313 0.8807485962081955 4863 
1348 1370 13601 0.3960792836376754 4882 
1349 1371 13222 0.05572572182326502 4797 
1350 1371 14146 0.5221348726782655 4859 
1351 1373 13851 0.7371758520736581 4911 
1352 1374 12868 0.5505415787754667 4945 
1353 1377 14169 0.529285037914752 4848 
1354 1377 13304 0.17187031172737036 4808 
1355 1378 13277 0.8308023300355225 4954 
1356 1378 13918 0.07817229549956298 4865 
1357 1380 13893 0.2297241174578402 4910 
1358 1386 12691 0.38842861043767546 4876 
1359 1386 14394 0.6014531598647065 4853 
1360 1389 12553 0.8068614676811539 4897 
1361 1389 12942 0.5615979794796084 4774 
1362 1390 13691 0.18515509662809426 4800 
1363 1391 12933 0.5686427688243119 4773 
1364 1392 14445 0.15553428382281678 4879 
1365 1392 14350 0.476172816040695 4884 
1366 1393 14243 0.7122606146191189 4792 
1367 1394 14147 0.39849939243069255 4902 
1368 1394 14413 0.6084504941057558 4865 
1369 1395 12999 0.6095159120987884 4958 
1370 1396 14249 0.5721319449150605 4902 
1371 1396 13261 0.1155143728632658 4785 
1372 1397 12624 0.7344923413545383 4919 
1373 1398 14151 0.44130246754741864 4877 
1374 1401 12554 0.6791920119004402 4831 
1375 1402 13193 0.44671304541175405 4818 
1376 1402 13319 0.35192840665633623 4848 
1377 1404 13644 0.31356634946247397 4859 
1378 1404 13835 0.4898004724837342 4883 
1379 1404 14486 0.13557456872600765 4786 
1380 1405 13074 0.33203896341055134 4831 
1381 1406 13890 0.7392203763699714 4862 
1382 1406 14322 0.8267026860256378 4823 
1383 1407 14364 0.17444786076597524 4882 
1384 1407 13133 0.6840649087010781 4853 
1385 1409 13497 0.5859053778730663 4922 
1386 1411 13318 0.11401845992942218 4786 
1387 1411 14454 0.09572169108745676 4846 
1388 1411 12834 0.25256647802307314 4882 
1389 1412 13410 0.6922724823529446 4765 
1390 1412 12658 0.661636348567097 4801 
1391 1413 14361 0.5429771376672793 4920 
1392 1414 13317 0.6485910726802989 4924 
1393 1414 14024 0.4041950699938873 4898 
1394 1414 13183 0.5355995214606392 4925 
1395 1415 14162 0.23151817851614992 4849 
1396 1417 13231 0.8902404006507543 4934 
1397 1417 14434 0.19849087814330507 4961 
1398 1418 13439 0.6439175304892997 4936 
1399 1418 13294 0.012431113037616525 4897 
1400 1418 14158 0.570083308857426 4782 
1401 1419 14450 0.18951390046028022 4768 
1402 1419 14423 0.5370737327426394 4765 
1403 1420 13022 0.3759792289516364 4959 
1404 1421 13773 0.17528097688118174 4796 
1405 1422 13864 0.5662146767454224 4829 
1406 1422 13703 0.050254785872672965 4819 
1407 1423 13926 0.2205529222909259 4893 
1408 1423 13529 0.3137040362945338 4914 
1409 1424 14094 0.8397767589952289 4828 
1410 1424 12798 0.7208242239087834 4804 
1411 1426 13133 0.48824711410311883 4940 
1412 1426 14455 0.5405341499929012 4786 
1413 1428 13487 0.18696156130148758 4788 
1414 1429 14180 0.1760453406723446 4918 
1415 1429 12864 0.5287240681920345 4953 
1416 1432 14436 0.130738068780554 4865 
1417 1433 13095 0.5022357231377611 4795 
1418 1434 13655 0.2957648361517725 4862 
1419 1435 13403 0.26384757244803725 4829 
1420 1435 14325 0.20309027726934298 4912 
1421 1436 14014 0.7225579823589138 4883 
1422 1437 13402 0.3353545742037626 4880 
1423 1438 13522 0.4942483735606958 4926 
1424 1438 13503 0.4423937249370444 4766 
1425 1440 13410 0.13698578628118777 4839 
1426 1441 13074 0.5691531800238283 4817 
1427 1442 12805 0.8544846970325038 4795 
1428 1444 12585 0.31705223883627887 4809 
1429 1445 13362 0.192401653020325 4834 
1430 1445 13094 0.8001627414411054 4893 
1431 1448 14324 0.32843654239984776 4842 
1432 1448 13762 0.4907423070523287 4916 
1433 1450 13456 0.8240012584306232 4935 
1434 1450 14310 0.08557555736251085 4873 
1435 1451 13767 0.6783505695832305 4786 
1436 1451 13105 0.3281732755540918 4802 
1437 1452 13750 0.5077195857230232 4872 
1438 1452 13186 0.07479387560054336 4850 
1439 1453 13214 0.24976800647960073 4965 
1440 1456 14002 0.8414707130486908 4948 
1441 1457 14046 0.575114270386479 4840 
1442 1462 14276 0.8383453901271495 4802 
1443 1463 13854 0.6601979474427577 4924 
1444 1464 13087 0.44964502396726846 4934 
1445 1464 14464 0.36075839258945125 4846 
1446 1464 13614 0.2357831996839787 4868 
1447 1464 12711 0.18450105384401547 4820 
1448 1467 13296 0.10022433362327471 4942 
1449 1467 13723 0.2253781060698558 4773 
1450 1471 12826 0.4414541861116936 4812 
1451 1471 13910 0.05460432618603454 4793 
1452 1475 14445 0.6150270627173183 4795 
1453 1477 13140 0.12025510094857804 4945 
1454 1477 13405 0.8925599264534049 4915 
1455 1478 12840 0.46074160615916115 4817 
1456 1480 12816 0.1561534774546686 4872 
1457 1482 13320 0.5835292050153975 4945 
1458 1484 13102 0.15012828670761214 4895 
1459 1486 14459 0.8628724315094138 4942 
1460 1486 14091 0.6303945140807411 4911 
1461 1487 13495 0.24012478537854004 4814 
1462 1488 13885 0.11927256272315491 4795 
1463 1489 14451 0.6753865160808978 4917 
1464 1490 13223 0.47811161387073564 4941 
1465 1491 13159 0.48083254394377406 4808 
1466 1498 13917 0.47007493940843315 4776 
1467 1499 14458 0.6405427354883676 4865 
1468 1500 14094 0.1625987370653228 4849 
1469 1501 13606 0.5455720951795374 4915 
1470 1501 14003 0.8024214382345078 4918 
1471 1503 13399 0.6155148830360434 4873 
1472 1505 13290 0.2442293283817307 4843 
1473 1505 14536 0.017866174005711746 4832 
1474 1507 12574 0.7612263690305787 4765 
1475 1509 13530 0.21327065401260306 4940 
1476 1510 12695 0.3308945415516036 4829 
1477 1512 13289 0.19530104874958754 4860 
1478 1513 14279 0.8683229877936742 4930 
1479 1513 12990 0.5701179380868302 4924 
1480 1514 13853 0.2863959565695727 4833 
1481 1515 12879 0.5455782320039 4886 
1482 1516 14124 0.05687444183562125 4865 
1483 1516 12726 0.7135687289907438 4872 
1484 1517 13067 0.39531179283939144 4853 
1485 1517 13889 0.8326318110883093 4855 
1486 1518 13560 0.4316830832548844 4866 
1487 1520 13117 0.4554033733203919 4962 
1488 1521 14170 0.06780652687717605 4775 
1489 1521 13007 0.8054089474777236 4864 
1490 1522 13691 0.7104340420803481 4891 
1491 1522 12889 0.7922352790861421 4803 
1492 1522 13593 0.4200159975965419 4814 
1493 1523 12944 0.7851871853491171 4922 
1494 1523 13768 0.7438484284823338 4912 
1495 1524 13584 0.5341900373406924 4939 
1496 1526 12564 0.19024183060462402 4927 
1497 1526 13006 0.4821077943787322 4808 
1498 1527 13359 0.7147273771440528 4867 
1499 1528 13659 0.6008101340043323 4933 
1500 1529 13345 0.7322905358184723 4914 
1501 1529 13158 0.8667533356211976 4801 
1502 1530 12838 0.12214872074347778 4807 
1503 1534 13037 0.20730681699265222 4807 
1504 1537 13365 0.6350009456049914 4841 
1505 1538 14048 0.13663218883357178 4789 
1506 1538 14275 0.07155052517391557 4767 
1507 1539 14430 0.5040738939441658 4782 
1508 1539 12798 0.27513368408144906 4916 
1509 1541 13387 0.05174736212822485 4923 
1510 1541 13492 0.5211690240244673 4916 
1511 1541 12636 0.11091729870259226 4858 
1512 1542 12855 0.8894172746161969 4827 
1513 1542 14153 0.21817700569321907 4921 
1514 1544 14547 0.11052835751724509 4822 
1515 1545 13470 0.8463224479600345 4837 
1516 1547 13034 0.3176544334197469 4922 
1517 1547 13441 0.09453253873236946 4900 
1518 1547 14293 0.35421901378331055 4881 
1519 1547 13374 0.19695134403364087 4922 
1520 1547 13991 0.3707804287877198 4864 
1521 1548 13193 0.428475303628136 4824 
1522 1552 13664 0.8768475852110151 4943 
1523 1552 13123 0.4838741274659259 4867 
1524 1554 14097 0.7970940042011475 4963 
1525 1555 14234 0.4372182300760128 4876 
1526 1555 13694 0.7929566529239807 4955 
1527 1555 14222 0.6257520069837291 4880 
1528 1556 13810 0.5368917314788587 4840 
1529 1558 14539 0.3890202526240734 4916 
1530 1558 12713 0.29781192159295733 4836 
1531 1558 12863 0.682319715517502 4818 
1532 1558 13577 0.7414775931931172 4787 
1533 1561 12688 0.3620434932546756 4780 
1534 1562 14162 0.7723778737752338 4773 
1535 1562 14208 0.8098943066374334 4957 
1536 1562 13405 0.8499449829449717 4944 
1537 1563 13612 0.8250387537396117 4801 
1538 1564 13173 0.26225576785845117 4857 
1539 1564 13966 0.10615169442948719 4794 
1540 1564 13445 0.3366422228125674 4948 
1541 1565 12827 0.11747306876641382 4818 
1542 1565 13278 0.5139736910473771 4778 
1543 1566 13101 0.24941167656609273 4927 
1544 1569 14038 0.1755705237665472 4765 
1545 1569 13543 0.24702429460003814 4765 
1546 1570 14171 0.5000421671501715 4862 
1547 1572 12840 0.06456276983960092 4928 
1548 1572 13223 0.1619963345334343 4907 
1549 1572 13089 0.7627853614809457 4964 
1550 1572 12964 0.7759250726523087 4921 
1551 1572 12807 0.12952493421113118 4944 
1552 1573 14435 0.37926529409756016 4889 
1553 1573 12613 0.08108623892188231 4950 
1554 1574 13614 0.8180243196634277 4801 
1555 1575 13824 0.6843551800425691 4789 
1556 1578 14008 0.6939849867903383 4862 
1557 1579 12718 0.4979640381271849 4852 
1558 1580 13132 0.6108062782014926 4879 
1559 1580 13268 0.816224828765421 4947 
1560 1581 12825 0.11678432697579284 4960 
1561 1582 14127 0.30755896188252346 4880 
1562 1583 12865 0.2297698600938421 4845 
1563 1585 13181 0.4790695698277869 4778 
1564 1585 14379 0.25825334489113827 4956 
1565 1587 13010 0.546152410333221 4780 
1566 1588 14007 0.7844942725058802 4819 
1567 1589 13889 0.023072732894795098 4805 
1568 1590 13942 0.5353319651898493 4856 
1569 1591 12628 0.3130982718521742 4802 
1570 1591 12679 0.8863619299439931 4843 
1571 1591 13062 0.07044080071379152 4948 
1572 1592 13097 0.11536253138260835 4920 
1573 1592 13807 0.686894431940271 4896 
1574 1592 13950 0.3764207600039281 4951 
1575 1593 12622 0.7248637712480079 4914 
1576 1593 13801 0.35162967863473776 4902 
1577 1593 12868 0.3465727313277823 4807 
1578 1594 14066 0.2884759492847401 4865 
1579 1595 14539 0.37489103688363834 4800 
1580 1596 14440 0.0700474253091444 4938 
1581 1598 14216 0.6740127337318678 4800 
1582 1599 13435 0.46109373728160524 4814 
1583 1600 14442 0.40797224108059993 4806 
1584 1600 14315 0.43665458086235515 4868 
1585 1601 12910 0.6068178829059838 4898 
1586 1602 13488 0.28913573328605935 4954 
1587 1603 13609 0.6830357700945863 4840 
1588 1603 12810 0.6954453629441211 4818 
1589 1603 14428 0.25563959549987086 4947 
1590 1604 13707 0.03217242646891994 4861 
1591 1605 13750 0.3429923352185565 4807 
1592 1608 14447 0.20862009391607048 4956 
1593 1609 13220 0.7997162218823072 4781 
1594 1610 13377 0.23465470568023963 4796 
1595 1611 13388 0.8002218535270094 4854 
1596 1612 13010 0.12826520289552337 4955 
1597 1612 13272 0.6508090834121985 4827 
1598 1612 12963 0.5160365899525725 4798 
1599 1613 13699 0.678701355063862 4832 
1600 1614 12813 0.7955952895619126 4824 
1601 1616 13399 0.10874769809996378 4780 
1602 1616 13778 0.18878987720978635 4790 
1603 1617 13700 0.02295091334134382 4909 
1604 1617 14103 0.15213844077885036 4844 
1605 1619 13147 0.3304226625260234 4790 
1606 1620 13466 0.42690210365050685 4887 
1607 1622 13142 0.0953257369389585 4866 
1608 1623 13342 0.6368881948639404 4908 
1609 1623 13471 0.20757692327768656 4859 
1610 1624 13658 0.09757999995887733 4901 
1611 1624 14377 0.13576109776424036 4902 
1612 1625 12650 0.5133518823357656 4946 
1613 1627 13659 0.5052626044614452 4819 
1614 1629 13652 0.49578994269195464 4837 
1615 1629 13783 0.6665133730129803 4830 
1616 1630 12749 0.25882675291970014 4866 
1617 1631 12983 0.28975121165072804 4844 
1618 1631 13721 0.38126563270046476 4963 
1619 1633 13137 0.15625210281402913 4924 
1620 1634 12713 0.828753738770727 4782 
1621 1636 13703 0.014792400096245138 4934 
1622 1637 13740 0.15138615933216978 4834 
1623 1638 14432 0.6475916877148176 4906 
1624 1641 13912 0.7923116476031491 4936 
1625 1642 13729 0.42021861854360926 4894 
1626 1642 12712 0.8799296070375302 4794 
1627 1644 13481 0.022112661565025615 4960 
1628 1644 12844 0.8133182704568507 4878 
1629 1649 12641 0.5390921836713963 4965 
1630 1651 13157 0.2630557520937083 4941 
1631 1653 13784 0.2118447751485617 4945 
1632 1653 13843 0.8980444478243279 4895 
1633 1654 13195 0.7275123578962851 4946 
1634 1655 13721 0.0463959770461392 4836 
1635 1658 14139 0.6824096114163768 4903 
1636 1658 14370 0.6613713480308941 4785 
1637 1662 12880 0.5967058695978211 4905 
1638 1665 14188 0.39422547946246056 4817 
1639 1665 14092 0.8347357717191362 4798 
1640 1665 13940 0.7213266359941531 4832 
1641 1666 13951 0.06646776025622612 4891 
1642 1669 13134 0.6698344381531832 4790 
1643 1669 13502 0.8106811729494361 4834 
1644 1670 12582 0.1254346577436436 4951 
1645 1670 13636 0.25619842246017616 4944 
1646 1671 13812 0.4297537793433066 4844 
1647 1671 14525 0.7785988376397698 4912 
1648 1671 13580 0.4390337706571787 4920 
1649 1672 12861 0.5634396607582522 4911 
1650 1672 12809 0.4476488248636551 4934 
1651 1673 12723 0.6142657273770122 4836 
1652 1675 12695 0.8193906173333194 4955 
1653 1676 14262 0.4500289339376786 4768 
1654 1676 12828 0.1450357558485669 4927 
1655 1676 13650 0.41041117451736603 4813 
1656 1677 13751 0.6896587778189555 4834 
1657 1677 12618 0.8398973514654815 4904 
1658 1678 12845 0.514259748716296 4931 
1659 1678 13415 0.762446054057504 4829 
1660 1680 12612 0.5219972474515301 4917 
1661 1682 13664 0.6300150739406438 4891 
1662 1682 13570 0.7202151873188857 4844 
1663 1682 13559 0.843007767616118 4811 
1664 1682 13080 0.26875005992383333 4777 
1665 1684 13492 0.4291750988520615 4829 
1666 1684 13891 0.43358095909477146 4843 
1667 1684 13073 0.795087441725638 4787 
1668 1686 13705 0.1288721556818497 4790 
1669 1687 13627 0.5875688289187067 4883 
1670 1689 13654 0.623517756256318 4921 
1671 1689 13010 0.2082763457612559 4886 
1672 1692 13033 0.2121291538270947 4958 
1673 1694 12556 0.09667149093454191 4846 
1674 1694 14094 0.8590606219320319 4856 
1675 1694 13385 0.5163576792297552 4965 
1676 1695 13400 0.05655167343677268 4882 
1677 1695 13903 0.022166926852570462 4769 
1678 1696 13913 0.6503710012147221 4808 
1679 1696 13353 0.800830491515558 4806 
1680 1698 14370 0.18992153550209265 4913 
1681 1698 13014 0.7665823649471422 4844 
1682 1699 12951 0.5438856406452917 4841 
1683 1699 13682 0.03314859887503179 4791 
1684 1700 14210 0.18464083282368002 4780 
1685 1700 12611 0.10182917443451077 4807 
1686 1701 13941 0.7596340853749038 4865 
1687 1702 13651 0.34851848156352716 4936 
1688 1702 13233 0.856729688177344 4931 
1689 1703 13967 0.8789994089789152 4830 
1690 1703 12634 0.14390766576129144 4835 
1691 1705 13939 0.10106920678065852 4899 
1692 1706 12998 0.21564292120386588 4862 
1693 1707 13274 0.10468214517826137 4929 
1694 1710 14046 0.8124086689747361 4895 
1695 1711 13558 0.17055103672203387 4790 
1696 1711 13436 0.7135016518829472 4934 
1697 1715 13479 0.578094138237377 4892 
1698 1715 12760 0.2832989746548211 4914 
1699 1716 12790 0.31173974056972603 4837 
1700 1717 12786 0.5841450741530889 4880 
1701 1717 13330 0.818818804555704 4932 
1702 1718 14186 0.4589444195911962 4830 
1703 1720 13615 0.5083590780903733 4858 
1704 1720 14230 0.6879867502629341 4789 
1705 1723 13144 0.17574595588539021 4797 
1706 1724 13299 0.37573765839185863 4834 
1707 1724 14228 0.3755438602689259 4907 
1708 1725 13927 0.5122493621841842 4865 
1709 1727 13844 0.70228020691186 4949 
1710 1728 13260 0.3273506230482167 4964 
1711 1729 13228 0.684505294226841 4892 
1712 1729 14433 0.2093873992484027 4835 
1713 1730 13108 0.3175245162350915 4802 
1714 1730 12970 0.14319152187032086 4785 
1715 1731 14024 0.35380239841361427 4799 
1716 1731 13215 0.43621890410695313 4794 
1717 1733 13571 0.8011850813296159 4862 
1718 1733 13985 0.34855097877682567 4915 
1719 1734 13954 0.7536186870117596 4931 
1720 1735 12870 0.02030758157522683 4772 
1721 1736 13673 0.1507235213413032 4886 
1722 1738 14336 0.2192972282495736 4906 
1723 1739 14511 0.254590168797787 4767 
1724 1740 14128 0.28888741702226384 4814 
1725 1741 13313 0.593044323436548 4937 
1726 1743 12763 0.25943343876984604 4867 
1727 1743 12793 0.4432167730511735 4903 
1728 1744 14390 0.8617881578503609 4831 
1729 1745 13150 0.8581605229318111 4904 
1730 1745 14080 0.3235172655173279 4854 
1731 1746 12670 0.5559900632067405 4955 
1732 1746 14500 0.07455009616697922 4784 
1733 1750 13591 0.4887628888514541 4778 
1734 1751 14171 0.6828411050921087 4896 
1735 1752 13404 0.6046182523635112 4838 
1736 1752 12848 0.8077795018874915 4891 
1737 1754 13276 0.3664813337588549 4955 
1738 1756 12720 0.4434785733689001 4894 
1739 1758 14207 0.7950174469561854 4948 
1740 1758 13679 0.30870543951522905 4941 
1741 1758 13655 0.04574566968367865 4857 
1742 1758 13937 0.47688942899213277 4780 
1743 1759 13597 0.678439040016258 4912 
1744 1762 13309 0.14622841854043553 4946 
1745 1762 14202 0.346995275663522 4795 
1746 1765 13899 0.179786653412651 4853 
1747 1766 13778 0.5527162972022909 4833 
1748 1766 13582 0.12158189042044595 4953 
1749 1768 13142 0.5506437066451441 4791 
1750 1769 13654 0.5136575127925671 4806 
1751 1769 13877 0.4946485399207258 4849 
1752 1771 13662 0.8368493515161269 4874 
1753 1771 13055 0.6495279343041335 4814 
1754 1772 12896 0.012307947009717974 4800 
1755 1772 13173 0.7985065660668662 4781 
1756 1775 12947 0.7012478652571846 4778 
1757 1775 14383 0.560424173679582 4831 
1758 1778 12595 0.09096718965921369 4960 
1759 1778 13026 0.3856957521862793 4927 
1760 1780 14005 0.7276554857078743 4776 
1761 1780 14143 0.37470487697522964 4954 
1762 1781 13747 0.37858862172045754 4815 
1763 1782 12918 0.17412431265509518 4909 
1764 1783 13472 0.8817231630985511 4779 
1765 1783 13396 0.03852840551688321 4942 
1766 1784 12554 0.2887412645077931 4817 
1767 1785 12687 0.43782962140406917 4910 
1768 1785 12821 0.20311738614427263 4795 
1769 1788 13636 0.1492003645096609 4887 
1770 1788 14213 0.08940412866689142 4961 
1771 1789 13900 0.6122380617489245 4867 
1772 1791 13702 0.6335250932874525 4960 
1773 1795 13624 0.5525834420144631 4780 
1774 1795 13027 0.036944573079362074 4951 
1775 1796 13315 0.5271682699648529 4945 
1776 1797 13377 0.05870459232929376 4832 
1777 1798 13611 0.08015632551861135 4834 
1778 1799 13183 0.325582996031427 4886 
1779 1800 13949 0.19426935466739872 4953 
1780 1800 12638 0.5264523191543179 4833 
1781 1803 13089 0.30376113603363014 4963 
1782 1805 12914 0.7060605524690762 4907 
1783 1806 14018 0.7143053434907174 4850 
1784 1806 13773 0.08162202033408847 4920 
1785 1806 14531 0.022361541285454097 4864 
1786 1807 14521 0.03229039095007296 4908 
1787 1807 14367 0.4326972184858344 4766 
1788 1809 13014 0.5168695852273114 4916 
1789 1809 14424 0.27074015569046667 4924 
1790 1809 13771 0.572209928562559 4914 
1791 1810 12579 0.6659273136899314 4775 
1792 1810 13051 0.7869953494256376 4942 
1793 1810 13548 0.18644556509309587 4849 
1794 1810 14404 0.10894242556746012 4907 
1795 1811 13670 0.22494045440487045 4765 
1796 1811 14082 0.0566474777363581 4881 
1797 1811 13890 0.32286030294513735 4882 
1798 1812 14098 0.09456493082795048 4856 
1799 1814 13472 0.2965227539306109 4914 
1800 1814 12990 0.619776408536816 4849 
1801 1816 13248 0.8342734252912615 4915 
1802 1816 12777 0.8174499282533867 4921 
1803 1817 12842 0.0769244894114782 4963 
1804 1819 13977 0.26744493756856785 4961 
1805 1819 12825 0.4852468097508272 4823 
1806 1820 14430 0.23460235103197102 4856 
1807 1821 13033 0.1663869969322544 4833 
1808 1822 14008 0.4839718311045174 4941 
1809 1823 12733 0.1363054210302196 4864 
1810 1823 13299 0.8908871425862951 4830 
1811 1824 13587 0.27273388912920393 4911 
1812 1826 13342 0.4903113980697211 4792 
1813 1826 13238 0.04367004034056358 4851 
1814 1829 14527 0.09126695623638216 4827 
1815 1829 12639 0.05028298674204654 4927 
1816 1829 13746 0.5278517048595603 4954 
1817 1831 13984 0.20765945695156338 4906 
1818 1832 13344 0.3213476513916121 4961 
1819 1833 13589 0.02732294424450101 4923 
1820 1833 13773 0.7802753089970514 4815 
1821 1834 14060 0.5863634100276133 4828 
1822 1835 14276 0.8552654076075805 4877 
1823 1837 12815 0.028962995802157908 4789 
1824 1837 13601 0.8102229339249947 4853 
1825 1837 12717 0.8206994341686261 4929 
1826 1838 14487 0.22257320470205846 4910 
1827 1840 13932 0.22742684296786408 4808 
1828 1840 13624 0.660080767233615 4833 
1829 1843 14071 0.15157445168708586 4858 
1830 1843 12966 0.5303959174437052 4892 
1831 1845 12653 0.5559609720588738 4789 
1832 1845 13415 0.564281403206162 4872 
1833 1846 13541 0.2925183820059802 4901 
1834 1847 13644 0.5271184057445917 4958 
1835 1847 13730 0.6187907755750438 4789 
1836 1847 12712 0.6449417593951112 4770 
1837 1849 12758 0.5477326052928573 4810 
1838 1850 13490 0.6475932088236513 4855 
1839 1850 13577 0.64078463117981 4835 
1840 1851 13454 0.8598214641609286 4926 
1841 1851 13712 0.10575279633185031 4947 
1842 1851 14205 0.7812989636989621 4889 
1843 1852 13120 0.8593166949612393 4935 
1844 1852 13279 0.6928111377727608 4862 
1845 1855 12979 0.7838826765048944 4950 
1846 1856 12831 0.47557543879954456 4891 
1847 1856 14530 0.42374019064341023 4867 
1848 1856 12953 0.3710073658563685 4830 
1849 1857 14056 0.1197921793885327 4796 
1850 1857 14252 0.184998413355038 4789 
1851 1857 13695 0.13391343264060476 4786 
1852 1858 12718 0.6501576266098634 4963 
1853 1859 13351 0.3209486811319622 4959 
1854 1859 13973 0.40144801991285356 4951 
1855 1860 14052 0.03698818752321486 4781 
1856 1861 14096 0.22858103266194535 4801 
1857 1862 12600 0.7359486844637885 4891 
1858 1863 14042 0.10529109538007643 4854 
1859 1864 12673 0.6209522465188958 4883 
1860 1866 13387 0.17378397389561295 4893 
1861 1868 12634 0.8431215859019697 4927 
1862 1872 13776 0.504344499990565 4932 
1863 1873 14462 0.2725847144209436 4794 
1864 1873 14493 0.8596326492547622 4792 
1865 1873 14377 0.5596398053773198 4801 
1866 1876 13489 0.2568433624970687 4768 
1867 1877 13530 0.768466102192557 4850 
1868 1878 13793 0.4132841608505184 4927 
1869 1878 13654 0.29763408634086497 4816 
1870 1880 13751 0.8691358145458045 4777 
1871 1882 12878 0.11467617188217735 4935 
1872 1884 13123 0.3056547822440476 4852 
1873 1885 12704 0.7909574129899248 4808 
1874 1885 13306 0.638577954682274 4776 
1875 1886 13835 0.24629275634921585 4830 
1876 1887 13123 0.15555425753664479 4912 
1877 1887 14423 0.05908770785882741 4860 
1878 1888 14510 0.24777105014670237 4783 
1879 1888 14449 0.38939962696693725 4789 
1880 1890 13511 0.8541973549248901 4853 
1881 1890 13287 0.02593726213098667 4911 
1882 1891 13661 0.7124977116646656 4800 
1883 1893 14035 0.4743635600596264 4841 
1884 1894 13648 0.5628651721978827 4886 
1885 1894 12740 0.5150292007811068 4836 
1886 1895 13532 0.32729663158878536 4908 
1887 1899 13311 0.36784114504559884 4912 
1888 1899 13976 0.7875971833150772 4909 
1889 1901 13197 0.1656979837627747 4772 
1890 1902 12699 0.17295744979068614 4847 
1891 1902 13007 0.8084631931080827 4851 
1892 1902 12705 0.6678237988136873 4816 
1893 1903 14544 0.8766034369177274 4957 
1894 1904 13790 0.11059389634851521 4924 
1895 1904 14200 0.2165342270122107 4857 
1896 1904 13087 0.797489085477458 4931 
1897 1907 12949 0.04701742174269718 4788 
1898 1907 12784 0.12107138993839371 4883 
1899 1910 12559 0.6441072935295555 4816 
1900 1911 13996 0.7359731245470892 4928 
1901 1914 13617 0.29625343157898765 4939 
1902 1915 13202 0.028332559176403878 4854 
1903 1915 12702 0.28673909221046257 4963 
1904 1917 13920 0.39439290334469246 4909 
1905 1917 12851 0.36284587705821186 4770 
1906 1918 13673 0.3777834863757773 4931 
1907 1920 14419 0.5000772829922958 4838 
1908 1920 13887 0.43472650576677335 4777 
1909 1922 14408 0.20837129206210525 4900 
1910 1923 13062 0.4293396064494778 4926 
1911 1927 13821 0.6061992693181306 4956 
1912 1928 14434 0.5947317093352146 4911 
1913 1932 14074 0.865483605821049 4926 
1914 1932 13170 0.8866096349535708 4915 
1915 1933 13509 0.7425341605038439 4813 
1916 1935 14532 0.42478007926676514 4951 
1917 1936 13096 0.3503678393772292 4963 
1918 1936 12974 0.5444878698776688 4943 
1919 1936 12808 0.6954106281346826 4790 
1920 1937 12603 0.05191314072521807 4795 
1921 1938 12929 0.7029964473261481 4776 
1922 1938 14230 0.3820501825763646 4836 
1923 1941 13904 0.4633814050727217 4789 
1924 1943 13606 0.5420047480993306 4823 
1925 1943 13787 0.5114973820010631 4912 
1926 1943 13148 0.17521572361379925 4838 
1927 1944 12564 0.028088723981048606 4778 
1928 1945 14049 0.6242691638187605 4943 
1929 1946 13464 0.14316601906201978 4954 
1930 1947 12726 0.8236916256993342 4948 
1931 1947 14486 0.852088805230611 4800 
1932 1950 13845 0.6667180124764516 4773 
1933 1950 13255 0.8448137573889928 4765 
1934 1950 13043 0.35797794673845756 4842 
1935 1951 13606 0.103790923390434 4823 
1936 1952 13269 0.5397731161731331 4841 
1937 1952 13299 0.8989850744682525 4866 
1938 1952 14121 0.7300920827982085 4923 
1939 1952 13397 0.28445390116932145 4924 
1940 1952 13138 0.05500202505740432 4961 
1941 1955 14214 0.2378571516525625 4828 
1942 1955 12787 0.40754819825592814 4916 
1943 1958 14404 0.23901208916417838 4944 
1944 1959 13771 0.41095555690688046 4889 
1945 1959 12607 0.1706012258930826 4894 
1946 1960 13856 0.7778039418623426 4939 
1947 1962 13269 0.0732103510379247 4795 
1948 1962 14026 0.1468063806362575 4955 
1949 1963 14097 0.8331841364807941 4828 
1950 1964 12878 0.086327800685639 4927 
1951 1965 12660 0.6412719038699508 4901 
1952 1966 13580 0.01178294345831464 4850 
1953 1966 13372 0.8263143651108528 4844 
1954 1966 14391 0.790195301858033 4882 
1955 1967 14140 0.4426537002540882 4830 
1956 1967 13363 0.5263895811073537 4804 
1957 1968 13492 0.3427156032772756 4955 
1958 1969 14179 0.8506784078571716 4799 
1959 1970 14346 0.6502539875954181 4888 
1960 1970 13491 0.6201767444352121 4916 
1961 1970 13075 0.27790965632837333 4911 
1962 1971 14330 0.015729898802274777 4859 
1963 1971 12874 0.8489345564048695 4779 
1964 1972 14137 0.6953991725497525 4886 
1965 1973 12755 0.13710691627795019 4949 
1966 1974 14391 0.5966355889526418 4947 
1967 1975 13764 0.7333432121654128 4917 
1968 1975 13076 0.8055100052260441 4924 
1969 1976 14404 0.7972516965739509 4785 
1970 1977 12817 0.425869041035769 4947 
1971 1977 13723 0.3797283067606978 4850 
1972 1978 13916 0.02069022179888988 4918 
1973 1978 14507 0.23549396741287332 4950 
1974 1981 13544 0.08580571045559482 4868 
1975 1981 13766 0.7620014324342277 4855 
1976 1981 13058 0.5946813220315986 4777 
1977 1981 14397 0.07674364809774102 4916 
1978 1982 12889 0.07122301391425645 4805 
1979 1982 13278 0.785728320178131 4892 
1980 1985 13303 0.2759379364257503 4769 
1981 1987 14439 0.22926658754944826 4789 
1982 1988 14077 0.09779562687732395 4929 
1983 1988 13051 0.3228119705768109 4772 
1984 1990 14342 0.4223339030914755 4888 
1985 1991 12942 0.757396389617148 4949 
1986 1991 13069 0.11452493205305297 4832 
1987 1992 12868 0.7255914443340086 4901 
1988 1993 14274 0.2128932389067721 4897 
1989 1993 13660 0.5517381097225248 4806 
1990 1994 12926 0.8981871452784209 4939 
1991 1994 12989 0.18333478579439125 4864 
1992 1996 14258 0.2755142239798883 4929 
1993 1996 14081 0.6012858517070071 4783 
1994 1996 14394 0.7341916690856767 4830 
1995 1998 13408 0.5895408376857688 4915 
1996 1999 12565 0.5773291297459884 4940 
1997 1999 13239 0.5577666426132063 4766 
1998 1999 14398 0.25356645458482263 4872 
1999 2000 14093 0.427901986191382 4944 
2000 0 13633 0.8472897021604573 4893 
