1 4 16243 0.5706939281654254 1089 
2 5 15376 0.4188714501339306 1263 
3 6 15101 0.3740893108211825 1268 
4 7 15340 0.570066422281078 1270 
5 7 15666 0.7646302268154213 1269 
6 8 16387 0.5733191453352892 1142 
7 8 15485 0.13201738134369392 1172 
8 10 16752 0.7937078626712208 1254 
9 10 16438 0.14153358232393645 1255 
10 11 16289 0.2785349843987448 1247 
11 12 16316 0.6340087538572134 1070 
12 18 15762 0.02694009019937625 1238 
13 20 16523 0.02541082771689116 1178 
14 21 16549 0.0753653183813707 1072 
15 21 16465 0.14454735829035822 1260 
16 27 16241 0.4933862989113576 1268 
17 30 15741 0.5841514128856798 1121 
18 31 15328 0.51916782975384 1108 
19 32 15993 0.6293015986806408 1136 
20 33 15918 0.2276391768013423 1119 
21 36 15526 0.29432463153719546 1135 
22 36 15623 0.8357224439539886 1205 
23 36 15496 0.3063741051002968 1221 
24 36 16966 0.33211616511878783 1148 
25 38 15061 0.2630409100955497 1112 
26 38 16286 0.07765086982756135 1255 
27 40 16158 0.7627748409912426 1244 
28 41 16643 0.8954521000515269 1242 
29 41 16659 0.2606539889565043 1163 
30 41 16570 0.4753195246777125 1239 
31 43 15382 0.40272131605657135 1169 
32 46 15781 0.06448908643769909 1165 
33 46 16222 0.5330674888967825 1200 
34 51 16727 0.2583747147628563 1199 
35 53 16217 0.7520409442525303 1075 
36 53 16728 0.8723003385286721 1184 
37 55 15825 0.7970042754786035 1216 
38 56 16394 0.4979006775183038 1141 
39 57 15345 0.07251678619745967 1109 
40 58 16286 0.763959297031257 1092 
41 58 16400 0.03661550563106902 1111 
42 60 15177 0.5005395473655471 1205 
43 62 16267 0.6583138896675296 1214 
44 62 15608 0.5005566977527413 1266 
45 63 16520 0.7371584800767199 1226 
46 64 16434 0.6509316930708873 1206 
47 64 15942 0.48518180581911036 1095 
48 64 15408 0.031558064761155184 1115 
49 64 16915 0.02286655624367438 1160 
50 65 16454 0.22656516518754566 1192 
51 67 15134 0.6590070183442261 1076 
52 67 15572 0.6678558367742705 1232 
53 68 16238 0.37273235691729517 1235 
54 72 16975 0.42621890274019036 1118 
55 74 16346 0.4119058715730072 1205 
56 74 15543 0.5365540645036496 1130 
57 75 16304 0.5368425389661459 1202 
58 78 15645 0.0418111855654261 1081 
59 78 16409 0.413370738407228 1251 
60 79 16314 0.2025827445191025 1189 
61 81 15704 0.8138925486190302 1121 
62 82 16681 0.844622897603151 1264 
63 84 16673 0.057461828638076924 1144 
64 87 15479 0.8700123320951664 1254 
65 88 16859 0.7887953421971312 1095 
66 89 15882 0.41210859764281976 1074 
67 91 16206 0.17040654409573294 1167 
68 91 16315 0.5711867455007168 1117 
69 94 15330 0.030447292465496552 1249 
70 95 15067 0.21366537603906266 1233 
71 96 15995 0.41829787701430116 1206 
72 97 16141 0.17257238743214093 1104 
73 97 15428 0.15155957804200923 1186 
74 101 15469 0.17409948442885337 1127 
75 101 16353 0.41720289875305705 1079 
76 102 16313 0.45389225083908263 1178 
77 104 16779 0.059034607402168024 1083 
78 105 15419 0.8148612849932805 1159 
79 105 17036 0.36306540027970446 1181 
80 106 15365 0.32508677258394314 1201 
81 107 15899 0.4106556036364811 1191 
82 109 15117 0.09304246769095491 1209 
83 111 15483 0.19486932593185588 1149 
84 112 16032 0.7539645486700822 1192 
85 113 15082 0.823916775928491 1239 
86 113 16727 0.26480516207223675 1136 
87 114 16701 0.4581745293254376 1131 
88 116 16232 0.2785543678843215 1240 
89 116 15574 0.30686306769617894 1074 
90 117 15732 0.3313603216499111 1237 
91 118 15472 0.21889842665598286 1101 
92 118 16079 0.655255891805262 1133 
93 119 16166 0.6049777517222374 1196 
94 120 15962 0.09098555110154745 1151 
95 121 16378 0.16093087306004478 1113 
96 122 16946 0.5645015064180351 1158 
97 123 16130 0.2745612630460398 1089 
98 123 16982 0.6458776661822143 1212 
99 124 17022 0.7635686640103004 1268 
100 124 16781 0.3960296707816972 1110 
101 125 15993 0.7307471366696409 1087 
102 125 15974 0.2578576167677216 1158 
103 125 16953 0.23291289821966107 1255 
104 125 16816 0.19916448116685356 1128 
105 126 15059 0.7105358212881971 1176 
106 127 15122 0.8067022876036579 1233 
107 128 15401 0.023770524872859786 1230 
108 128 15915 0.5201527727401064 1099 
109 129 16448 0.2952694500507614 1208 
110 129 15751 0.13882043322842236 1249 
111 129 16944 0.4743733812753267 1078 
112 130 16896 0.081338446735856 1199 
113 130 16800 0.42320089517550963 1173 
114 131 15053 0.18093941944590017 1074 
115 131 15658 0.012204250943215778 1146 
116 131 16183 0.2267066341921012 1179 
117 132 15726 0.4921535585963531 1243 
118 133 15160 0.2104813778986256 1166 
119 134 16141 0.43886971434128785 1148 
120 136 15517 0.08884933430905652 1243 
121 138 15285 0.16712944241773126 1161 
122 140 15127 0.14313912467893575 1189 
123 140 15852 0.7949564275192317 1269 
124 140 15495 0.48114816488932555 1206 
125 141 15792 0.7209678712726597 1218 
126 141 16958 0.40424968095832514 1159 
127 142 15375 0.6809027113924749 1156 
128 142 16089 0.33579708984351864 1237 
129 143 16016 0.7152095651546843 1129 
130 143 15065 0.43550863777857773 1145 
131 144 16649 0.10987555448276651 1230 
132 145 16146 0.5405040502143688 1118 
133 146 16614 0.3871911977748291 1249 
134 146 16917 0.47896888728194875 1202 
135 148 15312 0.7695553325152804 1192 
136 148 15151 0.6762215622026341 1170 
137 148 16116 0.030417133009140743 1137 
138 149 15706 0.4531449058230527 1094 
139 150 15399 0.29004167898993977 1253 
140 150 15069 0.3406608574413647 1070 
141 152 16987 0.17451560312819103 1235 
142 154 15642 0.7402408774583725 1178 
143 154 15670 0.8173132895539362 1199 
144 155 16653 0.3426542201674837 1238 
145 156 15059 0.6362232950629345 1085 
146 156 15930 0.583728850428835 1138 
147 156 15496 0.7276882160569295 1246 
148 158 15270 0.7987273523419779 1155 
149 158 16711 0.31927166190115536 1136 
150 158 16037 0.6627756683831686 1076 
151 158 16235 0.10689356562895619 1074 
152 161 15850 0.5450332614436447 1177 
153 161 16074 0.2733208651969845 1269 
154 162 17021 0.05559601767236878 1196 
155 162 15273 0.5255323167124807 1141 
156 162 16847 0.6174801112822002 1210 
157 162 15675 0.39183690432188184 1121 
158 163 16456 0.1788950447255515 1239 
159 164 15786 0.24741206764818643 1120 
160 164 15899 0.3450528390269904 1265 
161 167 15130 0.7417490672178488 1232 
162 167 16660 0.5364423272375207 1217 
163 168 15703 0.7642796561086554 1176 
164 169 15556 0.3966942076214993 1079 
165 169 15412 0.025238473681087104 1264 
166 171 16578 0.22460898995154335 1194 
167 173 16762 0.5656669475334057 1254 
168 173 15666 0.30248291107101477 1116 
169 173 15633 0.2630551111880448 1266 
170 175 16863 0.05227930259669846 1091 
171 177 15395 0.2949653475272306 1135 
172 179 16410 0.5583261095825771 1234 
173 181 15344 0.16341841734010218 1179 
174 182 15584 0.033979519889737915 1078 
175 185 15089 0.5608222455509596 1209 
176 186 16857 0.6426488642792965 1106 
177 186 15888 0.5001925414403181 1243 
178 186 16554 0.34257322161041753 1086 
179 187 16521 0.7234233038780346 1235 
180 188 16845 0.5169240930290749 1213 
181 189 15508 0.2247606089876745 1185 
182 189 15662 0.35950566150295754 1255 
183 192 15839 0.1559308637938726 1229 
184 196 15465 0.7663559833241035 1215 
185 197 15518 0.8962401040659895 1073 
186 197 16481 0.8576240296049658 1104 
187 197 15824 0.6289573434059905 1109 
188 198 16718 0.6253336879075587 1253 
189 201 16770 0.7741459836971185 1237 
190 201 15432 0.8744706956282421 1136 
191 202 15287 0.11934496700252745 1216 
192 203 16184 0.6297431989845965 1132 
193 206 15438 0.29534561247077934 1108 
194 207 15120 0.7398432393056329 1229 
195 207 15877 0.2769683704490137 1131 
196 208 15524 0.5724076932505459 1248 
197 210 15546 0.1439613654242161 1252 
198 210 15977 0.36056053653780695 1173 
199 210 16705 0.35706310074417213 1152 
200 211 15553 0.46824905560732943 1219 
201 217 16604 0.10417633407041316 1203 
202 218 15962 0.0475127976788342 1257 
203 218 15159 0.7812938721771268 1229 
204 218 15619 0.6461401859024284 1267 
205 219 16596 0.6897292799484881 1094 
206 220 16299 0.5579168134539643 1196 
207 221 15626 0.7590712026037422 1141 
208 222 16203 0.24313437899185814 1185 
209 222 16429 0.7570506900156213 1234 
210 223 16661 0.625481158914955 1079 
211 223 16515 0.2444750259367732 1231 
212 225 15107 0.6144570735536716 1210 
213 226 16523 0.5961220866046304 1075 
214 227 16049 0.2152963279182189 1099 
215 228 15280 0.75632181965759 1151 
216 229 15347 0.6045857100270217 1218 
217 232 16164 0.8088720662095664 1102 
218 233 15711 0.7360785956653615 1244 
219 234 16584 0.4016948872427513 1228 
220 234 15909 0.8984694238902016 1139 
221 235 15560 0.6712798370076092 1084 
222 236 16531 0.18518515733687924 1205 
223 237 16404 0.1174874935507056 1142 
224 238 15341 0.12806557418390255 1194 
225 239 15197 0.7899726586918647 1198 
226 239 15181 0.8483542331184101 1267 
227 240 16927 0.08492661485689221 1162 
228 241 16024 0.42100386182450356 1143 
229 242 16560 0.2650543838215228 1174 
230 243 16193 0.240681886050581 1124 
231 243 15361 0.8060110880424418 1213 
232 245 15323 0.7105676514248663 1218 
233 245 16050 0.8891201639798585 1072 
234 245 16515 0.3348239280006485 1261 
235 245 16723 0.32231830869544653 1150 
236 246 15903 0.4086646607936389 1113 
237 246 16277 0.27833938589988305 1166 
238 246 15595 0.7117817836976111 1210 
239 247 16950 0.554576216446476 1198 
240 247 15508 0.1582948029298271 1087 
241 248 16690 0.0923549953761213 1078 
242 248 16948 0.3633012875175327 1100 
243 248 16173 0.3702687085819878 1226 
244 249 16647 0.8853491403854097 1131 
245 251 15768 0.6258137781789384 1224 
246 251 16230 0.5016549100660365 1104 
247 252 15525 0.7191999594841969 1190 
248 252 16879 0.3750094866499977 1121 
249 252 15288 0.3698461762035465 1234 
250 252 15802 0.14265102726281503 1187 
251 253 16436 0.4496270939675555 1183 
252 254 15125 0.7380740289296199 1145 
253 255 16766 0.7886506023321987 1150 
254 255 15228 0.09430719514229635 1085 
255 257 16239 0.15821548941688382 1118 
256 257 16491 0.2890320330164102 1152 
257 259 16299 0.545642262744204 1225 
258 260 16389 0.3080909763538559 1238 
259 261 15249 0.7802586413696766 1132 
260 262 16690 0.36387148427039867 1258 
261 263 16836 0.42644916643697106 1257 
262 265 17044 0.36582311420508956 1190 
263 266 16015 0.1720813500467937 1109 
264 269 16036 0.08112397867860342 1089 
265 270 16479 0.1815594797572582 1127 
266 272 16722 0.6270135432127425 1169 
267 272 15282 0.5521889303847106 1217 
268 273 16608 0.034087627520820396 1118 
269 274 16496 0.054507822122412626 1103 
270 276 16453 0.13213142900146674 1120 
271 279 15805 0.11847345096982861 1174 
272 281 15996 0.5510984612076899 1253 
273 282 16841 0.38676252146300155 1216 
274 284 15377 0.6884743265244113 1111 
275 284 16034 0.2559815145689119 1256 
276 284 15406 0.4211696048911049 1159 
277 285 15349 0.03203985870062827 1179 
278 285 16408 0.031075818745273487 1262 
279 287 16356 0.018683512784332737 1104 
280 287 15269 0.6023561876848444 1146 
281 289 15649 0.25084229649607515 1228 
282 289 16162 0.6864785881589028 1265 
283 291 16256 0.1484810528082692 1200 
284 292 15385 0.5839484082967683 1184 
285 292 16574 0.4355387253662814 1184 
286 292 16846 0.36771698914317513 1111 
287 294 16782 0.5692796834575221 1112 
288 294 15265 0.21185302127115455 1109 
289 295 15838 0.015899898107241697 1243 
290 295 16936 0.6248579834173782 1216 
291 295 16442 0.6348462307853266 1081 
292 298 16685 0.1212502672520958 1106 
293 298 16996 0.46906701043633703 1080 
294 298 16719 0.868236380046999 1164 
295 302 16265 0.6403005456848977 1212 
296 302 15793 0.3051317991344605 1221 
297 302 15595 0.4451199177342662 1158 
298 305 16999 0.7144113669192201 1077 
299 306 15986 0.7851662913026021 1219 
300 308 15460 0.5536873250350651 1159 
301 308 15666 0.7581380985316141 1140 
302 310 15183 0.7236123009747538 1147 
303 310 15693 0.5252585334504086 1175 
304 310 15680 0.5928111429716052 1252 
305 311 16357 0.6313687854673032 1131 
306 311 15342 0.5065639365338063 1224 
307 313 15452 0.4702758335002989 1105 
308 315 15526 0.4541867689699009 1161 
309 316 16472 0.45722038245353835 1154 
310 318 16663 0.6583156006231272 1174 
311 319 15633 0.8780227041381558 1149 
312 321 16864 0.6951188617557535 1220 
313 322 15071 0.15333546757323924 1231 
314 322 15400 0.5203078307633434 1188 
315 322 15263 0.7302813156279787 1223 
316 323 15198 0.5674551226252873 1173 
317 324 16315 0.32660904804497304 1074 
318 327 15778 0.8090422910761728 1105 
319 327 15098 0.613887480886956 1256 
320 327 16910 0.717853137392683 1084 
321 327 15862 0.7759450480966814 1139 
322 329 16743 0.258059012225983 1131 
323 330 15410 0.5729570859319896 1108 
324 330 15794 0.3598408329607021 1172 
325 330 15186 0.5088341194525188 1124 
326 331 15940 0.21409646198996113 1240 
327 332 16975 0.09165381175417027 1118 
328 333 16498 0.6501197247030206 1151 
329 334 16375 0.17494881388012531 1248 
330 335 16388 0.4901147249158758 1139 
331 336 16612 0.3358443253594822 1090 
332 337 15545 0.1458610308225977 1142 
333 338 15822 0.6941229372389913 1182 
334 340 15891 0.32253754330252693 1209 
335 340 15100 0.2598645756575983 1261 
336 340 16285 0.3407789537935471 1196 
337 342 16124 0.03447464205968103 1244 
338 342 15398 0.5785321952342296 1079 
339 342 16490 0.6362415869086173 1188 
340 343 16348 0.5215818935527387 1181 
341 347 15465 0.6141665531355157 1103 
342 351 16900 0.13979252547024815 1204 
343 351 16987 0.7088235651741573 1105 
344 352 17045 0.43574070823171335 1257 
345 353 16022 0.7539737603093012 1089 
346 353 16839 0.4122541171855054 1085 
347 356 15695 0.3700482832971482 1120 
348 356 16232 0.05338143051798956 1207 
349 357 15154 0.34801178103851343 1107 
350 357 15213 0.10769112632403792 1171 
351 358 15791 0.4279481390150398 1251 
352 358 16847 0.06707854838677031 1265 
353 358 15460 0.8578291454765451 1211 
354 359 16898 0.17898826011168611 1202 
355 364 16586 0.6149211227735356 1094 
356 365 15176 0.5253870269326759 1256 
357 366 15838 0.0234762613323609 1155 
358 367 15275 0.3365642539688004 1180 
359 367 15603 0.4169197912564575 1216 
360 367 16374 0.2195043866851596 1256 
361 367 16195 0.29907450788262574 1260 
362 368 15270 0.46951749614504057 1140 
363 369 16681 0.7885731283653242 1221 
364 370 16216 0.6654510263109501 1230 
365 374 15883 0.387250421166485 1088 
366 375 15148 0.7936989206890562 1092 
367 376 16685 0.5454484534830657 1244 
368 376 16618 0.6668896457221976 1215 
369 377 15116 0.07139011218301312 1081 
370 381 15101 0.04860776422497241 1175 
371 381 15756 0.6163564280198455 1110 
372 381 16226 0.3226733337634078 1169 
373 383 15583 0.1619357157253047 1145 
374 387 15560 0.7542589139039816 1076 
375 388 16461 0.3737139605214552 1134 
376 390 16175 0.37269942181181076 1134 
377 391 15101 0.0354858475096027 1182 
378 392 15753 0.16687896182476591 1205 
379 393 15898 0.5052361677904098 1258 
380 394 15876 0.8846156237781119 1165 
381 395 17052 0.3703357251784622 1227 
382 395 15636 0.26434300489480994 1163 
383 397 15981 0.40378969207145915 1227 
384 398 15244 0.19329126029648225 1251 
385 399 15264 0.7281913554482 1097 
386 399 16453 0.44592149447420004 1118 
387 401 16470 0.4760424704995284 1137 
388 401 16646 0.6557018162502223 1134 
389 401 16120 0.38770979750441786 1250 
390 402 16833 0.8950257551842365 1211 
391 402 15937 0.6098737717523277 1216 
392 403 15183 0.3842711880781453 1200 
393 403 16418 0.12328198364872227 1212 
394 404 15820 0.19138011149937115 1174 
395 408 16564 0.5946954967457122 1143 
396 409 16118 0.655689354577596 1218 
397 411 16934 0.38624952315437666 1209 
398 412 15700 0.6788547333278496 1221 
399 412 16120 0.796146152891128 1097 
400 412 15204 0.30264084005584035 1245 
401 414 15626 0.6407091869263097 1224 
402 420 16917 0.8770643417112838 1266 
403 420 16052 0.7298455487225373 1134 
404 420 15610 0.3622647228616456 1214 
405 421 16670 0.8969206725274744 1217 
406 422 16573 0.4428932455490444 1224 
407 422 16550 0.40220139642172037 1256 
408 422 15902 0.7369164135035353 1128 
409 423 15628 0.18262773329869564 1196 
410 424 15202 0.4603603983784333 1245 
411 424 16686 0.10530487864161767 1225 
412 425 15977 0.2081617599261056 1234 
413 425 15282 0.19040004453821943 1103 
414 426 15891 0.021701396173954057 1177 
415 426 16224 0.7724913730333369 1193 
416 426 16024 0.09409021213954533 1202 
417 426 15460 0.21126379635591933 1077 
418 427 16262 0.5307807531317056 1219 
419 428 15179 0.7061480851327395 1148 
420 429 17045 0.8373033556999635 1074 
421 429 15397 0.7053513413719392 1183 
422 430 16169 0.36946776067548837 1075 
423 431 16433 0.7508776784766421 1121 
424 435 15083 0.23286510684587658 1201 
425 436 16992 0.3440475761787783 1196 
426 440 16919 0.8796576085166239 1181 
427 441 15268 0.8402858195426026 1213 
428 444 15952 0.4532472138532342 1216 
429 445 15248 0.4550248601824609 1182 
430 445 15442 0.5208952897839144 1173 
431 446 16684 0.04794803855193518 1238 
432 446 15687 0.8456263057634984 1163 
433 447 16403 0.594740082321059 1243 
434 447 15366 0.17896075465738787 1141 
435 451 15272 0.16672982101855058 1132 
436 454 15230 0.378085791420661 1151 
437 454 15219 0.02675983405373327 1131 
438 455 16630 0.2797963122825047 1109 
439 456 16564 0.7136180240362395 1132 
440 457 15262 0.6000298049720084 1144 
441 457 15524 0.5003624397682934 1230 
442 458 15371 0.3791734764344754 1141 
443 458 15814 0.08204693099188355 1092 
444 459 16249 0.427026471768214 1208 
445 460 15166 0.3136244052846194 1196 
446 460 15763 0.6794569224257764 1210 
447 460 16956 0.6572890936148403 1125 
448 460 16264 0.8703667875646347 1116 
449 460 16545 0.38648667512357204 1185 
450 460 16479 0.4286774225228033 1231 
451 461 16009 0.1368100628680049 1104 
452 462 15074 0.5718283527830826 1258 
453 462 16283 0.45932496071776824 1103 
454 463 15412 0.8790357938344153 1109 
455 463 16769 0.7469901153415199 1253 
456 464 16756 0.22084355272336129 1207 
457 465 15582 0.5120813977574166 1132 
458 466 16479 0.879469035753047 1191 
459 469 15286 0.3460056001971628 1227 
460 470 16277 0.16517670744065918 1249 
461 470 16345 0.4016869069325527 1184 
462 471 16133 0.609542651352133 1126 
463 474 16255 0.7572177502972739 1107 
464 474 16562 0.2540225998267867 1254 
465 476 16149 0.6785447469617671 1197 
466 476 15883 0.4581252032137214 1080 
467 477 16844 0.7322036964230575 1115 
468 477 15702 0.2809990770693824 1213 
469 478 15150 0.4831015535663543 1108 
470 479 16146 0.3422772531732188 1270 
471 479 15139 0.7857584179295508 1075 
472 479 15814 0.12032243582671485 1224 
473 479 15478 0.7384231045776369 1106 
474 481 15948 0.8284374845957166 1140 
475 483 16915 0.49125684728259156 1114 
476 484 16410 0.14793659444825702 1152 
477 484 15271 0.3746412154184526 1206 
478 486 16813 0.24896417313377456 1086 
479 487 15112 0.5080606224934626 1180 
480 489 15612 0.09960642833097733 1264 
481 490 16916 0.8683836920218907 1120 
482 491 15278 0.31269250755044137 1260 
483 492 15332 0.8694667253721943 1096 
484 493 16417 0.10933454465699154 1144 
485 495 15500 0.7222994707621507 1072 
486 495 15559 0.7565012605177646 1204 
487 497 16716 0.3636176783303562 1072 
488 498 16770 0.8370606831935097 1223 
489 499 15414 0.43089263873304945 1085 
490 499 16078 0.2222102093997622 1120 
491 500 15093 0.5206981562723131 1128 
492 503 15265 0.8345784819141938 1224 
493 504 16287 0.20618095167972977 1253 
494 504 15481 0.3661249238441179 1148 
495 506 17029 0.18902744400277596 1260 
496 510 15885 0.5694663384219012 1157 
497 511 16471 0.7099217970597189 1236 
498 511 16691 0.03134724428045866 1130 
499 512 16143 0.1721960967954781 1163 
500 512 15400 0.5778655963740729 1082 
501 513 15766 0.06607110610584936 1208 
502 517 16417 0.7056884129883689 1143 
503 518 16943 0.1379442093224412 1153 
504 526 16469 0.050878305585262865 1119 
505 526 15807 0.7882915226080177 1096 
506 527 15369 0.40120013344116956 1176 
507 529 15250 0.8165661730868983 1174 
508 530 16328 0.07462103506608858 1246 
509 533 16191 0.7027744846342381 1070 
510 534 16855 0.8200600222075518 1079 
511 537 15641 0.3179003166903992 1077 
512 537 16545 0.4845145393364342 1082 
513 538 15367 0.2884577170744449 1081 
514 540 16478 0.27450193259790384 1206 
515 540 16310 0.27344185622707434 1249 
516 541 16776 0.7817669917554183 1074 
517 542 15595 0.7967672499755997 1258 
518 544 16557 0.5929789315633179 1125 
519 550 16217 0.5446490754858963 1264 
520 551 16942 0.12975419934139715 1184 
521 552 15351 0.016180141740348403 1150 
522 554 15070 0.6796013753864836 1237 
523 554 15893 0.1926806798786697 1155 
524 555 15836 0.4031461443599882 1206 
525 555 16958 0.150999886590164 1118 
526 556 15431 0.04308665393853746 1123 
527 556 15712 0.6148892985906277 1267 
528 557 16450 0.19869762090824483 1228 
529 557 15235 0.15104324525445778 1151 
530 557 16136 0.3011670927241809 1150 
531 559 16934 0.7575202381827291 1239 
532 559 15260 0.5837647177993845 1157 
533 559 16180 0.690970819189219 1260 
534 562 15551 0.3889864627265685 1222 
535 562 16677 0.0617238336364977 1148 
536 563 15623 0.7622933277062779 1180 
537 564 16816 0.7110727372058242 1147 
538 564 15360 0.021298097391018567 1139 
539 564 17046 0.3626752601936056 1112 
540 564 16141 0.7973803506417292 1089 
541 566 15681 0.19601997006629246 1266 
542 567 15739 0.6800652893843588 1270 
543 567 15809 0.5623039658132615 1219 
544 568 15635 0.43579496770598203 1153 
545 568 15797 0.04839725876447112 1215 
546 569 15321 0.15186114916260343 1245 
547 570 16802 0.022733585078197158 1146 
548 570 16882 0.29773367412148805 1201 
549 570 17053 0.3769143826312328 1191 
550 572 16899 0.7006013011806648 1188 
551 572 15126 0.7321316417954423 1148 
552 574 16036 0.4473038675358971 1081 
553 576 15581 0.27078768213608334 1076 
554 576 15835 0.4948214479659176 1239 
555 578 16423 0.4393418223226156 1143 
556 579 16273 0.5348571987496035 1224 
557 579 15688 0.5321802386750996 1151 
558 580 15906 0.41706337048469255 1153 
559 581 16107 0.22667619636813371 1144 
560 581 15504 0.12834349766225187 1088 
561 583 16949 0.5953967301240933 1120 
562 584 15842 0.03600590843428819 1095 
563 584 15296 0.04685853714499301 1254 
564 586 15611 0.3540025207795619 1163 
565 586 15789 0.02706105922975869 1224 
566 587 16187 0.8170645180246316 1259 
567 588 15921 0.49198093754667493 1255 
568 589 16442 0.038276858595392343 1128 
569 589 15677 0.26528161639628484 1206 
570 590 15939 0.6726367941498852 1254 
571 590 15866 0.712423729558657 1214 
572 591 16419 0.3734391657512654 1085 
573 591 16658 0.7314327480937126 1173 
574 592 16246 0.13993257189176175 1223 
575 592 16942 0.4507638362547352 1205 
576 594 15828 0.8949825321711812 1097 
577 596 15546 0.13110093383053706 1084 
578 597 16897 0.04167003976023329 1173 
579 598 16629 0.7446872147546886 1260 
580 598 16802 0.39433585645456354 1175 
581 598 15373 0.0744089655135696 1260 
582 598 15949 0.013602975059165683 1219 
583 598 15338 0.5391534378802673 1077 
584 599 15452 0.10683958515980721 1260 
585 601 15402 0.8331074042410198 1090 
586 603 16651 0.542030590096068 1138 
587 604 15136 0.226739804236687 1161 
588 606 15066 0.4623402669098697 1187 
589 607 16059 0.3941972061045955 1224 
590 607 17009 0.14994740794719974 1126 
591 609 16534 0.7318127776889383 1189 
592 610 16250 0.2222309958820518 1148 
593 611 15408 0.05909058823528212 1253 
594 613 16599 0.5038294398546707 1206 
595 613 15081 0.7113868092841886 1173 
596 614 15478 0.4213815705538126 1222 
597 614 16010 0.8027132567911265 1112 
598 620 16290 0.318902981397994 1256 
599 620 15606 0.3186860255192877 1180 
600 622 16194 0.2886715362075916 1205 
601 624 15100 0.03537502918487135 1146 
602 624 15874 0.514713907967556 1243 
603 625 16404 0.15938913764361526 1222 
604 625 15642 0.563993384371541 1259 
605 625 15193 0.7265044857406017 1191 
606 628 17021 0.6023550276801998 1100 
607 628 15412 0.31186311083710877 1203 
608 629 16878 0.5348373029764939 1103 
609 631 15196 0.10781644910076965 1155 
610 631 15113 0.1066016041462072 1193 
611 631 15671 0.31004063688333705 1092 
612 635 16054 0.35863049556429644 1179 
613 637 16787 0.8838231142969399 1171 
614 638 16486 0.4005130161200703 1249 
615 639 16030 0.3522936702343209 1188 
616 640 15240 0.4329046330442881 1157 
617 640 16281 0.3315825916572513 1223 
618 641 15688 0.520054200784508 1099 
619 642 16202 0.20105338256269795 1076 
620 646 15850 0.1757489249189502 1226 
621 646 15187 0.3634602498947399 1083 
622 646 16313 0.8929808137665762 1075 
623 649 15438 0.7411696996307716 1092 
624 650 16733 0.3703806485711991 1227 
625 652 15764 0.6089427979026549 1163 
626 652 15786 0.48503515266918273 1157 
627 652 15767 0.11120331920975247 1160 
628 653 15224 0.7433831785830559 1173 
629 655 16184 0.21056960027996802 1169 
630 655 15529 0.4807429509879672 1090 
631 656 15383 0.31261655253512605 1223 
632 656 15463 0.27911868313854354 1070 
633 657 15942 0.44994014717586717 1122 
634 657 16721 0.47305308950409863 1236 
635 659 15279 0.7388611734663117 1202 
636 660 15829 0.026104041650095743 1225 
637 661 16348 0.17941577354832322 1171 
638 661 16659 0.11848282659087274 1238 
639 661 16498 0.6590631400162593 1249 
640 663 16146 0.8030331449462308 1098 
641 663 15133 0.6196590028623195 1193 
642 666 16005 0.23080785361001793 1244 
643 666 16936 0.5887135394569684 1148 
644 666 15226 0.05369197339341165 1249 
645 667 16698 0.578845296768304 1075 
646 668 16304 0.1892357284272691 1149 
647 669 16816 0.6034474644743122 1083 
648 670 15670 0.38002648230475816 1108 
649 671 15974 0.26499497107889275 1085 
650 673 16454 0.5461042752254512 1159 
651 673 16190 0.8356488287784914 1191 
652 675 15296 0.8726637155795096 1170 
653 675 16873 0.5988677979060858 1089 
654 675 16293 0.39940130230077353 1199 
655 676 15822 0.2492031469557174 1170 
656 677 15423 0.7098708159857194 1261 
657 677 15302 0.3970639523584104 1195 
658 678 15677 0.6531436968551235 1197 
659 678 16525 0.8693580557092826 1123 
660 679 15920 0.5780866933342872 1267 
661 681 16982 0.10155997674606325 1083 
662 681 15472 0.401663160405501 1123 
663 686 15831 0.021527660991401742 1103 
664 687 15586 0.5815916879922873 1159 
665 687 15496 0.6411868384908881 1138 
666 689 15551 0.5275464374950062 1082 
667 693 16238 0.21185433271685813 1151 
668 695 15738 0.3963082845333292 1072 
669 696 16114 0.1401072140917108 1255 
670 697 15757 0.5137487253558186 1121 
671 704 16811 0.21113604292362526 1073 
672 704 15727 0.6490763909876439 1127 
673 705 16527 0.3549649139773946 1180 
674 706 15131 0.462219058420875 1081 
675 707 15837 0.8696028748110978 1082 
676 707 16209 0.22340782590273944 1088 
677 708 15941 0.07928834671185131 1089 
678 710 16792 0.46440602506971657 1135 
679 712 16843 0.39052982190980295 1226 
680 712 16893 0.8633551817428304 1247 
681 714 15116 0.6787120597299034 1217 
682 714 16362 0.5982442123168059 1129 
683 715 15413 0.722701877537578 1186 
684 716 16998 0.1561108761185671 1102 
685 717 15994 0.07364975690151994 1147 
686 718 15961 0.07443134308867899 1219 
687 719 15708 0.450789163637173 1254 
688 719 15328 0.4556987425239513 1195 
689 722 16541 0.05276266723351047 1221 
690 723 16130 0.2323167696018109 1184 
691 723 15244 0.7803998819568995 1109 
692 724 15196 0.13875493544389325 1248 
693 726 15870 0.5834759412089547 1179 
694 727 15774 0.547106973316606 1137 
695 728 17001 0.550568915894115 1244 
696 728 16162 0.6433006226889004 1172 
697 729 15672 0.12072503637456644 1267 
698 729 16406 0.5683224439422037 1211 
699 730 17017 0.0313617891213155 1237 
700 730 15270 0.10412787455154383 1096 
701 730 15362 0.354502064283901 1203 
702 730 16827 0.5147786634443371 1242 
703 731 15144 0.07726714246324169 1269 
704 733 16326 0.3162981353907753 1157 
705 733 15508 0.5958316477467724 1206 
706 734 16822 0.5736237794565529 1209 
707 737 15877 0.17400714859151717 1123 
708 738 16206 0.48441786467774944 1251 
709 740 16754 0.8510805921531097 1221 
710 741 16823 0.7234021809452001 1253 
711 743 16805 0.722125827948673 1265 
712 744 15709 0.6675929973213919 1206 
713 744 16893 0.30110681951244184 1078 
714 748 15687 0.3045744817694659 1179 
715 748 15244 0.17920017584804315 1156 
716 748 15219 0.7468832018307326 1184 
717 749 16247 0.19097243596594787 1104 
718 750 15963 0.73157540116196 1131 
719 752 16070 0.10751464625440325 1119 
720 752 15499 0.3791621300643421 1102 
721 752 16583 0.22303603085886464 1188 
722 753 15717 0.8219408593877507 1186 
723 754 15166 0.5392321651107506 1189 
724 754 16026 0.1395616949606149 1270 
725 754 16834 0.5791526806883044 1191 
726 755 15078 0.8338653010731285 1198 
727 755 16243 0.6481317865163817 1087 
728 756 15794 0.4485665397350592 1142 
729 759 16631 0.7877918816948477 1255 
730 765 15881 0.30331672928771297 1118 
731 767 16996 0.758971796358843 1232 
732 767 15356 0.27790734338025114 1155 
733 768 16784 0.5471090536580102 1244 
734 768 16029 0.5707408776681141 1225 
735 768 15960 0.47312008081178564 1073 
736 768 15229 0.3702339234833741 1261 
737 769 16677 0.796087380620045 1156 
738 773 16534 0.4944745602470253 1114 
739 773 15111 0.7306185966617504 1240 
740 774 15382 0.8808407062861299 1227 
741 774 16998 0.262730227795932 1156 
742 776 16900 0.8588941026868238 1263 
743 777 16348 0.5660717364446402 1110 
744 778 15992 0.7025391212825898 1205 
745 778 15834 0.8197216049250782 1145 
746 779 16841 0.6043850663466015 1262 
747 779 15677 0.3733647998307611 1173 
748 781 16367 0.4835945537479539 1204 
749 782 15420 0.7507716755509795 1166 
750 783 15422 0.321271343740919 1211 
751 783 15565 0.5690357506251643 1173 
752 785 15245 0.1474587727484283 1113 
753 786 17038 0.3885829370964972 1119 
754 787 15254 0.8219411425114337 1123 
755 787 16863 0.05680316360821524 1217 
756 789 15254 0.1914867358579081 1101 
757 789 16532 0.14730621876469036 1261 
758 792 15816 0.4186890858244152 1173 
759 793 15753 0.35441989680372177 1184 
760 793 15230 0.2838703087478538 1165 
761 793 16294 0.5669047539999765 1145 
762 795 15401 0.4987053806121514 1259 
763 797 15971 0.6378743670382759 1120 
764 799 16849 0.21447408382925676 1092 
765 800 16316 0.870141032843578 1187 
766 801 15343 0.7430944042213129 1071 
767 802 15681 0.41243209759024935 1187 
768 803 15341 0.5789497575100726 1245 
769 805 15249 0.3496170581946711 1137 
770 805 16591 0.5117728734793441 1138 
771 805 16127 0.8967045774936645 1197 
772 805 16370 0.3422026556845972 1254 
773 806 15544 0.4802725510050347 1149 
774 806 17010 0.4010154722572978 1243 
775 807 16042 0.5147588930947076 1084 
776 810 15827 0.6467248304595873 1176 
777 812 16868 0.1881394389518814 1099 
778 812 15293 0.23596228232622193 1161 
779 812 15217 0.15312266592142423 1112 
780 813 15344 0.03935452999494253 1105 
781 814 15892 0.3764330708174974 1190 
782 816 16515 0.637012568852729 1174 
783 816 15742 0.5201969279324002 1263 
784 816 16676 0.3479707668693608 1265 
785 817 15779 0.2658722874000873 1199 
786 820 15652 0.8943756943406068 1081 
787 821 16120 0.3408525135804773 1241 
788 822 16428 0.06721587772666515 1101 
789 823 16224 0.6854651624987917 1091 
790 824 16036 0.7007853871695157 1257 
791 824 16779 0.6254337232212525 1132 
792 826 16519 0.75825505241293 1097 
793 826 16395 0.4082495139361719 1135 
794 827 16060 0.6790165185455865 1206 
795 828 15846 0.1835239847879869 1227 
796 830 16095 0.09819233005397461 1160 
797 831 16332 0.5073065851123044 1125 
798 831 15931 0.5238758229986253 1239 
799 835 16871 0.47462349507341295 1131 
800 836 16843 0.8276565461350391 1071 
801 839 16550 0.17702125107518707 1172 
802 840 15315 0.545419878196389 1250 
803 841 16071 0.02846704720516626 1255 
804 841 15893 0.85338979876118 1205 
805 842 16928 0.20405880178429775 1075 
806 842 15452 0.41525998535305436 1260 
807 842 15704 0.29968112327098134 1082 
808 843 16783 0.6572370216431727 1116 
809 844 16817 0.3351181635020989 1180 
810 844 15392 0.8216732009960475 1232 
811 845 16598 0.20174888172721828 1269 
812 846 15574 0.8181287323745658 1162 
813 846 16704 0.20233169279982613 1263 
814 847 16375 0.058042205236621555 1093 
815 847 17038 0.6719125054208794 1178 
816 848 16460 0.11198884141796181 1093 
817 848 16202 0.43139358763860175 1072 
818 852 16884 0.5234453614773127 1199 
819 852 15846 0.863707096772141 1089 
820 853 16833 0.03627842386776217 1104 
821 854 16950 0.7678088094083111 1176 
822 854 15106 0.4849882466669645 1121 
823 857 16392 0.7238887396464659 1163 
824 857 16862 0.8197415546899316 1217 
825 857 16766 0.49036008721528285 1076 
826 858 16516 0.8965013754701987 1119 
827 858 16592 0.4308428014961729 1227 
828 858 16821 0.8583006211280292 1086 
829 860 15761 0.6918796667827896 1108 
830 862 16444 0.4992004136771027 1265 
831 863 16137 0.7019432466096935 1145 
832 863 15906 0.3753893539066762 1097 
833 863 16435 0.17578876014913908 1242 
834 864 16034 0.31747246497756354 1077 
835 866 15161 0.8485972260841148 1200 
836 867 15182 0.7158257564844137 1124 
837 867 16540 0.32063644210751585 1155 
838 869 15747 0.11653701478511534 1154 
839 870 15342 0.22381866724899446 1122 
840 873 16951 0.573859963604211 1256 
841 874 15762 0.2085205453843768 1228 
842 875 16185 0.33256563567502895 1077 
843 875 16434 0.010342842669249617 1233 
844 875 16538 0.8166277203498169 1211 
845 875 16013 0.1188392428332262 1169 
846 876 15101 0.41441199448014754 1106 
847 877 15286 0.36218656819762934 1234 
848 878 15191 0.8690358565588482 1098 
849 880 16695 0.27966081611547083 1149 
850 880 15581 0.7564746113124444 1102 
851 880 16136 0.05990717192507796 1159 
852 881 15722 0.7508073307174788 1153 
853 882 16341 0.6907138919252115 1122 
854 882 16904 0.5491861483887871 1202 
855 883 16200 0.34563396258243956 1200 
856 885 16993 0.7099233612404168 1219 
857 890 15940 0.8085413966462779 1097 
858 892 17017 0.42810987965416764 1199 
859 892 17013 0.6199618053406898 1209 
860 893 17002 0.7467397192345284 1167 
861 893 16604 0.5206059632917005 1219 
862 895 15951 0.4275239606871334 1143 
863 895 16801 0.32106576303150225 1200 
864 895 15273 0.5878277851556101 1194 
865 895 16423 0.4296074900397877 1102 
866 897 15861 0.46394521772901615 1217 
867 900 16833 0.1393659071141232 1135 
868 902 16029 0.4419299081957706 1079 
869 902 16581 0.1408159646698759 1219 
870 904 15671 0.8647077151088979 1140 
871 905 16174 0.6251975974420979 1159 
872 905 16604 0.3252206051809028 1135 
873 906 15831 0.22195578551551598 1254 
874 907 16384 0.042386199417823935 1218 
875 908 15389 0.0659493586182563 1234 
876 908 15903 0.42218194565131556 1246 
877 909 16624 0.887139658441651 1077 
878 912 16253 0.03200222933448963 1125 
879 914 15959 0.049645482146411096 1206 
880 915 15958 0.10216163974666483 1187 
881 920 15975 0.3346509250654097 1166 
882 921 16635 0.784498091608368 1231 
883 921 15993 0.7965901017775806 1159 
884 922 17033 0.2698985314160716 1229 
885 922 16410 0.7305408309285252 1207 
886 922 15624 0.2591638784709522 1179 
887 923 16790 0.049730148084938815 1198 
888 924 16295 0.2946466669652348 1077 
889 926 16720 0.11897131981316936 1073 
890 927 15869 0.8730626296271966 1074 
891 927 16051 0.4705810939828193 1190 
892 929 15075 0.5441642808195917 1178 
893 930 16970 0.053647947500612456 1189 
894 930 16023 0.3827963454560625 1233 
895 931 15094 0.15878775594634878 1139 
896 932 16817 0.26589985875431377 1168 
897 935 16188 0.5280259856007558 1108 
898 935 16956 0.6873545464251646 1095 
899 936 15703 0.26920900374359946 1197 
900 937 15489 0.7544640061583449 1210 
901 937 15574 0.4298286559494015 1188 
902 938 15699 0.7233939467077848 1127 
903 938 16984 0.8137349682582988 1077 
904 940 16244 0.09793728359938843 1138 
905 940 15539 0.1706282903103733 1075 
906 941 16303 0.4217625727584861 1218 
907 943 16654 0.23570241931171934 1149 
908 944 16243 0.45133705928411183 1215 
909 944 15294 0.12691957633744513 1203 
910 944 16186 0.875903952720769 1163 
911 945 16404 0.04276972348687506 1220 
912 946 15941 0.8978491474620068 1090 
913 946 15555 0.7918913249656214 1193 
914 946 15781 0.12499122363561968 1130 
915 947 15962 0.039295931765179155 1105 
916 948 15768 0.15980302369490784 1270 
917 949 15390 0.6663592629299735 1246 
918 950 15528 0.827297981825798 1129 
919 952 16219 0.797455343547128 1246 
920 952 16949 0.8329769429428769 1168 
921 954 16777 0.8900469587693638 1189 
922 954 15364 0.021141835791295117 1147 
923 955 16692 0.6758579678671117 1176 
924 955 16177 0.6077475778206035 1225 
925 956 15535 0.36717477040255203 1156 
926 959 15664 0.040976392532766366 1256 
927 960 15353 0.8682839425161196 1256 
928 960 16739 0.686735639055779 1167 
929 963 15806 0.21719305430644995 1116 
930 963 15710 0.6641804898649684 1219 
931 964 15600 0.4573852947745637 1194 
932 966 16884 0.2707894685714584 1072 
933 966 15666 0.691149516505332 1170 
934 966 16636 0.7231159480484072 1238 
935 967 16804 0.020999002898241734 1130 
936 967 15073 0.631677918870334 1207 
937 970 15389 0.891132434860707 1078 
938 970 15869 0.5216124732840494 1234 
939 970 15951 0.13047696314534138 1259 
940 971 16616 0.6733441177847184 1091 
941 972 16882 0.6390170530439209 1135 
942 974 15671 0.7172239061222919 1149 
943 976 15136 0.47120140977164165 1168 
944 979 16383 0.562725682220013 1105 
945 979 15722 0.6563618965412904 1123 
946 980 16771 0.37939803018016666 1122 
947 984 15677 0.17215090655161772 1219 
948 985 15555 0.6017386007392024 1218 
949 985 16231 0.06628799976811561 1236 
950 985 15534 0.7009593419307727 1218 
951 985 15313 0.0741843730925279 1224 
952 987 16861 0.8925668717660428 1222 
953 987 15231 0.4770690329655371 1145 
954 988 15114 0.4197702638370101 1104 
955 988 16611 0.21558542226448835 1232 
956 988 15703 0.8502691892543416 1247 
957 988 16212 0.32881331941185643 1160 
958 989 16527 0.740371408536179 1224 
959 990 16436 0.03433031903635736 1245 
960 991 16464 0.5663593240515233 1252 
961 993 15447 0.6453247304727402 1089 
962 996 16470 0.7203323266036012 1145 
963 999 15262 0.4076479321855253 1238 
964 999 15888 0.8110587535288892 1253 
965 1001 15121 0.04428322372551852 1075 
966 1002 16152 0.09690202906481986 1167 
967 1003 16448 0.20258604763763197 1224 
968 1006 17014 0.5141177894087829 1110 
969 1007 16586 0.16464788695331195 1105 
970 1008 16194 0.7376799642488315 1106 
971 1008 15138 0.8910214808907474 1116 
972 1008 15982 0.08719413486494344 1228 
973 1008 15741 0.42635677235774616 1217 
974 1011 15201 0.014238994344531498 1245 
975 1011 15213 0.14189051409521347 1194 
976 1013 16883 0.47101506250322467 1224 
977 1013 16089 0.8408831337348883 1244 
978 1015 16860 0.6436977269721199 1246 
979 1019 15761 0.5907133673881885 1237 
980 1022 15776 0.5283576061258436 1208 
981 1022 15334 0.30271827504488114 1226 
982 1022 16136 0.2356754528169625 1150 
983 1023 16038 0.4269284346801833 1243 
984 1026 15146 0.6492691041220977 1146 
985 1026 16883 0.7878794382090114 1090 
986 1026 16433 0.7346123268925076 1242 
987 1030 15717 0.2003976848629849 1105 
988 1032 16134 0.13673523934758106 1201 
989 1032 15912 0.29522608306906534 1235 
990 1032 15144 0.4553167152741552 1090 
991 1033 15937 0.8522400308765787 1190 
992 1036 15898 0.2687743890724078 1085 
993 1036 16620 0.4704008700921546 1107 
994 1037 16867 0.4479453195147314 1107 
995 1037 17051 0.8117265758084625 1268 
996 1039 16613 0.883205769723173 1226 
997 1040 16308 0.12964471785697 1073 
998 1049 15412 0.6470448686513809 1221 
999 1053 15716 0.0476676172792534 1227 
1000 1054 17003 0.5045831136757943 1270 
1001 1055 16316 0.4914687205781595 1144 
1002 1057 16942 0.131972902128388 1215 
1003 1057 16307 0.21599825353444255 1136 
1004 1057 15848 0.2811160243050833 1247 
1005 1058 15699 0.22396508579683366 1263 
1006 1058 15558 0.3931560561115954 1260 
1007 1059 15661 0.26325957442364784 1259 
1008 1060 15278 0.06912672685947366 1183 
1009 1060 16591 0.7732120183547221 1107 
1010 1061 16185 0.6947030797131947 1205 
1011 1061 15839 0.5412477582008484 1174 
1012 1061 15721 0.8127875670926024 1073 
1013 1062 15187 0.3555886588499374 1193 
1014 1062 16951 0.06596218162279806 1115 
1015 1062 15636 0.41344803465712493 1258 
1016 1064 15581 0.03555600493598008 1120 
1017 1064 15792 0.4301345301527976 1111 
1018 1064 16148 0.23263619491359788 1250 
1019 1065 16363 0.14563876996294914 1083 
1020 1065 16648 0.6025720294700498 1135 
1021 1065 16776 0.5037913365430607 1183 
1022 1066 16770 0.1504053073430504 1223 
1023 1066 16227 0.1562850049795234 1132 
1024 1066 16242 0.29782216595442257 1080 
1025 1067 15402 0.7817522746003187 1117 
1026 1068 15998 0.6460854829895378 1121 
1027 1068 16836 0.7939439475149112 1183 
1028 1069 16343 0.6166196949252852 1095 
1029 1073 15082 0.8404944863410267 1090 
1030 1073 15677 0.765374378218896 1201 
1031 1073 15693 0.6212092530612293 1194 
1032 1074 16003 0.21482621654965423 1269 
1033 1078 15392 0.02264982648527221 1147 
1034 1078 15083 0.5707649482352222 1189 
1035 1078 16931 0.28311374572812753 1239 
1036 1079 15805 0.6007051297928548 1268 
1037 1080 15255 0.21731102638878844 1110 
1038 1080 15202 0.7140412879553777 1174 
1039 1081 16868 0.7575074642942384 1193 
1040 1082 16411 0.6872216728119841 1246 
1041 1083 15449 0.6894812995616264 1103 
1042 1083 15589 0.7197800005295307 1140 
1043 1084 16570 0.4145637610059083 1122 
1044 1089 16526 0.23252015075612403 1198 
1045 1089 15331 0.44242436552703446 1270 
1046 1090 16666 0.46518617870233303 1116 
1047 1094 16110 0.49022121095431537 1124 
1048 1094 15693 0.39095816696481833 1133 
1049 1097 15798 0.8050026681486184 1243 
1050 1097 15140 0.6588595072845733 1239 
1051 1098 15881 0.47378119825073245 1096 
1052 1099 15843 0.48404682301301716 1177 
1053 1100 15513 0.5990161628949529 1141 
1054 1101 16655 0.7540353227859103 1123 
1055 1104 16819 0.14922774121550567 1258 
1056 1104 15803 0.6367649342079119 1160 
1057 1105 16421 0.09862195975696852 1142 
1058 1105 15627 0.027003412123536047 1264 
1059 1105 16069 0.5740458026374166 1143 
1060 1106 15552 0.8844369892279422 1128 
1061 1107 15260 0.27647309786528407 1125 
1062 1108 16468 0.8373409948102123 1161 
1063 1109 16543 0.5105430258248621 1240 
1064 1112 15385 0.44055037973091427 1084 
1065 1113 15352 0.8494078969604083 1204 
1066 1113 16146 0.15290954008362764 1256 
1067 1113 16827 0.8827958686656944 1083 
1068 1115 15125 0.31272265960438955 1152 
1069 1115 16958 0.43940942693934354 1181 
1070 1117 16894 0.29386576405910597 1119 
1071 1117 15272 0.011060529464699523 1121 
1072 1124 15613 0.4878388076656706 1225 
1073 1125 16402 0.7066856514535773 1251 
1074 1128 15962 0.6222761057619443 1164 
1075 1132 16803 0.7301057427157132 1157 
1076 1132 15649 0.07393883592298221 1131 
1077 1133 16977 0.6338759601440435 1112 
1078 1135 16459 0.6799392107682296 1249 
1079 1135 16209 0.6026121023084711 1238 
1080 1135 15351 0.45433198854763523 1216 
1081 1137 16242 0.14157555628112983 1096 
1082 1137 16383 0.2155260366741932 1140 
1083 1137 15987 0.6909580347095261 1227 
1084 1137 16205 0.2840639300398602 1124 
1085 1138 16013 0.6059057572377604 1128 
1086 1138 16317 0.6235540784434002 1234 
1087 1138 15224 0.21679964640874405 1084 
1088 1140 17007 0.7563644109404428 1257 
1089 1141 16355 0.5031685238567374 1112 
1090 1143 15920 0.13397834863946573 1262 
1091 1143 15537 0.12364295016289531 1111 
1092 1144 16435 0.5368024302205612 1197 
1093 1145 16130 0.04490144511030736 1259 
1094 1147 15632 0.6908631596950666 1210 
1095 1147 16936 0.5935457247745107 1075 
1096 1147 15394 0.7199251244988629 1096 
1097 1148 15076 0.3555818306107511 1149 
1098 1149 15949 0.6737965022519701 1157 
1099 1150 16387 0.5158277995049059 1197 
1100 1151 16662 0.8907982415336246 1105 
1101 1151 16750 0.23047756059704902 1214 
1102 1151 16567 0.8392014316006475 1090 
1103 1152 15397 0.6765008583945936 1085 
1104 1153 15915 0.4504184888455352 1162 
1105 1156 15416 0.42118137054689736 1243 
1106 1156 16789 0.8736864672026288 1269 
1107 1156 15536 0.24680940378586336 1153 
1108 1157 15250 0.48261174604008644 1156 
1109 1157 16522 0.6466002592164833 1171 
1110 1157 15942 0.3595178133384123 1092 
1111 1161 15395 0.7156132677790531 1140 
1112 1161 15737 0.6534749624196555 1081 
1113 1162 15115 0.6152018840768179 1213 
1114 1162 15359 0.5893889597494677 1141 
1115 1163 16784 0.3378510565718522 1244 
1116 1163 15982 0.49444034122829134 1248 
1117 1164 15148 0.1008698454409431 1164 
1118 1165 15296 0.7772192387277878 1079 
1119 1166 16805 0.1736395325005851 1210 
1120 1166 16613 0.5303152533237135 1211 
1121 1167 15054 0.8239173527317261 1237 
1122 1168 15498 0.48802632242798516 1156 
1123 1170 15472 0.5846364091312913 1143 
1124 1171 15126 0.14262016912216904 1208 
1125 1172 15603 0.5222039536177157 1157 
1126 1172 16375 0.6675338094496305 1243 
1127 1172 16733 0.2875239624259351 1091 
1128 1173 15284 0.15808913485747864 1140 
1129 1174 15786 0.8715533935569106 1115 
1130 1175 16131 0.4101440947771223 1116 
1131 1177 15813 0.7759841152042067 1107 
1132 1180 16211 0.6800213481418959 1203 
1133 1186 16676 0.13705293307876393 1103 
1134 1186 16624 0.2999882448194356 1157 
1135 1187 15262 0.04763211437110233 1125 
1136 1189 16913 0.44738548125386574 1133 
1137 1189 16119 0.3721914550198478 1079 
1138 1191 16911 0.03966542278669528 1231 
1139 1191 15461 0.8656968409502801 1167 
1140 1193 16566 0.24799953674969344 1177 
1141 1194 15998 0.62541679687875 1164 
1142 1194 16013 0.5246871804068581 1081 
1143 1195 15586 0.5632162793694907 1270 
1144 1195 15247 0.04034416849196489 1167 
1145 1196 15317 0.5712654947751751 1091 
1146 1197 15311 0.2996767677253806 1114 
1147 1201 15721 0.19232676604173282 1171 
1148 1203 15305 0.7148196178723188 1073 
1149 1204 16575 0.41919534532968444 1099 
1150 1205 16278 0.7762216781336415 1141 
1151 1206 15463 0.1954528315810279 1148 
1152 1207 15116 0.7208496885534168 1083 
1153 1208 16731 0.08391054170396714 1075 
1154 1209 16717 0.45152923390330085 1073 
1155 1210 15192 0.6394898591330794 1072 
1156 1211 15855 0.2969754547594356 1188 
1157 1211 15800 0.7769871567162363 1101 
1158 1211 15800 0.16399887613550426 1165 
1159 1211 15665 0.8545664498797844 1097 
1160 1213 15566 0.8805445135660821 1238 
1161 1214 16328 0.8255741898005111 1144 
1162 1215 15476 0.4022916240096831 1077 
1163 1216 16054 0.8434406545774437 1209 
1164 1216 16888 0.4837830010214838 1147 
1165 1216 16421 0.8077858822098538 1136 
1166 1216 15906 0.2996231665693168 1119 
1167 1217 15866 0.11003053551744435 1154 
1168 1219 16721 0.1069181629835324 1090 
1169 1222 15753 0.8287440427725138 1114 
1170 1225 16288 0.11735838883230265 1106 
1171 1226 16219 0.07270334353587683 1256 
1172 1227 16510 0.4049955780313495 1115 
1173 1228 15739 0.3637565485241081 1088 
1174 1230 15191 0.6227218021868816 1078 
1175 1230 17021 0.422071923132119 1117 
1176 1230 15738 0.7233946558467231 1089 
1177 1231 15466 0.4710355101203603 1103 
1178 1231 15747 0.5053930393941871 1080 
1179 1231 16675 0.16426553219943774 1258 
1180 1232 16406 0.6466923013362113 1125 
1181 1232 16215 0.5909315933265156 1115 
1182 1233 15335 0.027576906309988658 1132 
1183 1233 15738 0.7812209037918448 1146 
1184 1234 16902 0.8933054672872143 1249 
1185 1235 15108 0.3429159140365894 1185 
1186 1235 16658 0.5150390759091165 1148 
1187 1236 16293 0.6168762082162033 1224 
1188 1236 15447 0.07740543261130152 1207 
1189 1237 15920 0.8579819984801929 1263 
1190 1238 16740 0.6638358217320842 1189 
1191 1239 16874 0.0727099688558445 1201 
1192 1242 16333 0.7158536722165508 1266 
1193 1242 15950 0.11936495138360056 1070 
1194 1245 16175 0.820736340669722 1163 
1195 1245 16756 0.25119071699214435 1229 
1196 1246 15723 0.7651245642044181 1229 
1197 1247 16072 0.37282509279749676 1134 
1198 1247 16087 0.15558764527429825 1223 
1199 1249 16984 0.1775742897169253 1265 
1200 1251 16040 0.48814789628253596 1256 
1201 1251 16337 0.24778953073417292 1170 
1202 1252 16446 0.7209827439895031 1162 
1203 1252 17051 0.292225993854101 1178 
1204 1252 15591 0.09620959089517514 1163 
1205 1253 15879 0.6543500430001318 1165 
1206 1254 16169 0.19650426520314143 1206 
1207 1255 15828 0.012044607097831683 1175 
1208 1258 16816 0.5468901857555488 1094 
1209 1259 16433 0.05261721824572015 1203 
1210 1260 16181 0.152446318056497 1245 
1211 1261 15089 0.3379951661230615 1086 
1212 1261 15077 0.4924482149258656 1264 
1213 1262 16594 0.08568046797669278 1167 
1214 1265 15920 0.8873535154402419 1204 
1215 1267 15542 0.7184252534178419 1161 
1216 1267 15295 0.8923842218109294 1269 
1217 1267 15504 0.6011461276863401 1072 
1218 1267 15194 0.2670151868556348 1070 
1219 1268 16508 0.4969223528281336 1162 
1220 1269 15835 0.2978344844125161 1087 
1221 1270 16412 0.43102841650651963 1183 
1222 1271 16616 0.15645282188530418 1145 
1223 1271 16057 0.3945170140975047 1223 
1224 1274 16035 0.8314453149746808 1106 
1225 1274 16083 0.5842164602723673 1152 
1226 1276 16588 0.216565503143796 1232 
1227 1277 15269 0.12431467650591826 1107 
1228 1281 16131 0.0651268230331167 1087 
1229 1282 15416 0.31794832459009476 1253 
1230 1283 16588 0.37612025484450723 1169 
1231 1283 16744 0.8053477252465242 1102 
1232 1283 15915 0.3127726924317268 1104 
1233 1283 15337 0.8690046225676697 1101 
1234 1284 16294 0.23657664153350447 1246 
1235 1284 16486 0.2414476078852917 1115 
1236 1287 16416 0.10185624887264777 1227 
1237 1287 16829 0.7185054810295973 1104 
1238 1288 15817 0.177624906198602 1204 
1239 1289 16132 0.6098107323550839 1078 
1240 1289 15967 0.584792766220474 1211 
1241 1289 15085 0.33472830959317545 1076 
1242 1290 16695 0.13742889851076087 1244 
1243 1290 16679 0.29352820883190034 1222 
1244 1292 15543 0.8279505127075029 1125 
1245 1293 17035 0.10956689969160953 1132 
1246 1293 15565 0.5247448484601668 1159 
1247 1294 16724 0.5609177557130542 1076 
1248 1294 15691 0.34816473288906974 1257 
1249 1295 16240 0.5645132791240821 1220 
1250 1296 15744 0.44951673821268245 1107 
1251 1296 16377 0.8072116618002472 1165 
1252 1297 16012 0.44910816117104035 1196 
1253 1298 15124 0.3925580520020625 1243 
1254 1299 16934 0.013701902813993036 1089 
1255 1299 15807 0.30260188896460727 1086 
1256 1301 16503 0.1165630795821628 1096 
1257 1303 15458 0.731381853760641 1133 
1258 1305 16566 0.5508015038331705 1172 
1259 1307 16307 0.6665609737444842 1088 
1260 1307 16261 0.157528943269023 1182 
1261 1309 15115 0.5210545010784836 1226 
1262 1310 15850 0.3121113864332139 1093 
1263 1311 16223 0.546588607837793 1241 
1264 1311 15213 0.5692317607376657 1145 
1265 1312 15407 0.2260823021641623 1146 
1266 1313 16765 0.6761279437209041 1082 
1267 1314 16380 0.047332010548888546 1198 
1268 1314 16512 0.8259459705223254 1193 
1269 1314 15213 0.7216615023639926 1091 
1270 1316 15608 0.8906159748713568 1135 
1271 1317 16027 0.6794664879640766 1123 
1272 1317 16729 0.3922398058228053 1230 
1273 1318 16370 0.7636239575864956 1245 
1274 1319 16333 0.48418655221746554 1070 
1275 1321 17020 0.4940735671449516 1257 
1276 1324 16907 0.2627833363558656 1150 
1277 1326 15232 0.7880561756832432 1252 
1278 1326 15765 0.2122482870711025 1116 
1279 1326 15213 0.45078207993675656 1137 
1280 1329 15696 0.3617243395336196 1208 
1281 1330 16335 0.7297219116388741 1221 
1282 1330 15880 0.7475145344457153 1084 
1283 1331 16647 0.7732027826503698 1124 
1284 1332 16699 0.17910674916944155 1161 
1285 1333 15598 0.49366469247502853 1138 
1286 1335 16216 0.4520711770799381 1269 
1287 1337 15607 0.7442050873227196 1267 
1288 1337 16183 0.6780525979682562 1214 
1289 1337 16689 0.14369408231663977 1216 
1290 1337 16395 0.22823442257090437 1125 
1291 1337 15090 0.389119528029901 1182 
1292 1338 16199 0.6306392208248941 1113 
1293 1339 15757 0.27025033203149623 1231 
1294 1339 16913 0.24758150314093455 1112 
1295 1339 15911 0.46685623725844 1090 
1296 1340 16080 0.27363685464046433 1091 
1297 1341 16447 0.569013254296279 1231 
1298 1341 16281 0.017562379398758543 1248 
1299 1342 16464 0.39776166199370294 1101 
1300 1342 16040 0.2042013897380685 1114 
1301 1342 15101 0.4885391776472249 1200 
1302 1344 16633 0.34585164865048473 1178 
1303 1344 15824 0.6646169944494489 1125 
1304 1344 15310 0.1803888406280666 1181 
1305 1346 15713 0.5091843670780792 1153 
1306 1347 16736 0.853882954441306 1201 
1307 1347 16185 0.8130460167177359 1149 
1308 1347 16608 0.08346645126003403 1143 
1309 1350 15061 0.1693133310974786 1147 
1310 1350 15689 0.8131833410678778 1119 
1311 1350 16072 0.025239602108953638 1082 
1312 1351 15213 0.052482768618559154 1183 
1313 1353 16311 0.4689240470072297 1202 
1314 1356 15076 0.42298770726824797 1217 
1315 1356 16895 0.21342611123764055 1138 
1316 1356 16544 0.8775953622553359 1254 
1317 1357 15202 0.537270117277491 1197 
1318 1357 16799 0.8136663431689226 1269 
1319 1357 15831 0.8689184506261659 1134 
1320 1357 15094 0.2414913004703519 1097 
1321 1358 16889 0.4516631186320015 1119 
1322 1358 15959 0.034814899886772284 1153 
1323 1359 16493 0.5652259761433605 1157 
1324 1360 16655 0.3961416133867002 1122 
1325 1360 15462 0.6948223178027602 1157 
1326 1362 16742 0.22943281350623587 1238 
1327 1366 15249 0.6125733471536764 1084 
1328 1366 16371 0.7555333857559815 1246 
1329 1370 15977 0.4757368815136647 1103 
1330 1371 15851 0.5166104531840956 1085 
1331 1372 15056 0.41039233287330834 1114 
1332 1373 15061 0.15996937946694925 1169 
1333 1373 16908 0.6486494027916725 1075 
1334 1374 16048 0.2876103468945275 1188 
1335 1375 16409 0.36012223816564715 1190 
1336 1375 16657 0.7378951387163142 1151 
1337 1376 16674 0.8890258424005544 1079 
1338 1376 16592 0.17264709549751056 1243 
1339 1377 15933 0.7118099612785229 1259 
1340 1379 16210 0.5636534799407318 1159 
1341 1382 17008 0.2830357045632839 1122 
1342 1383 15654 0.7686536975683492 1212 
1343 1383 16638 0.65132523217794 1123 
1344 1384 16490 0.3976023088163933 1157 
1345 1385 16520 0.28863839425815274 1205 
1346 1386 15106 0.6519668231565977 1098 
1347 1387 16171 0.05533408999235004 1086 
1348 1387 15448 0.08549527208392951 1182 
1349 1387 16937 0.8784648924118352 1211 
1350 1388 15933 0.6697775932284837 1193 
1351 1388 16328 0.35508023050910664 1260 
1352 1389 16342 0.5198835870456605 1176 
1353 1390 15596 0.6358729730747952 1075 
1354 1390 16959 0.15136789413120538 1137 
1355 1390 15937 0.649502499612308 1224 
1356 1392 16136 0.4102400444138459 1216 
1357 1393 15727 0.7372491461561586 1262 
1358 1395 16620 0.13866405549387253 1217 
1359 1395 15176 0.04624611242161216 1225 
1360 1399 15571 0.21663189834375568 1092 
1361 1399 16971 0.5172765467691988 1146 
1362 1400 15363 0.05585848539333566 1151 
1363 1402 16094 0.657591437203194 1173 
1364 1402 16312 0.830091381502613 1148 
1365 1403 16836 0.6401606994318759 1269 
1366 1403 16767 0.7282235605676628 1191 
1367 1406 16104 0.14535655954427007 1161 
1368 1407 16650 0.837728696723744 1205 
1369 1408 15244 0.42180970666887885 1078 
1370 1409 15848 0.6577268298725322 1178 
1371 1410 15749 0.2956493462631857 1138 
1372 1410 15901 0.7354165892425636 1108 
1373 1411 17030 0.409217038957431 1130 
1374 1411 16464 0.7498693760697847 1189 
1375 1412 16871 0.8180202369730112 1205 
1376 1413 16841 0.8531067968477746 1208 
1377 1413 16327 0.15132672761295293 1135 
1378 1413 16541 0.4499181756767307 1261 
1379 1414 16167 0.6725375298358043 1172 
1380 1414 15076 0.03717092034390819 1174 
1381 1414 16136 0.1489111758609897 1231 
1382 1415 16300 0.03977221121460736 1108 
1383 1417 15413 0.01738694456037678 1233 
1384 1417 15104 0.0566752294630935 1091 
1385 1417 16441 0.7868524040891399 1134 
1386 1418 16311 0.6126259511444002 1215 
1387 1419 17007 0.01064788554600372 1135 
1388 1420 16368 0.26152154972689684 1144 
1389 1421 15621 0.5997813608234875 1107 
1390 1422 16960 0.11277213674659751 1106 
1391 1426 15420 0.4687998929009203 1089 
1392 1428 16272 0.5150253976087699 1113 
1393 1429 16967 0.761505707480729 1098 
1394 1432 16117 0.37123891193980757 1197 
1395 1433 16000 0.1260942574320495 1104 
1396 1433 16081 0.8884933413969882 1196 
1397 1434 16566 0.06852553192725785 1092 
1398 1434 16224 0.21889991082057955 1116 
1399 1435 15116 0.03464875567715665 1235 
1400 1436 15567 0.5029910070455911 1077 
1401 1436 15741 0.8449502313090049 1115 
1402 1436 16020 0.09284679575634283 1199 
1403 1438 15117 0.4402743994514294 1136 
1404 1438 15725 0.10684276446312885 1156 
1405 1439 16845 0.42302537678926866 1236 
1406 1440 15593 0.6470484039792159 1140 
1407 1441 16011 0.8611089429416798 1119 
1408 1441 15722 0.49885558409645153 1221 
1409 1442 15678 0.6213941685606351 1240 
1410 1443 16416 0.6498505351083076 1220 
1411 1443 16309 0.15466465284435799 1099 
1412 1443 16560 0.5811557165743618 1221 
1413 1444 16164 0.14414648414745518 1116 
1414 1444 16279 0.7581320945367557 1238 
1415 1446 16417 0.4025088588599461 1224 
1416 1446 16163 0.8264034863292832 1157 
1417 1447 16869 0.3508147734824579 1147 
1418 1447 15853 0.5517011154549007 1234 
1419 1448 15409 0.8771176909880853 1244 
1420 1451 16223 0.220409010893225 1217 
1421 1451 16884 0.6703649061295934 1261 
1422 1452 15874 0.04242811415810038 1224 
1423 1452 15771 0.031547593845538825 1169 
1424 1454 16080 0.09785329109706643 1083 
1425 1455 16638 0.42005509493228693 1089 
1426 1457 16723 0.7140962535278438 1185 
1427 1457 15483 0.03347004849371375 1075 
1428 1459 16769 0.6461274795545675 1269 
1429 1460 16825 0.5002875224560214 1208 
1430 1460 16162 0.8965145578552483 1266 
1431 1461 15682 0.6855616327462986 1229 
1432 1462 15628 0.38019779020943395 1240 
1433 1463 16896 0.1259203352147345 1138 
1434 1463 16728 0.04177484843457375 1073 
1435 1468 15942 0.23918080746019102 1118 
1436 1468 15297 0.09979772101284973 1214 
1437 1468 15399 0.6859966792836381 1081 
1438 1468 16535 0.7413586353635552 1080 
1439 1468 17047 0.0838712339076808 1143 
1440 1469 16937 0.466245261442997 1237 
1441 1470 15236 0.1614183828472878 1157 
1442 1470 15542 0.8628992005060057 1173 
1443 1472 15433 0.3356596985887067 1170 
1444 1472 15293 0.5585535253199146 1155 
1445 1472 16148 0.5101813689841433 1111 
1446 1473 16544 0.6337638561106482 1095 
1447 1475 15784 0.70647847786082 1092 
1448 1475 15919 0.2683260432424654 1234 
1449 1475 16815 0.09420203458859318 1086 
1450 1476 16177 0.0336670884260536 1225 
1451 1479 15381 0.7656150526960923 1218 
1452 1479 16166 0.3338473294571281 1099 
1453 1479 16232 0.7762333121005843 1083 
1454 1480 15420 0.01903264993857976 1229 
1455 1480 16965 0.13383612085129548 1210 
1456 1480 16817 0.42142634560689946 1192 
1457 1484 15409 0.16191333905894267 1086 
1458 1484 16021 0.8510963413779635 1139 
1459 1485 15231 0.3777666804696015 1161 
1460 1485 15741 0.18420472114350847 1186 
1461 1485 15597 0.2606149812390859 1134 
1462 1485 16140 0.1271491318800845 1109 
1463 1486 16629 0.8735779213868281 1117 
1464 1486 16334 0.6383468851488766 1188 
1465 1488 15680 0.8733680568880423 1144 
1466 1489 16061 0.7466682783536503 1245 
1467 1489 16267 0.3249668259835266 1195 
1468 1490 16039 0.04815356223518286 1155 
1469 1490 16706 0.7785276870608464 1106 
1470 1493 15522 0.09038262242343362 1161 
1471 1496 15560 0.3769284047004257 1173 
1472 1499 16154 0.8998444199533433 1159 
1473 1499 16831 0.5403748600439361 1149 
1474 1499 15918 0.2537815627731564 1267 
1475 1500 16643 0.13928803080525798 1150 
1476 1501 16442 0.35883282300505964 1183 
1477 1504 16258 0.7934166373752417 1236 
1478 1504 16258 0.03786308871065191 1249 
1479 1506 15638 0.3683322267642197 1077 
1480 1506 15053 0.7633293695875456 1236 
1481 1506 15925 0.46827351600064665 1127 
1482 1507 16193 0.3353614733606885 1260 
1483 1509 16533 0.32452854245149515 1070 
1484 1511 16029 0.6395444183899794 1204 
1485 1512 15813 0.295157957326496 1095 
1486 1514 16546 0.8680107483817325 1082 
1487 1518 16456 0.07023062225547684 1093 
1488 1521 16274 0.25089527263701045 1131 
1489 1521 16761 0.5359746377120111 1109 
1490 1522 15722 0.3036906216423555 1179 
1491 1522 15776 0.40345238278676554 1087 
1492 1522 16248 0.4017581112738877 1171 
1493 1523 15296 0.4341969976148703 1137 
1494 1523 16011 0.6197952413287382 1074 
1495 1523 16714 0.04192524518098149 1215 
1496 1525 15795 0.4908609549794453 1231 
1497 1525 15608 0.7948497785333852 1206 
1498 1525 17047 0.8516433310140281 1144 
1499 1528 15365 0.522859217542022 1222 
1500 1529 15671 0.6202734349606802 1213 
1501 1529 15213 0.14726394163996945 1213 
1502 1530 15959 0.7088653012328273 1145 
1503 1531 15226 0.8067521048274803 1163 
1504 1532 15075 0.8748124203340114 1072 
1505 1533 16764 0.2835940200729947 1224 
1506 1534 16561 0.5101179473189079 1181 
1507 1534 16381 0.7183963744412006 1266 
1508 1534 16240 0.7082147061938978 1072 
1509 1535 17002 0.12953101608701056 1133 
1510 1535 16459 0.8849796008843841 1149 
1511 1536 16404 0.570059509931399 1194 
1512 1537 16694 0.428731426619716 1208 
1513 1537 16461 0.5062625927001462 1232 
1514 1538 15661 0.03325247187027308 1177 
1515 1538 15934 0.08589674696179478 1210 
1516 1538 15228 0.4711097613845535 1210 
1517 1538 16428 0.6063995600128533 1146 
1518 1539 16463 0.7722425367997274 1200 
1519 1541 15408 0.24550718863077836 1141 
1520 1541 15892 0.5837128730128487 1076 
1521 1542 15366 0.6124355955157392 1247 
1522 1542 15135 0.7745146242615167 1140 
1523 1542 15290 0.40620870857417285 1117 
1524 1542 15393 0.08298949482391597 1153 
1525 1543 15621 0.7774368497325479 1149 
1526 1544 15635 0.8906843776299828 1093 
1527 1544 15851 0.41536251695830395 1211 
1528 1545 15948 0.5904308383397702 1176 
1529 1545 15059 0.2542429440979249 1115 
1530 1546 15253 0.6247512218301233 1133 
1531 1547 16484 0.2862367738777728 1248 
1532 1548 17007 0.8656514773256508 1243 
1533 1549 16843 0.3860519914286025 1211 
1534 1551 16144 0.05140255962720529 1217 
1535 1552 16310 0.5414970339899511 1096 
1536 1553 16337 0.7098126511439309 1124 
1537 1554 16693 0.49695719941569827 1159 
1538 1554 16512 0.596648192448391 1088 
1539 1555 16232 0.8597705721901793 1193 
1540 1555 15857 0.8497975746839886 1254 
1541 1555 15554 0.04732906935931602 1240 
1542 1556 16912 0.491342786458982 1089 
1543 1556 16915 0.18585457005820424 1152 
1544 1558 15219 0.04126592488542857 1087 
1545 1560 15317 0.7909796660073587 1217 
1546 1560 16208 0.3640258462624614 1074 
1547 1560 15683 0.35842571610887114 1148 
1548 1561 15779 0.575598755017245 1233 
1549 1562 15801 0.07629308058675224 1121 
1550 1562 16349 0.8389793643069443 1178 
1551 1564 16972 0.522927247041294 1137 
1552 1565 15409 0.21721147898658463 1245 
1553 1566 15459 0.42166127752110566 1214 
1554 1568 16977 0.06721264279058876 1161 
1555 1568 15764 0.3737279046086739 1235 
1556 1568 16113 0.5477600238386904 1183 
1557 1569 16637 0.05858428709578101 1257 
1558 1570 16818 0.13420659592226827 1086 
1559 1571 17030 0.19096438635567553 1187 
1560 1573 16498 0.3729322280389213 1156 
1561 1573 15352 0.7907868975450211 1094 
1562 1575 16836 0.4583814721262656 1198 
1563 1575 15870 0.34325158212461304 1196 
1564 1576 15479 0.20839222712915736 1124 
1565 1578 15309 0.7352404028879422 1265 
1566 1578 16213 0.373626055264735 1101 
1567 1580 16321 0.7504266976467784 1210 
1568 1582 15718 0.7589330736792688 1117 
1569 1582 15520 0.6174075918872076 1206 
1570 1583 16682 0.8583677597299584 1140 
1571 1584 17039 0.08366594495671759 1101 
1572 1585 15768 0.6077047333636113 1076 
1573 1586 16667 0.4512480495883909 1116 
1574 1587 16978 0.573893675931194 1193 
1575 1589 15893 0.44940547359508354 1104 
1576 1590 15418 0.3316266279330578 1147 
1577 1590 15609 0.5944882449304748 1180 
1578 1592 15136 0.5154758264200433 1245 
1579 1593 15318 0.3985418534827678 1086 
1580 1594 16201 0.6286103103101874 1260 
1581 1599 16666 0.33100906971176197 1240 
1582 1600 16899 0.043109781842336284 1138 
1583 1601 15616 0.19710616016000349 1122 
1584 1601 16403 0.09383566343210938 1154 
1585 1601 15561 0.5188434308000752 1153 
1586 1602 15516 0.6698738266892157 1256 
1587 1602 15228 0.01930558792747511 1091 
1588 1603 16419 0.33545935660802684 1119 
1589 1607 16304 0.23768752759851397 1112 
1590 1608 16713 0.5480865881055759 1109 
1591 1608 16243 0.2612427429407044 1172 
1592 1610 15867 0.8573418571480448 1152 
1593 1611 16181 0.31122401128884586 1093 
1594 1613 15113 0.02958928361613925 1141 
1595 1614 15505 0.3364509196953498 1100 
1596 1615 15806 0.38252661279432865 1104 
1597 1615 17000 0.1480702591347281 1261 
1598 1618 16617 0.23515468358339026 1255 
1599 1619 15877 0.7649564695537091 1233 
1600 1620 16135 0.43590034490340784 1142 
1601 1620 16325 0.30033333880579943 1163 
1602 1621 15743 0.6589496439812249 1172 
1603 1621 15244 0.6013261228365779 1133 
1604 1622 16690 0.7000483777172557 1253 
1605 1623 15953 0.686631452148361 1153 
1606 1624 16597 0.7007054188317907 1120 
1607 1626 15746 0.6550616324966211 1152 
1608 1630 15738 0.8356099152106268 1116 
1609 1630 15251 0.5448737145577274 1095 
1610 1631 16384 0.5733244950543663 1127 
1611 1631 16166 0.04388812720762631 1192 
1612 1633 15705 0.06832500294666968 1201 
1613 1636 16076 0.6503352164255606 1119 
1614 1636 15111 0.04233371488715488 1128 
1615 1637 15498 0.7238544593921604 1164 
1616 1638 15567 0.2598032471920256 1219 
1617 1640 16228 0.09671472768220793 1139 
1618 1641 15188 0.6091869058602023 1118 
1619 1642 15871 0.41068792164618545 1233 
1620 1643 16759 0.05519984817322384 1087 
1621 1644 15097 0.6918161987177931 1253 
1622 1644 16214 0.11787870036780304 1186 
1623 1644 17014 0.3270519678411315 1248 
1624 1645 16047 0.6266238609906991 1124 
1625 1645 15956 0.2833078230701479 1246 
1626 1646 15676 0.09154658590981296 1081 
1627 1646 17027 0.8766359615067706 1083 
1628 1646 16799 0.43643537155007056 1127 
1629 1650 16118 0.06053949503628803 1079 
1630 1651 16339 0.5235001618670164 1261 
1631 1654 15338 0.06373613307298588 1129 
1632 1654 16576 0.692461690241775 1147 
1633 1655 15354 0.6529316492523901 1142 
1634 1655 15846 0.5657292244630212 1133 
1635 1655 16471 0.5841701525212469 1203 
1636 1656 15394 0.21281274424168967 1197 
1637 1657 15113 0.5692373375438834 1229 
1638 1657 15401 0.3002810245951861 1226 
1639 1658 16368 0.7790925654059937 1082 
1640 1660 16478 0.49323610269472856 1168 
1641 1661 16167 0.3222779664230746 1262 
1642 1663 15864 0.6027796151839228 1132 
1643 1664 15636 0.697625098263787 1207 
1644 1666 15282 0.6481328838673123 1267 
1645 1666 16899 0.7306010223994882 1115 
1646 1667 15561 0.14537482770958268 1074 
1647 1667 15835 0.19126034063197458 1244 
1648 1667 16233 0.15688782982719768 1141 
1649 1669 15492 0.5445506201995589 1139 
1650 1670 16605 0.09554331111759924 1153 
1651 1672 16025 0.28419303862668416 1179 
1652 1674 15876 0.011454025574752627 1244 
1653 1675 15742 0.7884412631960687 1106 
1654 1676 16897 0.16538528482847697 1071 
1655 1677 16114 0.07237279012267143 1133 
1656 1678 15238 0.8802863676765548 1186 
1657 1678 16146 0.03010418395261192 1214 
1658 1679 16971 0.4719215689984026 1079 
1659 1679 16230 0.24083284265416222 1108 
1660 1680 16244 0.46348218477552655 1186 
1661 1682 15355 0.1895105998511481 1133 
1662 1683 15678 0.34671433375014266 1177 
1663 1684 15626 0.011855707767249465 1239 
1664 1685 16207 0.49487543889800595 1261 
1665 1685 17023 0.4665151266032625 1160 
1666 1686 16834 0.15689182743121097 1159 
1667 1688 16456 0.2059472268012281 1162 
1668 1688 16451 0.16567014398174276 1085 
1669 1690 15079 0.6076396031155313 1209 
1670 1691 15701 0.09820453202691015 1195 
1671 1692 16898 0.880391382980885 1183 
1672 1693 15989 0.65849174555096 1110 
1673 1694 15378 0.5643570760525172 1244 
1674 1696 16418 0.518631706004489 1100 
1675 1698 15128 0.8387520720435054 1144 
1676 1699 15856 0.1190799596936268 1172 
1677 1699 15894 0.5094190447468004 1185 
1678 1700 16732 0.8343945626986716 1250 
1679 1700 16030 0.886031123699854 1206 
1680 1701 16525 0.14512684318042185 1267 
1681 1702 16457 0.8662061545306958 1178 
1682 1703 16671 0.1781668693107986 1135 
1683 1704 15118 0.6165531784297331 1154 
1684 1707 17042 0.6632654364732746 1225 
1685 1711 16229 0.5399371062518141 1252 
1686 1713 15330 0.01894031909333016 1186 
1687 1714 16912 0.2887469460575726 1096 
1688 1715 15649 0.8058293634774999 1088 
1689 1715 15614 0.7237640651342072 1158 
1690 1715 15381 0.0978225839977629 1106 
1691 1716 15502 0.4192469450918237 1070 
1692 1718 16211 0.45099342451054153 1235 
1693 1721 15908 0.6118942167682657 1243 
1694 1721 16318 0.18119583073677145 1143 
1695 1721 15124 0.09485048465805879 1200 
1696 1722 16359 0.42909355756340556 1245 
1697 1722 16632 0.27275457680777343 1202 
1698 1723 15565 0.2459123991668575 1190 
1699 1725 16422 0.7622960055450784 1187 
1700 1726 15660 0.6157792530389723 1270 
1701 1726 15757 0.7982093242225383 1216 
1702 1726 16362 0.19761188590861664 1120 
1703 1727 16984 0.13370247270418095 1165 
1704 1728 15724 0.21941332512262388 1223 
1705 1729 16771 0.398952508613628 1234 
1706 1729 16268 0.22808924363428806 1250 
1707 1730 16550 0.1928974551751881 1176 
1708 1730 16527 0.624670225740672 1137 
1709 1730 16359 0.7151987162317962 1223 
1710 1730 16178 0.44178944414101456 1146 
1711 1731 16579 0.27789211841032824 1110 
1712 1731 15137 0.8189451511919691 1218 
1713 1732 16006 0.7545127417698474 1187 
1714 1732 16152 0.05370242888442736 1166 
1715 1734 16262 0.8080301221432071 1256 
1716 1735 15234 0.7127570762292496 1269 
1717 1736 16434 0.5268522299092391 1211 
1718 1738 15362 0.8632886015684826 1219 
1719 1738 17015 0.7606172668122401 1115 
1720 1738 15456 0.6893548149104933 1268 
1721 1741 15062 0.03645130989148132 1226 
1722 1742 15511 0.7884275278001965 1241 
1723 1742 16393 0.18626690365115275 1120 
1724 1742 15057 0.49212669416944566 1120 
1725 1743 16636 0.7488013968380158 1114 
1726 1743 16390 0.719721416924475 1234 
1727 1743 15951 0.31217096646805825 1116 
1728 1743 16318 0.28761396178704635 1079 
1729 1744 15091 0.8660575645703064 1100 
1730 1746 15317 0.765406567823659 1229 
1731 1748 15632 0.03575310505694398 1209 
1732 1749 15839 0.11118432186753138 1202 
1733 1749 16770 0.8487518868412848 1128 
1734 1750 16905 0.5161090134981253 1267 
1735 1751 15465 0.23594884880326605 1141 
1736 1751 15954 0.40665950953346536 1102 
1737 1752 15369 0.6592400441910242 1168 
1738 1755 15205 0.6548030330437782 1259 
1739 1755 15558 0.12867713501311567 1124 
1740 1756 16054 0.87529707797949 1269 
1741 1758 15863 0.37730984845402754 1200 
1742 1758 16502 0.5716068422633902 1184 
1743 1759 16180 0.0919761757585449 1227 
1744 1759 16719 0.18270014608309934 1234 
1745 1760 16800 0.030700019773184033 1198 
1746 1761 16433 0.04929728881165219 1268 
1747 1761 16373 0.15821464562365142 1091 
1748 1765 15280 0.32056586450626257 1225 
1749 1766 15897 0.7582501192845176 1171 
1750 1767 15931 0.24116389545955677 1092 
1751 1768 16613 0.23662406943532302 1147 
1752 1771 16129 0.0553437510975714 1105 
1753 1771 16954 0.5000636535743146 1171 
1754 1772 16319 0.82774291110539 1203 
1755 1773 16367 0.40137358224703784 1112 
1756 1774 17018 0.533132104518356 1255 
1757 1775 16357 0.18209294618107488 1250 
1758 1776 16264 0.13832937459598166 1171 
1759 1776 15651 0.42386131338290267 1168 
1760 1776 17008 0.13482492584275058 1159 
1761 1776 15410 0.4372163709563603 1267 
1762 1778 15558 0.06060266799122526 1224 
1763 1778 15452 0.043179693495263384 1186 
1764 1780 15677 0.3397220539066188 1261 
1765 1781 15394 0.4405374673591699 1084 
1766 1782 15580 0.5826174493110597 1091 
1767 1782 15296 0.037088391515824985 1152 
1768 1782 16347 0.03887221915443657 1135 
1769 1782 16114 0.010024929829296623 1135 
1770 1783 15891 0.08701996098324279 1128 
1771 1783 16511 0.8283653143631147 1257 
1772 1784 16080 0.11100423665974524 1222 
1773 1784 16660 0.842797279733329 1108 
1774 1786 15773 0.7570534384327151 1216 
1775 1790 15283 0.2399402022412602 1251 
1776 1791 16950 0.7601013617227036 1115 
1777 1791 16818 0.2967995246480232 1072 
1778 1793 15271 0.7763542723229806 1191 
1779 1794 16072 0.3714910748515722 1163 
1780 1795 16666 0.2074193576582508 1159 
1781 1797 16424 0.30575834305317307 1217 
1782 1798 15561 0.023909732911051897 1154 
1783 1799 16434 0.2986063214221068 1130 
1784 1799 16622 0.7609027219820558 1210 
1785 1799 15672 0.8956348449492438 1264 
1786 1800 16687 0.40444907725413215 1132 
1787 1800 15962 0.38135686817277925 1071 
1788 1800 16463 0.033173970486171524 1235 
1789 1801 16035 0.6509670228225427 1105 
1790 1803 16266 0.32073198139901926 1137 
1791 1804 15387 0.7600253002649462 1119 
1792 1808 16512 0.20729833606584053 1150 
1793 1808 15621 0.22728632347433492 1166 
1794 1809 15718 0.5564168919101713 1164 
1795 1810 15357 0.613232797034021 1182 
1796 1811 16576 0.8305941141050337 1230 
1797 1812 16616 0.07345014192138538 1223 
1798 1812 16166 0.3410113064035975 1249 
1799 1813 16125 0.040920809600195694 1225 
1800 1814 16677 0.5035443314404662 1236 
1801 1815 15529 0.08831647963391796 1106 
1802 1816 15972 0.6757914831490576 1239 
1803 1820 16678 0.32571104561926445 1234 
1804 1823 15137 0.135581391445955 1129 
1805 1823 15097 0.3901143852009423 1248 
1806 1823 16399 0.6072681641537688 1264 
1807 1825 16029 0.5704470396972046 1116 
1808 1826 15567 0.18839720335215873 1133 
1809 1828 15999 0.8592137957725609 1132 
1810 1829 15958 0.5098172185806111 1104 
1811 1830 16760 0.398773021933245 1183 
1812 1831 15707 0.4149888852889832 1197 
1813 1831 15743 0.07802579393389897 1186 
1814 1834 15227 0.2196638503263162 1113 
1815 1834 16297 0.052035014051315144 1145 
1816 1835 15303 0.19266187767387202 1243 
1817 1835 15398 0.3439514238269894 1152 
1818 1838 15520 0.5864494840974711 1102 
1819 1838 16815 0.5873245712558299 1071 
1820 1839 16912 0.33489938721276774 1075 
1821 1839 16071 0.429122985962633 1250 
1822 1840 16195 0.0865581501510891 1183 
1823 1841 15327 0.11245250406552626 1226 
1824 1843 16767 0.6517891618528109 1099 
1825 1844 15235 0.028318704405651082 1124 
1826 1844 17034 0.7478735060704224 1215 
1827 1844 15540 0.8423933527497358 1126 
1828 1846 15253 0.3950926777446334 1236 
1829 1847 15975 0.851186446464756 1228 
1830 1847 15241 0.6962778693750642 1115 
1831 1849 16435 0.38897557342219896 1238 
1832 1849 15891 0.7272216488804425 1136 
1833 1849 15851 0.45797653709377023 1236 
1834 1851 15098 0.21728735841960364 1267 
1835 1851 15159 0.024133132318915694 1132 
1836 1854 15974 0.7063326779183788 1259 
1837 1854 15312 0.19806573229484534 1241 
1838 1856 15492 0.2689666614459302 1246 
1839 1860 16292 0.2780775877799495 1147 
1840 1861 16199 0.7834464400926027 1148 
1841 1862 16404 0.02827810185643155 1108 
1842 1863 16025 0.12964974729912898 1269 
1843 1863 16415 0.5322390950627173 1223 
1844 1864 15689 0.3757124642197199 1077 
1845 1864 16532 0.7198568474644638 1096 
1846 1865 16644 0.20023807568364702 1098 
1847 1866 15204 0.593235373294688 1116 
1848 1866 16937 0.7799677718762301 1163 
1849 1868 16099 0.6595838101291587 1124 
1850 1868 16171 0.5348685235103948 1257 
1851 1869 15118 0.5700319189470172 1210 
1852 1870 15767 0.3335183615691381 1135 
1853 1870 15864 0.7248671276495825 1259 
1854 1871 15490 0.305286281732134 1254 
1855 1871 15661 0.18602232945484287 1185 
1856 1874 16142 0.4112869510922466 1117 
1857 1874 15477 0.1498788505541667 1258 
1858 1875 17030 0.6916933450816413 1253 
1859 1875 16910 0.5874384583869949 1175 
1860 1876 16871 0.6772211374623066 1072 
1861 1876 16430 0.5267716808135038 1144 
1862 1878 16759 0.4947953748916835 1255 
1863 1878 15884 0.2948801963830206 1156 
1864 1880 15396 0.8192906309986976 1126 
1865 1881 15775 0.617714668897196 1088 
1866 1882 16783 0.04231493838584432 1082 
1867 1882 16777 0.2688802879906842 1075 
1868 1884 15741 0.46361349332440155 1148 
1869 1884 16616 0.4042936157806561 1176 
1870 1887 15507 0.6209958273813894 1177 
1871 1887 16110 0.5583552907908244 1105 
1872 1887 15911 0.5539518911156978 1241 
1873 1888 16531 0.467787938380414 1132 
1874 1891 16901 0.44052796460383736 1142 
1875 1891 16006 0.2947122998448927 1150 
1876 1891 15880 0.3381237753355076 1270 
1877 1892 16829 0.8525416728321493 1217 
1878 1894 15376 0.05564403225224966 1177 
1879 1896 16436 0.7786882718026297 1154 
1880 1897 16683 0.4685970224308211 1100 
1881 1897 15998 0.6512779310175583 1091 
1882 1898 16240 0.4818770819537383 1229 
1883 1899 16230 0.4602901309731547 1222 
1884 1906 16287 0.33057294605524257 1109 
1885 1906 15493 0.11585320555536976 1190 
1886 1907 16017 0.8241781910704359 1110 
1887 1909 15064 0.07427824043991522 1136 
1888 1911 15135 0.287113411484781 1229 
1889 1911 16813 0.17509448874353667 1173 
1890 1911 17018 0.6293134689358658 1137 
1891 1912 15661 0.22190948468297983 1113 
1892 1912 16728 0.28610118650485383 1141 
1893 1913 15502 0.7607590461200731 1157 
1894 1914 16569 0.30550497506642726 1076 
1895 1914 17043 0.4105385435795931 1259 
1896 1914 16533 0.4352349097127103 1093 
1897 1915 16490 0.7550345684640866 1211 
1898 1917 16397 0.8520341465802775 1226 
1899 1917 15880 0.5244617592740809 1248 
1900 1917 15664 0.22939915471801248 1102 
1901 1918 15397 0.23241328089968524 1112 
1902 1921 16069 0.41595519566087624 1152 
1903 1922 16913 0.8503873603300734 1114 
1904 1922 16804 0.3347999876613998 1202 
1905 1925 15115 0.25588195657317964 1198 
1906 1926 15762 0.1867316296416291 1167 
1907 1926 16654 0.15527926831095296 1222 
1908 1926 15140 0.15173684195654277 1182 
1909 1927 15360 0.788457429580277 1153 
1910 1928 15812 0.8459405297487549 1191 
1911 1929 16067 0.642931865082114 1125 
1912 1931 16802 0.17166563054452372 1162 
1913 1931 15599 0.7142193785381619 1212 
1914 1933 15236 0.45203083830491647 1269 
1915 1933 15905 0.7552870086387987 1249 
1916 1933 16531 0.7398772836568932 1170 
1917 1934 16414 0.11256443999052011 1089 
1918 1934 15165 0.5662629177039 1101 
1919 1935 16385 0.03907824354573335 1137 
1920 1935 15911 0.6310896196341782 1086 
1921 1937 16419 0.8453009175498627 1091 
1922 1937 16576 0.37663318073866847 1194 
1923 1938 16568 0.08725108490565474 1173 
1924 1938 16900 0.6995206269034268 1249 
1925 1939 16437 0.4310296652636657 1137 
1926 1940 16735 0.23242366172657047 1266 
1927 1941 16769 0.5368964892146929 1264 
1928 1942 16734 0.2800295235009637 1168 
1929 1943 16518 0.7732005036072257 1109 
1930 1944 16784 0.5055322863392747 1153 
1931 1945 16345 0.06555322650062526 1090 
1932 1945 16447 0.2006025589603709 1224 
1933 1947 16168 0.14639159169815386 1205 
1934 1948 15261 0.5958555176770346 1247 
1935 1948 16711 0.8911922318422536 1145 
1936 1949 15201 0.6577469068130859 1089 
1937 1949 16398 0.2421738941095271 1245 
1938 1949 16817 0.3566066212258608 1157 
1939 1950 16795 0.3815355133064439 1103 
1940 1951 16483 0.8658059751182353 1070 
1941 1952 16915 0.0927880977469783 1148 
1942 1952 16810 0.5101306844509002 1092 
1943 1953 16329 0.1348031335400227 1171 
1944 1954 15645 0.7407547511910874 1144 
1945 1956 15097 0.6892370191850339 1240 
1946 1958 16909 0.7620790223514246 1173 
1947 1963 16080 0.6501896998071746 1077 
1948 1963 16282 0.43956517847946464 1080 
1949 1963 16899 0.33395914976638325 1210 
1950 1963 15173 0.41508430753967457 1142 
1951 1964 15482 0.45391845540781883 1100 
1952 1964 16370 0.772356044026055 1249 
1953 1964 15783 0.663555434642965 1182 
1954 1965 15343 0.4231651328894712 1193 
1955 1965 15635 0.31428973787825226 1130 
1956 1968 15749 0.4704549383679062 1240 
1957 1968 16617 0.0418543231540249 1245 
1958 1968 15850 0.6991068442435304 1266 
1959 1968 16337 0.544810281854766 1215 
1960 1970 16243 0.05248215659091549 1252 
1961 1971 15896 0.8019046552961397 1101 
1962 1972 16988 0.4830814227778791 1165 
1963 1975 15972 0.6600665457734824 1269 
1964 1975 15634 0.5677125393790139 1266 
1965 1976 16166 0.24208838942367517 1174 
1966 1976 16002 0.8981912266924769 1141 
1967 1977 15266 0.11631581479905298 1239 
1968 1978 16751 0.7378683507164963 1145 
1969 1979 16239 0.17354976419080145 1209 
1970 1979 16145 0.5829145522320409 1235 
1971 1980 15347 0.8104552784824712 1082 
1972 1981 15993 0.5306221694689172 1112 
1973 1981 15528 0.05295522521648829 1090 
1974 1983 16977 0.580506777076169 1236 
1975 1984 15923 0.5209251929203692 1123 
1976 1985 16730 0.2828215827961277 1152 
1977 1985 16268 0.6219821411974671 1114 
1978 1985 16816 0.38871506341461803 1243 
1979 1985 16713 0.825891021843485 1081 
1980 1985 16598 0.14065038010119074 1229 
1981 1986 15390 0.7448660836513624 1085 
1982 1986 15184 0.34313825500021317 1168 
1983 1987 16562 0.3618700260975221 1210 
1984 1988 15467 0.05917533266506801 1252 
1985 1988 16461 0.8577242968662427 1085 
1986 1990 15762 0.11795489412602495 1145 
1987 1990 16526 0.8197319351481995 1152 
1988 1992 15788 0.37073699983687686 1073 
1989 1992 16538 0.027103981696355008 1235 
1990 1995 16766 0.16815650352594744 1174 
1991 1996 15362 0.08409484932806383 1088 
1992 1997 16215 0.5517072804916442 1212 
1993 1997 16621 0.3454910343537816 1160 
1994 1997 16084 0.21538133078254937 1102 
1995 1998 16800 0.6932545503012322 1103 
1996 1998 15229 0.6778238608322261 1167 
1997 1999 15798 0.8893493193775092 1180 
1998 1999 15056 0.46804707701966247 1198 
1999 2000 15943 0.6224857653476813 1245 
2000 0 15895 0.09157296221563008 1126 
