1 2 105 0.45965335146516234 1222 
2 4 113 0.508098217576916 1061 
3 6 104 0.8065384099378524 1493 
4 6 111 0.075639911071741 967 
5 8 103 0.3190884074950042 1453 
6 13 105 0.6459160880112079 1224 
7 15 114 0.48395343208085295 1456 
8 15 106 0.40409335576928673 1238 
9 16 102 0.1596660882059304 1620 
10 18 102 0.4735069633255758 1526 
11 19 106 0.05699652140793659 1481 
12 20 105 0.7248697964116387 1605 
13 21 108 0.46936845295592877 887 
14 21 99 0.3134231398163994 1172 
15 23 114 0.028224924589192853 1281 
16 23 101 0.1423615225375635 1358 
17 23 103 0.2806200616703676 1561 
18 24 112 0.07311797242407768 1479 
19 26 111 0.1638252351214299 960 
20 26 98 0.7368413904404585 1515 
21 27 95 0.6765642193149821 1675 
22 28 100 0.5291237928952423 1639 
23 30 95 0.6212228547613122 1501 
24 31 103 0.5579067855104014 782 
25 33 100 0.13806326947471922 1076 
26 34 108 0.5334283104556837 1663 
27 35 106 0.3877489725566084 1267 
28 37 100 0.3438380369418447 1023 
29 38 113 0.4978121363271988 1287 
30 38 108 0.39668300376962246 1113 
31 39 94 0.7356702141678133 1178 
32 39 108 0.21144908864646716 1679 
33 39 95 0.6074259563605476 1227 
34 39 97 0.4037220255683578 1651 
35 40 114 0.5951042370248179 1276 
36 40 112 0.1501745605932694 1551 
37 40 96 0.8255213961879522 1018 
38 40 107 0.2323358115194343 1595 
39 41 94 0.04168192391239539 1511 
40 42 95 0.6570195570015132 1566 
41 42 108 0.4107608303449058 1011 
42 43 109 0.04391320346995406 1555 
43 47 104 0.27263333579619536 1717 
44 47 113 0.449908241157021 1573 
45 47 96 0.7896357282383439 1009 
46 47 100 0.8841394950736727 1106 
47 50 107 0.2968685010384605 1259 
48 50 105 0.8279851018755124 1374 
49 51 111 0.15797264355747448 1410 
50 53 102 0.08093698713606673 797 
51 53 95 0.4212557733164311 1239 
52 54 97 0.5505134160748107 821 
53 56 102 0.29482054358345516 1735 
54 57 98 0.3021217840548741 1336 
55 57 101 0.04008556540872195 1206 
56 58 113 0.6292074069951096 1530 
57 59 99 0.45551249178767267 1147 
58 59 110 0.848088017133077 905 
59 60 109 0.7896076481686484 1705 
60 62 113 0.8853679239531792 1452 
61 63 109 0.5439787866838401 1112 
62 65 100 0.42937745866205246 1471 
63 66 112 0.8080664434508604 1196 
64 66 105 0.49231862167082174 1120 
65 67 109 0.7137869862261113 1042 
66 68 114 0.5669306245888673 1423 
67 71 112 0.38053423870114506 805 
68 71 97 0.7023608965719468 1666 
69 72 113 0.2033274793265532 1189 
70 72 98 0.4281512031962748 1596 
71 74 107 0.677094689311993 1156 
72 74 112 0.1052116607991298 1716 
73 74 112 0.05681239114656184 1705 
74 75 97 0.8809414801249124 799 
75 77 100 0.06555215766095622 1501 
76 78 108 0.6444882883827981 825 
77 80 102 0.5671174434632527 1586 
78 80 110 0.20250017028581246 1243 
79 80 95 0.5092386375674852 1089 
80 82 111 0.25367017585012763 819 
81 84 101 0.5253943937611921 931 
82 85 114 0.05371637137945089 1757 
83 86 97 0.26776573833079886 1469 
84 86 106 0.6203263179409617 1107 
85 88 111 0.34830783760408873 999 
86 88 109 0.2577090172943404 1539 
87 89 110 0.03349712764492978 998 
88 90 113 0.1057564272867399 768 
89 91 101 0.6415517696655256 1742 
90 93 110 0.3462498081824003 1463 
91 93 99 0.4945818434452534 1069 
92 94 108 0.3274965058519925 1030 
93 95 95 0.7433535191444108 830 
94 96 113 0.23980366165275285 1248 
95 97 106 0.23007793990857922 1245 
96 97 113 0.2760461277959444 1560 
97 100 109 0.1505817311374169 1153 
98 102 101 0.5216656114575995 799 
99 103 113 0.6194198047561869 1464 
100 105 111 0.6954848071257441 1416 
101 105 94 0.5049066731572399 1378 
102 105 103 0.8566476625721939 1137 
103 108 113 0.5635279718766423 1189 
104 111 96 0.5029285273669855 1018 
105 114 106 0.32320831862186755 1273 
106 114 97 0.3897726915287515 1390 
107 114 109 0.4001011904337332 1198 
108 115 104 0.6381810401090195 1077 
109 118 111 0.6607856890290377 775 
110 119 102 0.628973472961294 1303 
111 123 111 0.6820694800084213 1639 
112 124 94 0.8750610231583473 1118 
113 125 99 0.5647258726007192 1617 
114 126 112 0.2932971528752512 997 
115 127 97 0.3495445170687403 1635 
116 127 94 0.5507821012104431 868 
117 127 112 0.8765502685617698 803 
118 127 105 0.30436531094947106 1422 
119 127 107 0.8535803583677886 780 
120 128 113 0.2251499020003359 1652 
121 128 106 0.7374236026025258 808 
122 128 101 0.8705702393543369 1659 
123 131 105 0.5068899026071068 861 
124 132 109 0.09450674995528674 800 
125 132 113 0.4030608979317935 1156 
126 133 112 0.29244654117573665 1323 
127 133 102 0.8822798326357164 1587 
128 134 102 0.4256224291011554 1584 
129 134 103 0.8170831036969546 1668 
130 135 100 0.5209535359110072 891 
131 137 111 0.3726832200841202 1323 
132 137 114 0.17925333812716443 1410 
133 140 114 0.2560372159824195 1092 
134 141 112 0.8131644802589061 1683 
135 142 98 0.034534047329631765 1261 
136 143 104 0.7687303096882745 931 
137 144 100 0.76211633815083 978 
138 146 103 0.3173354718215337 1169 
139 146 108 0.5977793247230848 1659 
140 149 94 0.30625224818697583 1220 
141 150 97 0.6081631956424672 1272 
142 150 97 0.611002503441409 775 
143 150 97 0.7493268857650508 854 
144 151 101 0.061780275200515225 1529 
145 151 106 0.35130091268541797 824 
146 151 98 0.6758582279515236 1301 
147 151 99 0.4324677126139683 1177 
148 152 98 0.7882923576287566 1755 
149 153 96 0.29724647039643903 1449 
150 153 107 0.18950981352373497 817 
151 154 108 0.2776807887051018 1617 
152 154 114 0.17775232298510885 859 
153 156 96 0.3926632532813235 776 
154 160 96 0.6534635206926228 833 
155 163 103 0.6095658278713614 1466 
156 164 102 0.1025124315121417 876 
157 164 103 0.5432508713889351 1217 
158 167 114 0.09719880678235018 1116 
159 169 112 0.18053955067679087 867 
160 171 98 0.757274363306826 835 
161 171 108 0.2593088805352956 1065 
162 172 95 0.18416991237189492 1236 
163 172 107 0.015951708811957482 795 
164 173 113 0.30006746429750686 1654 
165 173 94 0.04964922032261901 1446 
166 176 96 0.5493712744631293 1371 
167 178 96 0.7923666756881544 1106 
168 178 109 0.8331422461945537 1039 
169 180 97 0.328879830507909 1192 
170 180 94 0.09144230813842077 1204 
171 181 114 0.6164681453213795 1187 
172 184 105 0.28310419592022645 1764 
173 187 114 0.5176578528213255 1447 
174 188 96 0.21750797672236485 1385 
175 188 99 0.867640854795795 916 
176 189 100 0.8336044463419447 1520 
177 189 96 0.3987695585847962 1615 
178 191 102 0.2888388212538571 1531 
179 191 111 0.46205298585241283 1112 
180 191 99 0.7871509090648044 1200 
181 194 112 0.42056195671743263 1342 
182 194 102 0.12198975584808178 1487 
183 195 95 0.4655769981526727 1151 
184 198 108 0.771375338354521 923 
185 198 111 0.870806625080967 980 
186 198 110 0.2465882319427844 1681 
187 199 99 0.779896589381399 1656 
188 199 111 0.3300209333638083 1315 
189 199 102 0.5197937697202564 1139 
190 199 110 0.055525456170380696 1179 
191 200 103 0.3894898770856463 837 
192 200 102 0.7149461439225568 1731 
193 200 109 0.30960005080280684 1325 
194 205 108 0.6249992706437265 1749 
195 205 114 0.0873654058463484 1083 
196 206 96 0.6359459687188957 1507 
197 206 104 0.09733155805743343 820 
198 207 101 0.7543343389643313 1521 
199 208 104 0.34254523804559733 1532 
200 212 113 0.8550193138188934 1502 
201 212 114 0.8332374406620647 928 
202 212 94 0.3658562804844069 1009 
203 212 112 0.342603631547362 854 
204 212 108 0.8948392304168411 1114 
205 214 97 0.32116211641110504 1006 
206 214 99 0.08139058476376698 1493 
207 214 99 0.16977923432018555 769 
208 215 100 0.7374776623079968 1560 
209 215 114 0.82112603474057 893 
210 215 106 0.09131323442953622 1761 
211 217 97 0.3840684967827718 1738 
212 219 112 0.09635030596252935 1419 
213 219 101 0.6143806679348129 1127 
214 220 109 0.3532960591518799 825 
215 223 96 0.39176219975880167 1435 
216 223 98 0.6366378895723455 902 
217 224 112 0.5617649143199483 1317 
218 224 95 0.013382319510618034 1667 
219 226 98 0.7616161711336799 1404 
220 228 101 0.17346239382987425 867 
221 228 104 0.6366312330436344 1731 
222 229 100 0.2127970180581048 1683 
223 231 114 0.6745480372693127 1478 
224 231 112 0.25633253367890496 1256 
225 231 107 0.6547160821600155 1055 
226 232 105 0.4791621557101282 1192 
227 233 99 0.8194309079920965 1360 
228 234 106 0.5536462886843696 876 
229 236 110 0.6633608010400207 882 
230 236 98 0.5081665392702086 1056 
231 237 108 0.5523063437869109 1106 
232 242 106 0.2899094060482379 1747 
233 242 98 0.6420992340297212 927 
234 244 105 0.04991296673765434 1746 
235 245 110 0.42895547822427765 1320 
236 246 99 0.4487552762080375 1519 
237 247 108 0.538379390729972 1202 
238 247 99 0.7139694803732985 1725 
239 248 112 0.26421145734211554 1238 
240 248 97 0.5237122115733648 1002 
241 248 112 0.4610619991365697 1747 
242 249 108 0.5778344797068512 1750 
243 249 106 0.7919813878160693 1180 
244 251 102 0.3340294740293597 961 
245 252 109 0.5191799724939639 1014 
246 253 100 0.0894546459209985 918 
247 254 101 0.50180699207943 1682 
248 254 109 0.7644137189489603 1203 
249 255 106 0.5834954011224337 1581 
250 255 111 0.05414424273101981 1365 
251 257 104 0.26198048687682496 1096 
252 258 96 0.8767414094936604 829 
253 258 114 0.6633393155728596 1355 
254 259 110 0.5971419933112909 1718 
255 259 111 0.7292141669408609 1539 
256 260 101 0.3941543453609222 1740 
257 266 111 0.5745996607502155 1665 
258 266 98 0.3419298869694601 808 
259 268 101 0.765737918666371 1677 
260 269 111 0.3385168666695505 1212 
261 270 107 0.5571562058218773 1193 
262 270 109 0.8246778726062217 814 
263 271 101 0.5574226323746978 1615 
264 271 111 0.3289408849065078 1118 
265 274 110 0.5922963983468383 1286 
266 275 101 0.40293095777512783 969 
267 276 97 0.6414805436186981 1191 
268 278 108 0.31709743299547516 1299 
269 278 98 0.720797410903347 1615 
270 279 99 0.7240535885866111 1661 
271 281 100 0.08490935734809545 1370 
272 282 102 0.48401902220026793 1579 
273 282 99 0.7558014231394604 1423 
274 284 108 0.5282363884717564 1178 
275 284 114 0.8743283277996156 1041 
276 284 96 0.0339243913405565 1660 
277 284 105 0.6728655156754128 1645 
278 285 100 0.6214027134974321 1436 
279 285 100 0.522566155685539 917 
280 288 105 0.4257283277062669 1632 
281 288 100 0.358350425617687 1262 
282 289 107 0.38692975234215543 1240 
283 289 113 0.5284332246446911 987 
284 291 103 0.28653612429767306 992 
285 293 110 0.8619178272777117 1575 
286 293 105 0.02976043238309317 1254 
287 293 114 0.21060842374061547 1395 
288 294 97 0.09078327725776768 987 
289 295 108 0.08853442710873688 1234 
290 296 109 0.20985661837352174 1497 
291 299 96 0.09621511829572618 1211 
292 299 95 0.18954713020287606 806 
293 300 95 0.6272731738442237 1446 
294 301 94 0.2603914593075983 1109 
295 301 101 0.7626138080984527 937 
296 302 107 0.4431511934048286 1348 
297 302 100 0.4980259659582181 844 
298 303 97 0.8992675080012416 1187 
299 304 105 0.3530432203332187 1553 
300 304 96 0.059645206759649634 1054 
301 305 102 0.5251484742721705 1119 
302 307 109 0.8010452633103187 1539 
303 311 99 0.15603407386212503 860 
304 315 97 0.4643951418566042 1733 
305 316 104 0.5685630617889981 959 
306 317 105 0.10199526720172117 1670 
307 321 106 0.7081972787332277 1294 
308 324 113 0.4118406903066659 1133 
309 325 94 0.49257693276411724 1617 
310 326 111 0.3581166002992322 1315 
311 327 100 0.34712446110371736 1339 
312 330 101 0.32692280694957276 1667 
313 331 106 0.13512423843045335 1428 
314 331 106 0.3957272474291294 1553 
315 333 112 0.7808029298877261 1679 
316 335 112 0.11925611283596035 1257 
317 335 97 0.5696910160698496 808 
318 335 99 0.5341254409893247 1115 
319 335 107 0.5696904890917621 984 
320 341 106 0.5199490007086733 1661 
321 342 113 0.27627875906197075 1656 
322 343 114 0.5925342169167007 1593 
323 344 113 0.3796091066482203 1009 
324 345 114 0.7650139441090307 862 
325 345 104 0.5267374954830608 1396 
326 346 97 0.5053054160623193 822 
327 346 105 0.17437549753470694 1213 
328 348 101 0.7020641730487142 1299 
329 348 99 0.023333372995627186 1712 
330 350 100 0.5171032284109943 1682 
331 350 108 0.037475140533366265 1058 
332 350 107 0.1786300696075347 1515 
333 352 100 0.8787748121109799 1332 
334 352 100 0.04846738386257226 1529 
335 352 105 0.6499563188565507 1290 
336 353 113 0.6770196730817866 1177 
337 354 110 0.21183532461717736 1422 
338 354 109 0.5129999678939304 1597 
339 354 110 0.18181190136192843 789 
340 356 108 0.05781262203963097 1378 
341 357 99 0.236816179895231 848 
342 359 95 0.6098636962922838 1436 
343 362 98 0.14872350783335872 1548 
344 363 103 0.12846889119302465 1454 
345 366 102 0.6034987751207611 1115 
346 368 114 0.4983930233959062 838 
347 369 101 0.479867312291458 923 
348 370 109 0.8968957277045028 1453 
349 376 95 0.16963223383456355 1649 
350 377 106 0.04463839829981162 1710 
351 378 97 0.11915831928367962 1087 
352 379 98 0.6700495354043503 1222 
353 379 96 0.8220866505991831 978 
354 380 110 0.7283684381586609 1759 
355 380 114 0.30315900798301265 1336 
356 381 98 0.016449083256062053 1541 
357 383 100 0.42154842876022514 1492 
358 383 94 0.2691199098271144 1485 
359 384 100 0.28184910435859584 871 
360 385 101 0.7169543439998424 1749 
361 386 111 0.5759615394157234 866 
362 387 95 0.4201792469438083 1504 
363 390 102 0.39400391153284825 780 
364 390 114 0.8519368698012658 1307 
365 390 111 0.021635673377250336 1591 
366 391 110 0.032225532057828105 1311 
367 391 98 0.7316064166443055 1601 
368 395 100 0.2945899570493061 1406 
369 396 99 0.7834849870805585 1216 
370 397 97 0.47448715447101514 937 
371 398 109 0.8775396273700375 1045 
372 399 109 0.41360350470014423 1089 
373 399 106 0.615491962701842 1043 
374 400 100 0.14917745058670437 1232 
375 400 99 0.47395996353874387 1760 
376 402 94 0.8163725964365127 1734 
377 405 94 0.32310359396848476 1120 
378 406 101 0.24279937382711514 1458 
379 408 110 0.36632055743517244 920 
380 408 104 0.5273901137734774 1627 
381 408 94 0.12343964277931364 1497 
382 408 105 0.3103264970591016 1341 
383 409 98 0.5644185701620822 1549 
384 409 106 0.5732561687945962 1050 
385 409 97 0.5241350389904228 1595 
386 412 109 0.2546513926320968 1271 
387 412 103 0.11715710629201512 810 
388 412 95 0.18049239100973255 1742 
389 412 111 0.7135021571006664 848 
390 413 99 0.234635384087613 1178 
391 413 104 0.4737447110477374 965 
392 416 98 0.7394441224626435 1445 
393 416 102 0.5260400908424366 1693 
394 417 97 0.4652222271458021 1186 
395 419 113 0.7725193735750503 1384 
396 419 107 0.10970385480876668 1680 
397 419 96 0.7549858814521971 1711 
398 421 97 0.7346256792001922 961 
399 421 114 0.7832100729183656 1336 
400 423 105 0.6666901395274003 1192 
401 423 97 0.4804433359572428 961 
402 425 94 0.6926229462164707 1563 
403 426 105 0.700366966379845 1396 
404 427 106 0.5285264396857258 1475 
405 428 101 0.46932968023821225 1206 
406 429 102 0.11398835811168023 995 
407 429 108 0.46679117113108465 892 
408 430 96 0.28120024459792853 1526 
409 430 100 0.2904024037923589 1560 
410 430 113 0.06977417069573699 1462 
411 431 105 0.7450154216891699 1177 
412 437 111 0.030601068016234287 1054 
413 439 94 0.26069236252970435 1227 
414 440 107 0.3535087034428655 1759 
415 440 103 0.5146540153452497 1066 
416 444 109 0.06862364595109849 1655 
417 446 103 0.8042397517383141 939 
418 453 94 0.8558746895022262 1574 
419 455 102 0.41001241454144105 1309 
420 456 100 0.396994225692039 1277 
421 457 114 0.344811450252633 1018 
422 457 105 0.7376629764497711 1001 
423 458 97 0.09914057210146117 845 
424 459 102 0.16235283133848166 998 
425 460 100 0.026836032962080925 1166 
426 462 107 0.6346931554625365 1528 
427 462 112 0.3025993227973771 1554 
428 464 114 0.8088081378606403 1722 
429 466 98 0.04129788023288189 1115 
430 469 110 0.052621033356380846 946 
431 469 100 0.7342077475741035 1338 
432 470 112 0.13714758515587394 1135 
433 471 104 0.7275173863610457 1153 
434 473 97 0.6177605440149406 766 
435 475 99 0.2616647003014741 1464 
436 475 112 0.7549089912793769 1559 
437 476 111 0.7401259961614363 1142 
438 476 98 0.15347463078456608 1529 
439 477 105 0.25383197303880706 1508 
440 477 97 0.7900070963839787 1583 
441 478 99 0.06352407960441794 777 
442 478 100 0.5467969285122832 1323 
443 479 98 0.8720749581671924 1537 
444 479 113 0.360107791466716 1487 
445 479 102 0.0931426036084307 1435 
446 480 103 0.312591383140259 1608 
447 481 94 0.2659764877742737 1680 
448 482 111 0.19375231440109358 900 
449 482 107 0.16493010118252002 935 
450 485 94 0.4723644756570447 856 
451 487 111 0.4666447718273444 1250 
452 487 99 0.1299561048979035 1076 
453 487 111 0.15074092857637325 811 
454 487 104 0.581522285741857 1196 
455 488 95 0.11987215615396833 1495 
456 489 103 0.5343416930783351 1357 
457 489 111 0.4110719441178276 1162 
458 491 96 0.6399386259671108 1214 
459 491 111 0.7737439180631015 1175 
460 492 96 0.5568803310009471 777 
461 495 107 0.06455240516462017 1237 
462 496 111 0.5530343612048372 1697 
463 497 107 0.4234007636761159 1451 
464 497 103 0.7117913205401308 1409 
465 498 102 0.4453866104700181 854 
466 499 94 0.11923976019242997 955 
467 501 96 0.49736924415298284 1631 
468 502 96 0.06269733031612715 1554 
469 503 96 0.6674885286497317 1665 
470 503 96 0.5318516937722799 1054 
471 506 107 0.29531386796311476 1434 
472 506 100 0.48664306428630694 1411 
473 507 98 0.632030550300329 1667 
474 510 96 0.5079262896839156 1047 
475 511 107 0.17074322545358753 1428 
476 511 98 0.28346120892647064 1393 
477 512 110 0.2855698804363108 1474 
478 512 101 0.48499601856621033 1156 
479 513 95 0.1703580292677708 1064 
480 513 97 0.034927570971666114 975 
481 514 114 0.5229110175423851 1045 
482 514 114 0.8405714256909674 1062 
483 514 99 0.8002624439722225 1184 
484 516 107 0.2713051369709499 874 
485 517 109 0.390295693976711 780 
486 519 100 0.8986648711794426 1703 
487 520 95 0.10288679777579748 1577 
488 521 95 0.48216344414859746 1206 
489 521 106 0.8198215995482205 1352 
490 522 96 0.7761134810048108 921 
491 523 95 0.32234758870353564 1725 
492 523 107 0.6293545496332894 1114 
493 524 102 0.18744779201526507 1733 
494 524 99 0.4303099258144516 991 
495 525 113 0.8346454416297906 1471 
496 525 113 0.14996727835162296 1120 
497 526 107 0.18625859212983412 915 
498 526 94 0.4863262666019358 1223 
499 527 99 0.07297760549301188 1608 
500 527 95 0.6472239531291185 1431 
501 529 99 0.37853616604842233 882 
502 533 108 0.7803621248370339 889 
503 534 107 0.5615380226272721 1499 
504 534 106 0.2988584192243058 1007 
505 535 100 0.5447163587957138 914 
506 537 112 0.2870183281217923 1561 
507 537 102 0.2121411378104301 1161 
508 538 97 0.7016955576562051 833 
509 539 94 0.8801928946903295 1273 
510 539 108 0.4857963592688375 975 
511 540 98 0.3891408648401536 1019 
512 540 110 0.26267895460822366 1030 
513 541 105 0.399064164257432 1495 
514 543 100 0.6522779181111511 1015 
515 543 110 0.7884046507559871 1627 
516 543 114 0.6012039639212753 766 
517 544 98 0.5475696788103751 1478 
518 544 114 0.49430400752633036 1328 
519 545 94 0.16866496122654479 1276 
520 545 106 0.38931226032525684 933 
521 546 102 0.14441290601246443 770 
522 546 113 0.2465341618516748 823 
523 547 99 0.11069566246485894 855 
524 548 114 0.28024687302292356 1629 
525 549 114 0.7300173536116629 916 
526 549 102 0.08990759892159472 1064 
527 550 114 0.5559042958333944 1369 
528 550 94 0.5939720711956568 1431 
529 550 110 0.7053393445932131 1215 
530 550 113 0.5469046315163042 888 
531 551 96 0.8195950301926271 1526 
532 551 102 0.8577224526050492 1125 
533 552 101 0.8450861480922268 976 
534 554 94 0.5058266016965253 1246 
535 554 103 0.6566413594764688 1336 
536 554 95 0.7192191431439167 1582 
537 555 105 0.7031753868364654 1323 
538 556 105 0.7592645712088117 887 
539 557 99 0.8177116267426743 1331 
540 559 105 0.11438927590276117 1526 
541 560 108 0.41440900733730324 1370 
542 561 107 0.7201370817658923 1729 
543 565 96 0.4299537106716555 1025 
544 567 113 0.7405418837944119 1152 
545 569 113 0.4362713329366802 1102 
546 570 111 0.4509343749670316 921 
547 570 100 0.7722309824638591 838 
548 570 97 0.8012709029844043 844 
549 571 94 0.2301357952552254 1436 
550 574 103 0.8476950107434174 790 
551 574 99 0.8300095566208189 1757 
552 574 106 0.37769274985746326 1339 
553 574 112 0.5367055510312494 910 
554 576 99 0.2620658455646669 879 
555 577 104 0.759454386883824 1446 
556 578 110 0.7046968813331956 1453 
557 579 110 0.22534423473070334 1258 
558 579 101 0.4708776495908593 1730 
559 580 95 0.26024504951423244 910 
560 584 95 0.0663731937269685 1421 
561 584 105 0.11586874788445359 1386 
562 585 114 0.5208587341170344 1012 
563 585 100 0.16064926651915462 1494 
564 587 108 0.38044807890024573 1331 
565 588 108 0.053464909303089905 1514 
566 588 94 0.6391794399429246 831 
567 593 111 0.6652074961659646 1450 
568 593 102 0.43383122676393354 1360 
569 595 105 0.03886969995241276 1762 
570 596 95 0.48389128429453604 1582 
571 596 107 0.33451218240793607 1002 
572 596 110 0.5945990685750454 1647 
573 596 95 0.60325277186648 1543 
574 599 107 0.6143675194077901 1591 
575 599 98 0.8596658936268087 873 
576 601 97 0.8793726264685433 943 
577 601 101 0.6655432253473158 911 
578 601 105 0.592772000769196 1533 
579 602 100 0.6308119401086095 1263 
580 604 104 0.14372638543890623 1628 
581 605 112 0.48739602397771803 1215 
582 605 105 0.49888985953387593 982 
583 606 110 0.7456561132518682 871 
584 607 107 0.07414024277117315 1605 
585 608 99 0.07506022662906646 1330 
586 608 103 0.5006293212032913 1424 
587 609 114 0.5324288577779659 1128 
588 610 106 0.03816697522961728 779 
589 611 99 0.3852930801028266 1624 
590 612 103 0.8372594054991219 818 
591 614 97 0.773092787913966 803 
592 615 97 0.46584985736601714 1545 
593 615 99 0.44215524905245274 1324 
594 615 94 0.33546247154538567 1195 
595 620 97 0.21837403216257914 1675 
596 622 111 0.19148583473122333 1035 
597 622 104 0.48749811311614655 992 
598 622 97 0.3471064638456462 1037 
599 623 98 0.2468661765347394 1581 
600 623 106 0.4533774846931638 1567 
601 627 98 0.09699759817428379 1575 
602 627 108 0.3620716535647554 1286 
603 627 99 0.48586152093648016 1046 
604 628 106 0.6284927055400676 1108 
605 629 109 0.77824668072221 820 
606 630 107 0.289717992598933 845 
607 631 94 0.8888278049943779 1273 
608 631 107 0.37112742304852064 1385 
609 631 101 0.629517288150911 1086 
610 632 105 0.5086722030886093 1270 
611 633 95 0.2726717812360213 779 
612 633 100 0.4801423194330615 1220 
613 634 101 0.20281818718838102 1520 
614 634 109 0.7056853303657754 1753 
615 635 99 0.4881367000576553 866 
616 635 103 0.11615313029394048 790 
617 635 97 0.820143598492566 1379 
618 636 105 0.11649623023360929 1117 
619 638 103 0.23506585866218271 999 
620 641 103 0.19712402324908299 809 
621 642 113 0.5487534521730546 1167 
622 644 113 0.8408461983132364 1587 
623 644 107 0.8814690352944287 1516 
624 644 110 0.7313680593113403 1750 
625 647 112 0.3239956860442124 856 
626 647 111 0.1407898049684345 780 
627 648 99 0.7363556302598968 889 
628 648 97 0.5783745419532768 1040 
629 648 104 0.7187134643745351 1134 
630 648 94 0.830692616253054 1718 
631 649 110 0.188134185318353 1556 
632 649 106 0.029178751734883795 903 
633 649 103 0.19373331356916068 1661 
634 649 109 0.768456684347007 1511 
635 650 103 0.34660262836437933 1696 
636 650 103 0.21111857763928812 1270 
637 650 96 0.573579542159296 1006 
638 651 98 0.20494029047350132 1618 
639 651 113 0.840133282962228 1752 
640 651 107 0.7956164732948725 1545 
641 654 107 0.5481361531859973 1110 
642 654 107 0.5424585765740821 1363 
643 654 107 0.23485075768384733 1048 
644 655 103 0.4452148875638103 1101 
645 657 107 0.6751665286227592 889 
646 658 113 0.3329782347080384 1125 
647 659 113 0.5612470263911086 1077 
648 660 106 0.7978579272579284 1433 
649 660 109 0.6864205887262776 1145 
650 661 113 0.18908519302881596 1482 
651 661 111 0.5379179332765668 1695 
652 662 99 0.337061059458159 848 
653 663 109 0.49946044773553444 1558 
654 664 100 0.3068442301488626 1613 
655 664 101 0.38801248635848484 1069 
656 665 114 0.4548039414550736 1175 
657 666 106 0.44954428265018503 876 
658 669 113 0.01166111021156246 1274 
659 672 114 0.153791863665569 1699 
660 673 111 0.4936637909139201 867 
661 673 104 0.8670897290781142 1115 
662 673 112 0.17859606805195416 1576 
663 675 110 0.7630673527745961 822 
664 676 106 0.710932192210218 1705 
665 676 94 0.4643984909403054 1220 
666 677 106 0.7551226303379711 1733 
667 680 95 0.749593265370356 1366 
668 681 94 0.6271773057780211 1151 
669 683 96 0.20259409094692304 1274 
670 685 111 0.36660315743367206 1106 
671 687 104 0.41238322275692807 849 
672 688 98 0.8598495307722909 1057 
673 689 114 0.4242329575165967 1229 
674 690 113 0.5886022820689597 1314 
675 692 108 0.13599343452970297 1481 
676 693 110 0.5766965951325859 1284 
677 694 114 0.08250353308228474 1077 
678 694 100 0.7913620426021146 1336 
679 695 99 0.49273797425863847 1679 
680 696 103 0.33840670461728345 939 
681 696 95 0.3378841719777991 1423 
682 696 109 0.6016169126804929 1586 
683 697 102 0.4857375477093274 1527 
684 697 107 0.29666959086413985 770 
685 697 113 0.8426441765445964 906 
686 698 108 0.1548667298355623 1215 
687 699 99 0.5520921878160583 1259 
688 703 106 0.4839957003966681 1390 
689 704 97 0.7449318302351604 1577 
690 704 111 0.26365168817292267 1289 
691 704 100 0.577058959114889 1245 
692 705 99 0.4855977995830277 1169 
693 708 112 0.3001904621232429 1202 
694 708 99 0.02909349859140871 1224 
695 708 108 0.2716945468974313 1501 
696 711 94 0.7417413982313248 1562 
697 711 97 0.7133549303411061 1751 
698 712 108 0.10301759227510042 832 
699 714 99 0.32651870373858316 1316 
700 714 110 0.41712265433484674 1602 
701 714 100 0.5069015079859202 987 
702 715 106 0.12853692430120847 1379 
703 716 105 0.5076078340655379 1475 
704 717 100 0.43510652795475635 905 
705 718 103 0.1590726969793656 781 
706 718 99 0.2207700444747721 1106 
707 719 101 0.09233155400736394 1559 
708 723 103 0.8257358742916687 765 
709 725 109 0.2622302760798905 1546 
710 728 106 0.3137955861395046 974 
711 731 107 0.4557438376856607 1607 
712 734 105 0.4712408650080213 1269 
713 734 99 0.7370428789901868 888 
714 736 110 0.6592166392581233 1509 
715 739 99 0.6659638480012814 1150 
716 741 94 0.10953548871575478 1601 
717 742 108 0.2662456899229841 1653 
718 743 100 0.6184587862732768 1512 
719 743 94 0.48062241574001785 1041 
720 744 104 0.7257811772829877 1331 
721 745 106 0.06979475988735602 928 
722 747 108 0.28644696364140915 1466 
723 748 97 0.43265969140873833 897 
724 748 111 0.6545937093296789 1437 
725 751 104 0.5061504365233362 1444 
726 753 102 0.7644411325895595 1717 
727 753 98 0.6636045622496556 1046 
728 754 110 0.2631162231156982 1095 
729 756 111 0.2739405358326121 1445 
730 758 114 0.466085686726617 1439 
731 759 99 0.23677509215305087 868 
732 759 112 0.28443904094196854 996 
733 759 103 0.8464468793060246 1364 
734 761 102 0.6105770306187731 789 
735 762 114 0.817570329448097 1088 
736 763 100 0.5704746934434158 1714 
737 763 106 0.6107024139109172 1132 
738 763 106 0.5365548588558543 833 
739 765 96 0.33860288537039884 1444 
740 768 94 0.23019794893368697 1137 
741 769 113 0.08804941178374266 1387 
742 770 95 0.8371635192255956 1328 
743 771 111 0.44381067061359714 1004 
744 771 103 0.49217033396655885 1168 
745 771 112 0.36217101401458146 1741 
746 771 108 0.33899076282594187 1357 
747 772 102 0.20059419611489782 985 
748 774 96 0.3374782616325612 1723 
749 774 106 0.06282603584297966 1076 
750 777 101 0.2381429197016568 867 
751 778 107 0.18094593687031302 1169 
752 778 102 0.823732335777381 820 
753 779 107 0.7625392751138468 1471 
754 779 106 0.6041435343639951 1664 
755 779 94 0.5176682451240951 1214 
756 780 100 0.020582476070285096 1511 
757 781 113 0.1425507866189778 1590 
758 781 112 0.2943342881980716 1428 
759 783 99 0.7088769294066952 1355 
760 784 104 0.8150758454634831 1060 
761 785 112 0.13080043771884672 774 
762 785 112 0.2623079482168703 1698 
763 786 97 0.36434659311944195 1132 
764 786 110 0.6896600413309503 938 
765 788 96 0.27784210006560484 896 
766 788 112 0.5876410075270175 882 
767 790 98 0.22924232740345724 1759 
768 791 102 0.30612570806167555 944 
769 791 107 0.7855713117889533 898 
770 792 97 0.7374398101532599 1642 
771 792 102 0.059297229827688404 1736 
772 793 105 0.15588360915578317 1340 
773 795 103 0.2984705403170351 797 
774 796 99 0.7392941118598101 1320 
775 796 96 0.2630362976206233 1505 
776 797 97 0.1660920550850889 1057 
777 797 112 0.7726231072028112 1628 
778 797 102 0.20511356781892667 985 
779 799 104 0.691528388795223 859 
780 799 114 0.1706780510053303 1108 
781 800 113 0.8138289205886813 980 
782 800 96 0.8927249928059083 1358 
783 803 94 0.5747267958931446 1736 
784 803 105 0.7959588404087775 1743 
785 806 98 0.5657793429887381 775 
786 807 98 0.4246345050789824 914 
787 807 104 0.1445977434665523 1755 
788 808 109 0.19893529867075796 800 
789 808 98 0.721385000416688 1177 
790 808 114 0.044258549179511684 1296 
791 812 108 0.09773841488419942 1413 
792 813 107 0.5840906783751577 830 
793 815 110 0.02004294071528257 1150 
794 815 109 0.39726471380368034 1503 
795 817 95 0.14900346994642139 1423 
796 818 111 0.06115308168050369 999 
797 819 108 0.8874900183364631 1124 
798 819 104 0.47330538493109964 1378 
799 820 106 0.47248580348897135 908 
800 820 110 0.6733778568181424 911 
801 821 100 0.16530652380134608 946 
802 821 112 0.3518350260810272 1752 
803 822 104 0.11955557127703566 842 
804 822 97 0.02179787903344555 834 
805 823 94 0.023585367780059093 1495 
806 825 111 0.585936864202828 1080 
807 827 103 0.09389948403879679 1720 
808 828 95 0.5531896630174528 1376 
809 830 99 0.0192359749079967 899 
810 830 104 0.4162642313197438 1335 
811 830 102 0.26119397572328396 1166 
812 831 105 0.6155591441458509 1338 
813 833 105 0.43833519053515524 1744 
814 834 104 0.02683854241407181 1051 
815 835 102 0.33113631907360114 1141 
816 838 114 0.17668726748746447 1051 
817 838 110 0.3029371541945219 963 
818 839 98 0.7243805830016642 989 
819 839 99 0.29080890299218864 1412 
820 839 109 0.6618038194053608 1008 
821 839 100 0.09400414989112708 828 
822 840 99 0.2941986195774408 1247 
823 840 106 0.25387488275571357 1314 
824 840 109 0.17378530395352015 1093 
825 841 94 0.661483787431012 1647 
826 843 98 0.11484330753649824 944 
827 844 105 0.014608143365848661 1281 
828 846 94 0.6031781688472668 1237 
829 846 107 0.7486910563011742 1136 
830 848 112 0.20499792169596223 1759 
831 848 103 0.21612266090320953 987 
832 848 103 0.45005984821143713 1666 
833 850 103 0.874823485467847 776 
834 850 104 0.3114953699139602 1584 
835 851 104 0.8716921993645582 1401 
836 851 105 0.34089808782171527 1680 
837 852 95 0.4119192648389218 1257 
838 853 114 0.534574360151814 1255 
839 856 99 0.8398332094681723 1024 
840 857 111 0.23160630569895155 816 
841 857 106 0.4431418167796819 1562 
842 857 103 0.7599929937735455 1397 
843 859 113 0.13776459842901503 977 
844 860 108 0.8181054669771302 1007 
845 860 110 0.300556717849118 1742 
846 862 101 0.5347756887061514 1132 
847 863 111 0.20563605993309272 897 
848 864 113 0.20090838460961646 1192 
849 864 107 0.4492503407033022 1602 
850 865 111 0.8765782045713842 1583 
851 868 106 0.2936895060146895 1020 
852 868 98 0.591478347993804 1023 
853 869 108 0.8544850518285878 1593 
854 869 94 0.5344641428175 1337 
855 870 111 0.4939792099552499 1472 
856 874 103 0.554273215432834 1141 
857 874 108 0.8459968754709256 1167 
858 874 112 0.6681136378696323 1630 
859 874 113 0.23352155169244143 1537 
860 875 105 0.7484174187973147 1534 
861 875 112 0.3451552224437478 1406 
862 876 107 0.05294522296150834 1676 
863 878 104 0.2852027193449975 1174 
864 879 107 0.4301808487535148 1050 
865 883 114 0.5199718919016247 1350 
866 883 112 0.8813474225797885 1284 
867 886 114 0.33295284216358845 1022 
868 890 105 0.7374966492526978 1235 
869 891 96 0.2651663694491598 1483 
870 892 101 0.6196653506095106 1131 
871 892 95 0.4931254578538187 1039 
872 894 97 0.21605814273514537 1479 
873 895 113 0.7184433047840363 1707 
874 897 105 0.7644171843569382 1471 
875 897 101 0.2668229186101533 817 
876 897 104 0.42716160094343336 1452 
877 897 108 0.06520864102125509 1560 
878 899 112 0.4565153448282868 947 
879 901 95 0.7524275249788485 1440 
880 903 100 0.8786842112090412 847 
881 904 105 0.7261852736486978 1587 
882 904 109 0.5258760786375529 871 
883 906 112 0.5401555406607292 1715 
884 906 95 0.38469686057297536 888 
885 906 113 0.5649153497242098 1008 
886 907 100 0.8785168481549263 940 
887 908 114 0.8708253415012495 1396 
888 908 95 0.8533826811904761 1579 
889 909 103 0.7979120307978095 1407 
890 912 97 0.1808845138167456 1577 
891 913 105 0.6616352044704841 1022 
892 913 108 0.6977314398843134 1322 
893 913 100 0.3896702102074757 1738 
894 914 112 0.02701748505259477 1577 
895 914 110 0.5304431929062388 844 
896 914 112 0.36275330474999995 1166 
897 916 109 0.2811448568315729 1029 
898 916 107 0.349736686547422 1005 
899 919 114 0.5536315534946913 1671 
900 919 112 0.7956067386735446 1205 
901 921 110 0.6971817508646571 1545 
902 921 110 0.8986403984130729 839 
903 921 108 0.6394333268194093 1763 
904 922 98 0.689416447450804 769 
905 922 107 0.8178957291897585 1582 
906 923 111 0.31907714117747044 1435 
907 923 113 0.14833990929825044 1340 
908 923 114 0.2686735286784649 1363 
909 923 113 0.2783637741013204 1238 
910 924 104 0.7342776152652917 899 
911 927 114 0.1882405856902334 1700 
912 927 107 0.5848367231118683 1440 
913 932 104 0.14038398112137387 1043 
914 932 108 0.5674146629571098 938 
915 932 100 0.6976871240027052 937 
916 935 104 0.43037486777321765 840 
917 935 101 0.7592199951634367 1503 
918 937 97 0.6404354922228199 1712 
919 938 110 0.4807693987287381 838 
920 938 110 0.2260578701182214 934 
921 941 94 0.19916845492079552 1402 
922 942 111 0.7451034545261049 774 
923 944 111 0.7022930213600975 1638 
924 948 103 0.5409504345966105 1151 
925 948 106 0.7155331481850877 1000 
926 949 94 0.15991967537804616 1234 
927 951 99 0.6931862219008845 1359 
928 951 105 0.2807155133568399 993 
929 951 113 0.6392275524751831 1338 
930 951 113 0.418743878670109 1509 
931 952 109 0.8694389098114201 897 
932 953 114 0.16904729491424078 1735 
933 954 104 0.2882635293745028 1046 
934 955 109 0.8625242676938738 1582 
935 956 102 0.8770176244612437 836 
936 958 97 0.14206036628522356 1685 
937 959 105 0.5993260672046048 1174 
938 960 95 0.3811342919498013 1037 
939 960 113 0.3905542774834277 1082 
940 960 114 0.3938121348857011 1737 
941 962 103 0.48381414309687576 1653 
942 963 109 0.08273299431968166 1685 
943 964 104 0.0530192386130208 1212 
944 966 107 0.22813670077391834 1274 
945 967 101 0.14571004898142928 1499 
946 968 112 0.1212966369383635 1723 
947 968 110 0.16664029611213343 1018 
948 972 94 0.6487158672722739 887 
949 973 109 0.4443769313385705 1449 
950 974 96 0.7876899940903008 1289 
951 976 110 0.31656488826685386 1345 
952 976 106 0.3649833286570099 1137 
953 979 98 0.3669804752310213 831 
954 980 101 0.8132345422238476 1561 
955 981 102 0.7193573519896417 909 
956 982 99 0.28707783930422115 1481 
957 982 112 0.5767363773712072 1302 
958 983 114 0.7049385693212815 1170 
959 984 110 0.11939149268138403 1695 
960 985 106 0.25959254155359374 813 
961 985 98 0.33619405337253133 1429 
962 987 109 0.5143977807218763 1088 
963 988 105 0.4223532355613434 1249 
964 988 114 0.36943701464083595 1072 
965 988 103 0.48444862789726434 1592 
966 990 107 0.3569888130911445 1185 
967 990 113 0.6699580355956666 1144 
968 991 100 0.7495473495605348 1170 
969 992 112 0.3856539681371457 1507 
970 993 107 0.24677254431493978 1636 
971 994 104 0.48800208237014076 1456 
972 995 114 0.3137810233811025 907 
973 995 94 0.6705657443130103 1549 
974 997 114 0.12115242497928938 1054 
975 997 99 0.37222611304296627 1393 
976 999 96 0.2069227316473844 904 
977 999 104 0.13419070894498442 1646 
978 999 113 0.8416974377820775 1568 
979 1001 107 0.5363491864518849 1691 
980 1004 113 0.778564270732046 1117 
981 1004 102 0.057294774280026536 1744 
982 1006 103 0.3686407572706439 1467 
983 1006 114 0.368844072877535 1743 
984 1006 97 0.16439432569836362 1421 
985 1007 112 0.43062655109810466 1235 
986 1008 97 0.7649770688305847 1319 
987 1009 96 0.25497551484658826 1334 
988 1009 103 0.015399943482523309 1267 
989 1011 113 0.4948071965257502 924 
990 1012 97 0.5435162999693858 1668 
991 1013 110 0.32701347006770504 1614 
992 1014 109 0.4279320015929374 1724 
993 1015 108 0.0991722811211531 1288 
994 1018 96 0.5378647363746996 1279 
995 1018 99 0.8984441277054008 1128 
996 1019 109 0.24163065749604373 1135 
997 1022 105 0.015995106896376374 1634 
998 1023 102 0.8910788503217947 890 
999 1025 114 0.5187260826903002 1498 
1000 1025 112 0.5095430581109235 882 
1001 1027 113 0.06586178270703413 1416 
1002 1027 112 0.7052960133557045 1585 
1003 1030 102 0.893504590164923 1325 
1004 1032 94 0.801326686219057 1249 
1005 1032 97 0.2198230233016545 958 
1006 1033 104 0.35004810976956074 1666 
1007 1033 106 0.8843281559011131 1438 
1008 1034 103 0.6112295236468288 985 
1009 1038 100 0.36809831791346576 1592 
1010 1042 111 0.3307379255433651 1597 
1011 1044 106 0.16983090523503136 861 
1012 1045 102 0.8927367322569989 1047 
1013 1045 94 0.6207768593143775 985 
1014 1045 105 0.06276210006764103 1014 
1015 1046 107 0.37158574044397574 1647 
1016 1046 100 0.8414408007548289 1022 
1017 1046 113 0.01695959688723923 1327 
1018 1047 94 0.30872841342945767 1311 
1019 1047 97 0.09327530150605429 1663 
1020 1048 99 0.16875261024739235 789 
1021 1049 109 0.739460057237449 1572 
1022 1051 95 0.3670070488927217 1520 
1023 1051 101 0.40198872040010647 1261 
1024 1053 108 0.7719915208855811 1296 
1025 1054 96 0.15504621154644985 768 
1026 1056 108 0.7510711503386376 1173 
1027 1058 111 0.8377077513688748 1512 
1028 1059 101 0.020702935583975794 858 
1029 1060 108 0.5511978407721138 1548 
1030 1061 98 0.5050246067574813 1076 
1031 1062 114 0.40992950080201224 1364 
1032 1063 96 0.5539756022423037 965 
1033 1064 112 0.793793167450305 1132 
1034 1065 105 0.7826754931510191 1478 
1035 1065 97 0.4359920600539786 1686 
1036 1066 106 0.5877873196417936 1639 
1037 1067 112 0.6794380819619473 1728 
1038 1068 109 0.5840268536230506 1488 
1039 1068 95 0.5574990691674018 1028 
1040 1070 112 0.8035666645473499 1044 
1041 1072 105 0.31697429770284014 1660 
1042 1074 94 0.10071462501380643 1327 
1043 1078 107 0.46028375166629293 1455 
1044 1078 94 0.08235688759647476 1186 
1045 1082 111 0.21859458399938322 1178 
1046 1083 107 0.789494929811303 1133 
1047 1084 96 0.5300068684921322 924 
1048 1084 109 0.8589243016933855 1092 
1049 1086 104 0.347370147477075 1118 
1050 1088 104 0.3083206901029456 1541 
1051 1090 111 0.6092066037235043 1482 
1052 1091 99 0.46569929021217193 1579 
1053 1092 106 0.8429264189217647 1428 
1054 1093 109 0.24286044394077574 1310 
1055 1093 95 0.5543244533476911 769 
1056 1094 101 0.5433685800549771 1205 
1057 1094 106 0.6019298587649146 1686 
1058 1096 97 0.6354275309279569 1422 
1059 1099 102 0.1342648656926792 1118 
1060 1102 105 0.39299667238183755 803 
1061 1104 110 0.1628167928904834 795 
1062 1104 100 0.31874885434954064 1418 
1063 1105 108 0.5226978503022098 1103 
1064 1106 97 0.7425123802056427 1001 
1065 1106 100 0.6911232672427646 1613 
1066 1106 102 0.42720787579901537 1101 
1067 1107 113 0.5143430033157917 779 
1068 1108 99 0.29814681141980853 1155 
1069 1108 101 0.41944472661951965 1153 
1070 1109 107 0.43958352842440745 1175 
1071 1111 102 0.19780891163692113 1240 
1072 1111 112 0.6550598073224894 987 
1073 1111 97 0.5275660540180644 1002 
1074 1111 113 0.1199733753982176 1698 
1075 1111 95 0.28619674811637336 807 
1076 1113 95 0.054477276864243876 1413 
1077 1113 113 0.5612160687029428 854 
1078 1114 113 0.0735709845188773 1490 
1079 1116 111 0.07051245259900414 1250 
1080 1117 98 0.11564737510269284 1105 
1081 1118 106 0.7344443122561307 1427 
1082 1120 104 0.8291316765837488 1484 
1083 1120 103 0.3305689738525441 1235 
1084 1121 102 0.211515279486581 1357 
1085 1121 111 0.07183724034358831 1173 
1086 1121 102 0.21356611153407132 1105 
1087 1121 112 0.35515468510779286 1397 
1088 1123 103 0.11460583742198036 833 
1089 1124 109 0.02517099492771279 1445 
1090 1125 108 0.8188785926042752 849 
1091 1125 108 0.08160631253614473 1009 
1092 1126 101 0.6465521999737129 798 
1093 1127 100 0.03831646941066717 859 
1094 1128 95 0.35183378712438346 1187 
1095 1128 100 0.5280828516907943 1151 
1096 1129 106 0.36818134562700344 1094 
1097 1129 99 0.5768189885722784 1093 
1098 1129 94 0.7548825304279276 1361 
1099 1130 112 0.2415817534661409 1605 
1100 1130 113 0.559696559349953 1132 
1101 1131 109 0.22000449669616756 1663 
1102 1132 109 0.47330452832149045 1591 
1103 1132 99 0.22193179268545823 1682 
1104 1133 111 0.5838918674771442 935 
1105 1136 96 0.739974652703114 1204 
1106 1137 108 0.8002813578867354 1254 
1107 1138 108 0.39557726767320767 988 
1108 1140 101 0.15978624784775844 1415 
1109 1140 109 0.7359493380399643 1481 
1110 1140 103 0.7353898108764982 1699 
1111 1142 108 0.4407419404835346 1230 
1112 1143 106 0.7446397116996589 1640 
1113 1144 112 0.6572519575759913 848 
1114 1145 96 0.880132974247322 1609 
1115 1146 107 0.656515018696338 1765 
1116 1147 98 0.1063932996863495 854 
1117 1148 107 0.5749525809790911 1131 
1118 1149 96 0.13701264198725266 1745 
1119 1150 105 0.181562482875961 1459 
1120 1152 112 0.5541954554303453 805 
1121 1153 111 0.6932810350853585 1367 
1122 1155 102 0.24469763713952233 1094 
1123 1155 101 0.2984538841357766 916 
1124 1158 106 0.5607280559687462 1527 
1125 1159 112 0.031216790867444992 1378 
1126 1159 112 0.050835700633421944 884 
1127 1160 96 0.23720439776384974 918 
1128 1160 107 0.5764238240016808 1286 
1129 1160 100 0.7907418703585691 1117 
1130 1160 109 0.05601939329768825 1375 
1131 1163 109 0.33901999767065033 1196 
1132 1164 103 0.21594503831361392 1094 
1133 1164 99 0.6945751578565033 1531 
1134 1165 103 0.27679670241258264 1074 
1135 1166 99 0.7986065515322419 1072 
1136 1167 107 0.8832956514541414 844 
1137 1169 95 0.34622203348277614 844 
1138 1170 104 0.8846326445675852 1679 
1139 1170 109 0.6024442416098393 1169 
1140 1172 113 0.3822630379330535 1556 
1141 1172 110 0.020143605234090877 1629 
1142 1173 103 0.816066968030066 1687 
1143 1173 98 0.5757123172386144 1619 
1144 1174 98 0.20899300003021648 1464 
1145 1177 109 0.30667605734293796 1656 
1146 1177 101 0.6041566700416158 828 
1147 1178 105 0.29732080397385824 824 
1148 1178 110 0.8600191338646915 947 
1149 1181 113 0.8635236177780247 1291 
1150 1181 101 0.8367929303681955 1127 
1151 1182 96 0.20676517111555245 1114 
1152 1185 99 0.807181072604673 1293 
1153 1185 105 0.7525101788534297 1558 
1154 1186 103 0.7791411416971405 950 
1155 1186 109 0.49611256709112145 935 
1156 1187 104 0.5669466259263054 819 
1157 1190 111 0.8522070800548083 1660 
1158 1190 103 0.3151896425817833 1070 
1159 1191 114 0.35997276946469975 933 
1160 1193 94 0.39264679748113407 789 
1161 1193 96 0.6146694110745461 804 
1162 1193 105 0.3237628710935184 1028 
1163 1194 104 0.6880220385332299 1078 
1164 1197 114 0.8131809933814325 1453 
1165 1197 99 0.4286037153830095 1225 
1166 1198 95 0.1580319046516075 1499 
1167 1199 110 0.4833510003045143 1617 
1168 1199 96 0.8903431759811609 1318 
1169 1201 103 0.6969915805359416 1181 
1170 1201 104 0.5020537266891275 1337 
1171 1201 104 0.8103267967136657 1306 
1172 1202 94 0.735834592902201 874 
1173 1206 113 0.25324646231425096 1621 
1174 1206 110 0.741667749487799 1448 
1175 1211 96 0.41515556499499556 1740 
1176 1212 112 0.6278251906813626 1106 
1177 1213 106 0.3883198736551344 812 
1178 1213 110 0.7697822710905559 895 
1179 1214 107 0.15613922849199158 1634 
1180 1214 94 0.6620902033995266 1029 
1181 1216 109 0.39339098640832665 792 
1182 1216 101 0.7878650524770391 911 
1183 1219 99 0.41672140134703384 820 
1184 1219 102 0.27829445183170554 1119 
1185 1220 95 0.25410721050184437 1756 
1186 1221 109 0.4024738104644636 1724 
1187 1222 96 0.6575974619340522 1006 
1188 1222 104 0.7046221803115715 893 
1189 1224 97 0.615509203524389 1492 
1190 1224 114 0.6052798962717105 1078 
1191 1227 106 0.41426104668211805 1462 
1192 1228 99 0.1357294193349943 1546 
1193 1229 105 0.04276771150781878 1152 
1194 1229 109 0.8765888283605826 1429 
1195 1229 114 0.5441710274301164 787 
1196 1229 111 0.5248792025377208 1251 
1197 1230 113 0.6964236127037758 1599 
1198 1231 106 0.5673172986675811 1611 
1199 1233 102 0.03363557201950708 1634 
1200 1233 105 0.08395931288733202 1543 
1201 1234 101 0.11973596413737297 1426 
1202 1234 113 0.49884372170565816 788 
1203 1234 112 0.6439844044383053 1091 
1204 1236 113 0.4696066750209816 827 
1205 1236 110 0.7823379725353132 939 
1206 1237 107 0.7555270824002561 1352 
1207 1237 94 0.16147360418068937 1564 
1208 1238 105 0.12205264424523975 1082 
1209 1238 106 0.6225948732574266 1386 
1210 1239 109 0.745118634095781 1125 
1211 1240 111 0.3645090353263096 958 
1212 1241 95 0.735720669020153 1392 
1213 1242 102 0.7677742570108387 901 
1214 1243 105 0.2320968183287865 1715 
1215 1245 113 0.30816507996899667 1460 
1216 1245 94 0.02884956807987675 1466 
1217 1247 113 0.5669964887707436 766 
1218 1247 100 0.1721139403103565 1484 
1219 1248 97 0.787880283695229 1232 
1220 1252 94 0.46616828859472326 1479 
1221 1253 103 0.5607526917569444 841 
1222 1254 105 0.5832540831267186 854 
1223 1254 102 0.820121497482742 1600 
1224 1255 104 0.6045937713163307 1020 
1225 1255 97 0.4891864511460756 999 
1226 1255 103 0.1274842436288131 1279 
1227 1256 102 0.27455633766108434 1038 
1228 1258 109 0.08670074816762478 1493 
1229 1259 113 0.04921907777413959 1485 
1230 1259 110 0.8179607011677028 1764 
1231 1260 107 0.027927754651432032 1592 
1232 1262 113 0.7933515386101434 1541 
1233 1263 96 0.7782625755294666 1715 
1234 1264 110 0.8668640762428754 1710 
1235 1264 96 0.8387155517095815 1607 
1236 1265 101 0.48023441054337557 1747 
1237 1267 102 0.2448468171814157 1308 
1238 1267 105 0.010151988483747397 1196 
1239 1267 98 0.35365482881461585 1539 
1240 1267 104 0.3141309857376166 1040 
1241 1267 103 0.5226295198222712 793 
1242 1268 105 0.5678816493382925 1271 
1243 1268 113 0.24183867419659105 1544 
1244 1268 106 0.4301254550876206 1092 
1245 1273 101 0.5786762548847327 1094 
1246 1274 99 0.11435042915229167 1726 
1247 1276 107 0.3225150061368163 1394 
1248 1276 110 0.19749837406690932 1460 
1249 1276 110 0.3469626688682234 1687 
1250 1276 108 0.17733962586440666 997 
1251 1278 100 0.12033645162462833 1426 
1252 1284 97 0.7722490100715728 1007 
1253 1285 105 0.0598564958575007 852 
1254 1286 111 0.8548680070466484 1734 
1255 1286 114 0.5206915565430673 926 
1256 1286 106 0.5086477507240673 1742 
1257 1286 97 0.8581555915176173 1472 
1258 1286 104 0.8638062615985604 1006 
1259 1294 95 0.31166661435402154 1215 
1260 1294 101 0.10408272004998345 1551 
1261 1295 98 0.6187111608132059 1215 
1262 1298 101 0.5397449478839871 1508 
1263 1299 100 0.28024294738161304 1719 
1264 1305 99 0.6398940652150014 959 
1265 1305 94 0.8445211265397043 1003 
1266 1305 112 0.1696679689227143 1008 
1267 1306 104 0.24152908717523933 1573 
1268 1306 102 0.718510213376536 1068 
1269 1308 99 0.6867552580822859 893 
1270 1310 101 0.7530416999136877 1562 
1271 1311 103 0.7689241557689696 1219 
1272 1311 104 0.7736371285564584 954 
1273 1313 104 0.08287046245769251 1714 
1274 1313 94 0.23104673250591223 786 
1275 1315 99 0.2537799267215495 1622 
1276 1318 108 0.8536376509356769 912 
1277 1319 111 0.5597591399931446 786 
1278 1319 102 0.15342257472363904 1359 
1279 1321 96 0.42068333012037545 1344 
1280 1326 108 0.5865368490973631 1630 
1281 1326 104 0.7063219247959828 896 
1282 1326 110 0.6996448974287901 1749 
1283 1327 98 0.4654894336681318 953 
1284 1328 96 0.5032075118576109 1542 
1285 1328 94 0.08097281443951149 975 
1286 1330 98 0.6124359463887461 1020 
1287 1330 114 0.04236131623695829 1202 
1288 1331 111 0.29660452010529625 1662 
1289 1331 111 0.19851838436939953 897 
1290 1331 110 0.6916687318354107 1749 
1291 1332 100 0.28821013347401947 1609 
1292 1332 96 0.30765574480623636 1568 
1293 1333 99 0.424766012660988 852 
1294 1334 108 0.7630526980343534 1045 
1295 1335 95 0.7439047056555677 798 
1296 1338 106 0.5141438022144401 1152 
1297 1338 99 0.1973775676430872 1467 
1298 1339 106 0.30800133586795825 1243 
1299 1340 95 0.6202945459847298 1335 
1300 1340 97 0.7702222200551524 872 
1301 1340 99 0.18130763769986843 1344 
1302 1340 105 0.23687723282979262 895 
1303 1342 100 0.8285403049290438 1009 
1304 1342 102 0.7961546872699572 1436 
1305 1349 107 0.23057758601613615 1116 
1306 1351 105 0.6029845556703947 1036 
1307 1352 108 0.30216499540151814 1220 
1308 1354 112 0.3278504252378721 1740 
1309 1354 95 0.8553561427266702 836 
1310 1355 94 0.7312406328854629 1146 
1311 1356 98 0.8068910034913545 1732 
1312 1356 105 0.6442063941607269 1259 
1313 1358 106 0.633648868799851 1733 
1314 1359 103 0.5146680003847673 1180 
1315 1359 102 0.6010962008119043 900 
1316 1361 106 0.02845755320180715 829 
1317 1361 114 0.1075866359816611 1565 
1318 1362 103 0.2528335241464637 1593 
1319 1363 107 0.16875935248303242 863 
1320 1363 104 0.8070556687975627 1590 
1321 1365 111 0.5695697426436995 1567 
1322 1365 96 0.19043854421290687 1071 
1323 1365 99 0.2433527765656002 838 
1324 1366 97 0.5464155282519811 1305 
1325 1367 114 0.17192440719825194 1426 
1326 1367 95 0.1825017920023595 1521 
1327 1367 97 0.5241514108204811 1370 
1328 1369 95 0.7726496854195507 1186 
1329 1370 108 0.8845658512017591 1602 
1330 1372 102 0.7831354125673048 836 
1331 1372 103 0.756630128577783 1673 
1332 1373 98 0.5474782628612 1566 
1333 1374 106 0.6774170959906972 1539 
1334 1376 113 0.05075521031181071 1130 
1335 1377 99 0.2983424610560476 1185 
1336 1377 103 0.596173697228823 1418 
1337 1377 111 0.5588434643520678 1094 
1338 1378 109 0.21554434074422937 1474 
1339 1379 111 0.4059295372601034 1004 
1340 1381 112 0.2604479388437144 1203 
1341 1384 106 0.7409639436578568 1247 
1342 1385 110 0.8070273920435048 1068 
1343 1387 104 0.2310302331667254 836 
1344 1389 104 0.14000310354467554 1173 
1345 1389 111 0.1303005519194235 868 
1346 1394 94 0.7014185694409536 1111 
1347 1395 98 0.7452835906011368 1218 
1348 1398 95 0.03611041181489644 1235 
1349 1400 114 0.5192501282067711 998 
1350 1400 107 0.059602708491521814 1619 
1351 1402 103 0.8976123392636434 1287 
1352 1403 111 0.8859877953260767 1354 
1353 1403 98 0.8659624615164547 1338 
1354 1403 113 0.08369612378044156 871 
1355 1405 105 0.7994224626871029 1272 
1356 1405 108 0.8984850968602096 963 
1357 1405 95 0.12184431494419952 1139 
1358 1406 113 0.825036014580002 1283 
1359 1406 104 0.6254867694860198 1711 
1360 1407 95 0.35906790231019825 1336 
1361 1407 112 0.5502675903506312 876 
1362 1408 99 0.7135761540969052 910 
1363 1409 97 0.7345794314993809 889 
1364 1409 100 0.7606335736722933 1127 
1365 1411 97 0.763137145115055 1378 
1366 1413 102 0.26590117823236337 900 
1367 1413 101 0.520299655479883 1715 
1368 1413 95 0.7723358809754441 1353 
1369 1418 103 0.2549000351589681 1731 
1370 1418 100 0.1732114350341002 1628 
1371 1418 96 0.753933690942268 1124 
1372 1419 111 0.24636405243021264 1268 
1373 1421 95 0.6533858466422465 1486 
1374 1421 100 0.7905999690207505 1051 
1375 1422 109 0.8838374047965525 1613 
1376 1423 106 0.44022138314639475 920 
1377 1425 109 0.7692789455976875 1093 
1378 1425 103 0.19241649882076944 973 
1379 1426 102 0.8975590051113207 1704 
1380 1426 101 0.36449168953065747 916 
1381 1428 107 0.012055455225982836 961 
1382 1428 101 0.609037917860074 1130 
1383 1431 106 0.3405502296923953 1547 
1384 1433 107 0.48063691352819465 1124 
1385 1433 97 0.8261056298516631 1354 
1386 1436 97 0.8672869806858745 1478 
1387 1437 100 0.8580992306901368 1100 
1388 1437 108 0.6333030191436155 1043 
1389 1438 114 0.5297828748857574 1562 
1390 1438 101 0.22613943288445146 1202 
1391 1440 104 0.6051311356349974 1323 
1392 1442 101 0.23225796801437315 901 
1393 1443 110 0.2035710352699458 1109 
1394 1443 114 0.4303867112440942 1524 
1395 1447 110 0.7267721374076409 1223 
1396 1447 104 0.4874511220995698 1639 
1397 1448 114 0.35276959812066794 1646 
1398 1450 100 0.7719888577571051 1118 
1399 1451 107 0.5964785638835602 1087 
1400 1452 111 0.37520298903977695 1424 
1401 1454 107 0.28385140270444514 928 
1402 1457 97 0.21983597363388574 1178 
1403 1457 100 0.4692687810286158 1710 
1404 1457 113 0.5619526410198308 1291 
1405 1458 106 0.8627549799288675 938 
1406 1459 109 0.21085688780117015 1646 
1407 1459 106 0.3917554163303906 1388 
1408 1459 98 0.16915176235997487 1003 
1409 1461 103 0.562763920610906 955 
1410 1461 103 0.7358495816496989 1485 
1411 1464 105 0.2551964708608055 834 
1412 1466 113 0.6926847039483758 806 
1413 1467 113 0.05451532936382886 1278 
1414 1467 96 0.8200930108522605 1348 
1415 1467 94 0.4287778862171168 1682 
1416 1467 101 0.5307396742619006 1457 
1417 1470 100 0.5640944446432374 827 
1418 1471 105 0.28448995289507684 1746 
1419 1471 97 0.6869625603715236 1282 
1420 1473 100 0.8338599383254546 1073 
1421 1474 94 0.32926087980134333 801 
1422 1474 114 0.8855132564504531 1716 
1423 1476 99 0.6272616294827743 1616 
1424 1480 94 0.33075293775396686 1377 
1425 1481 112 0.36882212820517735 1303 
1426 1481 100 0.5886248918532178 927 
1427 1481 105 0.37851462487747045 1068 
1428 1482 101 0.09864831031305081 926 
1429 1482 100 0.5256102520289582 1359 
1430 1483 100 0.3001142933803004 1665 
1431 1483 100 0.2985158041620496 1011 
1432 1483 111 0.802574684232111 1500 
1433 1486 99 0.8363547238360595 1032 
1434 1486 100 0.5214818828425689 1263 
1435 1486 96 0.30034551725270414 847 
1436 1488 103 0.3540614340877775 1578 
1437 1488 104 0.19467189740641277 1661 
1438 1489 111 0.3425665942202383 794 
1439 1491 95 0.8106990890131052 1263 
1440 1492 97 0.6087295326823359 1073 
1441 1492 109 0.8250496694256683 1719 
1442 1493 101 0.8046998422826876 1170 
1443 1493 97 0.10430037766279834 1366 
1444 1494 99 0.6212726564462939 1421 
1445 1496 97 0.7969871021531554 905 
1446 1498 109 0.7671920479538544 1257 
1447 1498 97 0.46253625467133647 1269 
1448 1501 100 0.2405963935367131 1445 
1449 1502 101 0.09004275296310998 872 
1450 1503 97 0.14170725909736975 1038 
1451 1504 99 0.476308998566991 825 
1452 1505 107 0.7569200217167713 1106 
1453 1505 107 0.02002222604913983 1743 
1454 1505 111 0.7817681090060373 1702 
1455 1506 103 0.026862895085721927 1501 
1456 1507 99 0.14318441307372343 994 
1457 1508 104 0.6994737180238947 1456 
1458 1508 111 0.6086055563715567 1639 
1459 1509 107 0.6480395701100112 809 
1460 1509 104 0.412173747736212 887 
1461 1511 106 0.8070998902863188 914 
1462 1511 106 0.6090470718463679 1216 
1463 1511 95 0.041479176457481365 1250 
1464 1512 114 0.5302552108094557 1338 
1465 1514 103 0.24996529238618434 1069 
1466 1515 104 0.5777338423413488 1157 
1467 1516 110 0.20999208094135488 786 
1468 1517 106 0.0957508432732294 1138 
1469 1519 109 0.6619599977112849 1480 
1470 1524 97 0.370332025119637 1643 
1471 1526 111 0.6392994067513257 781 
1472 1526 110 0.4726200939184577 1556 
1473 1527 111 0.5693093674328876 1633 
1474 1527 111 0.22572522723515603 1566 
1475 1527 96 0.4202002809503946 1033 
1476 1529 98 0.6006297495740874 1678 
1477 1529 112 0.263534526688102 1674 
1478 1530 94 0.6715515074475678 1248 
1479 1530 106 0.2236792994302221 812 
1480 1530 100 0.03708375979051341 1314 
1481 1532 100 0.5542840363992905 791 
1482 1532 111 0.8178316106811776 1060 
1483 1532 96 0.23792891556887993 1469 
1484 1532 104 0.5088375057447688 1235 
1485 1533 99 0.1964452521402623 1349 
1486 1535 100 0.4957026625952891 1009 
1487 1536 102 0.5768168232937542 1203 
1488 1537 102 0.45220307995848463 1115 
1489 1537 108 0.5661069011571195 1643 
1490 1538 97 0.45236418348206003 1702 
1491 1539 101 0.732640168435638 960 
1492 1539 101 0.1761468105879306 1297 
1493 1542 99 0.2249507313381843 1200 
1494 1543 94 0.46344319620629854 1465 
1495 1543 114 0.7678759704792439 1730 
1496 1544 96 0.7139896943940306 1489 
1497 1544 102 0.679577293044816 1095 
1498 1545 109 0.518548605876476 928 
1499 1545 96 0.6478758049335721 1182 
1500 1547 99 0.21896125361070035 1706 
1501 1547 96 0.8606848522357159 1400 
1502 1548 94 0.24786482003260524 885 
1503 1548 112 0.5308883219327586 975 
1504 1548 97 0.7828717905355221 778 
1505 1549 107 0.7214599708230449 1669 
1506 1549 109 0.7912982726070935 1557 
1507 1551 97 0.40713836341727366 915 
1508 1552 97 0.824125822220957 830 
1509 1553 98 0.054649988270993 1579 
1510 1553 105 0.5357722471306325 851 
1511 1554 107 0.3868764492374561 830 
1512 1554 101 0.5561224829843258 1396 
1513 1554 100 0.7740406992011226 928 
1514 1555 100 0.22169174688558152 1244 
1515 1557 95 0.8788968852897838 838 
1516 1558 100 0.817788899739369 1368 
1517 1559 97 0.3574348038641914 1116 
1518 1559 102 0.8177785706197087 1247 
1519 1559 114 0.8889987184297056 1374 
1520 1559 100 0.8347228617840025 1418 
1521 1559 96 0.8276058353091434 1389 
1522 1560 102 0.8945521519269352 1209 
1523 1562 112 0.6351132661320823 1473 
1524 1563 100 0.45939305134200875 1334 
1525 1564 102 0.39098933911432443 1278 
1526 1566 99 0.564564266152386 1034 
1527 1566 106 0.8072082876607474 1332 
1528 1566 106 0.3052505426467426 993 
1529 1568 97 0.16786729369874975 778 
1530 1568 113 0.7723188563422656 796 
1531 1568 113 0.528912014555871 1118 
1532 1569 109 0.8170625924191958 1248 
1533 1569 113 0.5008004495735522 1311 
1534 1573 104 0.5884894810653237 943 
1535 1574 108 0.8195135243308458 854 
1536 1574 95 0.14825102720720826 1450 
1537 1575 104 0.427071459967086 1318 
1538 1575 101 0.34589672601704086 1220 
1539 1576 102 0.2841085196741609 1251 
1540 1576 103 0.03835178678913808 844 
1541 1577 113 0.3593983784996248 1039 
1542 1579 95 0.06437537832601653 1175 
1543 1581 100 0.14699968675676922 783 
1544 1583 112 0.32992211612137806 1072 
1545 1584 94 0.5659357844544701 1004 
1546 1585 97 0.807799666578757 1459 
1547 1586 112 0.33208877750991855 1320 
1548 1588 104 0.6686252416846779 1009 
1549 1591 109 0.6819750781884274 1732 
1550 1593 94 0.8705157690565567 1240 
1551 1594 113 0.2983687756928643 1691 
1552 1595 111 0.5005141484557127 1220 
1553 1597 110 0.5897094554188799 1087 
1554 1599 107 0.28280838315420054 1443 
1555 1599 111 0.31482882306082255 916 
1556 1600 105 0.8400937302251344 1665 
1557 1601 102 0.5908892245859143 931 
1558 1602 111 0.8556718610689711 1677 
1559 1606 104 0.45699962010959894 1682 
1560 1606 114 0.6782384820413406 933 
1561 1607 103 0.011593320738089361 1198 
1562 1608 106 0.2907875173686057 1730 
1563 1609 113 0.36639458857049884 1467 
1564 1611 98 0.026545166167818976 1026 
1565 1611 94 0.8928926844885142 1184 
1566 1614 110 0.2370483244084287 1274 
1567 1614 112 0.7302084954003589 786 
1568 1615 108 0.7489595616286732 1058 
1569 1615 104 0.5035160583943006 1680 
1570 1615 107 0.10565921562281286 1050 
1571 1616 107 0.8951903340569248 1385 
1572 1616 102 0.1994205545432764 1645 
1573 1618 100 0.6313537089560837 1362 
1574 1620 104 0.5416277034889986 1283 
1575 1621 103 0.8492031165985987 1266 
1576 1621 95 0.2597022175630839 1120 
1577 1622 111 0.18495571516687395 1249 
1578 1623 109 0.4442115739791344 896 
1579 1623 108 0.7162985303703394 1275 
1580 1624 97 0.5452424789357393 1735 
1581 1625 100 0.06428628190652919 1594 
1582 1625 106 0.012285979122225742 911 
1583 1626 106 0.3637728386874295 983 
1584 1627 100 0.6714726931193675 1381 
1585 1627 114 0.32030166364444623 1140 
1586 1628 104 0.010381950858248121 1279 
1587 1628 105 0.8128861385307327 1491 
1588 1629 114 0.3469895957173692 1075 
1589 1630 95 0.5221278319824798 1162 
1590 1632 102 0.6741566115974785 1697 
1591 1634 105 0.4546404682408146 865 
1592 1634 105 0.6907176177719524 771 
1593 1635 114 0.7028660493438095 1453 
1594 1636 114 0.4179232232752197 1089 
1595 1637 101 0.18459895627517514 784 
1596 1637 104 0.5271578231708004 958 
1597 1638 114 0.27464526928231886 805 
1598 1638 94 0.4060841786866722 1559 
1599 1639 111 0.16940698749685895 1442 
1600 1639 96 0.7735971967590481 841 
1601 1640 97 0.3604256179021654 1360 
1602 1642 113 0.25556052710520555 1435 
1603 1642 112 0.5259647748394848 1184 
1604 1643 109 0.7417989932813689 1290 
1605 1643 108 0.8677662456009748 1046 
1606 1644 101 0.8611165076585273 1026 
1607 1645 101 0.17135344742849445 1028 
1608 1646 102 0.2777343602291241 1372 
1609 1646 113 0.07843812534550594 1465 
1610 1646 98 0.7920148590038789 1241 
1611 1649 96 0.36567768350099816 989 
1612 1649 111 0.26128606165301504 1599 
1613 1650 107 0.0391672142209793 991 
1614 1652 109 0.15547957534234505 891 
1615 1652 109 0.573071182191088 1073 
1616 1653 102 0.5828498139488582 1464 
1617 1654 108 0.8072968199309426 1189 
1618 1655 98 0.8010160523648282 1005 
1619 1658 99 0.02432238663426101 1255 
1620 1659 99 0.20824279184299954 1419 
1621 1661 100 0.4531248954207961 843 
1622 1661 97 0.5509629689086933 1147 
1623 1662 102 0.8698790069514548 1303 
1624 1663 114 0.8652059811968165 1669 
1625 1663 111 0.317386891596875 1051 
1626 1664 97 0.24784734295556565 1011 
1627 1665 113 0.30581354391596477 987 
1628 1666 105 0.4270403276471919 1189 
1629 1668 104 0.48457411780440945 1478 
1630 1670 111 0.7713623373627712 878 
1631 1671 106 0.6396568568179657 1351 
1632 1674 98 0.08709948080645584 1648 
1633 1674 100 0.1916188197902663 1485 
1634 1676 114 0.05287453240980185 1658 
1635 1679 112 0.6682593946396534 1134 
1636 1679 107 0.6388158745837069 1414 
1637 1681 102 0.09454922490638462 1433 
1638 1681 113 0.8022977274182826 871 
1639 1682 111 0.08869969192532291 765 
1640 1682 112 0.5458052905762769 869 
1641 1682 102 0.4517795004468471 1220 
1642 1683 108 0.7043705566467265 1551 
1643 1683 105 0.7742610870214186 1407 
1644 1684 103 0.6169833947749553 1508 
1645 1685 109 0.3508750595870358 917 
1646 1685 94 0.4260783046638803 864 
1647 1687 98 0.2641685251456333 1660 
1648 1687 97 0.5553928360065551 1027 
1649 1690 113 0.7810033353849292 1109 
1650 1691 102 0.08137497155416785 974 
1651 1691 110 0.7835106575325741 1533 
1652 1694 103 0.8540784499512724 1397 
1653 1694 114 0.137545306252624 1236 
1654 1694 96 0.6089829368411676 1618 
1655 1694 101 0.23062482340382542 1071 
1656 1694 96 0.3099975606205005 1442 
1657 1695 111 0.5456681808464529 1097 
1658 1695 113 0.7070711060353949 1139 
1659 1696 105 0.1811504137061996 992 
1660 1696 105 0.5114581120364771 851 
1661 1697 112 0.8880522870174753 1171 
1662 1698 111 0.10257573421650061 963 
1663 1698 100 0.5004431476828516 1112 
1664 1698 95 0.8212260122945583 916 
1665 1699 102 0.406507797764831 1248 
1666 1700 103 0.257760380698844 1561 
1667 1700 108 0.5552671415028925 1316 
1668 1700 112 0.6159996887374513 1414 
1669 1700 94 0.2652480263620293 1500 
1670 1701 96 0.052347478670494364 1708 
1671 1703 109 0.7723898214243402 1613 
1672 1704 95 0.7021784216129233 1001 
1673 1707 98 0.3682553654868377 935 
1674 1707 98 0.670937134510562 1375 
1675 1708 105 0.41959508661261263 1081 
1676 1709 96 0.6882251843928674 1595 
1677 1709 114 0.7490111813280612 968 
1678 1712 100 0.3941025796573214 1622 
1679 1713 97 0.39081591130258475 1513 
1680 1713 108 0.2694336613893302 1140 
1681 1715 98 0.17426673048296562 977 
1682 1716 112 0.7721321665712189 954 
1683 1716 97 0.4961129498503724 1259 
1684 1719 106 0.5009336810875172 1144 
1685 1719 104 0.2611091230412873 859 
1686 1720 99 0.4155157182966013 1507 
1687 1724 105 0.6510274945978536 1374 
1688 1725 111 0.265670935183544 1585 
1689 1725 99 0.42152062322438705 1467 
1690 1728 109 0.5438503781995747 1733 
1691 1730 113 0.28079433920405844 1405 
1692 1730 101 0.6306978064389279 981 
1693 1730 106 0.3564905710105874 1634 
1694 1733 107 0.8055697641806295 1082 
1695 1733 114 0.47136849845002665 923 
1696 1734 106 0.42787870085904606 1451 
1697 1735 109 0.8379389492117444 1708 
1698 1737 113 0.148865298120145 919 
1699 1737 114 0.7212816834441704 1165 
1700 1737 105 0.1986999913520815 1388 
1701 1737 102 0.6402152827164075 799 
1702 1738 107 0.05441276700271172 1382 
1703 1738 108 0.23293692690051224 1422 
1704 1739 110 0.8704881677036646 1180 
1705 1741 96 0.1458137779571105 819 
1706 1742 114 0.7547403468832693 1759 
1707 1743 97 0.8693736378404533 1548 
1708 1746 106 0.4155127626799825 1184 
1709 1748 111 0.7891084404184238 1360 
1710 1748 105 0.6278028044443069 1622 
1711 1754 101 0.8933452111156064 1004 
1712 1756 112 0.2171103103392246 1092 
1713 1758 100 0.5001505766744434 1419 
1714 1760 107 0.3626164536695048 1243 
1715 1761 102 0.3842379922078916 1656 
1716 1762 95 0.2642478156951062 813 
1717 1762 102 0.7995765166943558 946 
1718 1762 104 0.8476744950162761 1041 
1719 1763 112 0.8097483179393683 1304 
1720 1765 98 0.033751450198965895 1298 
1721 1766 95 0.14688577173671763 855 
1722 1768 109 0.3369950612987553 918 
1723 1768 107 0.3974514508279354 1480 
1724 1769 96 0.6278181415180046 770 
1725 1772 100 0.0894188815905178 1519 
1726 1772 97 0.795983669065764 1513 
1727 1773 109 0.5710351573961203 1306 
1728 1776 104 0.4288499920545942 1119 
1729 1776 114 0.5572285067087477 1573 
1730 1778 99 0.5149088738081569 1548 
1731 1778 110 0.8555154402874644 978 
1732 1778 110 0.3048994758955797 881 
1733 1781 105 0.6400233186095795 881 
1734 1782 101 0.21280475309473681 1083 
1735 1782 108 0.8722871364987689 1314 
1736 1782 108 0.4553017299676895 1094 
1737 1783 113 0.05817927137567184 813 
1738 1783 111 0.3355033146629095 1478 
1739 1785 95 0.20836249256198372 946 
1740 1785 106 0.031146305580887802 994 
1741 1787 113 0.7704012639265347 1684 
1742 1789 111 0.2743426772039341 1202 
1743 1789 95 0.8813673030119661 988 
1744 1791 106 0.5404839297752728 1013 
1745 1794 110 0.7271632335749357 910 
1746 1795 102 0.7537936176932849 1521 
1747 1795 105 0.010152628004316917 1293 
1748 1796 101 0.8280357154602965 1094 
1749 1796 110 0.1459345800020684 1220 
1750 1797 106 0.604559031374519 905 
1751 1797 108 0.2545353097852681 1024 
1752 1798 96 0.4551082981928818 978 
1753 1798 104 0.8922892384003558 1040 
1754 1799 111 0.8780999009058703 1017 
1755 1800 100 0.2007038265883536 1300 
1756 1800 109 0.46242811950447155 1764 
1757 1800 112 0.5818651721424086 1184 
1758 1801 95 0.24354733524558353 1071 
1759 1801 105 0.3182097107017463 965 
1760 1801 106 0.4893277767186986 1751 
1761 1806 103 0.5655008694482835 1555 
1762 1806 113 0.5964306833514753 1056 
1763 1806 105 0.1935101499319218 928 
1764 1806 95 0.0338846199369134 902 
1765 1807 102 0.8530858015751723 1624 
1766 1807 110 0.5570690339731212 1653 
1767 1808 99 0.6259874787140243 1159 
1768 1809 94 0.6765725611242555 952 
1769 1809 112 0.08906827830362764 866 
1770 1809 109 0.7875565996875892 1664 
1771 1810 107 0.27816186157192313 1213 
1772 1811 101 0.0410477027619039 1435 
1773 1811 101 0.5178445395194973 1118 
1774 1812 105 0.27794331151075624 1149 
1775 1813 103 0.744902680931412 1077 
1776 1814 96 0.1372292583496308 979 
1777 1816 101 0.36048525144211996 1410 
1778 1817 113 0.16951878444720708 1346 
1779 1819 110 0.059984236153034304 1586 
1780 1820 104 0.8614823682023077 1626 
1781 1822 97 0.8997883811920631 1596 
1782 1823 101 0.470165141013489 1289 
1783 1827 101 0.013331683900522959 1391 
1784 1828 109 0.5382467843071645 1317 
1785 1829 94 0.4445099041128506 857 
1786 1829 110 0.49832856272715864 1490 
1787 1831 112 0.04698046236796114 822 
1788 1831 105 0.38648587829421194 1279 
1789 1832 105 0.28558402816467715 1090 
1790 1833 111 0.7115719040701699 1677 
1791 1837 97 0.5213967562708586 1368 
1792 1838 111 0.6247421139117548 1577 
1793 1838 106 0.14507323711033102 1029 
1794 1840 99 0.6787061910060368 785 
1795 1840 111 0.7369449023212071 895 
1796 1842 109 0.20121225926131037 1600 
1797 1842 94 0.12399824352560646 1091 
1798 1842 107 0.21478577550117794 885 
1799 1842 108 0.3082858789375031 1113 
1800 1844 103 0.7534478059428056 1678 
1801 1848 100 0.020701678671544762 942 
1802 1849 104 0.8664104671696544 1525 
1803 1850 94 0.3303591577248212 1330 
1804 1850 110 0.8737826740303826 821 
1805 1851 108 0.8184763256904876 859 
1806 1854 98 0.27402984981042217 1349 
1807 1855 102 0.409922964449708 793 
1808 1855 98 0.43204486582821366 1090 
1809 1856 96 0.8057669151014717 1745 
1810 1857 106 0.7736378668871176 1168 
1811 1858 104 0.29731428694652334 1182 
1812 1858 108 0.19067900194456777 1068 
1813 1859 108 0.30819147058266433 863 
1814 1859 94 0.37511043327342164 1084 
1815 1859 95 0.6820616024988213 1445 
1816 1860 95 0.4892082469294567 1271 
1817 1861 101 0.24343363125161557 1741 
1818 1863 109 0.8634961863935952 1379 
1819 1866 96 0.11062693489904356 1154 
1820 1866 104 0.7065208678520992 1715 
1821 1867 104 0.8327783691406205 1196 
1822 1868 107 0.5925627339128181 1303 
1823 1868 94 0.44534831396187813 1498 
1824 1868 97 0.691725804204017 1539 
1825 1868 107 0.1532348747455708 1035 
1826 1868 97 0.4497178626619054 1420 
1827 1870 102 0.5971025112778804 1575 
1828 1872 110 0.8574151242428968 1666 
1829 1872 97 0.21810604574555917 1455 
1830 1872 114 0.8670454587198059 1735 
1831 1874 100 0.1597943001488865 1458 
1832 1875 109 0.7680410110065268 1221 
1833 1875 99 0.026304196544479415 1409 
1834 1875 96 0.2556492370728572 1051 
1835 1876 96 0.2052087141755504 1281 
1836 1876 105 0.5526079646739539 1034 
1837 1877 99 0.6364682439102428 1625 
1838 1877 100 0.867818162115583 1139 
1839 1878 106 0.809188515323756 1082 
1840 1878 102 0.5341913613146649 1600 
1841 1879 100 0.17339842386394885 1609 
1842 1881 102 0.33863345736158684 984 
1843 1881 112 0.44049744773517435 1645 
1844 1882 107 0.7569893094179486 1562 
1845 1882 96 0.7752263661495478 1494 
1846 1883 106 0.559375025172696 1663 
1847 1884 95 0.15142314897788817 1723 
1848 1885 94 0.48868077114892144 1508 
1849 1886 100 0.5090011664780308 1018 
1850 1886 110 0.6976090107892383 1625 
1851 1886 104 0.16646931265951231 1187 
1852 1887 103 0.45869021102639224 1109 
1853 1887 101 0.5622714344862599 1220 
1854 1888 99 0.8536411920015132 1587 
1855 1888 98 0.815614150147216 1271 
1856 1888 97 0.47322834487163995 1636 
1857 1888 98 0.20835078027852957 1368 
1858 1890 98 0.03296380533629279 951 
1859 1891 111 0.5384333459866186 955 
1860 1891 104 0.7436863680256814 1223 
1861 1893 101 0.3511681222706213 1296 
1862 1893 105 0.45820610547000773 1304 
1863 1894 112 0.4256173989775779 1697 
1864 1895 107 0.5664767131923908 1677 
1865 1897 110 0.7598434209292763 1350 
1866 1897 111 0.08308091876138125 1674 
1867 1898 95 0.6600380541927037 1072 
1868 1901 105 0.10939640373120091 1300 
1869 1904 95 0.6112218072099749 1691 
1870 1906 94 0.012833026272657252 1177 
1871 1906 103 0.22233548754722957 960 
1872 1907 104 0.46401754574303333 1475 
1873 1907 105 0.08594769834984407 966 
1874 1908 108 0.7133146693350655 1393 
1875 1910 103 0.6285556964712106 843 
1876 1911 112 0.43310596830073944 1185 
1877 1912 96 0.2777679677010479 1268 
1878 1912 109 0.13933492573211984 1227 
1879 1913 107 0.19243295298373916 1615 
1880 1914 113 0.8420499464708763 1730 
1881 1915 113 0.3043528255986256 1025 
1882 1915 103 0.736101829582899 1640 
1883 1916 103 0.1091002725024818 1406 
1884 1917 103 0.49577470752563035 1589 
1885 1919 101 0.5832011603422153 1225 
1886 1920 101 0.18911297755204667 1473 
1887 1920 114 0.4865741501316766 1120 
1888 1921 114 0.03654048854374282 1055 
1889 1921 112 0.6881963189929501 1749 
1890 1922 114 0.8941889431591178 1461 
1891 1923 110 0.7197440541540358 1164 
1892 1924 109 0.334504057258978 1200 
1893 1925 111 0.1932153767996116 1183 
1894 1928 98 0.6014242777651234 1290 
1895 1928 99 0.8266053177238474 1585 
1896 1929 102 0.360506909919299 954 
1897 1929 94 0.4417351399209529 1336 
1898 1929 100 0.710515389082547 1751 
1899 1930 98 0.4727759806301497 1282 
1900 1932 110 0.8767058475626529 1464 
1901 1933 105 0.4683503419840537 803 
1902 1933 99 0.6008708767700592 1650 
1903 1934 106 0.8813481392098267 1187 
1904 1935 104 0.7121150413069477 907 
1905 1937 100 0.0319971593394587 1383 
1906 1938 109 0.4771669300237182 1286 
1907 1939 104 0.6867137797659101 1475 
1908 1939 95 0.5722669795648455 1016 
1909 1939 111 0.4277786964378282 832 
1910 1940 114 0.3832687617699234 786 
1911 1940 106 0.044755292610821285 1499 
1912 1941 110 0.8190161757576169 1349 
1913 1942 111 0.2509751335696238 1560 
1914 1942 101 0.6385165089101065 831 
1915 1943 114 0.2976663165126237 985 
1916 1943 98 0.06801534531503345 1494 
1917 1943 103 0.5144858101945159 782 
1918 1943 114 0.7911614058242136 1460 
1919 1945 102 0.017634754341049913 1569 
1920 1947 104 0.27588539219095004 1740 
1921 1952 100 0.05574650208442219 1129 
1922 1952 104 0.35997794479404205 1017 
1923 1952 96 0.0220920846976008 787 
1924 1952 112 0.5850613232161678 825 
1925 1952 112 0.2328768159914876 1356 
1926 1952 97 0.592035829324348 1490 
1927 1952 105 0.3674903006913288 1450 
1928 1953 103 0.6896259409759233 1370 
1929 1953 97 0.3805882557324644 1205 
1930 1953 107 0.09391314625335273 1541 
1931 1954 98 0.6871382520633007 1275 
1932 1955 101 0.32632401516403975 1757 
1933 1956 111 0.7835179345695846 1599 
1934 1956 109 0.454074894312626 1680 
1935 1956 105 0.5047229386468006 1627 
1936 1956 94 0.541770978174271 1101 
1937 1957 99 0.8211902786732715 1250 
1938 1957 94 0.15896845131999165 1059 
1939 1958 100 0.6856748213223196 1720 
1940 1958 101 0.5200153347071315 1571 
1941 1959 99 0.1918325763115031 1652 
1942 1960 99 0.25704562435382233 1243 
1943 1962 109 0.28659021596858253 1034 
1944 1962 114 0.28846566433239507 1110 
1945 1963 97 0.6011554517424932 1458 
1946 1963 113 0.16463765166826602 904 
1947 1964 105 0.4859349068534374 1303 
1948 1965 98 0.8739389200079961 1539 
1949 1966 108 0.6347651516847963 877 
1950 1967 98 0.011198316067840344 772 
1951 1967 98 0.06781601163813991 1037 
1952 1968 102 0.17497512416834507 1405 
1953 1969 109 0.24307949470209028 1640 
1954 1971 97 0.10936345625595503 986 
1955 1971 112 0.6847462474561983 1416 
1956 1972 98 0.357610465550386 1036 
1957 1972 98 0.49065755332024585 1231 
1958 1973 113 0.6557263135816248 1201 
1959 1974 99 0.5831075920560426 1424 
1960 1975 107 0.053749611699614404 1290 
1961 1975 97 0.7364888352351233 944 
1962 1976 114 0.2094990159085225 1616 
1963 1976 99 0.29072231608437443 1451 
1964 1976 96 0.20927299302683858 820 
1965 1976 105 0.48514874039243133 1527 
1966 1977 94 0.035819563814374226 904 
1967 1978 98 0.7728730103650294 1080 
1968 1978 97 0.8457008603559067 1388 
1969 1979 108 0.26503364448695216 1330 
1970 1979 95 0.6585088954150952 1027 
1971 1979 98 0.6870176157451972 1757 
1972 1980 105 0.803063846921868 1074 
1973 1980 101 0.4878558208575737 958 
1974 1980 102 0.21205836012846035 1631 
1975 1980 96 0.8524563538289032 1616 
1976 1981 104 0.03150841470810648 1761 
1977 1981 104 0.5356395757653445 1168 
1978 1982 106 0.3246527577280869 1076 
1979 1982 101 0.8201847649176642 1134 
1980 1983 110 0.4511979241915598 1200 
1981 1983 108 0.5556228333646253 1671 
1982 1983 102 0.6892447891975709 1597 
1983 1985 107 0.024023458082199283 1765 
1984 1988 100 0.7457592258974393 1475 
1985 1989 110 0.6302843857589243 917 
1986 1989 97 0.4678867775559098 861 
1987 1990 104 0.1751950356706333 1702 
1988 1991 95 0.6230537163809033 1222 
1989 1994 109 0.7849615849054624 1203 
1990 1994 114 0.02506483734259679 1006 
1991 1995 111 0.1431470276393276 1535 
1992 1995 113 0.15324832045400666 1632 
1993 1995 108 0.660766524099952 956 
1994 1998 113 0.03834130467974915 1328 
1995 1998 95 0.1509864705686935 1271 
1996 1998 97 0.4059834742157494 1746 
1997 1998 109 0.6630180652138858 1454 
1998 2000 110 0.49182232650759755 1506 
1999 2000 94 0.5446065027181967 1401 
2000 0 105 0.13312492855323213 793 
