1 41 169 0.09046383769718327 632 
2 41 171 0.3309403877130124 1079 
3 41 166 0.5486107835490254 1396 
4 41 159 0.0638535549591264 1467 
5 41 163 0.7353052167290677 1349 
6 41 172 0.042198070885975915 1433 
7 41 159 0.8689228532690868 973 
8 41 163 0.34383063305075506 1407 
9 41 175 0.4335542712321592 1159 
10 41 175 0.09162952917866252 771 
11 41 173 0.0899592862558288 1435 
12 41 165 0.6557767605294914 758 
13 41 171 0.8915770075659297 1450 
14 41 170 0.4268364831158733 707 
15 41 172 0.14773409970278167 960 
16 41 166 0.037222902133377554 1311 
17 41 170 0.22387247841767313 717 
18 41 176 0.4095630970269279 1314 
19 41 172 0.8611498003588081 1056 
20 41 171 0.43501425562930607 1438 
21 41 169 0.12756850410925247 931 
22 41 172 0.807150562457639 671 
23 77 173 0.7669463210822175 695 
24 77 162 0.01781823789661505 1457 
25 77 177 0.5578495795934119 1512 
26 77 174 0.7824646575931191 1321 
27 77 175 0.6192094478069555 1119 
28 77 176 0.025014201717298533 1029 
29 77 172 0.11334094745303147 1354 
30 77 159 0.016646593890589614 718 
31 77 175 0.36626794977464816 1410 
32 77 178 0.04969478114565447 711 
33 77 163 0.34881591791984706 1465 
34 77 164 0.7839355722969797 571 
35 77 165 0.6901328884580493 1111 
36 77 166 0.8897081173158264 1371 
37 77 171 0.10644156146146665 1056 
38 77 173 0.3455121015106431 690 
39 77 174 0.34205924557442374 694 
40 92 165 0.3253425042426462 1509 
41 92 177 0.843533921840176 1233 
42 92 177 0.5126130792535202 1425 
43 92 170 0.41876661348928534 745 
44 92 170 0.28971025962675984 1174 
45 92 178 0.5113019606506687 1475 
46 92 163 0.37266023664488995 1055 
47 92 162 0.10884695248860682 586 
48 92 176 0.07074100094408291 1498 
49 92 177 0.3344725152022463 713 
50 92 164 0.7054238018187311 1206 
51 92 161 0.6452208522196125 1145 
52 92 159 0.25400453725534755 1217 
53 92 176 0.1286520053639748 1255 
54 92 176 0.03234419354132264 947 
55 92 177 0.5981724687024065 1550 
56 92 178 0.8365333896181282 1245 
57 92 165 0.23628347358994917 742 
58 92 161 0.848823316436443 1307 
59 94 165 0.18806774536851384 948 
60 94 168 0.30111746659386035 1498 
61 94 175 0.6451216925462294 1201 
62 94 161 0.3549150826191957 1329 
63 94 160 0.35112058632605875 964 
64 94 170 0.7995744650775072 613 
65 94 167 0.060615539714241794 709 
66 94 168 0.4105561131745159 889 
67 94 161 0.014467202746101958 1164 
68 94 160 0.5002536447382407 1289 
69 94 169 0.6201340702577773 1110 
70 94 174 0.10512137391828415 632 
71 94 177 0.3189762550834546 719 
72 94 171 0.7259461896593984 717 
73 94 166 0.19830260746395867 1080 
74 94 159 0.1408378354556607 1475 
75 114 173 0.1917603609427079 1220 
76 114 166 0.1481576254438364 1020 
77 114 167 0.1782380470587882 697 
78 114 176 0.4731317356705698 1370 
79 114 171 0.8272775756233657 857 
80 114 179 0.19887666828877398 1216 
81 114 179 0.23165737429193817 910 
82 114 160 0.4283364377985067 1256 
83 114 164 0.19758132676263349 1191 
84 114 167 0.6852228286582831 790 
85 114 162 0.047307742186749165 812 
86 114 162 0.38119459250624016 948 
87 114 164 0.3878007967021917 1488 
88 114 172 0.5284629939835283 964 
89 114 175 0.16925872118715907 1476 
90 114 175 0.5828367393465265 1371 
91 114 174 0.5082573337225583 665 
92 147 162 0.5814975317199147 645 
93 147 179 0.2765699517146921 651 
94 147 160 0.13501809425124428 983 
95 147 166 0.5043511304732148 1168 
96 147 171 0.10051750779747266 1488 
97 147 174 0.10060077966469667 1407 
98 147 171 0.24131320061810843 1299 
99 147 170 0.42973011206193423 1077 
100 147 162 0.09605186455181772 1261 
101 147 159 0.33231762730590414 1235 
102 147 165 0.6503572532483188 911 
103 147 174 0.09282618266305191 573 
104 147 161 0.4216142827904513 837 
105 147 178 0.30386384912201525 661 
106 147 162 0.3501758101500803 621 
107 147 159 0.579218468678775 782 
108 147 172 0.21168249339857764 608 
109 147 163 0.12715114212944473 723 
110 147 171 0.7720935042002786 1048 
111 147 160 0.807336198666399 724 
112 147 175 0.6265012300031212 1084 
113 147 159 0.27045730607555557 946 
114 169 165 0.2851339899810894 1258 
115 169 166 0.2923297413784493 647 
116 169 172 0.8782497233737989 706 
117 169 162 0.16785186784470094 672 
118 169 173 0.13495703137075277 767 
119 169 169 0.8237050623519742 1278 
120 169 169 0.17695128791651987 654 
121 169 167 0.7663825505301621 798 
122 169 165 0.06095948177060051 1296 
123 169 164 0.33361975027101115 890 
124 169 176 0.0683596809430345 1175 
125 169 167 0.22830146691364292 1289 
126 169 159 0.7135742316554343 1439 
127 169 163 0.8975642348128865 1010 
128 169 169 0.24833406324007287 941 
129 169 178 0.7101885337439345 768 
130 225 160 0.38666669811606896 923 
131 225 171 0.4589117684694683 948 
132 225 170 0.12732380555842862 1496 
133 225 159 0.5768639882979589 1476 
134 225 165 0.8707711521457381 686 
135 225 172 0.828647936568178 662 
136 225 178 0.06613614360149574 778 
137 225 174 0.5654529320739476 1004 
138 225 175 0.5583028730954688 829 
139 225 164 0.45844431156364734 1323 
140 225 159 0.01331607910867885 1533 
141 225 168 0.24521001287675184 1320 
142 225 179 0.4463263478388183 780 
143 225 165 0.7228522092117344 799 
144 225 173 0.1893995138762818 935 
145 225 163 0.42366067314698724 1083 
146 225 160 0.7974880762659101 721 
147 243 173 0.849549149741005 599 
148 243 162 0.1342167645317111 1334 
149 243 176 0.645145387655193 1521 
150 243 171 0.3400318250452899 934 
151 243 172 0.7465241725254114 922 
152 243 172 0.1331086848281405 667 
153 243 178 0.8728421478894172 736 
154 243 160 0.5022873688507138 682 
155 243 169 0.0833055532091339 919 
156 243 161 0.692714808821257 626 
157 243 165 0.5263763147128271 1472 
158 243 167 0.7573953168152373 1433 
159 243 175 0.8855097541353109 1011 
160 243 174 0.40185493243892406 1477 
161 243 172 0.8629867540585263 1114 
162 243 164 0.40908346155505837 1489 
163 243 169 0.23478979866540378 614 
164 243 167 0.5814836065196445 716 
165 243 176 0.7573931404392018 665 
166 243 174 0.8418736894846234 1199 
167 243 176 0.7725648068371508 754 
168 243 164 0.2108581995918632 579 
169 244 165 0.8238595795133248 1161 
170 244 175 0.26377209390362444 922 
171 244 169 0.16961974313400363 801 
172 244 171 0.23902285401526582 1005 
173 244 164 0.8444245548061762 1103 
174 244 170 0.7279171689835346 950 
175 244 169 0.30095872975561067 1429 
176 244 170 0.14760396334691758 1126 
177 244 169 0.6163833493698796 829 
178 244 172 0.444703885674863 818 
179 244 179 0.23799600869722082 1523 
180 244 160 0.6381380419760792 1493 
181 244 179 0.3659918405945818 1150 
182 244 165 0.8829496088209716 1053 
183 244 159 0.5609028291778904 1498 
184 244 166 0.22696657394883238 696 
185 244 172 0.7646920445028621 1489 
186 244 164 0.3831705839479044 1193 
187 244 168 0.05065035112971608 1431 
188 244 171 0.8407162774281871 1193 
189 264 176 0.10802757642713087 906 
190 264 178 0.5268754271937047 602 
191 264 166 0.4444964573918172 628 
192 264 164 0.782714758653962 893 
193 264 178 0.6340537749197022 1037 
194 264 164 0.15174382318511134 745 
195 264 179 0.26058268409193286 938 
196 264 171 0.10458849543588422 1461 
197 264 167 0.8464087661230915 1410 
198 264 177 0.7594382962007808 776 
199 264 177 0.5231980849247202 1249 
200 264 169 0.0499990749852201 578 
201 264 162 0.6768427722305469 1425 
202 264 170 0.7019250344769418 1400 
203 264 179 0.8105944017565282 672 
204 264 176 0.03977405884558485 1476 
205 264 170 0.8687504763884222 1044 
206 352 169 0.4677224085191289 664 
207 352 169 0.04088980735208565 1543 
208 352 178 0.06143154299854864 1410 
209 352 175 0.8974236216486279 1165 
210 352 161 0.5416658806816514 919 
211 352 169 0.7840195879939384 1168 
212 352 173 0.6723987649778853 726 
213 352 165 0.5119308004778785 799 
214 352 174 0.4781460184536937 724 
215 352 166 0.02772976140270636 1142 
216 352 178 0.14734717130398728 1128 
217 352 168 0.23944593405220457 1473 
218 352 171 0.4296371250477142 865 
219 352 178 0.16856187590661045 577 
220 352 172 0.7672264343151837 1233 
221 352 166 0.7802778375141975 1032 
222 352 165 0.24965572092061242 1241 
223 352 169 0.8107911029691615 882 
224 376 172 0.29335801840010195 1088 
225 376 174 0.3577851504129558 1069 
226 376 163 0.048677325445534325 754 
227 376 160 0.19897206084323107 1110 
228 376 179 0.18250018800405643 934 
229 376 175 0.7928457787434541 798 
230 376 170 0.7358682105430189 615 
231 376 160 0.49684662190359186 1189 
232 376 171 0.0478125914396112 764 
233 376 178 0.41366521150118873 678 
234 376 167 0.41569175424287497 1274 
235 376 175 0.7849324280708737 1087 
236 376 160 0.4068354884183437 708 
237 376 166 0.41563130098599205 569 
238 376 160 0.39880303004513823 1034 
239 376 163 0.672814853348959 937 
240 376 169 0.7275995690593409 755 
241 376 164 0.5490521959299558 1443 
242 376 178 0.770577798226092 866 
243 377 173 0.5279477557366569 884 
244 377 163 0.07779201197669745 658 
245 377 165 0.8382100340249755 1198 
246 377 172 0.5121625729945877 751 
247 377 179 0.2338418413467402 1369 
248 377 174 0.632324783697698 795 
249 377 170 0.7554480304119202 727 
250 377 163 0.4040560478569921 912 
251 377 163 0.20475366439319953 633 
252 377 164 0.7355070046432899 1267 
253 377 161 0.22395329536848563 1026 
254 377 162 0.26473837327641514 614 
255 377 163 0.7575514657780453 1481 
256 377 159 0.3572696499334617 580 
257 377 169 0.4876970407627117 794 
258 377 174 0.10074588296970316 727 
259 377 162 0.5810261749080173 1418 
260 377 176 0.11504607278754443 896 
261 377 176 0.2855540205807727 1221 
262 377 162 0.5121957125425105 1327 
263 377 166 0.8673874936258739 917 
264 442 164 0.10220477033484845 884 
265 442 169 0.49156279248102086 830 
266 442 160 0.47021351602869876 714 
267 442 179 0.5413280445952087 910 
268 442 167 0.03995828208048025 917 
269 442 168 0.3047939584374695 1425 
270 442 175 0.015847613793034374 882 
271 442 170 0.4998327842783883 1300 
272 442 169 0.6622814006855952 961 
273 442 172 0.14155979414781866 1481 
274 442 163 0.8000643300537057 799 
275 442 164 0.6475897917273662 1271 
276 442 167 0.35707411976794623 921 
277 442 171 0.6664661322152728 1042 
278 442 168 0.17987654421379315 1397 
279 442 162 0.29880659335929594 1066 
280 442 160 0.2972872047893008 982 
281 442 164 0.36269313111635443 1503 
282 442 159 0.038572436940590885 841 
283 442 165 0.11465215411725407 1437 
284 443 179 0.798884939872764 1168 
285 443 179 0.3621823780348366 860 
286 443 174 0.809047820054237 824 
287 443 160 0.6066203399313107 1509 
288 443 168 0.4662192990864099 1180 
289 443 165 0.2907547238797202 1068 
290 443 168 0.4096113046283022 1207 
291 443 173 0.06257441989745868 1059 
292 443 167 0.7587888241315708 1568 
293 443 177 0.8965805901822123 1453 
294 443 177 0.5470096741729429 1407 
295 443 176 0.3026333273115114 943 
296 443 173 0.5515253308537166 1404 
297 443 169 0.2868536649668943 1336 
298 443 164 0.6634175592483702 673 
299 443 173 0.7791622308265009 1084 
300 481 167 0.8795135406476751 1025 
301 481 163 0.17049367383281164 1508 
302 481 173 0.022793190549646458 1228 
303 481 179 0.07948819266503165 805 
304 481 162 0.5865197646647775 1140 
305 481 178 0.4716181012737237 895 
306 481 162 0.6104323369382106 632 
307 481 173 0.046788856045090685 1251 
308 481 178 0.5393981613860283 1532 
309 481 167 0.06503798506825643 1501 
310 481 164 0.5883258430089459 1092 
311 481 172 0.3968088385036394 1163 
312 481 168 0.053724325516424164 1557 
313 481 172 0.6368346726467742 1024 
314 481 163 0.048301893816863 948 
315 481 159 0.8452010876663119 724 
316 521 179 0.22175756376972292 634 
317 521 173 0.6243629087649762 1158 
318 521 168 0.6839516390091361 919 
319 521 167 0.37123330690145356 665 
320 521 161 0.32943915697066956 841 
321 521 176 0.617911338571426 1110 
322 521 162 0.6136532550770969 1050 
323 521 162 0.6752722855593639 1142 
324 521 161 0.41735902276568076 1431 
325 521 173 0.6422111473116214 968 
326 521 177 0.45100235796552374 792 
327 521 169 0.6533842160297212 1305 
328 521 178 0.5211075288878972 1132 
329 521 176 0.38882767734514107 1133 
330 521 173 0.29676069842965697 825 
331 521 159 0.591548413803769 650 
332 521 174 0.3261740593559777 1558 
333 521 162 0.29080179345623713 1126 
334 521 173 0.1813096769353563 1535 
335 521 176 0.5395904152071359 1531 
336 541 174 0.7916759237772759 834 
337 541 171 0.6484295360307585 1479 
338 541 160 0.4779242929135678 1008 
339 541 172 0.3903773598063586 1532 
340 541 175 0.8271866625299565 1405 
341 541 174 0.35315036424641527 1164 
342 541 174 0.3240019130825686 903 
343 541 172 0.3043057504441626 800 
344 541 167 0.35003775367549333 762 
345 541 177 0.5123645249526745 623 
346 541 178 0.5842563945627459 1319 
347 541 164 0.6852473875170099 997 
348 541 165 0.31774608870459864 815 
349 541 174 0.07540758442632377 648 
350 541 179 0.6135056517857626 634 
351 541 171 0.814286417190468 946 
352 563 167 0.25621771459691955 1446 
353 563 171 0.25354635130684705 1361 
354 563 162 0.2768131868337816 767 
355 563 164 0.2466564490088628 1441 
356 563 173 0.2834563002852269 1201 
357 563 175 0.1413323246325401 1014 
358 563 177 0.24068216699872294 1366 
359 563 168 0.525373423516818 1378 
360 563 166 0.32500128459440364 804 
361 563 179 0.8227771611396739 1534 
362 563 170 0.7132550788455224 1320 
363 563 165 0.3012362933385535 795 
364 563 169 0.73468061341116 1016 
365 563 164 0.21927787312653477 1271 
366 563 172 0.6122651081759163 802 
367 563 175 0.8083125362099106 1532 
368 563 165 0.17979808552969484 962 
369 563 161 0.6805874437002977 614 
370 563 171 0.3422532378244492 592 
371 563 163 0.20747299326468227 733 
372 563 178 0.3223998239297212 1455 
373 563 162 0.5544508199043636 983 
374 563 167 0.23132763917675322 688 
375 563 164 0.7543375450436929 1033 
376 579 166 0.5058983753996082 1494 
377 579 166 0.2976402713830584 759 
378 579 159 0.07362830050814513 1268 
379 579 178 0.739430777559128 697 
380 579 178 0.42736756125847536 855 
381 579 177 0.3414706080817512 1258 
382 579 176 0.28326736336693764 749 
383 579 164 0.2940813028866414 1559 
384 579 169 0.8738507188537458 1149 
385 579 168 0.40943173533004973 1199 
386 579 173 0.45757806818965335 574 
387 579 159 0.07298386461168363 1234 
388 579 179 0.10567007481010905 804 
389 579 171 0.5793020648895318 730 
390 579 168 0.16981536230277547 633 
391 579 171 0.6891739390815268 735 
392 579 171 0.04309281524681137 1241 
393 579 167 0.42331180872887375 837 
394 579 162 0.10665513806528915 833 
395 579 165 0.12832157829223492 1316 
396 579 178 0.691864281022395 1489 
397 580 177 0.1942597677166783 1370 
398 580 161 0.8763445852472095 1363 
399 580 178 0.89461620979676 677 
400 580 163 0.5220119817145631 725 
401 580 170 0.3758981682319692 1561 
402 580 169 0.36888874002825744 910 
403 580 173 0.6684302732428973 1275 
404 580 165 0.5704145515760298 738 
405 580 179 0.2556340116456236 1233 
406 580 171 0.7090062436800819 1485 
407 580 163 0.5874986103210723 1257 
408 580 167 0.2972273947847163 591 
409 580 172 0.8166939510423139 1525 
410 580 170 0.5182074127138235 1270 
411 580 173 0.17821089654610853 1312 
412 580 174 0.859765029841676 1178 
413 580 174 0.4085053570632762 864 
414 580 174 0.13403501734884454 1021 
415 580 178 0.30649044046264406 701 
416 580 178 0.7877678130349911 1294 
417 580 159 0.2722887738441079 1337 
418 600 170 0.6184070916778889 1235 
419 600 163 0.66744147482836 1362 
420 600 172 0.710550565227945 1236 
421 600 171 0.27576975121381186 1535 
422 600 176 0.32831439485677133 1413 
423 600 166 0.4789637915718408 1318 
424 600 164 0.7004340369444043 915 
425 600 160 0.0963210436045764 750 
426 600 168 0.1978787018365925 790 
427 600 178 0.30067262075768203 662 
428 600 176 0.19840942806662326 1007 
429 600 176 0.09079353521237322 1317 
430 600 174 0.4176281543792503 1404 
431 600 160 0.49182751689992243 1386 
432 600 176 0.19939224308858877 957 
433 600 161 0.8298776171507453 615 
434 600 167 0.05304715323405249 1378 
435 600 162 0.700889463828475 758 
436 600 169 0.6482251580302857 1193 
437 600 178 0.03666691038046839 1264 
438 600 159 0.37536393661752987 979 
439 600 173 0.038893344153809954 1475 
440 600 177 0.452931761746483 1321 
441 600 161 0.22864779764687768 1166 
442 620 170 0.23722418243445087 1537 
443 620 163 0.2966065358313219 749 
444 620 162 0.10419511573792553 1203 
445 620 172 0.7709524126346626 1195 
446 620 160 0.2623238879538466 573 
447 620 166 0.40034241335741183 1403 
448 620 174 0.8888464942186749 1347 
449 620 159 0.5293176163710026 1475 
450 620 174 0.2812113190886492 1200 
451 620 167 0.7411030826437869 625 
452 620 165 0.2920771897217043 986 
453 620 165 0.17948186773741656 1527 
454 620 162 0.7842923806931072 1495 
455 620 169 0.4247345165238198 834 
456 620 178 0.2048590517145438 893 
457 620 172 0.5433062103866785 601 
458 637 179 0.8970988067218437 610 
459 637 177 0.31750143263297864 938 
460 637 164 0.5731686172152717 974 
461 637 175 0.41716224140200453 860 
462 637 168 0.017259639102156284 1430 
463 637 173 0.12751410297875082 1060 
464 637 170 0.529920718721051 1330 
465 637 175 0.22247339357861193 1432 
466 637 170 0.32353819925898425 1031 
467 637 160 0.012149470317360477 1013 
468 637 178 0.219149929452622 1472 
469 637 169 0.5363186346044138 1067 
470 637 160 0.08792190831551915 968 
471 637 175 0.480863975284797 1218 
472 637 174 0.061588263132856175 1072 
473 637 175 0.504485622098073 1419 
474 637 178 0.07391608716340509 1229 
475 645 164 0.5555990576840191 1060 
476 645 159 0.6158442310214878 693 
477 645 174 0.3357888456871334 1297 
478 645 177 0.46491664131133376 682 
479 645 172 0.23078846361853753 896 
480 660 159 0.4914220430972544 1166 
481 660 169 0.7318720383987115 1307 
482 660 173 0.41588204701184645 1481 
483 660 163 0.7600652415419862 1438 
484 660 172 0.3943971165490203 1466 
485 660 174 0.2315025163660068 1299 
486 660 177 0.03929785581857462 1306 
487 660 177 0.35130965044080537 635 
488 660 167 0.848459200503938 1168 
489 660 170 0.4822582593348414 721 
490 660 171 0.607651388931764 1314 
491 660 168 0.720443301644698 959 
492 660 177 0.7654717508657722 807 
493 660 164 0.8553265084898536 1047 
494 660 175 0.3385664835592928 618 
495 660 162 0.8583611662545352 1382 
496 660 161 0.8022127742825831 768 
497 660 160 0.8550943720784557 1161 
498 660 173 0.4663758530909171 989 
499 660 162 0.5192839531298574 1216 
500 660 170 0.4159237076836899 629 
501 683 162 0.19159522030531162 1421 
502 683 172 0.7107401662178267 928 
503 683 165 0.36448166959190587 1409 
504 683 174 0.5294456150717985 772 
505 683 175 0.4128715275771669 1529 
506 683 177 0.22893510020969635 1487 
507 683 165 0.7682222875062288 903 
508 683 172 0.6902087257083117 1155 
509 683 164 0.6098617678589148 1384 
510 683 175 0.4329101118310173 1190 
511 683 160 0.7196576998219353 1172 
512 683 162 0.3111352717224989 725 
513 683 171 0.410523037159939 640 
514 683 159 0.5402342146441866 1282 
515 683 174 0.6832917788129358 1265 
516 683 173 0.8222097267402094 1143 
517 683 160 0.6814298462322544 580 
518 683 170 0.23192262502004643 1171 
519 683 165 0.6489065552058703 578 
520 683 176 0.3805396490740786 826 
521 684 161 0.6365587788309888 1292 
522 684 170 0.8264261365001657 1252 
523 684 174 0.5861177069850401 898 
524 684 159 0.7527850318386086 1047 
525 684 179 0.4329708713260829 864 
526 684 177 0.18831028296001073 1301 
527 684 160 0.2880006108765708 678 
528 684 173 0.33798574155890215 1050 
529 684 166 0.6665880772323769 1175 
530 684 176 0.11004234593341082 1323 
531 684 176 0.585777604810259 750 
532 684 175 0.723427589169046 1417 
533 684 171 0.12107991865789028 580 
534 684 175 0.8776303530385952 826 
535 684 167 0.8472894062289976 1286 
536 684 169 0.2419440581882753 1496 
537 684 159 0.8230241787621377 1084 
538 684 171 0.89931285229068 677 
539 684 178 0.6953840369961125 920 
540 684 164 0.3340456868023607 807 
541 685 172 0.3970375976202914 1289 
542 685 176 0.05823898666279847 763 
543 685 169 0.277388852681851 1284 
544 685 162 0.5213136305985243 929 
545 685 168 0.566081154949748 1101 
546 685 178 0.3853142684735953 636 
547 685 170 0.7192356053237875 1118 
548 685 159 0.5051681047908153 1302 
549 685 168 0.41346023341959004 687 
550 685 163 0.7861013965423603 658 
551 685 168 0.041888181917941636 917 
552 685 173 0.5842161096911253 1481 
553 685 166 0.18419327895407306 691 
554 685 170 0.6143384625382542 1433 
555 685 168 0.020300146257851984 1342 
556 685 164 0.3494124286466089 684 
557 685 165 0.28018884434394287 1218 
558 685 161 0.8767483408720769 1289 
559 685 168 0.3753299184866057 981 
560 685 177 0.2758427674873602 1186 
561 685 162 0.019112102069083925 814 
562 685 166 0.6764564938664833 1451 
563 705 167 0.04391123190101419 1413 
564 705 172 0.19442613484815854 666 
565 705 164 0.6397356232474375 636 
566 705 160 0.6684134947460793 935 
567 705 162 0.3747740863544737 1495 
568 705 176 0.460064568196034 1537 
569 705 178 0.8124243534911996 1253 
570 705 162 0.010183737093205338 699 
571 705 175 0.12256508501308372 619 
572 705 159 0.8902353400246691 1386 
573 705 166 0.5092210923233149 602 
574 705 172 0.8762393659041782 1156 
575 705 174 0.43689881908143724 1171 
576 705 173 0.4637907808356535 1292 
577 705 171 0.5320561326757508 831 
578 705 173 0.19903714904217026 705 
579 706 172 0.033922517505029934 889 
580 706 175 0.3693244470170452 613 
581 706 177 0.7232030009811008 1462 
582 706 169 0.7659484483509759 1058 
583 706 168 0.7281290924274774 910 
584 706 177 0.7903535949338641 956 
585 706 167 0.7333737022904115 1557 
586 706 167 0.8813261657073596 849 
587 706 163 0.08285998048709368 887 
588 706 163 0.21503828567882033 1017 
589 706 171 0.8736466798231236 1041 
590 706 169 0.606326135795691 921 
591 706 165 0.24579118649399664 968 
592 706 159 0.7984566449070029 1302 
593 706 163 0.6476663870273199 785 
594 706 162 0.7245395111574744 875 
595 706 171 0.10275505582412517 590 
596 706 164 0.5442428056762514 1328 
597 706 161 0.7809948027444441 1298 
598 706 176 0.411779921992546 1286 
599 729 173 0.33088088392990894 1105 
600 729 159 0.6066241954479853 978 
601 729 167 0.07150440140901689 1399 
602 729 176 0.5170442884579441 633 
603 729 178 0.21431828546910803 1348 
604 729 165 0.297657255038821 1478 
605 729 167 0.6915668749239449 684 
606 729 161 0.49861169837189234 991 
607 729 168 0.15068306818742144 662 
608 729 161 0.05882446233672813 702 
609 729 174 0.5992835316831973 820 
610 729 159 0.3268362318160548 1379 
611 729 162 0.5917710341704749 1173 
612 729 162 0.2940136030235413 1071 
613 729 170 0.8963127640861728 993 
614 729 174 0.44351153341875044 917 
615 729 164 0.8842353231147922 1461 
616 729 171 0.032383923398345574 1164 
617 729 175 0.7147009911468956 1069 
618 729 168 0.7910973678675877 1090 
619 730 159 0.6623984134880307 858 
620 730 162 0.6108163255074022 1373 
621 730 162 0.7704140078570494 1284 
622 730 161 0.8031950721303114 1228 
623 730 176 0.4872082089431538 630 
624 730 170 0.7329194597264118 974 
625 730 173 0.4329117345586334 1301 
626 730 159 0.2095708946986955 1515 
627 730 169 0.5071936346236129 809 
628 730 169 0.5920324224139056 830 
629 730 163 0.5378727824794878 1199 
630 730 170 0.058356800796930126 1304 
631 730 171 0.49034791795956045 1274 
632 730 169 0.06914482164460946 1072 
633 730 173 0.14161877372041942 808 
634 730 160 0.7029648790353541 631 
635 730 159 0.6955377547235472 805 
636 730 171 0.2452685899638876 922 
637 746 164 0.538424041741819 849 
638 746 163 0.03932880798259136 623 
639 746 165 0.048801010293005216 1092 
640 746 178 0.5503788421252923 765 
641 746 164 0.488463821528024 1375 
642 746 175 0.15817012590974242 1228 
643 746 173 0.7848812096446132 709 
644 746 173 0.33326753849452057 1142 
645 746 176 0.8948126634983087 1261 
646 746 175 0.45398937012975826 1232 
647 746 159 0.4537779696373387 814 
648 746 177 0.4132087970312116 908 
649 746 174 0.48728239645809973 1291 
650 746 169 0.8026467544754488 655 
651 746 162 0.7506482537220871 1093 
652 746 177 0.6824621838285003 1178 
653 746 176 0.4351372494307395 668 
654 746 177 0.8133191794450796 694 
655 746 164 0.031262994180894704 917 
656 746 161 0.1981950270409843 1237 
657 746 169 0.7948030069893199 1081 
658 746 169 0.8094132953384559 1239 
659 746 172 0.10235170426613265 1051 
660 830 170 0.5904402227355766 788 
661 830 176 0.32636388130472127 573 
662 830 179 0.6084685411832133 1338 
663 830 159 0.8061235263485818 1347 
664 830 175 0.28923784698218047 602 
665 830 178 0.49548141399783013 1466 
666 830 164 0.27640157510632996 1240 
667 830 171 0.13410262766438766 701 
668 830 164 0.623538869011186 743 
669 830 179 0.822495187258152 619 
670 830 165 0.720121947364994 1140 
671 830 168 0.7690800397888354 1392 
672 830 177 0.023789385593215827 740 
673 830 162 0.029730013564035027 1328 
674 830 166 0.8068449025284922 1290 
675 830 175 0.23088875422828734 1308 
676 830 171 0.03691054136726755 853 
677 830 162 0.43850947693867776 773 
678 830 176 0.831227006801277 1514 
679 830 170 0.7887152390887286 1000 
680 830 171 0.35567674461673343 1208 
681 830 178 0.03674242135051611 1007 
682 830 165 0.20406534680400146 1469 
683 873 163 0.15715028568805106 749 
684 873 159 0.8342890659611962 605 
685 873 175 0.3959127434331719 1055 
686 873 169 0.8308658768487804 1088 
687 873 159 0.47530445495521156 1312 
688 873 171 0.41204778122956776 1397 
689 873 173 0.4330343688767695 683 
690 873 167 0.32442980984023434 857 
691 873 169 0.38984934174032937 1453 
692 873 178 0.6329960579334191 730 
693 873 179 0.8102845432728584 1379 
694 873 170 0.8877728038942589 659 
695 873 167 0.41680832903202625 987 
696 873 177 0.8422816007968708 1493 
697 873 171 0.8171903622336089 1143 
698 873 169 0.39518592954556747 856 
699 873 162 0.6465969778949092 1466 
700 873 168 0.7149391105332779 1125 
701 873 163 0.7474321020856287 1188 
702 873 164 0.7485108479938964 1257 
703 873 162 0.5131487871380537 832 
704 873 175 0.08478868579261455 1373 
705 919 179 0.8019700256815686 1419 
706 919 171 0.5516252518079537 1357 
707 919 171 0.32979920959131803 1366 
708 919 159 0.21542233401657576 632 
709 919 167 0.15795075187942736 1508 
710 919 163 0.49983660661256146 939 
711 919 163 0.10949874799920467 789 
712 919 162 0.783333482664537 1524 
713 919 167 0.3309381654266038 574 
714 919 170 0.33227427899360445 1132 
715 919 175 0.2870787738866927 814 
716 919 177 0.885720708212492 1168 
717 919 175 0.6859437790140984 641 
718 919 160 0.7892078011341894 1166 
719 919 170 0.17663447039779306 1395 
720 919 174 0.3164892781722155 1168 
721 919 162 0.358563407112511 1245 
722 919 166 0.5700015198266439 953 
723 919 162 0.03703565977948584 712 
724 919 168 0.631590818060238 1198 
725 919 171 0.7042976166367912 1565 
726 919 159 0.3104350374767226 899 
727 919 176 0.654580911019785 1451 
728 919 176 0.760601145702572 1263 
729 920 176 0.024994052360955258 831 
730 920 176 0.5359766425176213 1350 
731 920 169 0.8327917023506919 1348 
732 920 178 0.7163569099502624 1409 
733 920 175 0.2666449333298109 1084 
734 920 165 0.8693382332032618 1127 
735 920 170 0.44570304161903046 944 
736 920 176 0.5767126393142369 1274 
737 920 161 0.2544580132908995 1094 
738 920 175 0.18641835727344433 1083 
739 920 159 0.4291874841359797 1505 
740 920 176 0.04065118115422142 1324 
741 920 164 0.868734111082325 662 
742 920 159 0.8616396626114956 1257 
743 920 179 0.23094349841441555 1534 
744 920 172 0.02820867655062414 1281 
745 920 167 0.46839472852494 888 
746 941 167 0.32404862951897045 1474 
747 941 166 0.6132103057721078 605 
748 941 167 0.5875217487530668 1205 
749 941 178 0.6254658682573285 1042 
750 941 173 0.0656042766403604 680 
751 941 175 0.16757240009858904 730 
752 941 176 0.2507501827944594 1035 
753 941 174 0.35629996232363476 1069 
754 941 177 0.1235644752201601 1318 
755 941 170 0.28547072901914355 830 
756 941 163 0.8997110589129317 1315 
757 941 167 0.3988084548737055 826 
758 941 164 0.6268898618545714 1225 
759 941 168 0.054356151375443695 703 
760 941 175 0.4544020314778441 754 
761 941 173 0.31685029295153616 876 
762 941 176 0.1117372692265163 1183 
763 941 169 0.8407497619253691 1514 
764 941 176 0.5041642160380586 1113 
765 941 163 0.5335062644233419 1529 
766 941 173 0.2846308754990091 678 
767 941 162 0.23200901705383495 827 
768 942 179 0.8513379927102047 1228 
769 942 174 0.5762074127598802 1459 
770 942 179 0.7337819023858431 1325 
771 942 159 0.15399667521210533 1018 
772 942 174 0.7519493071152672 1498 
773 942 172 0.6026766907991951 1029 
774 942 179 0.5125282867890293 1172 
775 942 171 0.4003620127366497 1367 
776 942 160 0.7399899630735908 1050 
777 942 168 0.6772459923098578 724 
778 942 162 0.7305404305646086 1018 
779 942 179 0.39854364317544533 1403 
780 942 160 0.4115109346943329 1092 
781 942 162 0.5753139148234355 869 
782 942 167 0.4145583222846741 935 
783 942 177 0.057208306129996604 1304 
784 942 174 0.3159130319866451 1022 
785 942 161 0.19016497785614356 1407 
786 942 173 0.7354173061350475 1419 
787 942 166 0.2499359817173587 729 
788 942 173 0.7004340731456339 1014 
789 944 165 0.16187999536326528 1452 
790 944 177 0.21693894469386782 1202 
791 944 171 0.8176155429275528 606 
792 944 166 0.2633153047312704 1495 
793 944 163 0.18505795050907814 591 
794 944 166 0.37114920739728385 1018 
795 944 165 0.26896374597535433 1095 
796 944 160 0.22260236613653853 1066 
797 944 164 0.1962044508107932 867 
798 944 159 0.1580227966816785 1281 
799 944 173 0.5587309846573756 685 
800 944 169 0.05694632705369164 748 
801 944 178 0.019894947289777917 1149 
802 944 160 0.4976572244972709 993 
803 944 169 0.40026239546998493 622 
804 944 170 0.36129018893764053 1396 
805 944 161 0.6823436952429772 1397 
806 944 159 0.03333463444046869 1402 
807 964 172 0.8966269825658368 1549 
808 964 173 0.053325077357165435 1135 
809 964 160 0.7461239191422018 1246 
810 964 172 0.4947595107571718 1297 
811 964 161 0.6030770026645625 997 
812 964 174 0.5453474255345574 1302 
813 964 163 0.5917460347959789 1525 
814 964 168 0.29958100980644636 872 
815 964 178 0.6289331445828981 1539 
816 964 179 0.48690358138343415 1344 
817 964 175 0.6323158660473754 1170 
818 964 166 0.23906510681796717 613 
819 964 162 0.2939170049622344 1404 
820 964 172 0.7810412545203509 1385 
821 964 164 0.6005680391628591 1487 
822 964 173 0.4586673047774609 740 
823 964 161 0.7777701706390621 1434 
824 964 179 0.16923528273693408 651 
825 964 161 0.182718980507815 1086 
826 964 174 0.3107406367240038 1567 
827 964 159 0.25267771159722596 916 
828 964 169 0.5459390268509153 845 
829 964 173 0.571719806543334 1486 
830 988 171 0.8502638939810736 1017 
831 988 171 0.016526003025322575 1523 
832 988 161 0.4072136699311334 1244 
833 988 175 0.7154227942311858 1542 
834 988 161 0.8926285861226524 1505 
835 988 165 0.12505388699690606 1482 
836 988 169 0.07340403225328918 676 
837 988 166 0.6943076827542125 601 
838 988 160 0.4051692875872177 829 
839 988 177 0.585038430504461 1306 
840 988 172 0.7832699038076159 1472 
841 988 164 0.8341185706655205 839 
842 988 165 0.0998365146649223 1481 
843 988 162 0.8885756105711142 1306 
844 988 163 0.29854364478269046 674 
845 988 169 0.421591777423938 817 
846 988 176 0.7578842537423475 1163 
847 988 165 0.7211385166004117 1053 
848 988 169 0.7760270752925524 1319 
849 988 177 0.7216277980624727 676 
850 988 162 0.18828205398946563 794 
851 988 175 0.580954938403351 1532 
852 1042 175 0.5290875927344365 978 
853 1042 167 0.6350708553884815 617 
854 1042 174 0.6726727587143125 897 
855 1042 171 0.4880674199398252 1091 
856 1042 179 0.7566680316839401 1169 
857 1042 171 0.6115933364514752 1038 
858 1042 178 0.7337750654180228 887 
859 1042 177 0.6563219818471991 666 
860 1042 175 0.4613061869941753 1117 
861 1042 168 0.4379641711485435 898 
862 1042 178 0.1674930977624579 1526 
863 1042 166 0.6088287815379358 794 
864 1042 173 0.33282759610931484 1344 
865 1042 162 0.3531871952683659 648 
866 1042 171 0.35808946281371634 1299 
867 1042 174 0.7448133738539829 1238 
868 1042 171 0.23559345766753745 1267 
869 1042 164 0.11291821280249147 931 
870 1042 179 0.63103625616491 972 
871 1042 172 0.8122509494320005 1480 
872 1042 178 0.7262210003376534 823 
873 1083 168 0.5170847153991798 1403 
874 1083 163 0.8172387161739816 849 
875 1083 177 0.3601359132187446 1519 
876 1083 163 0.7438490813314298 1469 
877 1083 162 0.25761703599237323 832 
878 1083 161 0.852782076177169 892 
879 1083 170 0.8632780750736824 710 
880 1083 160 0.7311122245451074 1349 
881 1083 171 0.4819869396463621 1454 
882 1083 159 0.8743544746004119 892 
883 1083 173 0.32321625649763014 1287 
884 1083 161 0.8912436684088506 1458 
885 1083 173 0.36825146978318773 1053 
886 1083 174 0.4378659286768041 579 
887 1083 178 0.4006745142171282 893 
888 1083 171 0.7819739884625224 684 
889 1083 165 0.6310207830070044 906 
890 1083 168 0.6114971359248986 1520 
891 1083 169 0.690453886445209 1404 
892 1083 159 0.574937468359881 993 
893 1083 174 0.6977883150101176 1186 
894 1083 168 0.12762262573484207 1252 
895 1083 173 0.21790645511546863 984 
896 1083 173 0.4439149352154537 996 
897 1103 162 0.16816465136296055 933 
898 1103 171 0.7690169928132786 1380 
899 1103 173 0.574922036382656 1166 
900 1103 179 0.055143482556157704 1085 
901 1103 159 0.23676112645287675 727 
902 1103 162 0.16038240721737348 1493 
903 1103 166 0.8815231550095286 1098 
904 1103 171 0.6248369020342414 1500 
905 1103 159 0.8705922303281477 933 
906 1103 176 0.36382872134856753 789 
907 1103 169 0.6558189668110106 1006 
908 1103 177 0.2685364896204791 1131 
909 1103 161 0.198418450406145 835 
910 1103 159 0.24433664913709835 943 
911 1103 167 0.33149432810776774 680 
912 1103 171 0.38951529377573085 1038 
913 1103 168 0.8377735668118564 919 
914 1103 166 0.2674388012596716 757 
915 1103 175 0.1767741817816157 921 
916 1103 171 0.27931326266933737 1100 
917 1103 165 0.2539644653212078 633 
918 1103 164 0.274581222669455 1158 
919 1121 165 0.08702525861032698 664 
920 1121 169 0.40932144555638006 773 
921 1121 168 0.4672945964229643 876 
922 1121 173 0.8651336896031766 1423 
923 1121 169 0.7580929315015855 1033 
924 1121 163 0.15551359484383212 926 
925 1121 175 0.8990776753120897 965 
926 1121 175 0.7705505018030755 1042 
927 1121 175 0.15003536794501898 1216 
928 1121 159 0.5227903535666515 781 
929 1121 172 0.5135241452754549 920 
930 1121 167 0.8964555807571671 975 
931 1121 171 0.0802649664680463 1185 
932 1121 173 0.3187563854176647 690 
933 1121 169 0.10745453218714165 626 
934 1121 173 0.14848475995781454 901 
935 1121 174 0.7074815769380249 1226 
936 1121 159 0.5595397882639995 1235 
937 1121 172 0.028806526910855827 1337 
938 1121 169 0.6275281495108268 848 
939 1121 165 0.1507476590120539 1341 
940 1121 161 0.44631002249872315 607 
941 1122 164 0.7340350893158081 982 
942 1122 170 0.4633291890004418 1380 
943 1122 165 0.8989074011694133 979 
944 1122 160 0.8124372521602847 1323 
945 1122 177 0.8437676611536499 712 
946 1122 174 0.45852378213113987 789 
947 1122 168 0.8953083238019522 987 
948 1122 161 0.6763980404164367 979 
949 1122 174 0.5768978863852423 922 
950 1122 171 0.09077671616810279 906 
951 1122 168 0.14353651092815925 1199 
952 1122 173 0.8315524107784857 1206 
953 1122 177 0.5757675114947695 1098 
954 1122 161 0.1740092893928375 568 
955 1122 166 0.1926614442730736 1133 
956 1122 166 0.7587864141428856 833 
957 1122 159 0.15617057389984523 1418 
958 1122 175 0.26371236786450397 1113 
959 1122 165 0.34954344347518684 756 
960 1122 174 0.20742462812923898 965 
961 1122 162 0.23389312058354877 1092 
962 1142 159 0.82142975708232 1109 
963 1142 175 0.14434374051033427 1119 
964 1142 169 0.7154316791162051 603 
965 1142 169 0.12813709476536445 1467 
966 1142 166 0.3209323624735043 651 
967 1142 179 0.3799611703983754 742 
968 1142 162 0.46176376133445574 1426 
969 1142 159 0.650869468872722 1225 
970 1142 164 0.8185757205035272 957 
971 1142 164 0.3175916698803318 792 
972 1142 163 0.4972672786069096 697 
973 1142 176 0.5711496648863921 648 
974 1142 164 0.8271187707487413 708 
975 1142 160 0.03265984307664721 1302 
976 1142 161 0.6363095538684934 969 
977 1142 170 0.2973332410383399 924 
978 1142 160 0.523771154245206 979 
979 1142 170 0.6969098303942167 966 
980 1142 170 0.226423990947067 596 
981 1142 160 0.653181224382904 896 
982 1142 167 0.07687530759628425 1279 
983 1142 172 0.650125423597923 1306 
984 1142 161 0.1900196268031276 1410 
985 1142 160 0.499764521838919 1462 
986 1143 172 0.11535740753114067 1560 
987 1143 159 0.1525047566564093 1318 
988 1143 160 0.45998442461868494 941 
989 1143 179 0.13661614455194127 1101 
990 1143 168 0.06154155960255732 684 
991 1143 162 0.4012791314494513 839 
992 1143 159 0.30649930353431243 896 
993 1143 162 0.4007703308583602 791 
994 1143 173 0.7884447272798052 618 
995 1143 167 0.12957352800143573 878 
996 1143 162 0.03226505318193629 814 
997 1143 169 0.2716625269916736 939 
998 1143 166 0.884119437057497 661 
999 1143 172 0.8050162641020457 587 
1000 1143 174 0.1533019730394893 867 
1001 1143 161 0.07601906738462652 825 
1002 1143 168 0.7252716796308526 1341 
1003 1143 161 0.6401905115767662 722 
1004 1143 174 0.7169523348196701 1139 
1005 1143 164 0.2954737812904329 1245 
1006 1148 177 0.05569085975315382 1488 
1007 1148 164 0.8660067488649341 1471 
1008 1148 174 0.20385495468977613 689 
1009 1148 166 0.1098262358228751 885 
1010 1148 169 0.28220171797962385 970 
1011 1148 179 0.23784163574782158 984 
1012 1148 169 0.10036085233917208 1296 
1013 1148 171 0.5958165758416148 847 
1014 1148 163 0.7484708231656809 959 
1015 1148 164 0.2518287178717825 708 
1016 1148 175 0.8253164955225435 1141 
1017 1148 168 0.21218948370949378 789 
1018 1148 164 0.5346012210304593 1326 
1019 1148 176 0.7359687932066672 1483 
1020 1148 173 0.8612048010155599 1019 
1021 1148 170 0.15439772201267968 1524 
1022 1148 165 0.2569906873905691 572 
1023 1148 177 0.29677657657241757 896 
1024 1148 170 0.28730458680846344 657 
1025 1148 162 0.5166976965076407 796 
1026 1232 169 0.42837135909989005 1008 
1027 1232 162 0.5556054612595391 794 
1028 1232 168 0.30363142359390355 1420 
1029 1232 164 0.850167222765802 1042 
1030 1232 172 0.6246735833333257 1432 
1031 1232 168 0.5350885686637556 1308 
1032 1232 177 0.48259553351433815 1394 
1033 1232 170 0.21368945054541597 1248 
1034 1232 164 0.6003706835793553 659 
1035 1232 164 0.8388807484136946 1035 
1036 1232 175 0.16929133740286742 1063 
1037 1232 177 0.7571468126774311 1094 
1038 1232 166 0.5950350915474873 1081 
1039 1232 172 0.39518586534962413 1364 
1040 1232 163 0.3633020916076695 1482 
1041 1232 176 0.10118620756509712 992 
1042 1248 172 0.658277512292328 1435 
1043 1248 167 0.3980045277777663 955 
1044 1248 160 0.1664599336898516 1184 
1045 1248 172 0.8237765867828392 1063 
1046 1248 178 0.13502163050816365 729 
1047 1248 167 0.24888583029070685 1554 
1048 1248 174 0.10180870233845714 831 
1049 1248 175 0.24424038574444995 1293 
1050 1248 176 0.12430978562931158 1239 
1051 1248 165 0.6402091429496247 855 
1052 1248 168 0.09970778933648845 713 
1053 1248 177 0.3093701818374892 879 
1054 1248 173 0.2809649321651472 1145 
1055 1248 174 0.7543194716693814 1110 
1056 1248 171 0.6988594545160205 735 
1057 1248 169 0.819991637301251 602 
1058 1248 166 0.7058877609964584 1352 
1059 1248 165 0.5408037611200184 1514 
1060 1248 166 0.8381376994494192 1036 
1061 1248 159 0.6912015790380944 1526 
1062 1251 174 0.7094878434735272 1435 
1063 1251 160 0.4152923688704211 1304 
1064 1251 174 0.5532359153500542 1008 
1065 1251 170 0.2753970823790472 671 
1066 1251 161 0.31478092961611465 856 
1067 1251 165 0.5958018522920489 1429 
1068 1251 164 0.3113829917929153 981 
1069 1251 176 0.20590703156856602 976 
1070 1251 179 0.19943898657314715 1274 
1071 1251 160 0.7567211649895181 1005 
1072 1251 163 0.36346709572660646 1479 
1073 1251 164 0.22336871292844704 1415 
1074 1251 160 0.19748662598256636 710 
1075 1251 175 0.8772226026928608 1392 
1076 1251 170 0.717570323638333 922 
1077 1251 169 0.755827513799678 1198 
1078 1251 174 0.47377782521558975 699 
1079 1251 178 0.2298446820944604 1150 
1080 1251 163 0.3172745598986867 1528 
1081 1251 177 0.25103909965727483 650 
1082 1267 173 0.7833243727788142 568 
1083 1267 173 0.5255012441285873 652 
1084 1267 164 0.12183357500805765 963 
1085 1267 165 0.6538898522839228 1239 
1086 1267 161 0.37236313500247714 794 
1087 1267 161 0.6448712945428243 1345 
1088 1267 166 0.4575486418457768 588 
1089 1267 159 0.377689161703541 1374 
1090 1267 176 0.8465288020007685 1257 
1091 1267 159 0.5167342562724734 925 
1092 1267 161 0.4577243131924495 1408 
1093 1267 166 0.6623021320120678 1564 
1094 1267 166 0.057252085295808636 1127 
1095 1267 168 0.29006857187104157 1117 
1096 1267 177 0.3322315981869205 1307 
1097 1267 170 0.5090481957128978 853 
1098 1268 178 0.2794748312766284 1117 
1099 1268 170 0.47341463901371106 738 
1100 1268 164 0.4447275401337561 765 
1101 1268 174 0.09661823985585805 1107 
1102 1268 173 0.6244491340519008 588 
1103 1268 165 0.5683475406184967 728 
1104 1268 162 0.6210731301752788 1092 
1105 1268 172 0.04705848770825406 1555 
1106 1268 175 0.6504909143174591 680 
1107 1268 164 0.33869907002983823 911 
1108 1268 179 0.8222350336853301 1315 
1109 1268 168 0.6163505787848128 600 
1110 1268 159 0.2756218361696889 604 
1111 1268 177 0.18867303107235348 1056 
1112 1268 169 0.37086236237500164 1417 
1113 1268 166 0.6406571652399118 1055 
1114 1268 175 0.627916402947957 1539 
1115 1268 179 0.6951415049895899 886 
1116 1268 174 0.8274428067160223 810 
1117 1268 160 0.016886010714004307 1203 
1118 1268 173 0.5193680878857325 1025 
1119 1268 175 0.5352821332748698 982 
1120 1268 170 0.3129634083453137 786 
1121 1331 165 0.8317029347697469 1537 
1122 1331 162 0.8563260887361142 908 
1123 1331 160 0.0376168224335685 575 
1124 1331 163 0.02646828290265018 1094 
1125 1331 159 0.16607149828317608 1478 
1126 1331 164 0.05924348900021735 876 
1127 1331 161 0.6226578726174837 1312 
1128 1331 174 0.32014067392663786 769 
1129 1331 177 0.8619971940960696 874 
1130 1331 169 0.4984911528864543 1115 
1131 1331 171 0.44315321747170483 1399 
1132 1331 175 0.7667074331478673 1430 
1133 1331 169 0.3109229091494468 814 
1134 1331 166 0.43349760847598656 701 
1135 1331 172 0.0192682074138888 1543 
1136 1331 171 0.15457639099768883 1547 
1137 1331 162 0.4318613264231706 1095 
1138 1331 168 0.2694148189407764 1087 
1139 1331 162 0.18703635946168037 1487 
1140 1331 177 0.2596601917989341 1431 
1141 1331 160 0.7460377774321887 901 
1142 1332 167 0.01857279865429636 1197 
1143 1332 161 0.6890628812876588 875 
1144 1332 164 0.8645364828042611 570 
1145 1332 162 0.8526421278674551 1079 
1146 1332 162 0.4593689853198159 1204 
1147 1332 172 0.310682221258936 1125 
1148 1332 159 0.24392046402377202 745 
1149 1332 175 0.8245341900958808 639 
1150 1332 166 0.5878868226729476 1187 
1151 1332 168 0.8023977483107593 1250 
1152 1332 169 0.6417110285767887 1037 
1153 1332 170 0.1337221551051971 1076 
1154 1332 170 0.8748550996338695 1511 
1155 1332 167 0.4000361905819413 633 
1156 1332 172 0.24321281308714418 1526 
1157 1332 176 0.6172787284798186 793 
1158 1332 178 0.1855641115964472 805 
1159 1332 170 0.20426519980231714 852 
1160 1332 172 0.28253977907638106 1417 
1161 1332 178 0.11960572017381473 886 
1162 1332 171 0.1884013496067417 1212 
1163 1332 174 0.03865755432273856 1507 
1164 1332 168 0.06756213007332108 1156 
1165 1333 175 0.41915529553378567 1119 
1166 1333 172 0.3311959954519373 996 
1167 1333 168 0.4610327007765789 1100 
1168 1333 163 0.6313852140557197 853 
1169 1333 170 0.7630687787934253 1042 
1170 1333 172 0.1777221960175524 701 
1171 1333 162 0.2067778709983747 1206 
1172 1333 161 0.33816594897863267 1044 
1173 1333 172 0.8984493954699637 1544 
1174 1333 166 0.054681743360986794 1489 
1175 1333 175 0.11561606118176358 1231 
1176 1333 161 0.5410730671668444 746 
1177 1333 164 0.2858833813402963 1440 
1178 1333 164 0.10317287289604016 936 
1179 1333 165 0.03087761361188513 1035 
1180 1333 171 0.4681436817540747 779 
1181 1333 172 0.6493891702834974 739 
1182 1333 168 0.3466369095864059 873 
1183 1333 174 0.40976863137766417 1134 
1184 1333 174 0.4084634683521943 1352 
1185 1347 165 0.28403070558847865 1334 
1186 1347 175 0.46756958286085765 1172 
1187 1347 171 0.545595997674565 1056 
1188 1347 165 0.7242951745529782 850 
1189 1347 163 0.37629764815067185 944 
1190 1347 171 0.28047540973550766 996 
1191 1347 164 0.4382517159745083 1353 
1192 1347 160 0.15300868610086718 1447 
1193 1347 164 0.8687966224527645 1369 
1194 1347 159 0.17408175550546728 1054 
1195 1347 175 0.5762100673259276 899 
1196 1347 159 0.3314882627418745 908 
1197 1347 175 0.8017104144487586 1274 
1198 1347 166 0.1622430774612337 1014 
1199 1347 175 0.7701704939977223 663 
1200 1347 162 0.652061207762254 692 
1201 1347 168 0.26172182872763544 823 
1202 1347 166 0.16331929203730883 1163 
1203 1347 171 0.1269223979332213 1559 
1204 1347 164 0.8428894886284383 766 
1205 1347 161 0.8045766635533881 604 
1206 1347 164 0.5977120491235209 685 
1207 1347 163 0.8330921203291007 1121 
1208 1347 175 0.852597019222974 1030 
1209 1366 160 0.3686802633390607 708 
1210 1366 165 0.26075110433624316 1467 
1211 1366 176 0.431194651250498 1472 
1212 1366 171 0.596715912456078 1150 
1213 1366 175 0.2650850871775785 1148 
1214 1366 178 0.025748002966213927 991 
1215 1366 160 0.10254452184907384 705 
1216 1366 176 0.15285942560232468 1399 
1217 1366 161 0.3475478512830679 1216 
1218 1366 176 0.439056674778342 607 
1219 1366 162 0.3716178667923187 577 
1220 1366 168 0.11390063868250819 1541 
1221 1366 165 0.7226809747556725 784 
1222 1366 170 0.1862858376955957 1392 
1223 1366 173 0.5150690976263009 1561 
1224 1366 169 0.28687364680036703 751 
1225 1366 164 0.1978717754976129 923 
1226 1366 178 0.6561836320650255 664 
1227 1366 179 0.8602855893271044 980 
1228 1366 176 0.37356681961073596 698 
1229 1383 179 0.7848549227645248 807 
1230 1383 162 0.14779600909125962 1166 
1231 1383 177 0.39019600399180204 1117 
1232 1383 166 0.06748869491420552 827 
1233 1383 161 0.20542113170615345 1343 
1234 1383 160 0.300769799896943 1447 
1235 1383 173 0.011084178114035117 937 
1236 1383 169 0.26784636658739785 1502 
1237 1383 179 0.7432022645035471 663 
1238 1383 174 0.3728496368523477 1376 
1239 1383 169 0.7235981746979486 1392 
1240 1383 174 0.8200272302066463 1386 
1241 1383 171 0.3410224420545729 1246 
1242 1383 174 0.4475338473638997 1103 
1243 1383 174 0.12244217728068224 991 
1244 1383 176 0.5328616699175532 756 
1245 1383 164 0.5776337833525836 1408 
1246 1383 163 0.8694004749353446 1091 
1247 1383 170 0.55307909978996 1199 
1248 1384 172 0.8228840438587143 862 
1249 1384 165 0.6290019644315615 908 
1250 1384 161 0.49975699237189125 1138 
1251 1384 175 0.06783423201993542 852 
1252 1384 166 0.11315613967119775 1015 
1253 1384 170 0.3407536537068594 868 
1254 1384 169 0.29733705403862554 937 
1255 1384 176 0.2780719915421445 719 
1256 1384 171 0.3849960826745695 837 
1257 1384 177 0.6344762984583968 905 
1258 1384 177 0.15193285965414194 852 
1259 1384 170 0.2209520695802339 1053 
1260 1384 178 0.6894773411503193 673 
1261 1384 161 0.18424739880009172 1543 
1262 1384 161 0.4027904905315716 703 
1263 1384 163 0.7216159061301342 1219 
1264 1384 162 0.5138265652755674 1112 
1265 1384 173 0.8652441639117061 1451 
1266 1384 172 0.7221115205415963 1357 
1267 1419 170 0.10988512473973269 1447 
1268 1419 179 0.0544839366856969 1400 
1269 1419 174 0.8200037406127754 891 
1270 1419 166 0.8042130346782985 716 
1271 1419 166 0.6582352242216618 924 
1272 1419 164 0.04511312304394182 1075 
1273 1419 178 0.779908086931965 774 
1274 1419 173 0.033591412854638715 1292 
1275 1419 159 0.4260812172104473 790 
1276 1419 166 0.8370538210219164 1299 
1277 1419 179 0.4136254816992639 806 
1278 1419 177 0.8322948208881248 711 
1279 1419 175 0.5820130991438095 1013 
1280 1419 163 0.6617982643682607 1124 
1281 1419 163 0.43712828010143756 957 
1282 1419 167 0.27050442133708424 1306 
1283 1419 168 0.6529049079015363 1495 
1284 1419 173 0.8280817152192411 1270 
1285 1419 167 0.5835687071268563 633 
1286 1419 163 0.20184006935778814 1027 
1287 1419 165 0.7128717561047796 1309 
1288 1419 177 0.257731139392822 715 
1289 1419 163 0.2552811908808296 1454 
1290 1420 164 0.34150744098341296 1154 
1291 1420 166 0.814631930373208 1397 
1292 1420 179 0.15555737722153132 1336 
1293 1420 162 0.7555034325209579 1238 
1294 1420 166 0.6348312410310947 1258 
1295 1420 179 0.6005828508602445 1494 
1296 1420 178 0.04043404416631308 595 
1297 1420 177 0.33895323793234566 1303 
1298 1420 161 0.5883703979571564 1282 
1299 1420 170 0.4975286212269452 1330 
1300 1420 171 0.7916579796524327 1284 
1301 1420 172 0.21546628395921283 1218 
1302 1420 166 0.6816959172133729 1530 
1303 1420 179 0.1423405461411625 1292 
1304 1420 170 0.2850069688840226 1429 
1305 1420 172 0.6960897188583799 1398 
1306 1420 163 0.3645254031757137 1383 
1307 1420 172 0.12779771434726228 727 
1308 1443 163 0.87237305083558 585 
1309 1443 159 0.6004896735897907 886 
1310 1443 162 0.1509106638121942 917 
1311 1443 161 0.013002336285516468 1566 
1312 1443 172 0.6882301795731626 734 
1313 1443 161 0.4000958120094323 1487 
1314 1443 161 0.40378794899977727 1150 
1315 1443 173 0.2655893795772533 1125 
1316 1443 169 0.4429758477687526 1478 
1317 1443 178 0.3629850094363761 1324 
1318 1443 174 0.8052702570701489 816 
1319 1443 173 0.6643227030301504 1541 
1320 1443 179 0.8963217078583458 1241 
1321 1443 173 0.059464555378138384 1496 
1322 1443 172 0.42464900529168526 1275 
1323 1443 161 0.05666418850189591 594 
1324 1443 177 0.7038170725228181 1071 
1325 1443 172 0.5306520115841333 1259 
1326 1443 170 0.7397149178226315 1035 
1327 1443 160 0.8947343488542167 1159 
1328 1443 167 0.34792933600221493 1188 
1329 1443 178 0.38924318788436063 738 
1330 1443 161 0.17071128595210985 1268 
1331 1462 169 0.3201125930350469 654 
1332 1462 175 0.5344578523052848 1324 
1333 1462 169 0.7231505571417892 1213 
1334 1462 176 0.0855118198956046 758 
1335 1462 166 0.1605633892489554 842 
1336 1462 164 0.11755897861107491 884 
1337 1462 166 0.5872514108459796 675 
1338 1462 171 0.12953493793841206 683 
1339 1462 160 0.7585241848924913 662 
1340 1462 163 0.5458638955383283 1426 
1341 1462 172 0.6909153758275487 778 
1342 1462 172 0.30347589696424243 871 
1343 1462 162 0.46535797257976136 883 
1344 1462 173 0.7248112326280973 965 
1345 1462 172 0.0489883683622498 1551 
1346 1462 164 0.3155279038355272 593 
1347 1502 163 0.6261766532670844 988 
1348 1502 164 0.4776409323902558 1475 
1349 1502 171 0.8160750013661175 857 
1350 1502 179 0.18328087346885916 1433 
1351 1502 170 0.3539636020655686 571 
1352 1502 169 0.7694700874985714 1347 
1353 1502 167 0.5806678825243999 1098 
1354 1502 168 0.8984425068114378 1496 
1355 1502 162 0.058853395437956764 1130 
1356 1502 170 0.5285697329043053 872 
1357 1502 165 0.3243716316532791 1532 
1358 1502 176 0.16361222366342776 1221 
1359 1502 176 0.6332768323052712 1451 
1360 1502 171 0.2365234253754066 1291 
1361 1502 179 0.08277964237526066 1209 
1362 1502 177 0.852523837226197 1105 
1363 1502 165 0.2966776890067384 893 
1364 1502 175 0.24290766212200662 785 
1365 1502 175 0.4544325174735661 688 
1366 1503 162 0.7286973513094025 1024 
1367 1503 177 0.5531813484587568 1526 
1368 1503 163 0.3937991060944552 801 
1369 1503 164 0.47770321005261723 761 
1370 1503 160 0.27183624692872693 1503 
1371 1503 178 0.8949122856077529 793 
1372 1503 178 0.040694674740398305 1489 
1373 1503 170 0.19528186411393908 582 
1374 1503 162 0.6683717653879302 890 
1375 1503 177 0.5607566102736279 619 
1376 1503 174 0.46733264028825544 775 
1377 1503 176 0.25864597688183805 1114 
1378 1503 167 0.7759229327348501 639 
1379 1503 178 0.7625694358679505 1340 
1380 1503 164 0.2544007303101395 1082 
1381 1503 168 0.41831583220050833 665 
1382 1520 173 0.816252634761522 1146 
1383 1520 170 0.18296567252708829 1354 
1384 1520 163 0.8354265977156705 1476 
1385 1520 178 0.20927501152026448 1518 
1386 1520 162 0.41518845482764216 1256 
1387 1520 172 0.291179515278558 718 
1388 1520 174 0.4047756840682064 1144 
1389 1520 161 0.4163854848410876 1085 
1390 1520 166 0.23303939224822484 1325 
1391 1520 171 0.7713162338738238 1240 
1392 1520 165 0.013739311906762091 607 
1393 1520 168 0.39289522345454597 1402 
1394 1520 167 0.28093268907420843 850 
1395 1520 169 0.8178466202860256 709 
1396 1520 173 0.042490505072061154 1272 
1397 1520 169 0.7007522786410454 1409 
1398 1520 179 0.7680649454662896 714 
1399 1520 178 0.5897765643341137 665 
1400 1521 169 0.39751738185849617 1334 
1401 1521 165 0.11495422542918875 1324 
1402 1521 159 0.5910842544371869 664 
1403 1521 175 0.4541235261864359 801 
1404 1521 170 0.05301717723918147 801 
1405 1521 168 0.10482784874695887 1498 
1406 1521 164 0.284702879690352 1430 
1407 1521 176 0.08604862575829808 982 
1408 1521 163 0.23085756812876748 1238 
1409 1521 171 0.5084484637053187 1129 
1410 1521 178 0.0759923848017433 768 
1411 1521 169 0.46622619726083414 1507 
1412 1521 160 0.6181457589903221 1410 
1413 1521 170 0.41053468966364 1097 
1414 1521 163 0.7461688454546402 1236 
1415 1521 177 0.2077141293146204 1241 
1416 1521 174 0.2119555396462038 783 
1417 1521 174 0.48479821639225895 1441 
1418 1521 166 0.3941716593618558 1380 
1419 1563 161 0.8055652531443179 949 
1420 1563 167 0.60670894954989 1121 
1421 1563 174 0.6897419938162284 1329 
1422 1563 175 0.8494072122041929 802 
1423 1563 166 0.1938616933404238 855 
1424 1563 168 0.34736760382184345 1290 
1425 1563 168 0.6774919357798477 1310 
1426 1563 162 0.09846554027866143 849 
1427 1563 171 0.6073433933507196 1119 
1428 1563 167 0.6629743221625162 1513 
1429 1563 178 0.6540393913126213 1188 
1430 1563 168 0.4185072590160438 679 
1431 1563 166 0.07814393725468098 747 
1432 1563 163 0.7949956850233567 1524 
1433 1563 177 0.6951441301101908 638 
1434 1563 168 0.4948075906570303 1247 
1435 1563 162 0.6781724518111728 651 
1436 1563 170 0.11382254477917757 1109 
1437 1563 165 0.5277958075931873 1417 
1438 1563 170 0.35631042202917496 596 
1439 1563 163 0.611851534845537 1237 
1440 1563 168 0.37993045933192865 637 
1441 1563 161 0.2987938152192869 655 
1442 1563 165 0.8319143550722217 1011 
1443 1564 168 0.23535648147123683 732 
1444 1564 173 0.18437538924830707 853 
1445 1564 168 0.37500570457454874 914 
1446 1564 168 0.6193569957319236 1271 
1447 1564 175 0.7459073276781515 1215 
1448 1564 170 0.010738543204759334 677 
1449 1564 170 0.3439881409682873 652 
1450 1564 170 0.30233179765072604 1002 
1451 1564 164 0.654640205775395 1126 
1452 1564 168 0.3451076990908565 1339 
1453 1564 165 0.3045246907811574 596 
1454 1564 163 0.45103706298716695 1238 
1455 1564 165 0.08228820157223313 676 
1456 1564 178 0.44995157586308143 1389 
1457 1564 177 0.6923778365793879 1301 
1458 1564 176 0.7737073521912763 1557 
1459 1564 165 0.7190162074871443 1316 
1460 1564 171 0.5313489822429078 779 
1461 1564 160 0.15359895709980942 884 
1462 1586 179 0.6412988881907488 1097 
1463 1586 170 0.22512486691851688 1556 
1464 1586 168 0.1384823175151059 1141 
1465 1586 169 0.5430332785817923 658 
1466 1586 170 0.38426194293991633 1525 
1467 1586 173 0.555118718472478 1526 
1468 1586 169 0.7714448435589004 980 
1469 1586 170 0.831819081909084 1036 
1470 1586 160 0.10801045680770187 661 
1471 1586 175 0.6679813271142554 1215 
1472 1586 163 0.8962035166655172 1365 
1473 1586 167 0.5181188372761871 666 
1474 1586 161 0.7419100391647542 1465 
1475 1586 178 0.883772226640405 1512 
1476 1586 175 0.014664205136718119 1364 
1477 1586 166 0.792269403499212 761 
1478 1586 160 0.6759483812836605 1276 
1479 1586 170 0.20855184340518726 1234 
1480 1586 162 0.37967492722991797 1476 
1481 1586 175 0.464576001031421 1214 
1482 1586 169 0.5831456465203223 1196 
1483 1586 160 0.2886786407412765 1217 
1484 1586 168 0.5205025418061927 576 
1485 1586 161 0.20429857479838423 641 
1486 1642 175 0.04077892174748017 879 
1487 1642 169 0.5575636106685569 1245 
1488 1642 165 0.25557758593097446 1544 
1489 1642 163 0.7447133947410809 1117 
1490 1642 179 0.5161325917020414 1318 
1491 1642 178 0.5451035288658768 939 
1492 1642 161 0.8515441725097329 1210 
1493 1642 168 0.5633463303138606 1226 
1494 1642 177 0.7714811344507743 878 
1495 1642 167 0.10677745426132607 1030 
1496 1642 170 0.2543494988687048 1550 
1497 1642 171 0.7493749086538104 977 
1498 1642 172 0.21145680552877094 968 
1499 1642 159 0.2512782880926295 654 
1500 1642 160 0.6389788927874477 1464 
1501 1642 178 0.7489633737310173 962 
1502 1643 167 0.47453939117172517 1024 
1503 1643 165 0.41726605188984417 982 
1504 1643 159 0.3807783817019559 1054 
1505 1643 160 0.240473441071531 604 
1506 1643 169 0.5785591962803013 1129 
1507 1643 167 0.23408691399981835 909 
1508 1643 161 0.13233725375256983 1047 
1509 1643 166 0.30867688518029707 1003 
1510 1643 164 0.5427761415588613 908 
1511 1643 161 0.34721228500035883 796 
1512 1643 175 0.2743173999297363 947 
1513 1643 173 0.3647478227907158 1432 
1514 1643 164 0.30196146362740195 597 
1515 1643 179 0.6335594483341831 1510 
1516 1643 179 0.5675991185802498 909 
1517 1643 175 0.703220479607605 984 
1518 1643 178 0.8133071290264806 694 
1519 1666 168 0.11257632281504858 698 
1520 1666 167 0.37221402520614555 1221 
1521 1666 167 0.28152347828359886 1561 
1522 1666 159 0.5297322402755604 1152 
1523 1666 159 0.7333805731859204 588 
1524 1666 167 0.1890203986946479 1107 
1525 1666 173 0.18240788629199545 748 
1526 1666 165 0.47352222728317683 915 
1527 1666 169 0.36132970269874864 1437 
1528 1666 171 0.488666778811302 797 
1529 1666 175 0.26928230341543524 624 
1530 1666 167 0.43219768296088007 1469 
1531 1666 159 0.6622337119704456 985 
1532 1666 172 0.6483336527449116 1218 
1533 1666 173 0.2841249354122603 881 
1534 1666 169 0.6201469625843775 1139 
1535 1666 170 0.35047544561300786 807 
1536 1666 165 0.3601215391253581 749 
1537 1666 174 0.1254778836192868 1116 
1538 1666 168 0.20293616841850018 1231 
1539 1666 169 0.7965994016440584 637 
1540 1666 177 0.7832979752405345 774 
1541 1666 161 0.49365419291592705 842 
1542 1666 179 0.31639557987707795 1061 
1543 1668 173 0.1939936612844589 659 
1544 1668 164 0.41408286614125 1231 
1545 1668 166 0.7388699192183085 1522 
1546 1668 166 0.6821596197037033 915 
1547 1668 165 0.31096011514206534 1568 
1548 1668 179 0.33760862039830686 914 
1549 1668 167 0.5624170953690742 1311 
1550 1668 160 0.5585249859702642 974 
1551 1668 174 0.6738885858483203 1327 
1552 1668 173 0.7916545217596285 1070 
1553 1668 169 0.1830437033617669 651 
1554 1668 166 0.08023955965043943 1481 
1555 1668 162 0.7935229889304877 695 
1556 1668 163 0.6120123335652948 875 
1557 1668 165 0.24777082471740017 1388 
1558 1668 167 0.6917763416940156 1211 
1559 1668 177 0.2264035771624224 737 
1560 1668 169 0.39550997214184447 578 
1561 1668 178 0.8616731710190808 689 
1562 1668 160 0.8830449674677147 666 
1563 1746 176 0.6125439039503661 910 
1564 1746 173 0.39315004905880285 679 
1565 1746 176 0.7114275099631938 767 
1566 1746 170 0.8414034824031144 1244 
1567 1746 178 0.8212446822712319 993 
1568 1746 161 0.8778655717995816 1179 
1569 1746 169 0.27164543776137984 1192 
1570 1746 178 0.5442591614115505 1137 
1571 1746 173 0.23153135908497569 1512 
1572 1746 167 0.10924581923041547 1161 
1573 1746 176 0.5653074375339192 613 
1574 1746 164 0.5263698830036316 1043 
1575 1746 169 0.31091811747334797 1114 
1576 1746 168 0.4289007622489071 860 
1577 1746 170 0.26253901422845566 1008 
1578 1746 161 0.130661023159501 858 
1579 1746 162 0.2509738480925996 1118 
1580 1746 159 0.2008767186948523 1105 
1581 1746 168 0.46615502720429497 1111 
1582 1746 169 0.4195439924791058 1193 
1583 1746 164 0.7303477113360104 1307 
1584 1746 162 0.6201604473567016 923 
1585 1746 173 0.1690626555735845 917 
1586 1747 160 0.46336382124113573 1185 
1587 1747 174 0.5021803105946064 859 
1588 1747 166 0.7995941808171402 738 
1589 1747 167 0.21395431349273578 728 
1590 1747 162 0.3578456979108564 694 
1591 1747 170 0.7442280061756403 775 
1592 1747 166 0.2165151761377266 663 
1593 1747 167 0.8243685882437808 792 
1594 1747 168 0.4486079150959952 1135 
1595 1747 160 0.35976292775787244 1196 
1596 1747 169 0.3898408442318228 1235 
1597 1747 166 0.31451672476509007 1264 
1598 1747 163 0.28122032721781737 918 
1599 1747 164 0.8533194071750524 1372 
1600 1747 178 0.17201127736496932 1075 
1601 1747 169 0.7146574002908946 971 
1602 1747 159 0.8010682364084365 929 
1603 1747 171 0.7498342020018274 1532 
1604 1747 174 0.5046897702413232 1380 
1605 1747 160 0.6649212948326895 1302 
1606 1747 172 0.440720709374079 985 
1607 1747 169 0.637155013359853 1418 
1608 1785 177 0.20962970729673103 723 
1609 1785 163 0.8505265807764545 1444 
1610 1785 175 0.7351658495212643 898 
1611 1785 161 0.06311097462373132 1081 
1612 1785 176 0.5156143900753505 1527 
1613 1785 166 0.5756812915317919 1525 
1614 1785 160 0.1517517342116242 1499 
1615 1785 172 0.6820155339716838 710 
1616 1785 169 0.8219510758902361 1405 
1617 1785 160 0.8476228182115072 1031 
1618 1785 172 0.8686464243293205 802 
1619 1785 164 0.15677633297281118 593 
1620 1785 159 0.7129319847377927 1497 
1621 1785 168 0.05821735628550018 1399 
1622 1785 173 0.2157073347220908 1541 
1623 1785 161 0.8345500424501066 858 
1624 1785 176 0.6335673719584661 1556 
1625 1786 163 0.29465275901175225 1179 
1626 1786 172 0.3680419582055941 998 
1627 1786 166 0.3855404900500402 1324 
1628 1786 176 0.6012866063720208 1273 
1629 1786 174 0.14676534113049777 1462 
1630 1786 178 0.5152974004364704 843 
1631 1786 169 0.8482402205009719 1472 
1632 1786 160 0.7914745125973802 1157 
1633 1786 174 0.25431511114866623 687 
1634 1786 174 0.6458640080716873 1188 
1635 1786 170 0.6767968187084208 1382 
1636 1786 170 0.6089196419374472 663 
1637 1786 162 0.09566307286899693 631 
1638 1786 160 0.3432986613527311 579 
1639 1786 166 0.03842195510715232 811 
1640 1786 170 0.3506632767649359 696 
1641 1786 169 0.13508173435949658 1348 
1642 1801 159 0.1739197729130912 811 
1643 1801 166 0.852717047983384 846 
1644 1801 159 0.7640922667784997 1472 
1645 1801 179 0.8051686812560205 1142 
1646 1801 178 0.031279223049733136 649 
1647 1801 179 0.8023031360579034 674 
1648 1801 170 0.6102816971418754 1100 
1649 1801 164 0.7304625140090639 1562 
1650 1801 171 0.781340611438874 689 
1651 1801 160 0.7546596461357417 1443 
1652 1801 170 0.44842427016888176 1127 
1653 1801 170 0.32749212360676255 1374 
1654 1801 165 0.30136830978257645 1419 
1655 1801 169 0.35460972989517464 1403 
1656 1801 167 0.7038161616467229 1276 
1657 1801 159 0.6769793736496139 1290 
1658 1801 178 0.23885042439922682 1286 
1659 1801 166 0.21190429677515665 801 
1660 1801 168 0.05188458389921401 595 
1661 1801 165 0.8399421531644934 1085 
1662 1801 172 0.3776413083617393 769 
1663 1801 164 0.7962227246100659 700 
1664 1801 163 0.20395112280269545 1050 
1665 1801 170 0.4119442899993612 1464 
1666 1802 162 0.43742731834005627 1377 
1667 1802 163 0.26585126864681136 694 
1668 1802 170 0.15745293067482516 1311 
1669 1802 162 0.3775473646679551 606 
1670 1802 177 0.024024592243123047 1333 
1671 1802 177 0.5218005817294895 701 
1672 1802 173 0.5015592912982019 641 
1673 1802 174 0.5808957410531177 1154 
1674 1802 174 0.4347348192225659 1398 
1675 1802 179 0.5200963640780849 1054 
1676 1802 162 0.3018930427545962 848 
1677 1802 178 0.7293120269655601 981 
1678 1802 159 0.6281908520715167 594 
1679 1802 163 0.42199161878013314 1443 
1680 1802 161 0.5573558362568602 640 
1681 1802 170 0.02642871565864441 996 
1682 1802 175 0.46098702541553654 975 
1683 1802 170 0.8120067775156679 969 
1684 1802 161 0.07963593079151954 1012 
1685 1802 163 0.7591646656580016 871 
1686 1802 170 0.17135988395672114 1031 
1687 1802 177 0.22142374760568834 1157 
1688 1805 161 0.3844556929820774 1414 
1689 1805 170 0.4624180186067913 1073 
1690 1805 179 0.40165884014832554 733 
1691 1805 167 0.16648291435974236 1101 
1692 1805 160 0.8722857124502986 600 
1693 1805 175 0.3075967471594236 1275 
1694 1805 165 0.8932849951857686 696 
1695 1805 169 0.3959011235512334 670 
1696 1805 165 0.8214269737113858 650 
1697 1805 175 0.8557765717297213 1155 
1698 1805 164 0.21601589625200007 753 
1699 1805 169 0.19234010730647289 1087 
1700 1805 161 0.44598540032252804 1553 
1701 1805 172 0.8382788318335466 857 
1702 1805 170 0.6743234350788064 991 
1703 1805 169 0.8344034104199101 706 
1704 1805 168 0.3476248362463991 1268 
1705 1821 160 0.4490752413458636 610 
1706 1821 169 0.5764722910605243 846 
1707 1821 174 0.7376733370056753 1462 
1708 1821 166 0.646110875142854 1331 
1709 1821 165 0.8601733961884879 1425 
1710 1821 162 0.3985596904636721 1372 
1711 1821 177 0.08375406653165494 625 
1712 1821 169 0.5116785307533332 1042 
1713 1821 174 0.38607334765952805 814 
1714 1821 175 0.598479256595352 982 
1715 1821 164 0.21976980194263068 1507 
1716 1821 167 0.06873236520122239 966 
1717 1821 178 0.30801800967155374 1075 
1718 1821 167 0.20187680064691532 674 
1719 1821 161 0.7182711310716232 1462 
1720 1821 177 0.2679229232357191 1028 
1721 1821 162 0.22053755972041306 805 
1722 1821 164 0.027091962306743857 1193 
1723 1821 161 0.19974541418864997 653 
1724 1821 170 0.273783081926739 1184 
1725 1821 164 0.05526265679105207 1206 
1726 1821 160 0.28066034457169386 792 
1727 1821 179 0.26565944746422193 859 
1728 1822 176 0.34473108193529717 1491 
1729 1822 162 0.48774158358520137 1067 
1730 1822 178 0.4797267452841338 731 
1731 1822 170 0.2129394677568073 1117 
1732 1822 161 0.13875940094030725 937 
1733 1822 176 0.47919897854693827 640 
1734 1822 162 0.6411986376355635 974 
1735 1822 171 0.15675349664818097 1168 
1736 1822 159 0.7172237558454564 647 
1737 1822 165 0.2322006988241562 815 
1738 1822 177 0.5113610233373939 1538 
1739 1822 159 0.7598470893588315 1371 
1740 1822 176 0.38550401420821473 1400 
1741 1822 164 0.1651668639619732 1030 
1742 1822 165 0.30791848029870056 1539 
1743 1822 172 0.016977128518607568 650 
1744 1822 171 0.6770456980882095 1568 
1745 1822 166 0.7180880024756399 1441 
1746 1877 175 0.3743045958637007 684 
1747 1877 166 0.3737945064445238 620 
1748 1877 175 0.34854085456715767 659 
1749 1877 163 0.5824788768560115 1223 
1750 1877 177 0.6365786781604051 1156 
1751 1877 172 0.8088554164283136 595 
1752 1877 170 0.5132922372007628 1293 
1753 1877 167 0.5560392949702415 1357 
1754 1877 175 0.04079573234676309 1092 
1755 1877 163 0.3317763102112942 1107 
1756 1877 161 0.47162176206130413 808 
1757 1877 179 0.034199317419602845 828 
1758 1877 167 0.5777074728791243 730 
1759 1877 179 0.1979157395873168 1363 
1760 1877 160 0.6473277110951637 954 
1761 1877 173 0.7077466476354168 821 
1762 1877 169 0.4932380511890634 1520 
1763 1902 173 0.3029296487707628 921 
1764 1902 176 0.8845358847311152 995 
1765 1902 160 0.22285741430674708 1322 
1766 1902 166 0.6309918521915708 919 
1767 1902 167 0.715621530556833 1283 
1768 1902 166 0.7592308982476634 1264 
1769 1902 159 0.7901331001311702 676 
1770 1902 172 0.837443811285109 1164 
1771 1902 159 0.17626964726424946 935 
1772 1902 161 0.13223801303744842 1346 
1773 1902 164 0.10072845077903658 1552 
1774 1902 175 0.6064644115870692 934 
1775 1902 172 0.8945746873937835 1462 
1776 1902 172 0.8851910161261578 1022 
1777 1902 172 0.6414214453731816 956 
1778 1902 164 0.030976111098709874 1274 
1779 1902 174 0.18885161584678448 781 
1780 1902 174 0.6809963930055941 1516 
1781 1902 163 0.5675624048465966 1379 
1782 1902 163 0.743795154239104 1171 
1783 1902 171 0.2427852581191204 605 
1784 1902 178 0.07030814355452168 734 
1785 1904 160 0.5146039246676645 739 
1786 1904 161 0.22607125570785247 718 
1787 1904 159 0.3885274594052077 1203 
1788 1904 167 0.07993422305328585 1494 
1789 1904 164 0.30247733363376705 1198 
1790 1904 164 0.7506886932601532 1501 
1791 1904 167 0.28527575804029137 983 
1792 1904 174 0.6412341392051506 686 
1793 1904 164 0.8134621123197777 771 
1794 1904 161 0.29279331739190606 1238 
1795 1904 174 0.43108307045446415 1188 
1796 1904 178 0.8243331925305081 960 
1797 1904 177 0.5227633391521447 1340 
1798 1904 159 0.3153503136489629 1411 
1799 1904 166 0.2775478222470855 815 
1800 1904 166 0.7824408314178456 1078 
1801 1925 172 0.42883793967178924 1487 
1802 1925 171 0.8806319584483454 847 
1803 1925 160 0.7709960248908426 1155 
1804 1925 174 0.23337064297558768 816 
1805 1925 167 0.3470429939573269 1468 
1806 1925 169 0.07480161509259833 596 
1807 1925 166 0.10718518227160465 1104 
1808 1925 172 0.3011349347070315 1303 
1809 1925 176 0.5470574256947347 938 
1810 1925 167 0.7240440608720847 1127 
1811 1925 168 0.8611743434282532 1053 
1812 1925 165 0.8535318038324196 1293 
1813 1925 178 0.12158035075287472 1307 
1814 1925 162 0.5700547999707427 1481 
1815 1925 177 0.6815023529312383 691 
1816 1925 171 0.3345951204569966 1044 
1817 1925 172 0.08153145202341165 714 
1818 1925 177 0.20402517913369508 1094 
1819 1925 173 0.02633591483967105 953 
1820 1925 160 0.6015779505507222 1252 
1821 1944 166 0.49069904539292875 758 
1822 1944 168 0.5664213225887625 745 
1823 1944 164 0.3251420748218922 743 
1824 1944 174 0.5914480686072728 1409 
1825 1944 179 0.89646278900648 1470 
1826 1944 174 0.10275037304379751 1164 
1827 1944 170 0.7156054105686418 604 
1828 1944 163 0.29214259258098246 1141 
1829 1944 162 0.02178565409173419 928 
1830 1944 177 0.03493397687005659 627 
1831 1944 165 0.575792222675127 1146 
1832 1944 165 0.4031526110178702 673 
1833 1944 166 0.7799913123215733 1013 
1834 1944 163 0.6587506141413285 947 
1835 1944 161 0.11817876279909638 1376 
1836 1944 167 0.47758023196050897 1476 
1837 1944 178 0.37556279755850414 912 
1838 1944 177 0.380625875652239 1084 
1839 1944 168 0.8495250557133289 795 
1840 1944 162 0.07785203590369413 1170 
1841 1944 163 0.6491483007307002 1154 
1842 1944 163 0.5724780963492883 745 
1843 1945 159 0.519276253704762 1241 
1844 1945 171 0.2737109963471952 1299 
1845 1945 170 0.6363099510354746 627 
1846 1945 159 0.6049902339522142 1463 
1847 1945 170 0.5681783911369409 1315 
1848 1945 165 0.49850120605771053 1365 
1849 1945 166 0.4976669962305318 1398 
1850 1945 178 0.7710985896740837 1510 
1851 1945 160 0.21340055815403458 675 
1852 1945 162 0.7791996637268216 1257 
1853 1945 174 0.5437164074029821 833 
1854 1945 167 0.7831253794420084 845 
1855 1945 159 0.49290225578814084 649 
1856 1945 164 0.5706332548128699 1204 
1857 1945 164 0.8355865050666701 695 
1858 1945 159 0.7143279606426076 1162 
1859 1945 168 0.37203161491215353 1430 
1860 1945 166 0.714783422155168 1108 
1861 1946 171 0.6192150877463455 991 
1862 1946 169 0.7718251191522248 707 
1863 1946 178 0.03209203818155904 855 
1864 1946 168 0.17561360168566426 1386 
1865 1946 179 0.4740856474804026 663 
1866 1946 160 0.7988845321702045 1084 
1867 1946 173 0.22665051742769418 1217 
1868 1946 171 0.3874758102520133 1222 
1869 1946 167 0.4182402064649529 872 
1870 1946 177 0.101974053642821 583 
1871 1946 161 0.11831115505544129 606 
1872 1946 161 0.6747338448908898 904 
1873 1946 178 0.011253735932758076 727 
1874 1946 161 0.04939418956824319 1072 
1875 1946 164 0.6149106585893105 1273 
1876 1946 161 0.40220806379289525 1534 
1877 1960 172 0.43670584893994346 1215 
1878 1960 168 0.34174233066080567 891 
1879 1960 159 0.36337431012449956 657 
1880 1960 167 0.8115651708987808 729 
1881 1960 163 0.6571656822600452 985 
1882 1960 161 0.8986003367404628 681 
1883 1960 172 0.7149513347200946 944 
1884 1960 165 0.5250347668054068 792 
1885 1960 169 0.6990089747497831 623 
1886 1960 164 0.16210436435306738 1461 
1887 1960 170 0.5087913205633284 847 
1888 1960 167 0.32074557852120666 1105 
1889 1960 170 0.21983803403887978 837 
1890 1960 164 0.5034751682021801 1216 
1891 1960 165 0.03282775522698383 1161 
1892 1960 171 0.14653982675550326 1288 
1893 1960 172 0.654012762435905 1372 
1894 1960 173 0.8689502635016482 1537 
1895 1960 169 0.708957700234146 605 
1896 1960 173 0.08042006069875479 1441 
1897 1960 159 0.06690318728304245 1244 
1898 1960 161 0.26817127859355694 1109 
1899 1960 171 0.22655626472750168 704 
1900 1960 178 0.8780101281659042 710 
1901 1961 167 0.3525607141369963 1205 
1902 1961 174 0.5272090097010993 1274 
1903 1961 160 0.40146528317364594 1013 
1904 1961 165 0.1142982938490927 1517 
1905 1961 160 0.33040610311501767 1025 
1906 1961 166 0.19911006068698742 1368 
1907 1961 175 0.6504092930526216 1329 
1908 1961 161 0.6160717161993756 845 
1909 1961 167 0.2711809792694921 868 
1910 1961 179 0.632729260649719 669 
1911 1961 166 0.3795654033440731 1290 
1912 1961 175 0.22299826825638608 1027 
1913 1961 179 0.1846955614513574 572 
1914 1961 170 0.1993293673759713 1476 
1915 1961 165 0.2349184380210457 624 
1916 1961 175 0.8701459463436031 1319 
1917 1961 163 0.34891624104966196 741 
1918 1961 164 0.34591981854960446 1121 
1919 1961 165 0.8242422247794586 1387 
1920 1961 177 0.3218431796430606 1528 
1921 1961 172 0.7761753177807943 1306 
1922 1961 178 0.5673295762407967 591 
1923 1961 166 0.7394999249699169 1105 
1924 1961 160 0.04635950514077834 971 
1925 1962 164 0.6301732308671779 1564 
1926 1962 170 0.5349240962185474 851 
1927 1962 175 0.6507302292361505 710 
1928 1962 159 0.29925762391650274 815 
1929 1962 175 0.5961542347474745 691 
1930 1962 164 0.27454838946395405 1326 
1931 1962 163 0.8751957572203026 1068 
1932 1962 177 0.8193456940586412 1159 
1933 1962 176 0.035524579859263244 983 
1934 1962 179 0.1704456611502333 1155 
1935 1962 174 0.3829172310365857 1513 
1936 1962 165 0.1714948759462907 1161 
1937 1962 177 0.16796285463819352 926 
1938 1962 166 0.2869195299958806 605 
1939 1962 160 0.8314911455354684 749 
1940 1962 170 0.7568317554100864 1399 
1941 1962 172 0.2450063667921953 1497 
1942 1962 172 0.6483266993696355 1349 
1943 1962 165 0.6862376366409012 1257 
1944 1963 162 0.8618244731213044 1365 
1945 1963 159 0.886074984409719 1563 
1946 1963 173 0.049575078559368685 872 
1947 1963 162 0.48860596577346865 574 
1948 1963 160 0.28711226653089267 1056 
1949 1963 164 0.38798159802005894 816 
1950 1963 163 0.20520161286785016 804 
1951 1963 177 0.09068666670461804 771 
1952 1963 166 0.5035664258224666 1468 
1953 1963 172 0.5186010307641831 569 
1954 1963 167 0.33623379863164277 1471 
1955 1963 170 0.4686388999359534 1090 
1956 1963 172 0.8604232159949166 1350 
1957 1963 178 0.584928092402551 944 
1958 1963 179 0.36552119277042244 706 
1959 1963 159 0.43516474480187306 1251 
1960 1979 175 0.3407880143293982 610 
1961 1979 171 0.8990502708967648 1530 
1962 1979 163 0.5474302054869306 1219 
1963 1979 173 0.8531984620685039 1348 
1964 1979 166 0.6062221568624659 1493 
1965 1979 163 0.12186664356889275 968 
1966 1979 179 0.2261744938417749 1269 
1967 1979 173 0.45887071745605224 982 
1968 1979 174 0.6430570193714222 1419 
1969 1979 160 0.6140275222275134 738 
1970 1979 159 0.8730029570472189 655 
1971 1979 177 0.8857054067798021 1335 
1972 1979 170 0.5205678920445511 1073 
1973 1979 166 0.49748962343516256 692 
1974 1979 165 0.21138963242104614 1385 
1975 1979 174 0.15292712866472555 1495 
1976 1979 179 0.37266719716920627 773 
1977 1979 159 0.37272266598703047 916 
1978 1979 164 0.49207640740897546 1520 
1979 1999 160 0.6029156027497632 970 
1980 1999 167 0.3167529036423352 998 
1981 1999 174 0.3008643744409056 1420 
1982 1999 166 0.8906974801456724 998 
1983 1999 174 0.4558536459404786 651 
1984 1999 168 0.7076224385748501 789 
1985 1999 164 0.8289509630193334 1548 
1986 1999 177 0.7369926401344504 1083 
1987 1999 171 0.6680456791733678 785 
1988 1999 161 0.20266489625114345 712 
1989 1999 163 0.7950249207236233 1017 
1990 1999 169 0.6467411838878998 1501 
1991 1999 174 0.286364308364821 1530 
1992 1999 176 0.6933112599145257 1122 
1993 1999 172 0.26898001401614574 933 
1994 1999 171 0.7341826664843691 1255 
1995 1999 173 0.12596721636094627 569 
1996 1999 175 0.6362641898276186 635 
1997 1999 170 0.8582419002890594 1469 
1998 1999 179 0.210886161531834 1273 
1999 2000 159 0.1334269289954267 823 
2000 0 161 0.18991335420154554 720 
