1 2 130 0.44449329022594036 2966 
2 3 146 0.39732038737244385 2430 
3 4 140 0.29250046764903465 3375 
4 8 144 0.4996472445666107 2232 
5 8 148 0.7557615424216106 3582 
6 8 140 0.5197361405142803 3536 
7 9 138 0.09225475187196609 2754 
8 12 142 0.23769897512420837 2379 
9 13 133 0.45180544200325395 3882 
10 15 132 0.7968493831076873 3089 
11 17 138 0.4745584645513717 3766 
12 19 130 0.5881412927507901 3744 
13 19 139 0.5250284540870969 4115 
14 20 146 0.32088747362612186 3277 
15 23 140 0.7726764307599049 2569 
16 25 130 0.5963594837731906 2573 
17 26 144 0.3575868488827499 3024 
18 27 148 0.14299492791786125 3129 
19 28 136 0.8275958503760792 2647 
20 29 128 0.4424221633566504 4029 
21 29 145 0.31733045376360725 2888 
22 29 148 0.23391089147228517 2959 
23 32 143 0.40091088063603797 3560 
24 33 141 0.5017381629879725 3510 
25 36 136 0.38351272320529384 3542 
26 37 133 0.3504509769702669 2349 
27 37 140 0.27756578659644526 2907 
28 39 141 0.09137159349362636 3074 
29 39 146 0.849077666141349 2416 
30 41 139 0.09770188065629497 2914 
31 41 135 0.7209017805512724 3934 
32 44 144 0.4300650259129984 2966 
33 44 144 0.08672472641037789 2336 
34 47 132 0.8597921444143557 3766 
35 47 138 0.11837047902599716 2553 
36 48 134 0.5210264107716951 3896 
37 50 129 0.2656195437913532 3932 
38 52 132 0.5535525199642085 2269 
39 52 139 0.1864655020953444 3758 
40 52 137 0.8934891546652333 3234 
41 53 131 0.24845627586987204 3103 
42 54 130 0.36979431621674413 2389 
43 54 146 0.8484184694054849 3762 
44 56 130 0.11378868247369184 2973 
45 57 142 0.6514123195785141 3969 
46 58 132 0.8265072184683779 2272 
47 60 131 0.2544311330578558 2770 
48 61 131 0.7307028233783506 2681 
49 61 137 0.18003984056980943 2575 
50 62 143 0.3636442629709278 2254 
51 62 139 0.23292113950463486 3963 
52 63 130 0.8685967891352168 3114 
53 63 140 0.7507416168961931 3579 
54 64 144 0.6638753498723586 2856 
55 65 137 0.5325729661282934 3791 
56 69 128 0.7943176890013466 2792 
57 69 134 0.1654670812245484 3917 
58 70 140 0.7769470018463813 2599 
59 70 129 0.22939083306480682 3096 
60 72 135 0.14892593925545244 2729 
61 72 131 0.6459728303456622 3018 
62 73 132 0.1194190364191229 2225 
63 74 147 0.20794573589194243 4134 
64 75 143 0.09570084870397993 2720 
65 75 145 0.29291614464498494 2707 
66 77 129 0.2558911704247263 2455 
67 77 140 0.41801043587814635 2327 
68 81 135 0.38856202716569677 3063 
69 83 138 0.510683900777907 3387 
70 84 137 0.1954285542425953 3244 
71 84 141 0.5917771548148222 2767 
72 86 128 0.5885172714030193 2769 
73 86 142 0.46267123490616247 3527 
74 87 142 0.31675768698702855 3210 
75 88 147 0.3791449628406208 2735 
76 88 140 0.6518348114690722 3455 
77 89 145 0.2660315040484285 3554 
78 89 131 0.5682922916008005 2713 
79 89 132 0.11214832391038573 3923 
80 90 137 0.5505981880399884 3757 
81 91 130 0.7603582583464071 2289 
82 92 144 0.2063907919716542 3511 
83 93 136 0.16442221191222522 3743 
84 93 135 0.28842390885850766 3925 
85 93 143 0.26884936985209784 4022 
86 95 133 0.8664819357419842 2600 
87 95 132 0.8530390265128927 3625 
88 95 135 0.2948908962330952 3231 
89 95 146 0.32571385146988163 3595 
90 95 135 0.7663853271766201 2380 
91 96 145 0.32664065365613565 2900 
92 97 135 0.5842342772765905 3337 
93 100 130 0.2831374202135573 4065 
94 102 140 0.5484215904870804 4050 
95 103 130 0.2884610072572164 3360 
96 103 132 0.6015818204655973 2753 
97 104 144 0.37197655082489567 3669 
98 106 146 0.5553934589462132 3112 
99 106 136 0.8087855445173738 3863 
100 109 131 0.14501219564730444 2716 
101 111 143 0.49177974221832904 3485 
102 112 140 0.5984411843023955 2158 
103 113 137 0.027463537299601846 3650 
104 113 135 0.6764892150169975 3126 
105 113 134 0.6055840366046642 3047 
106 118 133 0.7803008291171037 3619 
107 118 131 0.8256948979996876 3230 
108 118 140 0.3684137913953966 3964 
109 119 134 0.3217866984882636 3269 
110 121 146 0.06684750912843213 2375 
111 122 144 0.2863268108248833 4068 
112 122 147 0.23735309982469607 2845 
113 123 141 0.6320899459983896 3450 
114 123 142 0.38349307061068966 3383 
115 124 129 0.6432804126884294 3969 
116 125 134 0.43124459749262334 3799 
117 126 129 0.87270044605205 2428 
118 128 140 0.5162041158806425 3254 
119 128 146 0.26378081774415263 3463 
120 128 138 0.793717466038491 2535 
121 129 132 0.0934425951650065 2771 
122 134 141 0.5053234707106408 2365 
123 137 132 0.8266940457626918 3853 
124 138 132 0.8515488418884565 3645 
125 138 147 0.2563816946923256 2637 
126 139 139 0.09332774603046207 2474 
127 139 132 0.7467119217988064 2234 
128 140 134 0.32863405664951484 2311 
129 145 129 0.1597498650553924 3077 
130 148 140 0.48057791125179794 2464 
131 149 146 0.3087497029470611 4143 
132 150 146 0.23734550953278968 2727 
133 150 137 0.4943915674273924 2760 
134 151 145 0.1513753840744795 2972 
135 152 132 0.6537490479174654 3089 
136 153 144 0.12314523263776095 2245 
137 154 143 0.3611913841696032 3487 
138 154 136 0.3490869522573136 3976 
139 155 144 0.7081441260110469 3056 
140 156 133 0.6809655245337463 3793 
141 156 136 0.07806506243772808 2511 
142 157 137 0.5354550907219121 3783 
143 158 141 0.7676306425233628 3626 
144 158 139 0.02257526629805502 2933 
145 159 138 0.8151642488975392 3140 
146 159 136 0.3012785777089309 2196 
147 161 145 0.6061926561458374 4126 
148 163 141 0.035020223538802006 2694 
149 163 130 0.44581502881592217 2354 
150 164 129 0.7121453811322581 3945 
151 165 140 0.08546490412171905 4105 
152 165 129 0.7069417946611698 2673 
153 166 133 0.5948747964426496 3300 
154 167 131 0.4465100322885233 3170 
155 167 143 0.5175509678946639 3205 
156 169 142 0.4940818977219147 2541 
157 169 147 0.1884757274139481 4058 
158 170 145 0.6366258617004434 2978 
159 172 138 0.7053187308201624 3842 
160 173 138 0.8583303586204151 3755 
161 174 133 0.15540553269651575 2485 
162 179 144 0.6256208628021781 2527 
163 180 131 0.38083646665669335 4129 
164 181 148 0.6617307249999821 2526 
165 181 129 0.5497134800561418 2426 
166 181 146 0.656216511605702 3963 
167 182 139 0.16077039551266487 4076 
168 183 143 0.08779659094211184 2484 
169 184 148 0.03126492938398327 3125 
170 185 145 0.7176961336441805 2246 
171 185 134 0.5852875572953 3467 
172 187 137 0.24365044143027192 3961 
173 187 141 0.8468711691058401 3727 
174 187 136 0.5460760953770891 2475 
175 188 145 0.5662723573172119 2579 
176 188 129 0.024995826188425073 4042 
177 189 132 0.7354754408622509 3303 
178 191 136 0.582205338759838 2632 
179 192 136 0.07519416940470523 3908 
180 192 148 0.6195797759371127 4085 
181 193 128 0.15671107133699777 2447 
182 194 135 0.7302197559987769 3215 
183 194 132 0.7625944299174148 3349 
184 195 140 0.4849308724932992 3064 
185 195 131 0.8735076855472816 2368 
186 195 143 0.26662910888074903 3124 
187 196 146 0.8191855845846586 2859 
188 196 128 0.26422869594188164 2570 
189 197 143 0.7188264163858278 2684 
190 197 141 0.8592816460271838 2517 
191 197 134 0.7247040431376665 3249 
192 198 137 0.32182273215959667 2266 
193 199 141 0.39032758879257157 2286 
194 204 140 0.7046082732610758 3175 
195 205 132 0.1988711433428244 3841 
196 206 141 0.4516498634743353 3443 
197 207 143 0.20456693831078343 3576 
198 207 142 0.012581491098899679 2591 
199 208 143 0.8887611833081596 3213 
200 210 142 0.43034182962268364 3892 
201 210 131 0.4024134758505619 3434 
202 211 135 0.8291707292673746 2460 
203 214 137 0.7778085820702267 2973 
204 215 148 0.4413278742691342 2463 
205 216 129 0.22988163844184062 3235 
206 217 140 0.07075407915650495 2413 
207 217 130 0.22294774663786288 2268 
208 218 132 0.30429176952841935 3647 
209 219 143 0.08717469830485737 3711 
210 219 147 0.15672477375933777 3339 
211 222 132 0.6407946203214426 3959 
212 222 131 0.6488567312336855 4051 
213 225 141 0.44950379424786213 3435 
214 225 137 0.7467979213987243 3169 
215 227 148 0.40055188862092944 2277 
216 227 134 0.6959549586584605 2879 
217 229 146 0.47267412381842966 2614 
218 231 130 0.382663257464693 2383 
219 231 131 0.5167297049896429 3890 
220 231 138 0.8235990322870251 3927 
221 232 130 0.2003156942611794 2180 
222 233 142 0.8569043084669257 2953 
223 233 137 0.1269310676521928 2568 
224 233 138 0.6686375261268002 2784 
225 234 145 0.4818144415173054 3648 
226 234 128 0.3620161588095548 2211 
227 236 144 0.36743929273090087 4128 
228 236 147 0.23082339963719573 2195 
229 238 138 0.6246923353157264 2619 
230 238 140 0.8221218719301845 3298 
231 241 129 0.5830716544939747 2349 
232 242 139 0.24980392684743868 3308 
233 244 143 0.015931439172820326 2609 
234 245 146 0.7724435233606902 3362 
235 246 144 0.38414038189268807 4137 
236 247 134 0.5335583013742125 3402 
237 248 128 0.530499409174787 2796 
238 249 146 0.2960237384945438 3790 
239 249 138 0.7267382607715839 3238 
240 250 138 0.552083924422247 3621 
241 251 130 0.8239865943594086 2680 
242 251 144 0.5640983915769832 2319 
243 251 139 0.2770485510992496 4148 
244 254 130 0.055789881910441055 3196 
245 256 136 0.5803592819374584 2383 
246 256 142 0.17746685130024803 3416 
247 259 133 0.843944379094578 3576 
248 259 141 0.8521584677850381 3235 
249 261 141 0.3259035054109048 4050 
250 261 144 0.32991292032894287 2464 
251 263 131 0.7433584168011598 2184 
252 263 143 0.0403674454240298 2773 
253 263 129 0.2273106189758016 3174 
254 264 148 0.3072859899111677 2872 
255 264 136 0.32154719366246853 3226 
256 265 140 0.7930186044021107 3096 
257 266 140 0.17101784081947916 3008 
258 266 128 0.8958454447054077 2810 
259 268 131 0.7905446097838318 3496 
260 270 138 0.1818625776999285 3269 
261 273 147 0.2810778594227659 3051 
262 274 142 0.17180134956449958 4074 
263 275 133 0.42152867629234225 3032 
264 276 128 0.792817188960208 3024 
265 277 137 0.7055819756231978 2345 
266 277 137 0.5364362579438022 3932 
267 277 140 0.7011131523665018 2440 
268 279 138 0.8233020396787278 3541 
269 279 140 0.274957086898016 2247 
270 280 129 0.40871398205614806 3606 
271 283 131 0.7059087693607573 2285 
272 283 143 0.448206787367054 4015 
273 286 145 0.6081710117137823 2372 
274 286 140 0.3353082433712503 4151 
275 288 132 0.21379879458912596 2328 
276 288 135 0.7343621117216493 2729 
277 288 135 0.7110236257503673 2463 
278 290 136 0.7590089745719586 2675 
279 291 139 0.15627174138839922 3427 
280 291 147 0.26879845070737507 4063 
281 293 141 0.8628009169091126 3782 
282 293 139 0.6281248441217062 2650 
283 293 130 0.17749816190479584 3659 
284 293 139 0.28157727396102983 2431 
285 294 147 0.30340098632689916 2232 
286 295 137 0.3052057018292146 2834 
287 295 137 0.7901661373006482 2282 
288 297 146 0.6010262050450363 2830 
289 297 146 0.06259844141197554 2359 
290 300 139 0.5036961735022463 3161 
291 304 130 0.8158662204560979 3768 
292 306 140 0.6776320143868917 3020 
293 306 144 0.26643505200843226 2449 
294 306 133 0.32349875251648635 2182 
295 310 132 0.3713187019244992 2709 
296 310 139 0.7971815014948205 2449 
297 314 140 0.4628572253629823 3577 
298 314 135 0.43991621817835974 4062 
299 318 137 0.38145474503938925 3235 
300 319 148 0.5404145800299883 3102 
301 324 144 0.30619895403039615 2702 
302 324 148 0.041031143583630594 3733 
303 325 142 0.10390534376320035 3246 
304 327 140 0.5702438544075304 2307 
305 329 138 0.058400037009197235 3030 
306 330 145 0.3146647314412174 2654 
307 331 143 0.3964893088875899 3383 
308 331 144 0.37699954899611965 3010 
309 333 136 0.886426306851255 3417 
310 334 128 0.6595221384926262 2477 
311 335 131 0.5895936154420708 3267 
312 335 148 0.3290155103804281 4030 
313 336 137 0.41578973732618973 3618 
314 337 139 0.06876992019000103 3099 
315 337 145 0.43582272883185214 2892 
316 337 129 0.7294967932954043 3382 
317 339 145 0.7212506334735653 2182 
318 339 141 0.5257399136355668 3964 
319 339 135 0.7531744683397149 2916 
320 339 147 0.8526117360553023 4123 
321 340 130 0.3808548306098252 3214 
322 341 147 0.1801067009319202 2631 
323 342 140 0.5493318732788891 3348 
324 343 148 0.4158384895922149 3666 
325 343 146 0.8947237235494251 3141 
326 343 135 0.2567727502356034 2562 
327 345 134 0.24009780385785748 3211 
328 346 138 0.2083312008966437 3386 
329 348 132 0.6406540579211867 2565 
330 348 136 0.24462700117404523 3240 
331 349 133 0.1921112654816472 3743 
332 350 143 0.026525675040632204 3417 
333 351 129 0.6570856436207823 4082 
334 353 128 0.4298769542236404 4024 
335 353 134 0.7366390076180782 2214 
336 353 128 0.11860805496882407 2372 
337 354 144 0.5773562617815162 3568 
338 354 130 0.7695339328103108 3231 
339 355 140 0.6893646444432958 3128 
340 355 148 0.7684655196350508 4023 
341 355 131 0.6828186976528623 3911 
342 356 142 0.6442546102572729 3933 
343 356 140 0.8306760691326323 2581 
344 356 138 0.37193867262025787 3930 
345 358 128 0.6084778032367939 2506 
346 359 132 0.13732967007237362 2337 
347 359 146 0.4118584322491368 2723 
348 360 130 0.47676148119124 2848 
349 362 142 0.4837058825796409 3928 
350 363 137 0.584892754356089 3547 
351 364 141 0.37582072983219317 3796 
352 364 134 0.499612827961715 3355 
353 367 143 0.7702644130995647 2561 
354 368 134 0.3828793931532281 2846 
355 370 129 0.42426372801151785 3573 
356 370 138 0.8811034627602065 4010 
357 371 144 0.10710930342849814 3934 
358 373 148 0.3141233731150776 3383 
359 373 138 0.7373642708842514 2255 
360 375 134 0.5795215521903405 2902 
361 375 132 0.639185264914648 3428 
362 376 137 0.4332431786836425 2557 
363 377 145 0.07375827337515843 3632 
364 378 140 0.3124874755771638 2498 
365 378 138 0.6936982942975989 3297 
366 378 139 0.8835353842261799 3260 
367 379 129 0.8072746501984489 3138 
368 380 130 0.3290438723422288 3445 
369 381 132 0.3263268965248276 3271 
370 384 143 0.6477960589758676 3675 
371 388 137 0.5831857703215307 2361 
372 388 132 0.40349345781945467 2245 
373 389 128 0.8761126658364181 2661 
374 389 147 0.7742277170505735 2933 
375 389 141 0.779605244572455 2263 
376 389 136 0.5825809674355223 3419 
377 389 135 0.2555724694249883 3341 
378 390 137 0.4680634600018026 2312 
379 391 135 0.1810035481282881 3014 
380 392 144 0.613304001279194 2306 
381 393 138 0.09295298249323418 3336 
382 393 133 0.2314944196561956 2765 
383 394 146 0.2793015100483881 2440 
384 395 130 0.7130893290995584 3919 
385 396 143 0.8912235938152586 2246 
386 396 145 0.1661107174229938 2760 
387 399 131 0.5833877101391405 4139 
388 401 143 0.4966741831881759 2775 
389 406 145 0.5894455140121152 2266 
390 406 141 0.06381336593948082 3392 
391 407 131 0.8486235757893826 4069 
392 410 139 0.867106180921491 2619 
393 410 135 0.32849982779744813 3625 
394 410 139 0.5096786920251322 4114 
395 411 131 0.22917283051602597 4119 
396 411 128 0.8396310333972661 4109 
397 411 138 0.42405299250931466 2488 
398 412 140 0.8534341424744116 3370 
399 413 128 0.04950860555958351 2298 
400 413 132 0.4682442900264186 2965 
401 414 137 0.08720872716832126 2191 
402 414 146 0.18478401556789995 2538 
403 416 133 0.1177661471049854 2853 
404 416 143 0.8531822889563818 2723 
405 416 130 0.09255321145869345 3290 
406 417 143 0.1141327627689781 2828 
407 417 141 0.8777650744775974 2198 
408 417 137 0.7008569086130888 2610 
409 419 131 0.6030167398391031 4010 
410 421 133 0.24446368127949036 2286 
411 421 131 0.09983777715640355 2572 
412 421 139 0.7064034823811303 3347 
413 422 146 0.3404413277915977 3603 
414 423 136 0.6685974138473039 2283 
415 424 143 0.7859126387491489 3792 
416 427 141 0.7683232882551022 3595 
417 428 142 0.12126635757348121 3274 
418 428 146 0.34356887930574304 3815 
419 429 147 0.046996810516986606 3289 
420 429 136 0.13261506208642765 2734 
421 431 128 0.09217835333836065 2401 
422 431 134 0.3085072865533976 4070 
423 433 148 0.8992776252380932 2391 
424 437 134 0.8199659798513528 2389 
425 438 148 0.4656939513478469 2302 
426 440 136 0.12822954052067773 2787 
427 443 141 0.7406241950428872 3281 
428 444 131 0.8282559176987435 2639 
429 445 147 0.24083443061602666 2780 
430 446 135 0.8938230387859248 2410 
431 447 128 0.6034111658472754 4132 
432 448 146 0.19448437758479736 2840 
433 451 138 0.6003587196565229 2249 
434 451 132 0.08337935007047603 3775 
435 452 132 0.8428524465401712 3231 
436 453 135 0.17401135839018345 2560 
437 454 144 0.5090776911215542 2773 
438 454 138 0.5342369090544066 2575 
439 455 144 0.2925014302161323 3707 
440 457 142 0.7698416443341111 3443 
441 458 142 0.03281783214219738 3424 
442 458 132 0.2892016191558563 2574 
443 461 147 0.5604218828310337 3455 
444 463 132 0.6724072947623367 2836 
445 463 130 0.5948382136451912 2413 
446 463 148 0.872747666492539 4000 
447 464 145 0.47214380798372524 3847 
448 464 146 0.8522542383990582 3554 
449 464 138 0.514255403132608 2276 
450 465 129 0.2782569812887211 3914 
451 467 146 0.6318622188702484 2210 
452 467 129 0.8184405913771657 3131 
453 468 132 0.20192964898795654 3903 
454 470 137 0.09467577937151166 3757 
455 470 135 0.4811638201234617 3764 
456 471 128 0.8572500015231539 2503 
457 473 137 0.7681715322116119 2402 
458 473 133 0.2000007654946349 2442 
459 473 130 0.47885461222739323 4078 
460 474 139 0.336913120504591 3601 
461 474 136 0.6143938015809384 2165 
462 474 130 0.25865477598123876 2500 
463 475 130 0.2486261375288365 2951 
464 475 147 0.5208297191516236 4030 
465 476 138 0.598148005262494 2737 
466 476 128 0.7408185377728996 3485 
467 478 142 0.012986763629241128 2343 
468 478 130 0.15127072298628785 2410 
469 478 138 0.11363871771916177 2297 
470 479 130 0.8329847275571537 4038 
471 479 135 0.03143665763423999 3760 
472 482 147 0.033346176180300204 2740 
473 484 135 0.7640893267803468 2891 
474 488 133 0.5054807342081257 2339 
475 489 144 0.25610284151391705 2515 
476 489 134 0.2590187021449824 3234 
477 492 144 0.4833413521984968 3803 
478 494 138 0.8981588982756304 2616 
479 495 141 0.2898169971111801 3726 
480 496 146 0.38129181622735764 3640 
481 497 147 0.8913735505233085 3057 
482 497 140 0.7540463206944923 2782 
483 498 145 0.38878789788439294 4013 
484 499 144 0.555774383898763 2678 
485 499 136 0.40776780784026306 3026 
486 500 137 0.6664934641241574 3356 
487 504 137 0.741127245982285 3871 
488 505 145 0.8650212157751368 3354 
489 506 129 0.4662922518348469 3090 
490 506 141 0.7409417635565945 4118 
491 506 141 0.4696097816019811 2516 
492 515 137 0.7004535403798945 2314 
493 515 148 0.8007710708836687 3071 
494 516 144 0.8161339666554254 2349 
495 516 143 0.5313396559585367 2168 
496 518 147 0.6754928958408231 3785 
497 522 139 0.7815216043663487 2862 
498 526 137 0.5438319537057582 3352 
499 528 137 0.4357492699745284 3282 
500 528 133 0.010523121284715034 2815 
501 528 148 0.3527955612598411 3202 
502 528 135 0.04031747922868354 3324 
503 529 138 0.13713224865914422 3014 
504 531 138 0.8223484124544416 2365 
505 532 139 0.2782054162894216 4043 
506 534 144 0.7142495582263518 2825 
507 536 137 0.6803280054462927 2897 
508 536 139 0.11915125440690093 3701 
509 537 133 0.5630864627060337 2613 
510 537 129 0.09545210706553943 2861 
511 537 133 0.8688598377409692 3175 
512 538 133 0.18312198266880927 2809 
513 538 136 0.5675594558696596 3079 
514 539 145 0.20152153069547232 3257 
515 539 134 0.32177625287013445 3303 
516 540 139 0.03958524234231594 2425 
517 541 136 0.29736268118172027 2378 
518 542 138 0.18293533090025896 2644 
519 543 140 0.14986908308626118 2183 
520 547 144 0.12856430704488478 2665 
521 547 136 0.7445528803139954 3571 
522 548 129 0.5021446282418554 3345 
523 549 146 0.18848719217134852 2600 
524 549 148 0.04005431299701216 3299 
525 549 131 0.5770178055471831 2784 
526 550 142 0.894732825491596 2564 
527 550 141 0.5751310111721969 2896 
528 551 128 0.8071843312233768 3712 
529 551 128 0.6396293463796603 2738 
530 552 144 0.6752259670177035 2464 
531 553 140 0.3287680364201725 2423 
532 554 132 0.6022423088415116 3597 
533 554 146 0.4788337015549423 4144 
534 555 132 0.18988169923379908 3123 
535 555 143 0.2234308356559288 2938 
536 557 129 0.10531891960468519 3277 
537 558 148 0.38955131420786554 2861 
538 558 141 0.8463362046624163 2435 
539 558 130 0.5298356256546036 3987 
540 559 137 0.336459269531089 2623 
541 559 128 0.3537048426923869 2660 
542 560 136 0.33041092897088503 3360 
543 560 136 0.4881772102007308 3743 
544 563 140 0.8921531459026445 2536 
545 566 148 0.056615800553177345 3913 
546 566 146 0.06405235161071855 3539 
547 567 129 0.8739246388888107 2447 
548 568 143 0.7296976668600262 2790 
549 571 130 0.8463179029972302 3719 
550 572 130 0.037328125121232306 2230 
551 574 132 0.0567432617875238 3362 
552 574 130 0.8408565413561362 3199 
553 574 138 0.19342270070825437 3485 
554 576 129 0.4889884493374762 3325 
555 578 137 0.08084436070689967 2750 
556 578 139 0.636584208057638 2214 
557 579 141 0.16380158748624293 2833 
558 580 141 0.4425207808931449 2847 
559 582 136 0.40426903296626787 2819 
560 582 136 0.7180393653205622 3269 
561 583 129 0.8510553717427825 3169 
562 584 135 0.1455158388579542 3415 
563 584 133 0.3748564051246626 3212 
564 585 128 0.3681308916688024 2220 
565 586 143 0.6176085609822122 3687 
566 586 135 0.8618903979436382 2725 
567 588 129 0.6447941399466832 3504 
568 589 147 0.2007918514222542 2429 
569 593 146 0.16604559880530992 3059 
570 593 148 0.7231630086633029 2833 
571 594 146 0.43205842330525335 3349 
572 594 148 0.8398393577429502 2752 
573 594 144 0.2327178422740138 2884 
574 595 129 0.7609425954761898 3488 
575 599 137 0.47479234712213464 3569 
576 600 146 0.7198380750821309 3620 
577 601 144 0.5487433336949934 2815 
578 603 129 0.7403226905280731 2900 
579 604 138 0.7621118328764742 3142 
580 606 131 0.08694755214914537 2269 
581 606 144 0.7633721142836358 3566 
582 607 132 0.3067114730140559 3543 
583 607 133 0.15186599230322625 2606 
584 608 134 0.3569604331945023 2823 
585 608 129 0.3871992444823067 3736 
586 609 135 0.09833428583904937 2892 
587 609 131 0.7882048014676605 3555 
588 611 147 0.28551243535154175 4077 
589 612 147 0.41094350039379296 3414 
590 612 146 0.023928908733767212 3765 
591 614 141 0.21697555541733549 3105 
592 614 135 0.6925608876323387 2310 
593 616 130 0.4127980147517242 2621 
594 616 146 0.8514434251123429 4106 
595 617 130 0.4731462467469801 3199 
596 618 131 0.7802374008037861 3534 
597 621 131 0.655502454067069 3727 
598 621 134 0.49156897062308175 2356 
599 621 137 0.19324858183336704 2762 
600 623 136 0.6385546406062393 3031 
601 625 144 0.678425578961594 3346 
602 625 136 0.025277279772565765 3255 
603 627 142 0.5265614010443761 4009 
604 627 143 0.6243953333786603 2197 
605 627 142 0.5086729208448303 3020 
606 628 146 0.06549122434731514 3839 
607 628 145 0.43801577946169057 3061 
608 629 146 0.6359369831296439 3281 
609 633 139 0.8179770196159223 4131 
610 634 147 0.06147968045345987 3072 
611 635 132 0.47798121814978445 3031 
612 635 146 0.8728451964618321 2864 
613 636 142 0.6317844181312328 3182 
614 638 135 0.6624397067258077 3349 
615 641 136 0.443623444287299 2689 
616 642 139 0.3873890725100644 2668 
617 642 135 0.7458501552369381 3992 
618 643 143 0.2352793002654767 2619 
619 644 128 0.15362927114986374 2520 
620 644 130 0.18419733447005668 2205 
621 645 129 0.833227995852321 3516 
622 645 129 0.4344675965097217 2957 
623 646 136 0.8726241342962489 3626 
624 646 136 0.33010904274323544 3220 
625 647 140 0.43371444780773155 2275 
626 647 142 0.8183960608628811 2698 
627 648 133 0.391112123947331 3936 
628 648 148 0.6288425355003104 4007 
629 648 146 0.6337621872126836 3409 
630 649 143 0.05629341087553721 2715 
631 650 128 0.03620820725916198 3626 
632 650 130 0.04195930311377714 3192 
633 651 148 0.6870051799624888 3797 
634 653 137 0.6988363287788288 3290 
635 653 138 0.040166548039614676 3127 
636 654 130 0.033189278089559904 3992 
637 655 141 0.449826345378565 2900 
638 656 132 0.44893468125127073 3821 
639 656 128 0.28886922459400066 3066 
640 656 144 0.898606702386067 4034 
641 657 136 0.5822958346767932 4065 
642 661 148 0.039987909416391465 2935 
643 662 148 0.6608218731842841 3969 
644 664 137 0.516638324616081 3967 
645 665 132 0.8956897532463355 2853 
646 666 136 0.7024542930598293 2462 
647 667 138 0.7813689397178165 2616 
648 671 148 0.792399404834753 3345 
649 671 136 0.8639774176564825 2458 
650 674 140 0.24545252701907938 2600 
651 674 136 0.1402779326148405 3791 
652 675 131 0.37944241131769196 3163 
653 676 143 0.7551628929752515 2282 
654 676 137 0.47363010221577473 2494 
655 678 140 0.10057864376993046 2190 
656 680 140 0.20351087124954062 3538 
657 680 137 0.8988000844109355 2554 
658 680 134 0.31144392314784536 3074 
659 684 136 0.41573307063644865 3846 
660 685 133 0.38297813187063334 3712 
661 687 135 0.5439220146668775 3410 
662 687 134 0.4992653367826026 3557 
663 687 135 0.08910681295004162 3981 
664 690 129 0.5263544410865435 2271 
665 692 133 0.7695898911743313 2256 
666 695 133 0.6087013645055663 3026 
667 695 134 0.8317808867935813 3199 
668 696 128 0.32687457774742074 2366 
669 697 148 0.02844350737508102 3934 
670 698 135 0.8971833769919266 3846 
671 701 130 0.4419977047116071 3902 
672 701 139 0.6712053124450067 3240 
673 701 140 0.3661154936292566 4108 
674 702 133 0.8242235737146891 3011 
675 702 134 0.32768601688814925 3676 
676 707 137 0.12383950314971641 3265 
677 707 146 0.555519836711924 2602 
678 708 132 0.062404206556923136 3254 
679 708 143 0.24541638874894917 2171 
680 709 133 0.40880679682088256 2712 
681 709 141 0.6697001331105444 3745 
682 710 143 0.09362427237621694 3854 
683 711 138 0.30434115761759395 3325 
684 712 128 0.6950609926841577 3813 
685 713 145 0.6526726148217663 2245 
686 713 131 0.3106800242210977 2187 
687 714 135 0.7221901650648088 3346 
688 714 133 0.23496627770254708 2634 
689 714 132 0.12329090476191527 3001 
690 714 148 0.07003903641457622 2183 
691 714 140 0.3162957795993985 3641 
692 715 138 0.6351506403002528 4156 
693 715 147 0.4784187394171336 3753 
694 715 137 0.11148715748229869 3553 
695 718 141 0.7117147914372205 2888 
696 719 145 0.8511325147821199 2998 
697 720 133 0.6244516957609968 3996 
698 721 146 0.7086324853466521 2857 
699 722 131 0.6490795745976684 2393 
700 725 135 0.8973620912515178 2465 
701 727 140 0.012919718511358194 3260 
702 727 141 0.04809032863804387 3232 
703 727 142 0.8865694122562319 4151 
704 727 131 0.10122432108659352 2772 
705 729 132 0.143680803667106 2337 
706 730 140 0.43402543983489084 3706 
707 731 140 0.27857276893956834 3244 
708 731 137 0.1454866469256617 3512 
709 732 134 0.13861827542802674 2609 
710 735 144 0.6603220692964832 3756 
711 735 137 0.09951281174241128 2533 
712 736 146 0.566441015027666 3367 
713 738 139 0.4270406400494181 2323 
714 739 130 0.4784608638473749 4024 
715 739 146 0.8283074087836035 3759 
716 739 137 0.8517640303410834 3616 
717 739 131 0.8422045119140775 2334 
718 740 140 0.897600485794323 2696 
719 740 146 0.8714494204479573 3475 
720 741 143 0.6415544746734169 3241 
721 742 141 0.4802795337044185 2298 
722 742 146 0.7723783853682362 3079 
723 743 142 0.5028717638854648 3974 
724 744 135 0.21645444959870802 3291 
725 744 135 0.0872407088357207 2614 
726 745 148 0.23566282905123265 3957 
727 747 136 0.573220695310331 2252 
728 747 143 0.13661693590014024 2540 
729 748 147 0.8460035820400228 3026 
730 749 128 0.335089455586234 3644 
731 749 130 0.828474157117437 3386 
732 750 144 0.5013539289095983 3772 
733 751 141 0.703590170038168 3926 
734 751 147 0.37003231009367454 2428 
735 755 142 0.5405604509417729 3695 
736 755 140 0.4593490213352437 3928 
737 755 129 0.8841104299196326 3956 
738 756 145 0.2532015178920498 3993 
739 758 147 0.5605899842900341 2304 
740 759 141 0.8047461920957375 3373 
741 761 142 0.3936004589888546 2425 
742 761 140 0.5300106815182879 3917 
743 761 140 0.4648495325691675 3671 
744 762 134 0.8840580203559218 2175 
745 762 129 0.09026708337529608 3889 
746 763 147 0.5518548587721213 3932 
747 765 145 0.8567292283328738 2576 
748 767 146 0.3934914494624634 2787 
749 767 142 0.8115169870109795 3931 
750 768 141 0.38219960368793404 3493 
751 768 146 0.4403762033821526 3873 
752 770 143 0.3909534499019994 2966 
753 770 134 0.27673491361047475 3997 
754 771 137 0.3703026810818813 3552 
755 771 136 0.4669639669029123 3703 
756 771 144 0.2809801054259591 3410 
757 773 132 0.7973251134914897 3711 
758 774 137 0.13742856415258206 3345 
759 774 144 0.29670874563120686 2258 
760 776 128 0.746904785803899 2300 
761 777 140 0.3170645945532181 3144 
762 777 136 0.21379289755111114 2670 
763 777 140 0.6648184444108909 3912 
764 779 131 0.279890233021477 3244 
765 780 142 0.3775080399344441 2772 
766 780 148 0.46891709831643463 4001 
767 781 135 0.5712471246234088 2810 
768 782 128 0.3935172825225979 3219 
769 783 142 0.7133539220399234 2829 
770 784 147 0.7993458083994219 2201 
771 785 136 0.7855174663135029 3575 
772 786 147 0.405366463513625 3038 
773 786 148 0.3045160971404822 2442 
774 788 140 0.3827349204038183 2267 
775 788 144 0.8889747561620073 2351 
776 790 140 0.6020728847786366 2615 
777 792 131 0.27438004050658116 3482 
778 792 143 0.09391318377520201 2999 
779 792 128 0.4437563107311034 3621 
780 793 142 0.35187569390010764 2490 
781 794 144 0.06690096212311535 4146 
782 794 133 0.4662045279013266 2798 
783 794 131 0.3801524381532837 2202 
784 794 133 0.5155772803533264 2999 
785 796 143 0.4642120360436018 3820 
786 797 147 0.7882976651506032 2959 
787 797 139 0.7566720682433496 2678 
788 798 130 0.4625902448163389 4004 
789 798 128 0.2539757316875855 3192 
790 798 135 0.401981757231274 3553 
791 798 147 0.6079947504738784 2552 
792 800 132 0.18267244773137598 3027 
793 804 142 0.3735953752612856 4037 
794 805 140 0.11635191751607889 2441 
795 806 137 0.741050461647642 2959 
796 807 135 0.20846175579889747 3789 
797 808 132 0.3128222627682891 3798 
798 810 136 0.7633337429730415 3110 
799 810 144 0.6980310690782742 2706 
800 811 132 0.5842823776330555 2959 
801 814 146 0.5043849941140457 2838 
802 815 142 0.8358690814732379 2244 
803 815 128 0.7728561978422965 3781 
804 818 128 0.36140473862345246 3718 
805 818 145 0.37413523772293383 3308 
806 818 143 0.3546824061940031 3695 
807 820 137 0.6672243188805539 2673 
808 821 132 0.5217990959831094 3610 
809 821 144 0.616100672703536 3450 
810 823 129 0.01681447647292734 3026 
811 823 147 0.7227375952586692 2746 
812 823 138 0.5849180063114904 2573 
813 823 130 0.21539005488181082 3287 
814 824 141 0.2726227348314378 2743 
815 824 140 0.8340826343379553 3489 
816 828 130 0.7017739934886054 2886 
817 830 146 0.5613345295594446 3086 
818 831 145 0.8768003543874793 3885 
819 831 131 0.7640599359492929 3877 
820 832 146 0.02807624155591395 2291 
821 832 140 0.29673321723029916 2459 
822 833 142 0.5287916068664751 2834 
823 834 147 0.8469500060401699 2839 
824 834 136 0.36093527348177296 2635 
825 835 147 0.7186274851822211 3710 
826 838 140 0.7686279825201457 2212 
827 839 139 0.25400426145688565 2709 
828 840 148 0.07894125198659072 4010 
829 841 138 0.7812421242097778 3514 
830 842 138 0.6738865730455167 2741 
831 844 143 0.6575434601883093 3930 
832 845 137 0.7099208377096599 4150 
833 845 131 0.23656952386100394 3801 
834 846 135 0.3117128541385741 3223 
835 847 137 0.4415972301664443 3640 
836 848 141 0.8570255399359411 2421 
837 851 130 0.7477032014620244 4053 
838 852 148 0.3394925431932854 3475 
839 853 128 0.44541349778109735 2437 
840 859 138 0.07656831653089437 3106 
841 859 138 0.748281546211982 3354 
842 859 132 0.8845329081967627 2794 
843 859 136 0.08826694503912523 2700 
844 861 131 0.388754914512963 3780 
845 862 142 0.6487206107591554 3203 
846 864 129 0.7762308838437265 3224 
847 865 131 0.5467722952149441 3637 
848 866 129 0.6231486933416974 2234 
849 866 148 0.37994020853967214 3198 
850 866 135 0.12824544997601803 3323 
851 869 141 0.12546874074087128 2638 
852 871 146 0.8839656053169572 3460 
853 871 139 0.3469341912921585 2372 
854 871 144 0.4247850137785385 3386 
855 871 137 0.6618949366265753 3709 
856 875 132 0.7005690928458878 3846 
857 876 145 0.42563386230601424 3151 
858 877 138 0.8700141769298345 2600 
859 878 133 0.418501811352001 2665 
860 879 137 0.2713024437912286 2927 
861 880 131 0.36825582049417355 3250 
862 880 146 0.2003540442097872 2444 
863 881 130 0.6279752552622047 4141 
864 882 137 0.7878956004769738 3578 
865 884 136 0.103831501301868 2897 
866 885 131 0.5592792076329736 2438 
867 887 143 0.8894063339564645 3700 
868 888 129 0.07680627586800912 3815 
869 890 132 0.2127931259463425 3748 
870 892 146 0.048348111368142745 2505 
871 896 139 0.5015646476729743 3776 
872 896 144 0.746897061582697 4105 
873 897 144 0.23925597115194067 2188 
874 897 147 0.6368978399944941 3466 
875 899 141 0.7543183456772425 2214 
876 901 143 0.40578414732844326 2229 
877 901 132 0.7288934839656749 3357 
878 904 138 0.720218701102321 2493 
879 905 136 0.04944838408077052 3889 
880 908 128 0.5970842361794523 2164 
881 909 132 0.24389660735762372 2275 
882 911 140 0.26999574208858884 3656 
883 911 134 0.5666287074291568 3631 
884 911 144 0.856786207377166 3640 
885 912 135 0.054705865282271386 3354 
886 912 146 0.36565089529717687 2185 
887 914 136 0.892090864181781 3941 
888 914 145 0.7632234555068993 2985 
889 914 141 0.8719632495682884 3604 
890 915 128 0.4129724946780705 3766 
891 915 135 0.865806533360867 2986 
892 916 141 0.5339347022957903 2209 
893 916 133 0.878369918384213 2548 
894 917 134 0.19059406495765602 3403 
895 917 134 0.15884263225200693 4144 
896 920 138 0.6067037286806287 3795 
897 920 144 0.03669084977931135 3642 
898 921 129 0.6823111657824523 2992 
899 923 145 0.5660258645932557 3972 
900 924 141 0.8398734892454464 2655 
901 924 148 0.601696981833125 2970 
902 927 135 0.8155673592053034 3339 
903 927 139 0.2687792261823116 3361 
904 929 135 0.25297409066030985 2763 
905 930 128 0.3404043918377109 3841 
906 930 134 0.8933687471095898 3691 
907 931 128 0.48273754610691394 2443 
908 932 142 0.1341137993602162 3654 
909 932 148 0.1825738708110882 2263 
910 933 142 0.38657083993051194 3426 
911 934 140 0.7830793843441294 3200 
912 934 144 0.12350146111617241 3193 
913 934 130 0.28883548564221556 2651 
914 934 135 0.5556186661188184 3357 
915 935 139 0.4674302621817873 3844 
916 935 139 0.4334466416001035 2637 
917 936 138 0.750679515643357 3248 
918 937 147 0.5538046146314126 2462 
919 937 142 0.4174188048206649 3538 
920 939 148 0.056222324739245204 3402 
921 939 148 0.2478949069136201 3342 
922 940 141 0.5874783078612967 3449 
923 941 134 0.8832488672377665 2572 
924 941 128 0.09550741160484029 3642 
925 941 144 0.413850729743303 2756 
926 942 141 0.6564055919186265 3208 
927 949 131 0.36802311152528305 3036 
928 951 134 0.7945749997175622 4104 
929 952 144 0.8452655089847341 3832 
930 953 133 0.5773992041882561 3409 
931 954 130 0.8580874019652158 2799 
932 955 136 0.07747175664834716 2468 
933 957 147 0.6242433373744294 2868 
934 958 132 0.5732388659965343 3741 
935 959 142 0.14195610607782078 2334 
936 959 148 0.6951891448264245 3172 
937 959 136 0.025738618483059875 3545 
938 959 142 0.8976311537834651 4028 
939 960 143 0.159509434154189 2496 
940 960 129 0.18112155551823014 2728 
941 962 131 0.11127230898564804 2697 
942 962 144 0.5258801357802411 3857 
943 962 137 0.5296007881592362 3312 
944 964 140 0.1573902269893678 2373 
945 964 129 0.8579547875950597 2776 
946 964 128 0.0443098098899241 3067 
947 965 148 0.5995121815348949 3817 
948 966 142 0.2711067820898146 2250 
949 970 141 0.5370193381405662 3048 
950 970 129 0.459242672058223 2654 
951 971 137 0.32625384322680856 3689 
952 974 146 0.5349033276800287 2717 
953 974 128 0.7703115062946144 2215 
954 974 128 0.37492560754114124 2794 
955 976 129 0.5842956657720704 3133 
956 976 147 0.4938761112942337 4069 
957 976 148 0.8997110052477771 4018 
958 977 135 0.883203328724955 2778 
959 977 140 0.8573339477706562 2728 
960 978 146 0.7786879281483402 2665 
961 978 131 0.6301485875563042 2403 
962 980 139 0.5308661377207681 2948 
963 981 148 0.24504511995240483 2959 
964 983 142 0.3207334296129899 2568 
965 983 128 0.17847994075871765 2657 
966 983 132 0.48609250423840217 2489 
967 985 146 0.8261285980541874 2928 
968 988 143 0.8072842845630563 2219 
969 990 135 0.6479586438341982 3964 
970 990 130 0.627875586662048 3733 
971 992 146 0.7518604805338452 4157 
972 993 146 0.37443399837203595 3319 
973 995 136 0.8173756068321104 3182 
974 996 143 0.45222673674994673 3382 
975 999 140 0.5429013815504444 3861 
976 1001 139 0.3181185084378064 4070 
977 1001 139 0.015638932017625302 3913 
978 1002 134 0.8128497370198564 2702 
979 1003 143 0.19038702389941642 2692 
980 1004 148 0.5420092487433604 2847 
981 1004 136 0.44584567446982776 3842 
982 1010 142 0.6256579707004318 3606 
983 1012 130 0.10774675282074565 2281 
984 1012 134 0.27409049578214073 2641 
985 1014 138 0.6430719025505498 3113 
986 1014 146 0.6831627882944357 2845 
987 1015 146 0.1593670561694013 2955 
988 1016 131 0.7275782115163605 3024 
989 1016 137 0.826935133855517 3499 
990 1017 132 0.8273231492063707 3946 
991 1017 144 0.3640698927949331 3768 
992 1019 133 0.1653379500277594 3966 
993 1019 148 0.022881390255314202 3388 
994 1019 137 0.2414911285886133 3980 
995 1020 148 0.6924056230781234 3785 
996 1021 136 0.42052450464173785 2302 
997 1021 141 0.3974915821596428 2919 
998 1023 137 0.19598934790273634 3871 
999 1024 131 0.5042432964330745 3638 
1000 1024 147 0.5246981746857377 2562 
1001 1025 138 0.8018274805631689 3346 
1002 1025 130 0.20161038605700296 3422 
1003 1025 128 0.5056716464328734 3939 
1004 1026 134 0.5530592743644173 3567 
1005 1026 128 0.35976578615855387 3514 
1006 1026 148 0.7177974207951892 3501 
1007 1027 139 0.34831867200742883 2192 
1008 1027 133 0.35513817547319826 2898 
1009 1028 132 0.34550746528779197 2607 
1010 1028 148 0.48581412501242544 2340 
1011 1028 136 0.020781744287753152 2956 
1012 1029 128 0.26007974624956587 2351 
1013 1029 133 0.7534576531872174 3758 
1014 1029 138 0.48477790933666287 3300 
1015 1030 138 0.36542307062410956 3131 
1016 1031 141 0.3679090274261454 3525 
1017 1031 136 0.4649892341266187 2263 
1018 1031 135 0.5201327366437393 3029 
1019 1032 128 0.5696919945738643 3185 
1020 1034 140 0.3505167966197769 2636 
1021 1034 130 0.2955152953987121 3660 
1022 1034 129 0.24214294842986453 3233 
1023 1034 145 0.6125365301058936 2826 
1024 1036 147 0.8220918021747555 2544 
1025 1037 136 0.03613300589323188 2188 
1026 1037 130 0.501302010566452 3616 
1027 1038 130 0.8410815069619587 3502 
1028 1038 129 0.24819203232078926 2699 
1029 1041 134 0.36347923937918086 3113 
1030 1042 136 0.559033696813837 3581 
1031 1044 137 0.6036505161501311 2530 
1032 1046 145 0.17048768674199807 2828 
1033 1048 142 0.3305373608818509 2924 
1034 1050 147 0.39127353241180773 3289 
1035 1050 136 0.05939677049271655 4114 
1036 1051 130 0.5783595312071257 3044 
1037 1052 136 0.5686467904071729 3237 
1038 1052 143 0.8060645909092182 4114 
1039 1052 146 0.06669369793515134 2836 
1040 1055 144 0.31457407616662003 3316 
1041 1056 147 0.26250369246493627 3816 
1042 1056 129 0.587853935724631 3715 
1043 1056 147 0.04935578947423441 3649 
1044 1057 141 0.48909013762810083 2199 
1045 1057 133 0.42461255770660583 3700 
1046 1058 138 0.037310986273613754 2520 
1047 1058 132 0.6452596516251724 3999 
1048 1059 136 0.5286862982904252 3078 
1049 1059 135 0.4484922011280925 2347 
1050 1060 136 0.3404939284221021 3561 
1051 1060 135 0.27929973859156526 2781 
1052 1061 130 0.7840049945537659 3377 
1053 1061 134 0.3816626901475638 2400 
1054 1062 129 0.5150705955547654 3420 
1055 1063 148 0.7107969458556569 2655 
1056 1067 138 0.18583575407516012 2803 
1057 1067 143 0.7854046490324906 3258 
1058 1067 141 0.5388524895366141 3241 
1059 1067 129 0.09530843857283226 3477 
1060 1070 137 0.7305378676798142 2367 
1061 1073 133 0.36929046857454706 2871 
1062 1077 141 0.43997560645813055 2477 
1063 1078 141 0.27025534106853405 3623 
1064 1078 129 0.7799930640048457 3922 
1065 1079 139 0.17327332200336967 3459 
1066 1079 137 0.48827651820956613 3179 
1067 1080 146 0.20139003961171045 4121 
1068 1080 134 0.13662402527115342 4100 
1069 1082 134 0.3467780594126951 3018 
1070 1084 139 0.28792375653920643 3791 
1071 1084 139 0.7264748474684688 2811 
1072 1086 143 0.40315176097100003 3392 
1073 1088 128 0.6510388895607707 2566 
1074 1089 138 0.18900906101227377 2943 
1075 1090 130 0.5351103732905047 3590 
1076 1090 143 0.7924825675826073 4064 
1077 1093 135 0.27900311101205927 4114 
1078 1096 144 0.479301365064316 2530 
1079 1096 140 0.5475536417133455 2342 
1080 1100 143 0.5379755741108468 3889 
1081 1100 136 0.1881886259099692 3153 
1082 1100 138 0.5317058655468454 2247 
1083 1100 137 0.4447222225319166 2931 
1084 1101 130 0.7173335839886114 2792 
1085 1102 142 0.7468775643725417 2167 
1086 1103 142 0.3229693083227494 2509 
1087 1103 146 0.5326598745699098 3336 
1088 1105 130 0.49203428329539484 2362 
1089 1105 134 0.10944264586470362 2948 
1090 1105 140 0.312085663726595 2805 
1091 1106 133 0.8203613501193311 4103 
1092 1107 142 0.20094871735721398 3856 
1093 1108 136 0.8009538378482306 3545 
1094 1109 142 0.5417589648609485 3465 
1095 1110 146 0.5647363876328754 2916 
1096 1111 146 0.8725478572380926 2793 
1097 1113 144 0.7474729031465535 3227 
1098 1113 130 0.4505318286232882 3370 
1099 1116 141 0.7983730807812183 3689 
1100 1116 131 0.12713000288187704 3794 
1101 1118 129 0.5173943708215113 3613 
1102 1118 142 0.3664630695597346 2270 
1103 1119 139 0.11572580326007716 2654 
1104 1119 131 0.30543222588387214 3769 
1105 1120 146 0.8508032440241061 3876 
1106 1120 134 0.8671705321283782 3433 
1107 1120 141 0.8750125584518393 2484 
1108 1121 143 0.1510527469493073 2249 
1109 1123 135 0.44233175817972986 3116 
1110 1123 148 0.3075965160841443 2763 
1111 1123 130 0.061420814811697214 2627 
1112 1123 139 0.13139643287645456 3553 
1113 1126 139 0.8213535278027412 3178 
1114 1126 147 0.649424906216357 3408 
1115 1127 131 0.8812060113486675 2754 
1116 1128 139 0.38248893289601765 3553 
1117 1130 140 0.8480344209438616 3282 
1118 1131 143 0.6687016942311977 3299 
1119 1131 138 0.7888767966029225 3426 
1120 1133 139 0.557257412522736 3688 
1121 1133 131 0.14830613989504318 4104 
1122 1134 132 0.5897114303087373 2271 
1123 1135 138 0.42823529389989784 3122 
1124 1136 136 0.36254378185840713 2909 
1125 1137 142 0.11702590087051179 3697 
1126 1139 141 0.45182632659047905 3388 
1127 1143 130 0.41144153954362583 3054 
1128 1146 147 0.8331065999250106 2413 
1129 1146 148 0.5171783798433534 3646 
1130 1150 145 0.8112945943550259 3267 
1131 1152 140 0.5830086752591238 2509 
1132 1152 145 0.22389213197413776 4130 
1133 1154 128 0.6576796408374861 3364 
1134 1155 147 0.8038840975557596 2231 
1135 1156 134 0.2621084111555915 2244 
1136 1157 128 0.6775805384586006 3188 
1137 1157 144 0.6865803197513712 4015 
1138 1158 142 0.747863306270296 2505 
1139 1161 133 0.5653617315292487 2683 
1140 1163 136 0.5195504182799838 2210 
1141 1164 146 0.1899509047644438 2160 
1142 1164 143 0.5199409375618617 3526 
1143 1165 136 0.8196172078730455 3619 
1144 1165 145 0.5938815719279693 3618 
1145 1166 129 0.2314634671466431 3907 
1146 1168 140 0.44835690949035195 2432 
1147 1168 132 0.8194740824658003 2976 
1148 1169 147 0.5959629639991183 3184 
1149 1170 130 0.7341572895318804 2360 
1150 1170 129 0.7008957626768682 2490 
1151 1171 134 0.2059692489886811 3170 
1152 1175 145 0.09983620270270199 3901 
1153 1176 135 0.23932277696209017 2164 
1154 1178 129 0.502669087214476 3401 
1155 1178 142 0.3141125952069507 2869 
1156 1179 129 0.8747239345939415 3316 
1157 1180 135 0.6277450176011427 3688 
1158 1180 129 0.5624535881608521 4134 
1159 1180 137 0.4670486198390357 2814 
1160 1180 128 0.8044205766657919 3170 
1161 1181 134 0.6436661654066279 2190 
1162 1182 148 0.18477490604619629 2903 
1163 1183 132 0.6181173087614117 3525 
1164 1183 145 0.08989643236545929 3991 
1165 1183 134 0.47167982365182737 2965 
1166 1183 131 0.8423056188563648 3254 
1167 1187 129 0.22164795158409553 2596 
1168 1188 129 0.7697406942200425 2753 
1169 1188 142 0.5274884002852631 3617 
1170 1191 148 0.2977096808781451 3862 
1171 1191 130 0.23043870783583648 3785 
1172 1191 142 0.8704761001187439 2447 
1173 1191 137 0.23183787683708532 2410 
1174 1192 132 0.8716928627063673 3969 
1175 1194 135 0.5421426964178666 3948 
1176 1194 143 0.24706245182120026 2764 
1177 1195 134 0.1057764206582301 3949 
1178 1197 146 0.8906302801020999 4142 
1179 1197 130 0.677938749866535 3024 
1180 1197 142 0.6233528629944753 3386 
1181 1197 144 0.023829948463332695 3773 
1182 1197 129 0.7226583675760822 4105 
1183 1198 136 0.8876375737169575 2703 
1184 1199 135 0.855585052858494 4119 
1185 1199 132 0.1157755131996138 3380 
1186 1200 148 0.2390220092963806 2609 
1187 1200 137 0.8329347939931073 2715 
1188 1201 136 0.0892747516206146 3125 
1189 1202 139 0.6624935478545977 3952 
1190 1203 129 0.17991042846906866 2360 
1191 1203 143 0.8112060112194628 3618 
1192 1204 128 0.0669592798087748 2347 
1193 1205 146 0.07252801312429359 2823 
1194 1206 131 0.3003983983364833 2435 
1195 1206 148 0.30494589017037255 2654 
1196 1208 147 0.11334529356469279 2165 
1197 1211 139 0.75955433043925 3793 
1198 1211 132 0.5279797677360997 3918 
1199 1211 128 0.8110430070183735 2911 
1200 1211 138 0.35087929468394646 3052 
1201 1213 134 0.4214508270889278 3716 
1202 1213 139 0.2125866238418678 2239 
1203 1214 134 0.45230254690280725 2691 
1204 1215 133 0.8396313183011281 3403 
1205 1216 134 0.5320390890952178 2741 
1206 1221 131 0.057029516573928886 2739 
1207 1221 148 0.5851051015741886 2662 
1208 1223 142 0.7995399733057839 4065 
1209 1223 143 0.5431301295167791 3249 
1210 1224 147 0.21697550131909918 2250 
1211 1225 128 0.27793684747118735 2415 
1212 1225 135 0.07736612559600042 4138 
1213 1227 133 0.12179952601612586 3540 
1214 1227 130 0.14362841733593304 2277 
1215 1227 146 0.7918226606467728 3194 
1216 1228 130 0.40760636761882746 3938 
1217 1228 143 0.7741137466329171 3434 
1218 1228 144 0.8751890818967639 3306 
1219 1229 147 0.1771076975029455 3336 
1220 1231 146 0.020505215720543514 2383 
1221 1233 145 0.4221676338291133 2792 
1222 1233 136 0.5442667994134197 2214 
1223 1234 129 0.15845431490725548 2772 
1224 1236 148 0.0588840851913627 3887 
1225 1238 136 0.7810042234400262 3954 
1226 1238 133 0.6655447815541465 4063 
1227 1239 135 0.7942393338119795 3396 
1228 1240 142 0.5104170675854242 3099 
1229 1241 145 0.3583760897273632 2676 
1230 1241 143 0.31046309795933036 3816 
1231 1242 139 0.363515597639198 3017 
1232 1247 143 0.16002483719899602 3699 
1233 1248 134 0.23968076149029585 2692 
1234 1249 148 0.09709635434827184 3250 
1235 1252 145 0.15265407409428816 2654 
1236 1255 142 0.4839426283163633 2459 
1237 1257 145 0.64233760418905 2219 
1238 1260 144 0.882964861497782 3452 
1239 1263 147 0.6372938851368323 3209 
1240 1263 134 0.2792892035240834 2419 
1241 1264 142 0.31203759921603247 3091 
1242 1265 132 0.8216941447078648 2185 
1243 1265 147 0.5620990922241117 3883 
1244 1269 138 0.4863866787143505 3329 
1245 1270 141 0.5079915638154903 2567 
1246 1272 143 0.24174386854745084 2875 
1247 1274 132 0.623151304225099 2887 
1248 1275 142 0.10723090338603103 3459 
1249 1275 148 0.7448816717377406 3694 
1250 1275 141 0.6320197230719102 2923 
1251 1275 145 0.829361111250984 3596 
1252 1276 145 0.4928530322989274 2768 
1253 1276 128 0.01853613984543047 3540 
1254 1276 134 0.11414494366592864 3675 
1255 1278 137 0.4136715691713299 2939 
1256 1278 143 0.7540354400652306 3406 
1257 1281 136 0.11228283240199084 2695 
1258 1283 142 0.10037505713926366 2406 
1259 1283 142 0.3811569717690132 3130 
1260 1285 137 0.4911848788833792 2492 
1261 1285 144 0.20165729935450963 4026 
1262 1285 144 0.1806031811430125 2908 
1263 1286 146 0.7612429867254072 3871 
1264 1286 132 0.5515444180537108 3158 
1265 1286 134 0.47387116941719665 3322 
1266 1287 135 0.28999588188269376 3459 
1267 1288 144 0.037981612518977886 2783 
1268 1288 139 0.7889750832916855 3589 
1269 1289 143 0.8846084422307631 3687 
1270 1292 139 0.19090746773619116 2804 
1271 1294 130 0.01371459686914939 3530 
1272 1295 142 0.5687374286317827 3207 
1273 1296 138 0.8773201235680065 3329 
1274 1297 130 0.8137844948995194 3093 
1275 1298 133 0.30642394338834117 3856 
1276 1299 144 0.050449898586401934 2561 
1277 1299 132 0.8111927559115196 2674 
1278 1299 136 0.6668825674506705 3055 
1279 1300 131 0.23468915984125888 3358 
1280 1300 130 0.5451817977706077 2198 
1281 1301 135 0.7540427424847197 2499 
1282 1301 142 0.07027926928914752 2174 
1283 1302 143 0.17367538806107677 2605 
1284 1302 137 0.7272445260434528 3141 
1285 1304 148 0.08396028019653441 2795 
1286 1304 129 0.2237516012678098 4074 
1287 1304 142 0.6684004091381975 2580 
1288 1305 130 0.44695672564411637 3788 
1289 1305 144 0.8553382375475681 2273 
1290 1306 141 0.20884683171862117 2263 
1291 1306 146 0.6480752259803534 3870 
1292 1307 129 0.22004282989325608 4063 
1293 1307 133 0.5584460541478565 3073 
1294 1308 139 0.4932256759456147 3404 
1295 1308 140 0.6317630592781703 3890 
1296 1309 128 0.5569767488983451 3356 
1297 1310 132 0.5575647848103705 2189 
1298 1310 136 0.11516299303766978 3737 
1299 1310 133 0.1509175063184274 2377 
1300 1310 135 0.8192800162228153 2462 
1301 1311 129 0.4767743266137388 3761 
1302 1314 134 0.8496227412321035 3011 
1303 1315 137 0.8738934513452106 3744 
1304 1316 138 0.839025746811117 2803 
1305 1317 145 0.6276224756656098 2784 
1306 1318 128 0.17332963715800453 4094 
1307 1319 135 0.790392505272457 2557 
1308 1320 129 0.5283815046476665 2912 
1309 1321 128 0.2336623281696792 3937 
1310 1322 138 0.6594211172876517 2726 
1311 1323 142 0.5602404645868453 3855 
1312 1323 141 0.30714634791671974 3028 
1313 1325 133 0.21083691847848082 2450 
1314 1326 129 0.08397680138561987 2994 
1315 1328 139 0.5065747311075463 3854 
1316 1332 146 0.14750634376948168 2615 
1317 1332 132 0.4517165770780396 3293 
1318 1334 134 0.7579888082622221 4087 
1319 1334 130 0.7021440431460626 3421 
1320 1335 133 0.0439874673955603 3933 
1321 1335 143 0.7690619389323855 2538 
1322 1336 145 0.6098263694506454 3434 
1323 1337 133 0.7827751291309302 3633 
1324 1337 137 0.1769691364089135 2465 
1325 1338 143 0.4459586703769658 2698 
1326 1339 128 0.3085342769410594 2531 
1327 1340 139 0.16601921844892006 3846 
1328 1341 135 0.21660654502252613 3006 
1329 1341 128 0.7939494114093987 2623 
1330 1341 145 0.7283281275313542 3197 
1331 1343 143 0.40445368762474054 2710 
1332 1345 138 0.77250601641581 3518 
1333 1346 136 0.5530981361106054 3018 
1334 1347 128 0.39930754887556985 3515 
1335 1347 140 0.848059405340055 2778 
1336 1348 134 0.7920536724196352 3746 
1337 1348 140 0.5183982209108986 2954 
1338 1348 129 0.5360353773214637 2541 
1339 1349 136 0.4390385784776698 3578 
1340 1349 135 0.2320208830746486 2521 
1341 1350 129 0.7546568248257891 3022 
1342 1350 137 0.020915770656089277 2996 
1343 1350 130 0.610568466215804 2649 
1344 1351 134 0.6930217398622353 2433 
1345 1354 136 0.06390606484969166 2989 
1346 1358 140 0.059678179695043874 2989 
1347 1360 130 0.08441459099951569 2321 
1348 1361 140 0.21497438720709855 3912 
1349 1364 129 0.1723019680052783 2594 
1350 1367 131 0.1558638997851651 2893 
1351 1367 137 0.36107657969038187 3983 
1352 1368 142 0.8677648104557836 3797 
1353 1369 135 0.6153307868753598 3528 
1354 1372 147 0.20362336618384624 2460 
1355 1372 148 0.7422184941749695 2650 
1356 1374 131 0.321327140655797 3531 
1357 1375 141 0.8347662890817341 3423 
1358 1375 148 0.7170045516350074 3494 
1359 1376 138 0.3456713285622943 3786 
1360 1378 130 0.635979499412529 2713 
1361 1379 129 0.07524849695915818 2876 
1362 1379 132 0.2817110552814345 4072 
1363 1380 141 0.8047777583755715 3547 
1364 1381 139 0.04821885851884322 3314 
1365 1381 134 0.7049861700732801 3859 
1366 1384 144 0.3697762856514171 3950 
1367 1385 140 0.3152460929455192 2417 
1368 1386 147 0.3706801516324374 2669 
1369 1387 140 0.8692526131320463 2935 
1370 1388 145 0.7988372557981498 3058 
1371 1389 135 0.5877881360758281 3379 
1372 1393 147 0.6948428292584775 3876 
1373 1393 131 0.3115165328992352 2419 
1374 1394 130 0.5028485244849176 3439 
1375 1394 130 0.010955328076754683 2417 
1376 1396 144 0.6795675562871318 2297 
1377 1396 135 0.1548677555195047 2476 
1378 1398 144 0.5579204677475378 4062 
1379 1400 139 0.6157729383803868 2671 
1380 1400 128 0.0602597856411363 2763 
1381 1400 134 0.41490180114310354 2276 
1382 1400 136 0.17029415668910933 2777 
1383 1400 131 0.8148223307701078 3148 
1384 1402 144 0.16194471056550988 3054 
1385 1405 138 0.49758390742491354 3633 
1386 1405 141 0.43858647645486215 3124 
1387 1407 134 0.8576983901949288 3498 
1388 1408 137 0.649556951733781 3899 
1389 1410 135 0.7459266587212848 3040 
1390 1410 137 0.30607102937620745 2378 
1391 1410 132 0.24436662382347707 3095 
1392 1411 138 0.012212490333762076 2549 
1393 1412 144 0.7111699207187923 3052 
1394 1413 134 0.37516833768457664 3519 
1395 1413 130 0.2748493299647097 2430 
1396 1414 135 0.8143918134412002 3494 
1397 1414 148 0.6479854369607734 3865 
1398 1419 133 0.03632244356731297 2448 
1399 1423 142 0.5958751585647143 3500 
1400 1424 148 0.7995466152032691 3005 
1401 1426 139 0.34891405369523826 3562 
1402 1427 140 0.03259098350303042 3229 
1403 1428 146 0.19380625093774317 3060 
1404 1428 140 0.1289913172788275 3878 
1405 1432 139 0.4168661416138512 4133 
1406 1432 144 0.18284170866900806 3890 
1407 1432 130 0.3051952981347134 3306 
1408 1434 129 0.3626495163198406 2202 
1409 1436 144 0.8273615099851873 3220 
1410 1437 146 0.6631552635637845 3457 
1411 1437 132 0.2057775243512126 3928 
1412 1441 132 0.14176150856219216 2467 
1413 1441 144 0.60061914491001 3411 
1414 1441 134 0.8177490102682762 3914 
1415 1441 140 0.8030942975638787 3543 
1416 1442 144 0.2347129539923637 2363 
1417 1443 148 0.7575261583630942 3587 
1418 1444 144 0.23206816282318618 4001 
1419 1445 146 0.1719450942641318 3441 
1420 1445 135 0.8130337930675428 3986 
1421 1445 147 0.09649965765885639 2236 
1422 1445 138 0.6407867149052844 3666 
1423 1446 136 0.41498084858895823 3465 
1424 1447 138 0.144343708332391 4080 
1425 1448 143 0.5413139196707429 3651 
1426 1449 133 0.36164489510421793 4104 
1427 1451 143 0.6868282944297346 2388 
1428 1457 142 0.0965640945191887 2514 
1429 1459 141 0.09608751932544607 2674 
1430 1459 144 0.5531297951552383 3839 
1431 1459 141 0.8761383665297952 2910 
1432 1460 148 0.6222577571636702 3597 
1433 1460 137 0.0578347217830925 2692 
1434 1461 144 0.3375534246960894 2330 
1435 1462 147 0.6425942220282432 3883 
1436 1463 136 0.09794592293365556 2778 
1437 1464 147 0.4030444566634331 2228 
1438 1465 145 0.5953836561622164 3401 
1439 1470 139 0.1901482186754854 3780 
1440 1473 138 0.100412709814067 3357 
1441 1474 141 0.6195612151161799 3159 
1442 1474 148 0.6854864663469549 3212 
1443 1474 140 0.6097357525535796 2818 
1444 1475 147 0.6798964307955315 2356 
1445 1476 142 0.40053970476051687 3642 
1446 1477 144 0.7034546095603268 3851 
1447 1478 137 0.5960591010395243 2565 
1448 1480 148 0.05374097989506704 3859 
1449 1481 134 0.5303793744365807 3282 
1450 1481 132 0.2129078873932616 3133 
1451 1484 139 0.4434162860157081 2677 
1452 1484 145 0.8079025433262456 3928 
1453 1485 137 0.11561435443565565 2382 
1454 1487 135 0.6740800596251538 2395 
1455 1488 135 0.5172779582365267 2427 
1456 1490 131 0.6405891133991619 2786 
1457 1492 144 0.8168726030820349 3882 
1458 1492 130 0.7196807515596576 3839 
1459 1493 141 0.10686239669497088 4113 
1460 1497 138 0.40501716820273675 4037 
1461 1498 131 0.40726349179756816 3326 
1462 1498 148 0.4888925311003357 3545 
1463 1499 133 0.17177488560257165 3981 
1464 1500 134 0.30268517326443756 2423 
1465 1500 139 0.33221514764660953 4070 
1466 1501 144 0.09909491138639266 3754 
1467 1501 134 0.17017163807537397 3466 
1468 1502 145 0.4614179397512521 2823 
1469 1502 140 0.37218082921767937 2258 
1470 1502 144 0.5067950907269961 2769 
1471 1504 130 0.12657751674316745 3117 
1472 1505 136 0.4071388884731568 3786 
1473 1506 130 0.5316910583389409 3462 
1474 1507 138 0.07169525919393929 4086 
1475 1507 144 0.16110613012492428 2447 
1476 1508 145 0.4234830853903491 2974 
1477 1508 142 0.899875036140977 3032 
1478 1509 137 0.7799512697693849 3581 
1479 1509 142 0.18742837806173795 2857 
1480 1510 135 0.16477819487709444 2403 
1481 1512 143 0.13026955377592606 3638 
1482 1512 145 0.5390264231294339 2485 
1483 1512 134 0.7157141561507463 2580 
1484 1513 132 0.2305383418461086 3664 
1485 1514 136 0.45531298321233343 3990 
1486 1514 135 0.6039716487121584 2504 
1487 1515 146 0.5908371669805667 3900 
1488 1515 133 0.24406415886861232 2195 
1489 1516 142 0.06142327513568858 2621 
1490 1516 146 0.20771640930930782 3252 
1491 1518 135 0.3566373059045085 3009 
1492 1519 128 0.8507073743704567 2673 
1493 1519 140 0.6482659879821319 2519 
1494 1522 146 0.03380806864422462 4051 
1495 1522 139 0.21827114060974823 2613 
1496 1523 143 0.4161480053648544 3645 
1497 1524 135 0.7599623714256623 3484 
1498 1525 148 0.3763520634001953 3557 
1499 1526 140 0.5128140979606485 3911 
1500 1528 146 0.7851184412199492 4043 
1501 1529 128 0.4711987577905761 3170 
1502 1529 131 0.4889722951187276 2287 
1503 1529 141 0.018615300968126858 2343 
1504 1530 147 0.2194993132434592 2158 
1505 1532 147 0.6174894712558976 3912 
1506 1534 129 0.22079574805881627 3076 
1507 1536 140 0.8818342278571563 4134 
1508 1537 142 0.6282479908650281 3786 
1509 1538 144 0.22940845844966973 2751 
1510 1538 142 0.8435322974636944 2603 
1511 1539 133 0.3288058207797206 2668 
1512 1541 143 0.6579174232816498 3910 
1513 1541 141 0.5729150771565956 2930 
1514 1542 133 0.739018949954946 2994 
1515 1542 135 0.18120381701704488 4130 
1516 1542 144 0.5095714551532786 3643 
1517 1543 141 0.8640729178964773 3673 
1518 1544 145 0.4808476817018195 3879 
1519 1544 143 0.8134892140654689 3031 
1520 1544 143 0.6664171750525972 3202 
1521 1545 139 0.2359457347069903 2940 
1522 1545 133 0.8280805416094518 3214 
1523 1546 134 0.5726375065973806 3406 
1524 1546 144 0.5743072826709658 2948 
1525 1546 130 0.8853598393086509 2519 
1526 1547 134 0.8126534062900727 3056 
1527 1549 140 0.0845084825336287 3211 
1528 1550 139 0.594382048351484 3482 
1529 1550 139 0.28901895381091236 2965 
1530 1550 148 0.7452790002528886 3253 
1531 1551 147 0.7642888382350113 3398 
1532 1553 148 0.8926061248967331 3345 
1533 1553 139 0.757785904880216 3057 
1534 1554 129 0.8425818374663747 3477 
1535 1554 146 0.7121116675010103 2608 
1536 1555 134 0.4896332884902783 2557 
1537 1555 128 0.38226570509352104 2526 
1538 1556 129 0.21199479896662232 3474 
1539 1556 137 0.6122232352743877 3815 
1540 1556 148 0.21495312838604716 2585 
1541 1557 142 0.07889310837688719 3517 
1542 1557 132 0.5736205676415079 2636 
1543 1557 134 0.7364819397926129 2435 
1544 1559 137 0.10038568000140548 3058 
1545 1559 136 0.30273366739115 2441 
1546 1560 139 0.5829390145759393 2805 
1547 1563 142 0.806788984300167 3954 
1548 1563 144 0.26778610028700445 4050 
1549 1565 133 0.6118000755374543 2547 
1550 1567 136 0.507426552564946 3341 
1551 1570 142 0.6671677532021354 2661 
1552 1570 134 0.7352222769868024 4048 
1553 1572 143 0.10073137019164766 3342 
1554 1573 137 0.5362576158922513 2883 
1555 1574 131 0.7351344988616018 3780 
1556 1574 137 0.7906858881674819 4090 
1557 1574 142 0.7945881505611488 2293 
1558 1575 134 0.23044298260072096 3382 
1559 1576 139 0.4060621828811437 2374 
1560 1576 135 0.6699987176399403 3757 
1561 1577 131 0.3319576896326327 2641 
1562 1577 138 0.871439089413483 3998 
1563 1578 148 0.7270882996252426 2926 
1564 1580 146 0.10272523979805799 4046 
1565 1583 131 0.5619136394703161 2484 
1566 1584 131 0.5837796561772188 3889 
1567 1586 147 0.08984724002625961 2343 
1568 1587 148 0.028627659491403085 3108 
1569 1588 140 0.4871863238676738 4130 
1570 1589 148 0.03675242528528741 3119 
1571 1589 136 0.02880394414122525 2292 
1572 1592 141 0.14377767334721062 2174 
1573 1592 141 0.18276287537534522 2502 
1574 1594 133 0.727356640699688 3912 
1575 1594 146 0.5954693145155558 3477 
1576 1595 140 0.3185078466916117 2236 
1577 1595 146 0.15834518009429469 3013 
1578 1595 132 0.04238033919413325 3707 
1579 1595 139 0.06351809094948076 2723 
1580 1595 128 0.6406085616358809 2919 
1581 1595 132 0.5134605311253932 2258 
1582 1596 128 0.435091236684923 2872 
1583 1598 146 0.20208205632573029 2734 
1584 1598 143 0.686275072129131 3298 
1585 1599 130 0.7846075274450275 3899 
1586 1601 134 0.8139611015830827 2738 
1587 1601 134 0.096652094884429 3555 
1588 1604 142 0.21804015031907045 3377 
1589 1605 145 0.5048033031044493 3832 
1590 1607 128 0.8993454359908115 2665 
1591 1608 136 0.8346287416505791 4038 
1592 1610 145 0.6064424045080623 3807 
1593 1610 144 0.06168819990851006 3654 
1594 1616 146 0.5309750083639482 2729 
1595 1616 144 0.10573456217720653 3071 
1596 1616 144 0.045821241704346004 3682 
1597 1616 134 0.14619635045237664 4017 
1598 1619 139 0.7750649276006009 2396 
1599 1620 133 0.8908347156738711 2284 
1600 1620 140 0.4767407770098385 4105 
1601 1623 142 0.1673350466899819 3462 
1602 1624 137 0.7186673687151615 3984 
1603 1625 136 0.6652718523539616 2831 
1604 1627 137 0.38279517121185214 4101 
1605 1629 145 0.0682077100870888 4126 
1606 1630 135 0.039093207724931155 3294 
1607 1632 148 0.22043232744467428 3536 
1608 1634 132 0.021426217011254405 3483 
1609 1634 135 0.04073918305095332 3740 
1610 1637 139 0.08651370357956391 3257 
1611 1637 138 0.1514273229911039 3106 
1612 1638 141 0.5750571826927817 3605 
1613 1638 148 0.4311902842860233 3184 
1614 1638 144 0.20050602834797376 3927 
1615 1639 145 0.3955721016206376 3889 
1616 1640 148 0.6907985176225254 2926 
1617 1640 148 0.5512424312088673 2832 
1618 1644 147 0.6628121795042219 3783 
1619 1646 148 0.26596438501271913 3615 
1620 1646 137 0.08436956108468559 3647 
1621 1648 133 0.410973934125779 3203 
1622 1649 135 0.187595453812901 2872 
1623 1651 145 0.13853451641232034 3295 
1624 1651 137 0.21387259838942513 4086 
1625 1651 136 0.8907697004960135 4156 
1626 1651 135 0.7082342686516588 2164 
1627 1652 131 0.2737415039974031 3803 
1628 1652 142 0.5340315732590688 2257 
1629 1653 132 0.5747953208096807 2309 
1630 1654 130 0.33632071202745484 3051 
1631 1654 147 0.5983877092685973 2199 
1632 1656 134 0.45691966708407067 3906 
1633 1657 140 0.5011786055571362 3893 
1634 1657 147 0.45513970914920887 3652 
1635 1657 142 0.5795487466041235 3809 
1636 1658 144 0.6721486288936427 3860 
1637 1659 144 0.875559008781006 2213 
1638 1659 129 0.5834824236607888 3296 
1639 1659 131 0.33072535455345825 2496 
1640 1660 145 0.11073783212901137 2851 
1641 1660 148 0.672245971637453 3959 
1642 1660 143 0.7446894741033802 3604 
1643 1661 135 0.722542149660632 2680 
1644 1664 136 0.05527775365413485 3340 
1645 1664 135 0.02735734007296798 3755 
1646 1665 146 0.45869951146753823 3216 
1647 1667 133 0.16456374850746391 3685 
1648 1672 143 0.1604740285623174 2166 
1649 1672 130 0.22981152782515327 3901 
1650 1672 133 0.4340892092541654 3689 
1651 1673 132 0.5456490743136606 3298 
1652 1674 133 0.4618232439469472 3201 
1653 1680 134 0.35226634469508483 3832 
1654 1681 135 0.7907077906780826 3377 
1655 1681 132 0.34683304083514255 3301 
1656 1682 128 0.42997337845859673 3762 
1657 1683 134 0.5755447949911118 4023 
1658 1684 142 0.26124537229863826 3113 
1659 1684 130 0.42500779029386077 3613 
1660 1685 130 0.5539209530765451 3426 
1661 1686 141 0.30054886129594516 2248 
1662 1686 139 0.6641424974089282 3940 
1663 1688 129 0.5267223129550499 3177 
1664 1690 130 0.5927300376802613 4118 
1665 1691 130 0.5917747712778046 3023 
1666 1691 146 0.5199570635644739 4053 
1667 1692 130 0.8800091479373133 3579 
1668 1692 139 0.2349820498899405 3619 
1669 1693 138 0.41084654940961307 3978 
1670 1694 130 0.5911007408177963 2622 
1671 1694 135 0.5634832058614951 3554 
1672 1695 141 0.09038307875085971 3259 
1673 1696 142 0.3177956123021708 4139 
1674 1699 138 0.7798360005600165 4155 
1675 1700 139 0.8224052038359803 2725 
1676 1700 146 0.08344243609261022 4031 
1677 1701 139 0.5542331239002873 3082 
1678 1701 133 0.42721820002473393 2576 
1679 1702 133 0.36997303629535194 2428 
1680 1704 145 0.26129602459340373 2286 
1681 1706 142 0.6204211901162963 3047 
1682 1706 142 0.4576080898084897 2952 
1683 1707 142 0.12906004448947359 2256 
1684 1707 142 0.5077072736977286 2626 
1685 1708 146 0.44715751001799875 3238 
1686 1708 135 0.28109816594005055 3733 
1687 1711 141 0.21240178612145585 3032 
1688 1712 146 0.12000705727675133 2894 
1689 1713 140 0.12092397812451953 2231 
1690 1717 133 0.02478411231578244 2487 
1691 1717 141 0.4182972295158409 3112 
1692 1718 136 0.49760098887798815 3446 
1693 1718 147 0.8998857747218701 3947 
1694 1719 139 0.23209333040686345 2177 
1695 1719 134 0.13900361147737866 2206 
1696 1720 148 0.8354567784358427 3155 
1697 1720 136 0.6823829872691985 2896 
1698 1722 141 0.7358639891180826 3422 
1699 1723 129 0.028663917878253432 3892 
1700 1724 136 0.20269891080750094 3518 
1701 1725 148 0.6378023308413465 3132 
1702 1725 128 0.183695592092912 2458 
1703 1727 143 0.8621727681580632 3024 
1704 1728 129 0.8267990168325295 3427 
1705 1728 138 0.46214858720837904 3805 
1706 1729 132 0.4632596765108887 3423 
1707 1731 142 0.2960015187590068 3610 
1708 1732 128 0.8840045206107499 3092 
1709 1732 139 0.6043865239254413 2953 
1710 1732 134 0.11571395138529039 3280 
1711 1733 142 0.503224584709509 3205 
1712 1733 147 0.4548767076209592 2332 
1713 1735 141 0.3051278602775178 3684 
1714 1736 147 0.6760896290320387 3102 
1715 1736 132 0.5291900937406607 3414 
1716 1736 129 0.7378549075059005 3615 
1717 1738 132 0.761241543359839 3755 
1718 1741 131 0.17328892499192533 3649 
1719 1744 143 0.037165952923867256 3590 
1720 1745 133 0.3279660441846902 3865 
1721 1745 148 0.3584221312576793 4072 
1722 1745 141 0.2843573581127448 2639 
1723 1746 133 0.796913375282808 3147 
1724 1746 144 0.3207471401894783 3281 
1725 1747 129 0.47415598791264346 3672 
1726 1747 142 0.8731370619095763 2312 
1727 1747 129 0.6627072295208467 2494 
1728 1749 131 0.35936347322061085 2814 
1729 1750 142 0.8881085060939372 3358 
1730 1750 134 0.640872934747068 4108 
1731 1752 134 0.351323786251139 3820 
1732 1753 137 0.7438202771964614 2345 
1733 1754 140 0.7705158744476164 3661 
1734 1754 137 0.34091170498385914 3375 
1735 1756 136 0.5611388377981757 2432 
1736 1756 135 0.8691376736189277 3473 
1737 1757 142 0.3652410474952186 3318 
1738 1758 142 0.5031987390501967 3555 
1739 1758 144 0.2362749084338395 3023 
1740 1762 135 0.8962403808308619 3221 
1741 1762 142 0.08599441874643006 3038 
1742 1762 146 0.6315780875196764 4137 
1743 1764 142 0.8629152365168203 3164 
1744 1766 138 0.17465731171494261 2948 
1745 1768 143 0.6982768291005149 3072 
1746 1768 136 0.05645875609054055 3677 
1747 1769 143 0.7684912978937157 3900 
1748 1769 145 0.6143422829253773 3892 
1749 1771 141 0.8544794977617222 3866 
1750 1771 140 0.06927919381956109 2971 
1751 1776 139 0.054503617340647764 3979 
1752 1777 137 0.26749987910461914 3206 
1753 1778 138 0.8528088645628132 3294 
1754 1778 129 0.8927840204643813 3578 
1755 1778 142 0.06053038094127603 2350 
1756 1780 130 0.3503723957618146 3891 
1757 1780 139 0.8054699291938604 3784 
1758 1781 142 0.5827568873271362 3055 
1759 1781 131 0.5307615268593122 3972 
1760 1782 142 0.7841797727377153 3953 
1761 1787 144 0.836431855501932 2588 
1762 1788 132 0.7103931147647534 2663 
1763 1788 135 0.43272341553043536 3212 
1764 1789 145 0.16827350234584734 2725 
1765 1789 135 0.2395634045724678 4035 
1766 1790 143 0.5696539671864785 2252 
1767 1791 147 0.6910712360186394 3958 
1768 1793 144 0.4158996737272519 2828 
1769 1793 141 0.20204038177869932 3565 
1770 1793 137 0.32518909465759094 3241 
1771 1795 145 0.4895710118237177 2447 
1772 1795 130 0.635689527846981 3453 
1773 1797 135 0.81123763903984 3001 
1774 1799 134 0.3014017035413325 3600 
1775 1799 146 0.6711278246693101 3741 
1776 1801 141 0.20484159871067797 3805 
1777 1803 148 0.656136972753729 2924 
1778 1804 145 0.35188072133098364 3033 
1779 1804 141 0.03275437181143426 2583 
1780 1806 143 0.38018004846432385 3519 
1781 1810 140 0.010136090732931612 4016 
1782 1810 138 0.0981196101994197 3963 
1783 1811 144 0.3118669637752643 3566 
1784 1811 141 0.5375862450057963 2769 
1785 1811 147 0.3062414782024847 2968 
1786 1812 146 0.7780529842342734 2954 
1787 1812 141 0.7571113929585139 3622 
1788 1813 147 0.19034343520402727 2336 
1789 1813 136 0.17767589733060443 2503 
1790 1814 134 0.398773030355855 3965 
1791 1814 147 0.19711892954141486 2652 
1792 1814 136 0.7394734977944738 3765 
1793 1815 134 0.41035862130618234 3366 
1794 1815 143 0.14490350477029357 3869 
1795 1817 144 0.4246738563512784 3284 
1796 1817 131 0.5423108366805389 2816 
1797 1818 140 0.4052536817209641 3417 
1798 1818 147 0.11972631080378072 4071 
1799 1819 148 0.45457862857685616 2292 
1800 1819 141 0.6605376513704289 2316 
1801 1820 130 0.22667710022427476 2915 
1802 1820 137 0.8084700568799293 2166 
1803 1823 129 0.43483874366279723 2641 
1804 1824 132 0.5593232300827089 3338 
1805 1824 137 0.375174936187241 2293 
1806 1825 129 0.08856892465690122 2802 
1807 1826 142 0.3710870705442976 2655 
1808 1827 131 0.7599405192982892 3793 
1809 1828 132 0.3091624559831118 2449 
1810 1831 128 0.8634680521042284 2348 
1811 1833 136 0.08974173542064291 2421 
1812 1834 137 0.5327526537730162 2983 
1813 1835 135 0.8918973402999704 2728 
1814 1837 145 0.42214364349943495 2547 
1815 1839 136 0.8295187463464629 2807 
1816 1839 139 0.8403630956836186 2329 
1817 1840 129 0.11166889268904068 2219 
1818 1840 140 0.08813736274645352 2535 
1819 1840 138 0.6225268738359405 3931 
1820 1841 141 0.42910341882650743 3747 
1821 1841 131 0.14070426572521558 3301 
1822 1841 146 0.06562113148826162 4098 
1823 1842 148 0.01561929114271995 3832 
1824 1843 139 0.6380567777324543 4097 
1825 1844 147 0.2528615691770574 3383 
1826 1845 147 0.4981284288896387 3902 
1827 1848 140 0.02478007793083426 3825 
1828 1848 147 0.793893930628326 2355 
1829 1848 128 0.038782367833783325 3138 
1830 1848 133 0.8656443723789088 2508 
1831 1851 144 0.4005707493637668 3223 
1832 1852 140 0.5404076854975256 2677 
1833 1855 136 0.42997366650615304 3807 
1834 1856 140 0.47087114219392223 2349 
1835 1857 143 0.037256840730132225 3847 
1836 1857 129 0.41526725970983003 3580 
1837 1862 137 0.7642526897637177 3719 
1838 1862 134 0.5219644292264228 4095 
1839 1863 141 0.08176054512171614 2441 
1840 1863 141 0.24455137581980077 4142 
1841 1863 135 0.484103932539079 3007 
1842 1865 144 0.11637437712700821 4061 
1843 1867 128 0.20568619741997302 3322 
1844 1867 146 0.8975236046692346 4010 
1845 1870 141 0.15258486923069878 3841 
1846 1870 129 0.3600321696725231 3571 
1847 1872 141 0.5031423948292881 2227 
1848 1873 135 0.25777037174951223 3294 
1849 1873 143 0.41484498937394726 2847 
1850 1873 141 0.11640369803340456 2182 
1851 1876 136 0.899082676839327 2517 
1852 1876 131 0.44572159800266514 3347 
1853 1878 138 0.31602545495750317 2295 
1854 1880 136 0.6750046746436108 2452 
1855 1881 137 0.41782552228227476 3150 
1856 1881 128 0.5044411525310937 4038 
1857 1883 140 0.12129830314954446 3852 
1858 1883 140 0.23789527873194782 4141 
1859 1883 128 0.5363292647246376 3792 
1860 1883 133 0.14815347714464575 3135 
1861 1883 133 0.4469750154211443 3108 
1862 1884 145 0.28682045326948485 2608 
1863 1886 138 0.5780868514660285 2976 
1864 1887 140 0.20985592669351763 3278 
1865 1890 130 0.39376413682041955 4062 
1866 1890 145 0.07719376857240785 3963 
1867 1893 139 0.21138127174760682 3595 
1868 1893 146 0.8414363885601962 2928 
1869 1893 130 0.6095738942177138 2854 
1870 1894 147 0.1981574376536211 3449 
1871 1894 137 0.6494579205856172 3280 
1872 1895 136 0.052968039239014254 3972 
1873 1896 130 0.548088729390091 2752 
1874 1896 136 0.1747094376690736 2584 
1875 1898 139 0.8030875599603536 4156 
1876 1899 133 0.6838045557767105 3136 
1877 1901 133 0.815554102497163 4040 
1878 1904 129 0.10014806358755815 2734 
1879 1905 139 0.4040213608507513 2596 
1880 1905 145 0.2740284268056913 3088 
1881 1907 141 0.07342401472248332 2601 
1882 1907 137 0.1521334712207124 3997 
1883 1908 134 0.5434916610831622 3603 
1884 1909 132 0.6202319773336266 3054 
1885 1909 144 0.21199140696665503 2734 
1886 1913 131 0.2321184857183206 3428 
1887 1913 147 0.4980434501275023 2339 
1888 1915 147 0.7052197025525347 2671 
1889 1915 142 0.184327942548315 4000 
1890 1918 144 0.22568426235359684 3508 
1891 1918 132 0.08993955146327844 3309 
1892 1920 131 0.2886033319446443 3333 
1893 1921 143 0.8071256562563334 3998 
1894 1921 146 0.531951423301204 2766 
1895 1921 132 0.88603298539383 3911 
1896 1922 144 0.8860994658481968 3644 
1897 1922 148 0.42161262872348 4115 
1898 1923 145 0.7412152626924378 3436 
1899 1925 129 0.8717303028391307 2697 
1900 1926 142 0.8673794410465155 3563 
1901 1927 131 0.3784967493317162 2605 
1902 1927 146 0.41210452763756555 2485 
1903 1928 128 0.8827001904346812 2530 
1904 1929 143 0.06956533478069414 3286 
1905 1931 141 0.16072204786929017 3087 
1906 1931 139 0.89866398692777 3926 
1907 1934 136 0.06624230627403474 4152 
1908 1936 134 0.32412166079065113 3976 
1909 1936 128 0.7295906592308923 3890 
1910 1936 146 0.5836637908171272 2832 
1911 1936 132 0.04407321515254319 3591 
1912 1938 130 0.3155404548750086 4000 
1913 1939 136 0.5425681069055488 2732 
1914 1939 133 0.7098213430153737 3363 
1915 1940 144 0.23856485045161563 3345 
1916 1941 142 0.25469221204888165 3301 
1917 1941 128 0.05004571118437329 3428 
1918 1943 142 0.2867771239575656 4034 
1919 1943 148 0.05748573525303281 4055 
1920 1943 140 0.38061630020616904 2554 
1921 1944 143 0.2907642803216121 3139 
1922 1944 136 0.3675298116660252 2281 
1923 1944 133 0.7813424201899786 3181 
1924 1944 131 0.46593839161491685 2219 
1925 1945 143 0.26269087221691934 3776 
1926 1945 144 0.3221565498642194 4075 
1927 1945 148 0.6406595249666387 3707 
1928 1946 136 0.47659332543071 3704 
1929 1947 147 0.3925593480997822 2683 
1930 1947 134 0.7176653681769836 3986 
1931 1948 147 0.5290226899384466 3305 
1932 1948 132 0.7230557706290731 2771 
1933 1949 142 0.15646534741396798 3840 
1934 1950 146 0.23002914272970362 3404 
1935 1950 133 0.4464088026198149 3128 
1936 1951 138 0.6073340322709698 2723 
1937 1951 145 0.6411437848402018 2602 
1938 1952 133 0.39228148941858504 3995 
1939 1953 141 0.010419880889710208 3483 
1940 1953 128 0.5616619558978173 2547 
1941 1953 139 0.8049843805194393 3413 
1942 1954 143 0.4048470459948658 3064 
1943 1955 129 0.3587487650819324 2212 
1944 1956 148 0.44575172997522716 4013 
1945 1956 146 0.19143938504194777 3352 
1946 1956 147 0.7747523586915926 3563 
1947 1956 138 0.10628438854792573 3702 
1948 1956 129 0.127103452227229 3337 
1949 1956 129 0.3699589486205623 3484 
1950 1957 146 0.8821847692424111 4126 
1951 1959 145 0.379232309134954 2557 
1952 1959 140 0.7295560065292401 2996 
1953 1960 142 0.8416676434543335 2605 
1954 1961 131 0.18780298472929882 4089 
1955 1962 132 0.3157980733947945 2267 
1956 1965 131 0.11149137773238123 2703 
1957 1965 128 0.2594149090280182 2473 
1958 1966 131 0.5772549463236102 3151 
1959 1967 146 0.190176908733279 2277 
1960 1968 141 0.6260286963505084 3308 
1961 1968 137 0.8234755887092359 2360 
1962 1970 143 0.7070946223277051 4042 
1963 1970 143 0.31264155424093476 3648 
1964 1971 131 0.408380492678913 2414 
1965 1973 146 0.6116106362210485 2946 
1966 1973 141 0.6216343647143594 3213 
1967 1974 138 0.18724584645429873 2839 
1968 1978 134 0.33438298486285073 3258 
1969 1978 136 0.8438066796718557 3633 
1970 1980 144 0.14118653625108116 2245 
1971 1981 136 0.13184497638190068 3964 
1972 1982 137 0.22483246718629665 2243 
1973 1983 140 0.5899289360524276 2995 
1974 1983 135 0.5895210240368712 2993 
1975 1984 132 0.3333501124745937 3353 
1976 1985 131 0.509404217646342 2853 
1977 1985 140 0.7578787300411451 3320 
1978 1986 138 0.5991053710267438 3858 
1979 1986 138 0.8444238610530771 2175 
1980 1988 144 0.23597714420821406 2388 
1981 1988 133 0.7608877722608784 2425 
1982 1989 148 0.4576773039417547 2961 
1983 1991 134 0.3677983354083903 2250 
1984 1991 138 0.08024434967782439 3067 
1985 1992 142 0.13400466962348476 2273 
1986 1993 135 0.2538815454085099 3218 
1987 1993 131 0.6919830200489632 4092 
1988 1994 139 0.6611108705165929 4082 
1989 1994 128 0.4674272343466194 2494 
1990 1996 146 0.8836182759197974 2552 
1991 1997 143 0.8273981470236059 3140 
1992 1997 130 0.5919280862851993 2540 
1993 1998 141 0.39406462512503015 3780 
1994 1998 140 0.3822518759662977 3839 
1995 1998 137 0.30707071758241966 2216 
1996 1998 128 0.4467688457631322 3423 
1997 2000 129 0.10023360796252705 2551 
1998 2000 128 0.7583694640240116 2925 
1999 2000 146 0.047268929204014515 3491 
2000 0 140 0.8399236594711222 3481 
