1 4 17459 42.449290496349946 27480 
2 4 16947 37.244947746688446 26286 
3 6 17213 45.28387613650145 27844 
4 9 16431 34.48862783722747 27641 
5 12 16520 24.079269100202513 27802 
6 13 16323 42.35324439734581 26846 
7 13 16087 15.62107136163438 25951 
8 14 16028 48.736824859347685 26856 
9 17 17236 10.248588983449558 26331 
10 17 17603 49.36700339328793 27316 
11 19 17527 43.50852722132614 27138 
12 20 16193 23.41607916003565 27368 
13 22 16966 42.15567594169052 27766 
14 22 16133 25.97987625834906 26921 
15 22 17355 39.25024161273246 26250 
16 23 16277 30.942570934375166 25970 
17 24 17603 44.76651062622938 26840 
18 24 15920 27.107737978291745 26021 
19 28 16815 42.06211006997995 26003 
20 30 16114 14.118951026793969 27437 
21 31 16644 35.75213167462486 26425 
22 31 17719 33.9932931654392 27434 
23 31 16595 48.0982862177745 26167 
24 35 15885 35.71461136828488 26306 
25 37 17664 30.40999930097322 27181 
26 38 17118 14.676196857368407 27008 
27 39 17211 44.66288848669741 27267 
28 40 16223 45.684361620474185 27031 
29 41 17775 13.365966847356713 27507 
30 42 17385 34.34731783610644 26067 
31 42 16075 47.49381922217208 26623 
32 44 16707 25.045248249111506 27050 
33 44 17724 29.550616313866392 27406 
34 44 16284 47.527445727414666 27174 
35 45 16920 45.57243004019745 26327 
36 46 17286 17.605184942208922 27740 
37 47 17683 49.11296057448011 25935 
38 48 16254 36.32900019043201 27110 
39 52 16015 29.92959878788952 27655 
40 53 17778 35.730662109739285 27606 
41 54 16002 15.421411856965106 27694 
42 57 17453 20.986017914771015 26706 
43 59 16725 34.3503023810922 27545 
44 59 15964 15.786273050956844 27724 
45 60 17626 28.558716578086543 26293 
46 60 16485 30.866558303923664 26993 
47 60 16205 43.116696031747125 27329 
48 60 16409 37.04329481349538 26058 
49 61 17376 49.32078534616656 27056 
50 61 16294 49.92371650908129 27114 
51 62 16372 25.17216179757899 26412 
52 66 17479 47.70043433747647 25998 
53 71 17011 37.128940625681516 27011 
54 72 16355 18.80556926717212 26291 
55 72 16686 33.79379170328937 27403 
56 75 16618 16.05069382976154 27774 
57 76 17387 39.21527235738978 27095 
58 76 16024 21.575662089865407 25996 
59 77 17567 39.6752269601499 27768 
60 77 15891 12.061664231545532 26738 
61 77 16478 38.70938467959074 27252 
62 78 16802 22.204478722858326 26841 
63 78 16079 44.04166652640424 26342 
64 79 17658 35.23872829118796 26940 
65 81 16351 13.349223774393085 26767 
66 85 17134 32.37213031947318 25934 
67 86 16826 17.05590224288652 27820 
68 88 17046 29.51774749077764 26654 
69 89 16734 10.7843663736824 26874 
70 89 17181 15.562928853242152 26876 
71 90 17497 42.86178301503393 26543 
72 91 15977 16.869421989194322 26850 
73 95 16254 40.512029137453226 27410 
74 96 17674 15.409587806090537 27673 
75 96 17663 14.874135140352177 26225 
76 97 16779 27.820549895387586 27253 
77 98 15947 12.032837515546966 26844 
78 98 15998 40.023487668071226 27349 
79 98 15882 16.017401922508338 27218 
80 99 17444 14.3784204272491 26444 
81 101 16167 39.145451241966946 26418 
82 101 16004 27.10419199272185 27245 
83 103 17595 36.98040718718051 27659 
84 103 16216 16.792143661635063 26706 
85 105 17216 28.941893929829714 27699 
86 106 17175 21.90357188056724 26430 
87 107 17674 32.747407492752046 27334 
88 108 17425 32.79221078243458 26500 
89 109 17174 14.242150953115008 27396 
90 110 17766 44.13392809622591 27616 
91 110 16925 24.357197191574038 26861 
92 110 16155 17.726749570481715 26202 
93 111 16243 49.67800509664307 26201 
94 114 16213 33.35415354851243 26611 
95 120 16726 31.906535983941588 27699 
96 121 16348 36.96726339060155 25979 
97 123 16897 39.040441504705456 27130 
98 123 15867 28.820561358195928 26861 
99 123 15873 20.919243647780185 27760 
100 124 17473 32.04777787550718 27534 
101 124 17137 41.27035717219911 26324 
102 124 17588 40.233857446282286 26967 
103 125 16932 34.11337159220638 27291 
104 125 16083 41.95145675231033 27263 
105 126 16581 27.48850194383987 26476 
106 126 16827 12.180952450112494 26200 
107 126 16127 48.7069177969405 26178 
108 126 17776 14.31055954851785 26579 
109 129 16926 35.80173823112249 26328 
110 133 17730 44.21069310530346 26992 
111 135 15937 32.2680382330203 27550 
112 136 17109 30.173695481102698 25927 
113 136 17322 20.55659093130383 26261 
114 141 16662 48.25472339321554 27464 
115 142 16910 43.517542864922895 26048 
116 143 16035 31.999508700742084 27119 
117 143 17102 34.01450822565563 26992 
118 143 16320 20.956205106505404 27078 
119 144 15884 18.74895132719277 27167 
120 146 17145 32.90839143659042 26940 
121 148 16115 14.472469838545333 27314 
122 149 17779 31.009595045848958 27666 
123 150 16273 33.056839926888145 27871 
124 150 16620 40.25676901441174 27877 
125 150 16780 46.33840515004833 26568 
126 153 17486 18.646263346607178 27248 
127 153 17681 46.21852429737958 26142 
128 155 16835 42.50634711992571 27618 
129 156 17494 35.85527644640979 27819 
130 156 16667 41.67851289353273 27545 
131 157 16555 17.212741071164878 27535 
132 158 17081 33.58225399025841 26296 
133 160 16329 20.57821731051499 27758 
134 162 16643 26.307830186630913 26353 
135 163 16633 13.083473214893724 26664 
136 163 16546 49.600039648371144 25915 
137 165 17716 18.182346078634893 26241 
138 166 16109 44.59775985505891 27426 
139 167 17108 10.720074371731766 27691 
140 167 16146 47.55674005092273 26106 
141 168 15979 46.966268606854854 26504 
142 170 17254 31.739147786165482 27467 
143 171 15852 27.483390903456485 27883 
144 172 15993 12.808882322875279 26391 
145 174 16470 27.735941507202682 27425 
146 174 16398 13.227028405063557 27025 
147 174 16385 46.600938615769266 25970 
148 175 16592 44.03629658306987 26679 
149 176 16125 16.49764401739614 27483 
150 178 17194 34.40129128999965 26295 
151 178 16412 38.413539414263624 27035 
152 179 17152 24.872845067976517 26414 
153 179 16264 23.855006844436115 27589 
154 179 15914 31.81468651127105 27256 
155 180 16827 17.598882933431774 26052 
156 181 17457 39.45566643359641 26276 
157 183 16919 24.332888814136993 27037 
158 183 17685 25.448871993568506 26675 
159 183 17253 44.597487802798675 27349 
160 185 16507 18.412570659333113 27372 
161 185 17540 31.98904264037571 25931 
162 186 17775 49.61253474479823 26467 
163 187 17503 48.50226990226266 26223 
164 187 17317 30.66001893359067 26303 
165 187 16651 24.566301653373923 25994 
166 188 17542 18.46479038774827 26495 
167 188 16700 12.9327577773272 27057 
168 189 17479 17.30155770225442 27024 
169 189 16103 45.14908267131576 25964 
170 191 16063 25.02731221027136 26129 
171 193 15863 32.81399515132726 26825 
172 194 16491 49.62101451512525 26857 
173 194 16897 33.235288382765006 27621 
174 195 16993 20.32468094266409 26192 
175 197 16024 13.408399043317857 26983 
176 200 16119 39.03875952357387 27128 
177 203 17698 11.695407022740941 27521 
178 207 17758 33.941634059171065 27841 
179 207 16685 43.74816077328537 25951 
180 208 16455 41.54251479630965 26431 
181 209 15901 43.95152354509 26700 
182 210 15964 11.06610150012449 27610 
183 211 16230 14.380623707544999 26023 
184 213 16004 18.320035178281206 27719 
185 214 16151 16.571391567373585 27507 
186 214 17421 42.15655892007232 26616 
187 215 17828 15.147858816822302 26921 
188 216 17659 11.892042232126098 27279 
189 216 17312 42.696639821715664 27468 
190 216 16334 15.964181307234577 26782 
191 217 17028 31.293324919495777 27355 
192 220 16317 49.498441760213886 27635 
193 221 15952 35.778043798342864 26202 
194 221 16222 48.309947956372966 26926 
195 222 17580 49.630882071053485 27533 
196 223 17341 38.37539539769699 26831 
197 225 16924 18.234389861253185 26772 
198 230 17670 35.39761362870155 26534 
199 231 16668 28.105671584709746 26010 
200 232 16944 27.90764698634917 27278 
201 232 16927 46.553297441621105 26509 
202 233 17200 35.401039926018626 26196 
203 234 17022 12.92863391399715 26669 
204 235 17038 10.893063101877654 26769 
205 236 17568 10.11198451188819 27582 
206 237 16610 44.63750833466795 26748 
207 238 17618 37.58584014253195 27773 
208 238 16841 31.82683298789181 26443 
209 238 16637 36.45946330518285 27237 
210 239 16183 39.34459413182394 26096 
211 240 16415 19.2065301481027 26976 
212 240 15974 12.851455369699213 27666 
213 241 16857 39.929550396898385 27532 
214 242 16489 43.193613752571515 26472 
215 243 17466 30.72655856318572 27831 
216 244 16081 45.86952213556498 26762 
217 245 16307 16.420974471337967 26843 
218 245 17310 30.82790646530704 27012 
219 247 16663 28.012179504162592 26035 
220 247 17743 43.00980383367707 26930 
221 248 17837 40.493565801462594 27731 
222 249 17690 49.97474528823222 27070 
223 249 17551 44.3722986642471 27272 
224 249 17508 31.911148377597314 26839 
225 250 16844 44.10123848096427 26806 
226 250 17068 29.520257384550153 26885 
227 251 16377 14.43690905323669 26424 
228 251 16004 45.98493220497368 26367 
229 252 15873 11.915834664796163 26234 
230 252 15877 28.268233488155204 27470 
231 252 16140 44.70172615066493 26125 
232 253 16773 26.410742790139906 27534 
233 253 17101 16.859413415880464 27316 
234 254 16060 27.918466686900004 26661 
235 257 15981 23.78126149453397 27273 
236 258 15981 43.71390212000519 27477 
237 258 16861 37.54153161167258 27103 
238 260 17042 31.72597795515134 26739 
239 260 16326 28.40101269615916 26800 
240 261 16105 11.072135723130373 27497 
241 261 16291 35.24768676381544 26875 
242 263 16266 32.72833651201169 27431 
243 263 17509 27.716179252472347 25974 
244 265 17684 36.771709234536445 26604 
245 265 15912 47.892592456526565 26658 
246 265 16625 17.126253277722093 27612 
247 265 16766 36.17171833865993 27150 
248 266 16537 44.158660543396394 26519 
249 266 16353 45.22434942002285 26528 
250 267 17501 18.228430485226042 26534 
251 267 16674 45.29419226065621 26216 
252 268 16208 33.5185607183205 27062 
253 269 17485 24.17558391786207 26585 
254 270 17590 33.93079882491017 27655 
255 271 16803 20.215293932699282 27832 
256 273 15846 12.686795114025289 26984 
257 275 16521 24.964689767459546 26820 
258 275 17461 49.54260956433393 26291 
259 276 17752 27.84672308944172 27285 
260 277 16793 40.840151465883245 27448 
261 278 16366 14.559885409234212 27092 
262 279 17105 38.680514194700855 25911 
263 281 17511 19.77820776869356 26850 
264 285 16298 16.496977653119526 27384 
265 286 16926 30.946591801984052 27221 
266 288 16368 35.290490174422175 27318 
267 290 15890 47.29834652226123 26348 
268 291 16741 16.362764781238507 27897 
269 292 16131 13.242089825720637 27436 
270 292 17367 39.94689631714358 27600 
271 293 16755 20.661792402719684 27381 
272 294 17090 12.982033082594043 27012 
273 295 16129 10.568545105873826 27177 
274 296 15940 33.6433539347734 27177 
275 296 17610 49.71979681309728 27510 
276 297 17405 37.723014538035414 27190 
277 298 17777 33.09369539692212 27132 
278 299 16335 27.08220807516428 26008 
279 299 17122 33.01719671085896 27004 
280 300 16153 47.92511401478202 26857 
281 301 17639 31.06824183806326 26972 
282 304 17329 15.261525420501103 26144 
283 308 17044 21.441284280251107 26828 
284 309 17053 17.352546783504348 27350 
285 309 17282 40.65622732364446 27308 
286 311 17667 30.63496561728624 27749 
287 311 16295 42.56807864406723 27334 
288 312 16185 48.45662417873204 26496 
289 312 15933 11.013123231550622 27079 
290 312 17149 26.70571642715408 26060 
291 313 17623 14.572810542004433 27862 
292 313 17695 37.85449805708917 26336 
293 313 17224 29.892197789640118 26029 
294 313 17583 12.207531953099533 27266 
295 314 16141 37.638143502030005 27792 
296 318 17141 47.915366772188676 26136 
297 318 17384 10.71180993257518 26052 
298 321 16923 26.663599267625173 26775 
299 321 16969 48.85540402241915 25934 
300 321 16345 28.71933620529736 26061 
301 323 17123 35.76978252731945 27064 
302 323 17766 15.573969072371025 27572 
303 324 16761 42.86138591364135 26459 
304 328 16897 36.799229223219996 27864 
305 330 16980 43.766659528894124 26007 
306 332 16946 44.19237046186882 27354 
307 335 16983 46.76730157011738 26710 
308 335 16675 16.692637253488442 27483 
309 336 17337 38.739672671547666 27589 
310 337 17004 32.741380928179595 26985 
311 342 17162 22.420604337623523 26335 
312 343 16314 28.909462729876076 27733 
313 343 16831 22.934804876325913 25931 
314 344 17060 40.34286620395548 27729 
315 344 16706 39.48816049443123 25977 
316 345 17648 17.18130729223493 27684 
317 346 17445 14.993675713622508 27143 
318 349 17534 35.18418929753069 26714 
319 349 16819 45.45664070317852 27862 
320 353 17748 42.38932624191093 26040 
321 355 17444 46.126704211100716 26876 
322 355 16068 43.8718869059399 26414 
323 356 15903 31.92918633620281 26331 
324 359 16986 44.20473965180478 25989 
325 359 15991 14.178197615958869 26313 
326 359 17243 43.374251311335705 26972 
327 360 16236 36.991524921538776 26946 
328 361 17179 45.21123431377442 27896 
329 362 17275 24.496811596685994 27719 
330 364 16082 23.239079262528264 27787 
331 366 16610 27.082864520274704 26242 
332 367 17057 43.578507167701225 27025 
333 368 17494 38.17207785097175 27377 
334 370 17434 18.842602744881813 26002 
335 373 16095 48.31257499239607 27894 
336 375 17141 15.75807206611135 26669 
337 375 16857 46.57048198063496 27804 
338 375 16506 49.61841607427616 27166 
339 375 15908 22.152529977798135 25989 
340 375 17296 38.013612063889255 27430 
341 378 17669 33.83052566850786 27546 
342 380 17110 16.177167622486085 27711 
343 380 16447 18.69568513808575 27113 
344 381 17232 38.339861085237295 27232 
345 381 16335 41.011568658459026 26037 
346 382 17669 25.050465490893323 27335 
347 382 17270 43.973841252075516 27401 
348 383 15967 42.64593476393816 27685 
349 385 16988 45.49240070734586 26229 
350 387 16286 13.785399619654935 26311 
351 387 17114 22.296560209508897 27461 
352 388 16341 38.80236952853811 27668 
353 389 17395 20.92551343030756 27790 
354 389 16321 26.534442571988542 26280 
355 391 16303 10.020427195092836 26321 
356 391 17232 47.62785416619149 27457 
357 391 17500 12.7472341748248 26050 
358 391 17103 13.995375293358006 26397 
359 392 16504 37.65133013417754 26902 
360 395 17425 10.236884933985682 26089 
361 396 15863 24.817179206464445 25920 
362 397 16143 36.14933498266333 27090 
363 397 17359 42.75132269754919 27668 
364 398 17583 46.54128599169789 27716 
365 399 16009 24.614100038473453 27454 
366 399 17119 15.989076122943114 26794 
367 400 17545 25.594482037041683 27223 
368 400 16451 47.273948865326425 26753 
369 401 17705 46.58843443383045 27022 
370 401 17576 21.89756898445232 27734 
371 402 16070 22.410080538290792 27137 
372 403 16590 29.651430315566984 27630 
373 404 16557 37.926427792846354 26203 
374 404 15874 32.72140271982411 26337 
375 405 16125 49.36554615694084 26081 
376 405 15849 11.744233946508364 26631 
377 411 16090 15.664898944484055 26245 
378 411 17555 12.020696544585835 26805 
379 412 15960 32.12943674130467 26167 
380 413 17599 18.879065189586118 27275 
381 416 16362 40.106854397369176 27232 
382 418 17369 24.55109136029264 25904 
383 421 16459 43.287660858783255 26600 
384 421 17219 34.78941063410327 25900 
385 422 16008 48.18602992282596 27071 
386 422 16247 27.25200236540003 27422 
387 424 17246 45.637328885920795 26465 
388 424 15873 11.749318324494551 26836 
389 424 17661 18.974491373359555 26454 
390 425 17835 27.60396874510013 27468 
391 427 16553 18.593166536844166 27149 
392 428 16348 11.577622963336385 26896 
393 428 16017 34.223516890110545 27386 
394 428 16344 41.716718654549005 26259 
395 429 16198 19.06582406079035 27734 
396 429 17328 25.087934321495 26768 
397 431 16202 28.945303662037837 27199 
398 432 17601 31.843389134189522 26765 
399 432 17818 31.796963984212823 27248 
400 436 16182 29.708010556429556 26999 
401 437 16400 41.19029720896868 26227 
402 439 17281 33.58770121916618 27652 
403 440 17193 33.04961493313529 26353 
404 440 16541 12.685412016746248 27025 
405 440 17176 44.20889000368882 25913 
406 440 15947 41.00870306785201 27445 
407 441 16264 38.47542014486808 26963 
408 442 17439 37.67109320229314 26581 
409 443 16364 23.63038669801155 26433 
410 443 17035 22.85418082547398 27546 
411 445 17613 25.39321733103549 26322 
412 445 16117 47.877064770861 27462 
413 448 16855 28.34628609592713 27671 
414 448 15922 22.58224410101188 27325 
415 448 16105 35.14331406526972 26843 
416 449 16664 34.61448251788713 27707 
417 450 17642 10.900048165116868 26294 
418 452 17050 35.67239681195196 26983 
419 453 16309 23.60535065792448 26410 
420 454 16552 32.734908013666406 27053 
421 456 17430 48.13412669189891 27449 
422 458 16450 44.28385411242073 26590 
423 458 17744 39.407092858469376 26793 
424 461 17212 30.63881683107802 26467 
425 464 17199 44.75184278784375 25959 
426 465 16327 17.001767282399488 27185 
427 467 16089 17.554373006037775 27681 
428 467 16457 29.923667212692425 27062 
429 468 16326 14.15865765865551 27777 
430 470 16716 49.912208716939354 27279 
431 471 17671 32.267713395058806 27512 
432 472 15954 45.334106101253155 27491 
433 473 16976 38.56884460487605 26825 
434 474 17829 46.48387793077911 26842 
435 475 16340 17.767530270720236 26678 
436 477 17014 41.99350010180122 27056 
437 478 17060 30.620634874577274 27285 
438 481 16384 35.02250150549762 27861 
439 482 17304 43.35941377313833 26903 
440 484 16438 43.83694855473818 26658 
441 484 17184 27.943222367724594 26149 
442 484 17341 33.0134792841514 26456 
443 486 17568 10.642519734553467 27187 
444 486 17171 17.273005847233144 27624 
445 487 16596 16.505466520925406 26532 
446 488 17539 19.330337569878715 26076 
447 488 16719 48.65052818398802 25926 
448 490 16353 37.45107890005562 27532 
449 490 17419 35.591034347540955 27688 
450 492 17216 13.650897909229705 26825 
451 493 17807 36.52544681712352 25909 
452 494 17524 19.653988068635037 27017 
453 495 16803 43.61183843277821 27528 
454 495 17116 18.847503924167356 26483 
455 497 17360 28.778539268366345 27888 
456 497 17778 14.913758197508752 26384 
457 497 16260 17.84780839004554 26708 
458 498 17241 39.45030799028143 26552 
459 498 17148 13.972647745357246 27452 
460 498 16403 20.068166051655624 27651 
461 499 16736 29.263560714667 26678 
462 499 16472 34.22172272765586 26254 
463 504 16937 35.51609500376856 26158 
464 505 15977 39.495315200174424 26817 
465 507 16812 29.66370295811305 26908 
466 507 17446 40.38232643898595 27409 
467 508 17743 49.681708578297446 26315 
468 509 17831 48.086839012789724 27776 
469 509 16983 16.931804079009147 27269 
470 510 17413 16.797097434488542 26592 
471 510 15994 18.79056560013991 27300 
472 511 17690 23.042218708559496 27296 
473 511 15873 28.076125081791538 25929 
474 512 17358 29.736011689179307 26284 
475 512 16916 38.88487635361734 26149 
476 513 16683 38.639125906012666 27569 
477 514 17089 27.169413246461268 26176 
478 516 17357 25.251782077877042 27033 
479 516 17387 47.76378692839077 27399 
480 517 16005 48.777159875623795 26183 
481 519 16484 17.274464758001535 26360 
482 519 17715 12.470985891247262 26735 
483 519 16852 49.745449825100266 26136 
484 521 17333 17.790925559579517 27214 
485 522 16462 19.372940824178663 27484 
486 523 17062 10.575750969798152 27829 
487 523 16643 38.41459354582518 26752 
488 524 17800 11.021418710587675 26622 
489 525 17480 41.130390181073274 26600 
490 529 16885 46.919406908285225 27138 
491 529 16204 48.86208636269992 26687 
492 530 16543 45.43203183624503 26313 
493 531 17342 39.739944360124554 26668 
494 533 16463 43.67147323867168 26765 
495 534 17027 19.109854101122185 27842 
496 534 17694 38.98167626831408 26860 
497 536 17688 20.419846384215028 26843 
498 536 16036 27.848199811224124 27026 
499 537 16075 36.31119273163868 27255 
500 537 17752 27.36723099195806 26939 
501 537 16669 45.1928378051525 27686 
502 538 17704 46.0859322911451 27005 
503 540 17259 31.807648022925413 26533 
504 541 16129 25.84807495949945 26066 
505 542 17251 36.08232017791161 26899 
506 542 16650 18.688311684083413 26002 
507 545 16405 21.149781993666387 27312 
508 548 16153 43.71803791170062 27080 
509 548 17169 30.922076021841566 27685 
510 549 16617 29.111033089688732 25913 
511 550 17224 30.47808574204476 26910 
512 551 16892 16.00638047390191 27546 
513 553 17158 24.03764145989458 26913 
514 555 16960 32.03849979235556 26187 
515 556 16060 10.654734483089662 26731 
516 557 15847 38.57764803557316 26197 
517 558 16074 35.67411281797764 27139 
518 561 16929 30.015405307556897 27173 
519 562 17092 28.942732382831586 27699 
520 562 17776 36.41602596619338 27015 
521 563 17003 39.359143920882154 26645 
522 563 17242 42.976798659605464 27870 
523 564 16802 21.170246516541837 27290 
524 566 16458 28.54846042262901 26536 
525 566 16390 43.162556281726054 27436 
526 567 16854 47.83842383838873 26802 
527 567 16319 18.58290595499794 26058 
528 569 15903 36.8386471449922 26253 
529 571 17415 45.64511918391235 26104 
530 573 17486 47.29148435726802 27359 
531 574 17682 15.203025205003339 27153 
532 574 17323 21.74785999542593 27214 
533 575 16370 11.497463368827141 26069 
534 577 16281 47.184030067438755 26192 
535 577 17831 49.33236951127801 27229 
536 579 17493 31.889120726365814 26946 
537 580 17212 22.729024831415032 27187 
538 580 15904 29.653127575398447 26746 
539 580 16032 46.5897453993138 27738 
540 580 16128 45.40025963023624 26707 
541 581 16638 38.889885821699146 26339 
542 583 16603 44.447342364252755 26581 
543 584 17259 33.64717637215438 26095 
544 584 17513 13.731379325174608 26127 
545 585 16376 25.769907505191295 26529 
546 585 16628 29.07379339298354 26734 
547 586 17104 41.09897365279966 26596 
548 589 16416 49.89345457124448 26240 
549 589 17504 44.066452420769046 26902 
550 589 16046 15.336176014779053 26456 
551 590 15904 42.81786262232754 27461 
552 590 16892 33.51293373828324 27200 
553 591 16104 12.314297894733034 26526 
554 592 17612 10.464549078507384 26728 
555 593 16997 47.36795961696117 27701 
556 593 17771 29.1223315826778 26329 
557 593 16670 23.950999529465147 27446 
558 593 16040 16.310084554590468 26358 
559 594 16485 17.305438235666834 26851 
560 594 16076 19.913710927644573 26625 
561 595 16006 14.575512945879652 26374 
562 597 16742 16.143326158358327 26723 
563 597 16912 48.22526767458124 27038 
564 597 16340 35.305778533824316 27046 
565 598 16325 15.214218728954666 26603 
566 600 17446 14.356768141589068 27241 
567 602 16187 48.24834394170456 26434 
568 603 16584 40.76047248410046 27342 
569 603 17547 35.71681619649142 26072 
570 603 17618 30.10369624293787 26897 
571 605 16270 49.23775760598139 26681 
572 605 16530 29.474294110085097 27090 
573 606 16865 39.727402916969254 27594 
574 606 17414 48.95273499767904 26342 
575 608 17089 41.17182094460155 27581 
576 609 17255 48.88569127266419 27499 
577 611 15865 17.820219839944443 27312 
578 611 17589 40.80048932144965 26639 
579 612 17437 24.88196145235683 27467 
580 612 16093 30.051680232730156 26279 
581 612 17700 14.251831978598556 27088 
582 612 17072 36.71051543292913 26369 
583 613 16535 32.72345575696865 26201 
584 613 17137 38.361468376306064 27370 
585 614 17094 47.25977323000867 26778 
586 615 16756 42.91539605111594 27697 
587 615 17285 44.75855138762649 27017 
588 617 17651 30.32652537527426 26053 
589 622 16187 24.775193377281365 27620 
590 622 16709 47.0838520334624 26072 
591 622 15957 19.006931307709234 26665 
592 622 16644 21.695106361451344 27617 
593 623 16006 10.380240906882147 27241 
594 623 17844 20.695554513470675 27194 
595 625 16631 41.63355107277157 26185 
596 625 15865 11.438220358286678 27147 
597 626 16415 25.25803209280547 26078 
598 627 16890 18.59071929343368 27516 
599 627 17250 38.803799306662654 26606 
600 629 16079 39.89694505704026 27361 
601 629 16312 21.994862169944348 27799 
602 630 17496 23.57122208202553 27227 
603 630 17660 27.481933803891035 26543 
604 630 17345 23.06574970589623 26425 
605 635 17328 14.50370129299042 26562 
606 638 16134 36.37599703715928 26119 
607 638 17068 30.739527278685046 26644 
608 639 17188 28.56501523770205 26275 
609 640 17179 32.41430446588615 27164 
610 641 16696 44.031575717579074 26211 
611 642 16315 12.44518753323347 27719 
612 644 17514 27.439746324045547 27629 
613 649 15968 47.48119279467354 27118 
614 649 17167 17.078658735543364 27733 
615 650 16859 46.50489615738814 25998 
616 651 16138 10.360134804352054 26862 
617 653 17763 30.428269902608726 27686 
618 653 16353 28.45536532424714 26166 
619 654 17622 24.02760789988287 26958 
620 655 16840 15.761621642959987 26378 
621 656 16053 48.600148970225476 26515 
622 657 17166 17.519575464929588 26470 
623 658 16551 25.850094478610618 26313 
624 658 16021 47.836588179406654 27241 
625 660 17176 22.94387391245603 27436 
626 662 17299 37.63996764069316 26599 
627 662 16436 41.181465902918205 27678 
628 662 16571 31.178199668165032 27314 
629 663 16951 38.0319292413306 27812 
630 663 17105 11.0686409274992 27039 
631 664 17047 35.21087499271619 27417 
632 665 17166 39.19061130225832 26873 
633 666 17142 11.124701313488575 25941 
634 666 17128 32.58622296756031 27043 
635 667 16083 32.30081679553899 27590 
636 667 15865 12.822800179583735 27296 
637 668 17220 12.671156373439185 27179 
638 672 17019 45.88427473477821 26418 
639 672 16984 13.245854583140693 27490 
640 673 16410 19.06746888378363 25941 
641 676 16065 29.262836881671987 27609 
642 677 17824 18.721738775362525 27238 
643 678 16606 26.71910738729356 26856 
644 680 15863 41.38639774247278 27079 
645 681 16633 48.905920684537215 26039 
646 682 16314 18.53401628383164 27657 
647 685 17584 28.159717963572746 27844 
648 685 16520 44.37050095764786 26284 
649 686 17277 13.206797242743917 27424 
650 687 16214 29.608591057570287 25997 
651 688 17836 39.1303309534954 27353 
652 689 16034 31.27091859075766 26032 
653 690 16509 34.9325989802861 26142 
654 691 16561 37.38175221810178 27470 
655 691 17778 20.77855763310434 27755 
656 691 16627 49.78276756997237 27273 
657 695 16685 14.872852500429392 26167 
658 696 17681 31.728240845072765 27381 
659 697 16765 49.82296598341615 27762 
660 698 17665 45.23382434727445 26597 
661 701 17285 32.42294954913094 26133 
662 702 16269 22.09756361452633 26159 
663 702 16642 15.429259858852529 26619 
664 703 17584 49.99581294272584 27530 
665 705 15985 22.452240240266455 27046 
666 706 15935 18.60750316464059 27338 
667 709 16654 38.97217889859428 26455 
668 709 17111 47.83613003092446 26907 
669 711 17726 43.05097607176516 26701 
670 711 16857 32.127668007518295 26158 
671 711 16022 38.03489238182783 26754 
672 716 16815 18.226059922599127 27864 
673 716 17555 14.23989335905198 26532 
674 716 17443 31.676850007644983 26751 
675 717 16747 23.474019224290412 26895 
676 718 16255 33.35148041215358 27536 
677 718 15988 49.435955511902584 27573 
678 718 16587 11.615586694031808 27614 
679 718 17692 33.97982487401316 27031 
680 719 17505 41.79300569416197 27514 
681 719 16552 45.2627759516803 27822 
682 723 17770 27.467599046786 26042 
683 723 17598 30.70681096444616 27076 
684 723 17093 21.012995748649658 26631 
685 725 16647 41.85349419913685 27696 
686 726 16650 10.065381810864773 27543 
687 726 16903 13.232360454073602 27228 
688 726 17228 37.46986802856077 27837 
689 726 16454 48.702206456125225 27878 
690 727 16337 20.191711956966913 26254 
691 727 17224 46.51405990031447 26199 
692 727 17121 45.08588103565557 26325 
693 728 16362 23.034730384999442 27690 
694 729 17134 40.71672452790859 27048 
695 730 17669 21.50137298942881 26837 
696 731 17825 22.349324554966138 26065 
697 732 17444 17.776526470718544 26161 
698 733 17838 38.3117219685939 26833 
699 733 16569 11.545349553984256 27536 
700 733 16616 10.410756002800516 26494 
701 733 17076 23.690735269114136 26711 
702 734 16879 33.77106424051907 27516 
703 735 16524 36.4596224732491 26165 
704 736 15881 23.59238393768659 27734 
705 737 16614 24.08935716931589 26774 
706 737 17546 13.182845279995679 27043 
707 737 17293 14.114383020008106 27538 
708 737 17095 48.98314000255231 26426 
709 739 16206 21.373180561463386 26345 
710 739 16326 27.2639883572978 27244 
711 740 16125 25.834645311403378 27672 
712 740 17761 29.809102742401805 26611 
713 743 16551 21.52722265567396 26519 
714 743 15863 17.871920219198174 26033 
715 743 16942 21.002331912596823 27880 
716 744 17004 30.531208290720976 26880 
717 744 17415 10.903059298417833 27292 
718 745 17290 44.245338596475065 27868 
719 747 17495 17.74085940112336 27093 
720 747 16983 42.18056827247999 26283 
721 747 17053 27.575231286273997 26582 
722 747 16453 47.51283422762296 27327 
723 748 16331 11.841272370102857 26923 
724 748 16998 10.602794731651585 26327 
725 748 17408 38.61995334281481 27410 
726 749 16442 36.39778370035416 26391 
727 751 17262 25.354753921778862 27856 
728 751 16460 25.068202885607924 25975 
729 751 17580 23.324425097149742 26298 
730 752 17559 15.741203176373556 27665 
731 752 17166 39.312698185414106 27863 
732 752 16531 15.080122561331418 26200 
733 755 16876 27.759333259408 26593 
734 756 15989 42.50098895866926 27281 
735 756 16569 24.739204437074015 27512 
736 756 16199 46.79704146602038 27616 
737 757 15955 16.85266759433045 26915 
738 757 17822 14.66269724372709 27743 
739 759 16075 23.56966829924984 27215 
740 760 16795 31.483648324229133 26820 
741 760 16020 41.612293513234775 27560 
742 760 16720 21.420007407014886 26197 
743 760 16978 37.64857964672907 26325 
744 761 17582 43.736318931445176 27727 
745 761 17432 46.70791466962135 26291 
746 761 16474 41.71409958673112 27723 
747 762 17179 31.771507270896585 27790 
748 764 17832 46.32171115940369 26933 
749 765 17629 45.89049242817146 27173 
750 765 16577 30.80341720046024 26275 
751 766 16369 45.51151315531299 27777 
752 767 17809 31.833613173392298 27330 
753 768 16546 28.018378616170803 26332 
754 771 16850 20.59154522768921 27890 
755 773 17729 26.157361338540248 27494 
756 775 17096 16.757790746549777 27762 
757 775 16365 11.42709697212581 25984 
758 775 17063 19.277158014041134 26399 
759 777 16950 31.751921245226487 27015 
760 778 16910 32.37788393769781 26830 
761 780 16501 22.832738961669996 25949 
762 781 16008 16.915259124451612 26658 
763 781 16614 39.10174725397537 26906 
764 782 15954 14.330744679916787 27643 
765 783 16002 41.533380146484504 26557 
766 784 16107 12.052050366328405 26426 
767 785 17807 44.95138066343535 27759 
768 785 16519 20.988118229321948 27155 
769 785 16691 41.89103240177194 26871 
770 787 17573 18.835966539022042 26872 
771 787 16509 49.806050450136084 26941 
772 788 17640 48.70788214636371 27828 
773 793 16540 17.82151081946108 27447 
774 793 16074 21.88123943038411 27703 
775 796 16239 14.22614946815508 26800 
776 797 16296 37.387968220287284 27166 
777 798 16600 26.88031027600866 27514 
778 798 17030 46.67204628359695 26263 
779 799 17275 48.37428965340061 26067 
780 801 16419 44.1931677016891 27568 
781 803 17348 48.73926357858209 27278 
782 803 17470 38.05830846566166 26054 
783 804 17347 14.122674726498525 27460 
784 805 16737 20.645310419893974 26328 
785 805 16838 49.80414464066466 27059 
786 805 17711 46.20683920424484 26219 
787 806 15914 49.1188585445657 26654 
788 807 16181 32.07293544921359 27615 
789 808 17840 22.499096146765574 27103 
790 809 17450 13.53336378004073 26982 
791 810 16683 29.760579146775722 26843 
792 811 16134 15.200372111265072 27174 
793 812 16047 48.60122747134711 27713 
794 813 16503 33.77311852320322 26174 
795 813 16448 10.679329956158249 27476 
796 816 16444 18.353505039802567 26742 
797 816 17500 16.3112184519691 27324 
798 817 16591 38.96058072172478 27541 
799 818 17764 26.69351276582897 26315 
800 818 17502 44.998936984022095 26493 
801 820 16923 44.978655095045546 27835 
802 820 15998 34.33140563002917 27799 
803 821 16463 41.75765623561864 26645 
804 826 17606 45.909554086165116 26983 
805 827 16292 33.81616657882973 27069 
806 827 17741 20.336831117502825 26036 
807 827 16877 44.40250460207844 26872 
808 827 16393 39.45902981702009 27718 
809 828 17682 46.78324516887093 26197 
810 829 16227 34.44806545679124 26474 
811 829 17474 46.522736861292685 27161 
812 830 17769 41.681515944710405 27353 
813 831 16324 40.30732818114632 26463 
814 831 16688 30.19737500399334 26243 
815 833 17529 14.550692728474846 26952 
816 834 16728 29.83775622653853 26551 
817 834 16279 48.26251394065545 26649 
818 834 16870 48.02441707365853 26096 
819 834 17805 21.967100529958458 27334 
820 835 17056 31.078452754164783 27335 
821 835 17717 26.392460836905023 26867 
822 835 17033 23.64573692402898 27238 
823 836 17326 49.84630149942361 27201 
824 836 17079 35.336760589929696 27161 
825 839 16719 36.69412685958031 26378 
826 840 17101 28.038289141776115 27630 
827 841 17812 49.711697732967686 26675 
828 841 16664 16.50671945084212 27065 
829 841 17787 47.64920823216114 26775 
830 842 15899 19.98867128597446 27524 
831 842 16235 31.112974625098513 26336 
832 844 17821 45.335677643089255 26160 
833 846 17281 22.603126481688548 26145 
834 847 16075 30.174465093041903 26766 
835 850 17658 36.8403856120177 26737 
836 851 16098 15.394385015448183 27636 
837 851 17830 48.32145592856292 26741 
838 851 16056 49.03210329912346 27664 
839 852 16472 24.89031097082656 27381 
840 853 16088 27.46575643949234 27113 
841 854 16860 45.531085774716104 26742 
842 858 16232 16.26147023433514 27317 
843 858 16922 34.155131999945255 27584 
844 859 17046 22.57644294935405 26927 
845 861 16034 36.83063270332009 26636 
846 861 17182 13.225188031307633 26893 
847 862 17308 30.26947315069951 27767 
848 863 16851 25.232580122007747 25947 
849 863 16843 33.128176973063624 26053 
850 865 17431 15.42368222071065 27718 
851 865 16496 35.22825862391629 25935 
852 865 17676 16.212874790536297 27657 
853 866 16722 36.62504436641393 25957 
854 867 17215 18.479709922975914 27205 
855 871 15926 49.28081340803266 27252 
856 871 17331 32.39143614872197 27827 
857 871 17331 33.37901550583357 27113 
858 873 16536 46.09536433278889 26462 
859 873 16468 22.4373503168035 27655 
860 873 17400 32.46045540687841 26171 
861 874 17027 41.630371255376545 27823 
862 876 17257 31.179725556333352 26757 
863 877 15854 22.78537373055578 27212 
864 877 17674 34.17107047401977 26982 
865 878 17812 17.5724108650641 26176 
866 878 16478 16.71015380131408 26725 
867 879 16667 12.08317743177231 26707 
868 879 17590 17.610989821726587 26340 
869 879 17441 45.50023446130814 26639 
870 879 16265 34.58197149520439 26940 
871 880 17562 12.238438859855819 27716 
872 881 16514 48.89052686611012 26568 
873 882 17299 33.21889145170743 27306 
874 882 17581 38.15116322231624 26455 
875 882 16153 18.879672616227392 27813 
876 883 16760 11.097294790919392 26070 
877 884 17638 15.485638312216562 26996 
878 885 17209 14.738491745049348 27753 
879 885 17499 21.618158332772953 27237 
880 886 17801 46.1658774406599 26421 
881 886 17730 41.664552383971696 25994 
882 888 17578 16.861512285292836 26371 
883 888 17421 44.227241647760195 27806 
884 888 17229 25.633348288400835 27894 
885 891 17068 31.091616223195345 27533 
886 892 15855 38.97633490167787 26885 
887 892 16181 31.816823264681947 26086 
888 893 17562 41.07519797715996 26680 
889 896 17150 22.426960929660673 26693 
890 897 17732 20.97607407379723 26696 
891 898 15878 48.752539982227546 27653 
892 898 16702 40.84523799857823 25899 
893 900 17102 20.83151721715157 26051 
894 901 17170 37.41548157375768 26614 
895 903 15964 11.535059785706267 26871 
896 904 17622 43.481160904166984 27614 
897 905 16629 43.18690507038361 26431 
898 906 17178 28.647562372627018 27085 
899 910 17091 14.669687308297195 26183 
900 911 17832 21.09488867564329 25957 
901 911 16532 17.053012390494406 26184 
902 912 17514 21.978823925372744 27196 
903 912 16465 26.22702179120656 27016 
904 912 17768 48.432721029393115 25959 
905 912 17171 46.298380816273706 26335 
906 915 15857 37.97049989937915 27321 
907 915 17230 30.582908967050628 26984 
908 915 17099 31.613304259756255 26925 
909 916 17167 26.625215447450824 26196 
910 916 16992 24.37486189126091 27532 
911 917 16550 43.35056073573534 26242 
912 918 16066 37.20999900724769 26887 
913 919 16731 32.788049630415586 26171 
914 919 15982 48.30470853919976 27164 
915 924 17494 20.124187294330987 27681 
916 924 17267 45.884575871169766 26177 
917 925 17432 16.66183494337826 26143 
918 925 16075 20.894427597035335 26788 
919 928 16964 11.558370257900767 25986 
920 928 16428 38.31458483562206 26087 
921 929 17624 38.46867936343637 26685 
922 929 16354 25.56394560815037 25987 
923 929 16859 39.068071919109144 26235 
924 930 17758 28.196106160684245 25968 
925 930 17278 44.34143521429175 27502 
926 930 17155 23.514718659770303 26508 
927 930 16378 15.210322436359341 27400 
928 931 15878 40.94202846166607 25903 
929 935 16470 41.452985629755155 25969 
930 936 16814 24.947623564809685 26687 
931 936 16180 17.06008473902488 26106 
932 936 16168 11.446934289664537 26544 
933 937 17383 35.77659213338175 27635 
934 937 16035 21.5088091870026 26250 
935 938 17700 36.39516410222812 27149 
936 940 17519 30.511246191585023 27753 
937 940 17406 31.780256189505153 25932 
938 941 16084 45.9795308013732 26139 
939 943 17722 24.53832254991103 26084 
940 944 16488 15.757802815625809 27117 
941 945 17588 29.638595627500482 26579 
942 945 17309 45.04309236829661 26456 
943 946 16998 18.216423623448783 27316 
944 947 16244 49.58362704018499 27872 
945 948 17696 43.0295336367639 27616 
946 948 17011 49.22265424683988 26264 
947 949 16815 20.783097291605355 26446 
948 949 17418 26.330655837404777 26588 
949 950 16200 23.872403496775398 25978 
950 954 15962 10.14837963407829 27009 
951 956 16947 48.210506959968335 27624 
952 956 16970 31.17644101988112 26519 
953 956 16274 28.338583256018282 26429 
954 957 17692 43.65484389023283 27257 
955 959 17481 40.278455448728586 27659 
956 960 15865 44.14527132732882 26738 
957 961 16967 19.412327665867895 27248 
958 961 16769 11.808939715261314 27330 
959 966 16950 17.86641551000589 27796 
960 967 16916 44.64244453221435 27158 
961 969 16727 29.480319670648754 27318 
962 970 16774 40.165707467601784 26946 
963 970 16737 25.989241731794262 26835 
964 971 17349 18.42592589030066 27727 
965 973 17456 12.37090479607101 26746 
966 974 17596 14.743787630836875 25991 
967 975 17816 35.831379515203565 27664 
968 975 16518 30.485170744660337 27148 
969 976 16538 19.698712636003922 27056 
970 977 15969 13.622579821981585 27196 
971 977 16721 27.032937908904483 26721 
972 978 16656 28.090237989475497 26417 
973 979 17523 11.870476739482388 26415 
974 979 16784 22.498349734086123 26416 
975 980 16698 48.53521400553321 26223 
976 983 17547 21.814032668642994 27165 
977 984 15985 42.06327228620672 26231 
978 986 17420 25.1006165924338 27821 
979 987 15998 17.15441319977254 26672 
980 987 16154 37.57870847004541 26942 
981 987 16661 43.327568007602814 26406 
982 987 16382 33.71266005206623 26294 
983 988 17842 13.358789748621312 27030 
984 989 17830 39.174704065757055 26842 
985 991 16081 36.77781744650697 27523 
986 991 16187 28.91841596242947 26816 
987 992 16175 20.57692833878765 26282 
988 994 17005 31.383108561626734 25966 
989 995 17759 25.046316370805393 26762 
990 995 17811 19.475808423702752 26510 
991 996 16803 24.866251879467054 27268 
992 997 17077 36.82142624907004 26603 
993 997 15868 34.29951193603716 27616 
994 998 17153 17.207633782890042 27445 
995 1001 16669 13.124315965849878 27228 
996 1002 16720 32.60163795294342 26480 
997 1003 17297 15.143681699727306 26792 
998 1004 17237 13.473335046984953 26390 
999 1004 17658 41.3647285954153 27543 
1000 1007 17562 29.367763401045668 27076 
1001 1008 16757 21.296750944978925 26411 
1002 1009 15869 18.14542807073159 27478 
1003 1012 17200 37.413765598004815 27449 
1004 1017 17175 32.51800744461802 27178 
1005 1020 16957 16.77787573914266 26380 
1006 1021 15861 40.524346065220165 26629 
1007 1022 16854 20.27241112484902 27474 
1008 1026 17547 45.118973669367364 27615 
1009 1026 16641 28.148535976526038 26026 
1010 1026 16880 34.61711141156563 27411 
1011 1026 16102 42.58231065893496 26070 
1012 1029 16721 24.788588752614356 26443 
1013 1030 17172 37.75224249927681 25931 
1014 1030 16071 37.20152290169885 26419 
1015 1031 16536 20.132482968159415 27149 
1016 1032 17617 48.712653559199225 26694 
1017 1033 16599 49.208362254035634 26785 
1018 1033 17253 49.07621384630286 26340 
1019 1036 16097 11.729021040320195 27808 
1020 1037 16364 35.49764607939663 27471 
1021 1039 17679 49.51478565584264 27659 
1022 1042 16187 25.54311792095566 26671 
1023 1043 17279 25.412228011726647 26035 
1024 1044 15995 10.129885020368183 26063 
1025 1047 17247 44.58088193227346 26802 
1026 1049 16292 45.78642165619963 27411 
1027 1049 16690 15.421134287089746 26098 
1028 1050 17629 27.809648762626015 26777 
1029 1051 16157 49.846328703973455 26918 
1030 1051 16680 17.789880882465063 27283 
1031 1052 16376 38.034198894348606 27845 
1032 1055 16724 42.66318452436815 25992 
1033 1057 16861 28.133125091348976 27397 
1034 1057 17383 42.66552748491136 26008 
1035 1058 16732 27.954684079091592 27584 
1036 1059 17503 13.689734154141554 26961 
1037 1059 16632 32.282654329037676 26263 
1038 1059 16587 46.91967374560904 26783 
1039 1062 17510 33.352610873432766 26215 
1040 1062 16573 40.48682555982035 27725 
1041 1064 17553 21.4804618524365 25972 
1042 1065 16448 19.219747805314288 25956 
1043 1067 17781 23.251549635744357 26386 
1044 1069 17565 48.390497580886155 26842 
1045 1070 16558 38.68268739308254 27339 
1046 1070 17695 34.00421263009075 25998 
1047 1077 16475 34.97892939053382 26358 
1048 1078 16307 18.967481565474973 27576 
1049 1079 17721 33.586642055671625 26760 
1050 1080 17236 44.531023912491115 26625 
1051 1083 16342 11.310770285151364 26736 
1052 1084 17752 17.7680471427353 26644 
1053 1084 17147 25.573043288048176 27697 
1054 1084 15946 29.70026919153444 27307 
1055 1086 15871 42.71753325867776 27067 
1056 1086 16817 49.87324181578475 27376 
1057 1087 16510 27.616771913661825 27336 
1058 1089 16185 47.19506948105866 26381 
1059 1090 17085 41.33557180578372 26964 
1060 1091 16571 29.535101658887374 25930 
1061 1091 17589 23.575694344377304 25954 
1062 1092 17617 44.990918818676214 26455 
1063 1094 16593 39.18379601074026 26840 
1064 1095 17062 40.55103412842317 27796 
1065 1096 17240 18.478480339812137 25898 
1066 1096 16005 43.919296204521345 26472 
1067 1097 16880 38.5427327687725 27438 
1068 1098 16692 42.89921215647403 26322 
1069 1100 16302 49.54364288745216 26945 
1070 1102 16666 43.800738009487404 27125 
1071 1103 15996 49.11055565850564 26355 
1072 1107 17712 35.371533513602024 26460 
1073 1109 17578 26.76749804360222 26992 
1074 1110 17823 37.29289728503056 27590 
1075 1110 16894 30.807828764950283 26645 
1076 1111 16293 39.67485116991641 26628 
1077 1111 17274 42.812475580402236 26142 
1078 1112 15915 35.28837845370883 27014 
1079 1117 16017 24.54511554980214 27389 
1080 1118 16987 31.23016782324814 26776 
1081 1119 17272 15.44106508669454 26604 
1082 1120 16289 21.570442551856324 27867 
1083 1121 16268 17.247322282005367 27663 
1084 1121 17660 35.926337399625524 25898 
1085 1121 16218 30.228710831509368 26053 
1086 1122 16947 19.553374504011934 27402 
1087 1123 16641 30.15886607245546 27213 
1088 1123 15988 19.777388745668432 26145 
1089 1124 15958 11.286157776186666 27332 
1090 1126 17505 22.482926468721804 26394 
1091 1128 17105 44.0753047362583 26744 
1092 1129 16803 47.49831920058797 27489 
1093 1129 17800 16.55212134309185 26598 
1094 1129 17776 19.003893800947516 26177 
1095 1129 16399 11.424766962598856 27580 
1096 1131 16678 15.780145643851915 27029 
1097 1131 16203 18.371485160086255 27509 
1098 1131 17733 31.21049718718854 27799 
1099 1131 16080 11.53531508400064 27200 
1100 1132 17540 38.80155951277564 27328 
1101 1134 17438 27.627675264521827 26392 
1102 1135 17323 47.78674524767532 27419 
1103 1137 17381 16.426050192692273 26342 
1104 1137 16072 22.323659873347093 26078 
1105 1137 16986 29.83851146470534 27168 
1106 1138 16498 23.533717604917133 26325 
1107 1139 16750 28.76481032403174 27164 
1108 1141 16035 13.292534496423048 26324 
1109 1142 17579 46.15227450114918 27417 
1110 1142 16921 20.369758677185263 26412 
1111 1143 15969 17.076267742945884 26760 
1112 1143 16603 17.851277667608937 26804 
1113 1144 17420 17.399482278655306 26907 
1114 1144 16126 16.168039877638037 26847 
1115 1145 15937 25.81339576631585 26898 
1116 1145 16033 17.73516919043199 26485 
1117 1146 17132 49.20318717735215 27062 
1118 1146 16560 11.316135284230118 27597 
1119 1147 17084 31.78518307167596 27677 
1120 1148 16278 19.90453547577062 26686 
1121 1149 16484 39.719670682732314 27818 
1122 1149 17475 22.37974347751738 26185 
1123 1151 15973 48.52043250748232 27817 
1124 1151 16223 29.007172265094606 26849 
1125 1151 16177 40.56307992240171 25939 
1126 1152 16646 40.996610134793144 27228 
1127 1153 17776 38.6413924607365 26390 
1128 1154 16932 47.5320540212175 27530 
1129 1155 17638 39.69745709203022 27831 
1130 1155 17689 22.255729899139137 26775 
1131 1156 17440 14.023832093170085 26188 
1132 1156 17404 42.291259511780545 27253 
1133 1157 16257 34.871256923396544 27302 
1134 1158 17261 38.07597015168152 26890 
1135 1159 16375 16.682293248358388 26018 
1136 1159 16435 41.68859260598774 27866 
1137 1160 17681 42.87724084788141 26741 
1138 1160 17387 25.763841930321725 26963 
1139 1161 16317 42.493611753347494 26320 
1140 1161 17436 29.139161325360977 27068 
1141 1164 16557 39.1833229604532 26097 
1142 1164 17154 40.0231619265997 26915 
1143 1164 17566 46.21696525314877 27230 
1144 1164 17112 38.67714947650842 27640 
1145 1164 16389 30.7865877521215 27171 
1146 1165 17128 14.974572781338793 26071 
1147 1165 16020 24.140053126067926 26707 
1148 1165 17645 22.161803117349702 27399 
1149 1168 17004 21.040376270958365 26445 
1150 1168 16200 27.334601434942066 27642 
1151 1169 16580 18.227794918820276 26617 
1152 1169 16322 34.13998129949563 26376 
1153 1170 16468 36.76209002792308 27513 
1154 1171 16247 16.344815756779354 27310 
1155 1171 17632 13.821788167477798 27649 
1156 1171 16877 44.84462562813821 26842 
1157 1172 16330 36.187211279427686 26579 
1158 1172 16929 31.92315566211031 27196 
1159 1177 17301 29.640842909713463 27382 
1160 1177 16839 38.46349707039328 26287 
1161 1179 16358 21.743828547235616 27228 
1162 1179 17528 14.331945691027514 27756 
1163 1180 17531 48.81027454256437 26217 
1164 1182 17665 36.15579138474102 26972 
1165 1182 17322 32.85020770910266 27513 
1166 1183 16482 48.48800578798941 26847 
1167 1183 17509 16.317090721909103 25935 
1168 1184 16073 15.599577883121531 26036 
1169 1185 16362 25.4244509893112 27587 
1170 1185 17111 46.761339709558946 27820 
1171 1186 16090 36.505293550155926 27128 
1172 1187 16270 20.117810385802994 27499 
1173 1189 16190 29.434082031697688 26869 
1174 1189 17101 14.584502566026497 27817 
1175 1189 17521 23.5147201852013 27700 
1176 1189 17477 40.487821329208046 26313 
1177 1190 16963 22.54787093862928 27108 
1178 1190 16308 33.308258334259314 26669 
1179 1191 17519 15.088785677583147 26784 
1180 1192 17798 33.172386664776425 26592 
1181 1192 16820 45.9413641930715 26362 
1182 1194 15968 10.54321704189519 26996 
1183 1194 17431 17.57221454021498 26431 
1184 1195 16376 10.42245932503441 26243 
1185 1197 17843 19.396475503920886 27315 
1186 1198 17473 19.198313770075494 27527 
1187 1199 16258 25.822321160496287 26739 
1188 1202 17132 20.812501649298923 25951 
1189 1203 16943 12.505582932716628 26331 
1190 1204 17016 28.59948040968005 26220 
1191 1204 15873 37.97721240625524 26894 
1192 1206 17603 16.80277547389547 27460 
1193 1207 17503 19.15562760074669 26369 
1194 1209 17272 35.00400217306582 27810 
1195 1209 16648 43.79162061410245 27638 
1196 1209 16523 40.059482201348956 26291 
1197 1212 16410 38.07581533941715 27243 
1198 1212 17548 47.97120575317329 26143 
1199 1212 17378 41.9925524353021 26493 
1200 1213 15892 44.75242357772074 26723 
1201 1214 17054 18.311031855490867 26975 
1202 1216 17792 41.06850832262091 27034 
1203 1217 16631 12.89576111813913 27204 
1204 1219 16039 22.28463316419607 27419 
1205 1220 17246 41.68673057339818 26699 
1206 1221 16667 19.47917086305157 27191 
1207 1221 15995 11.689026860676886 27043 
1208 1222 16471 34.80102926638849 27883 
1209 1223 17834 19.360344962819816 26225 
1210 1226 16484 20.082814431317896 25981 
1211 1226 16897 48.733640386359646 26872 
1212 1227 15939 20.31737648907281 27558 
1213 1228 16667 45.9430572907997 26349 
1214 1228 17522 14.266076617103653 26583 
1215 1229 16741 34.65296109544921 27149 
1216 1229 15970 19.31269981554326 26372 
1217 1230 17600 47.82177371604404 27502 
1218 1230 17432 16.484905258122527 26287 
1219 1231 17193 44.750255233061196 26862 
1220 1231 16103 11.194374156930603 26131 
1221 1231 16097 16.318317078875054 26645 
1222 1232 16375 28.863302855364715 27389 
1223 1234 16657 22.564599678064027 27264 
1224 1236 17274 30.840254294789148 27572 
1225 1241 17699 40.52033009150786 26580 
1226 1241 16317 48.14268041779154 26884 
1227 1245 17686 28.8768898071263 27416 
1228 1245 17217 19.11888556037102 27017 
1229 1245 17122 28.39691865454476 27704 
1230 1246 15948 21.752718955534974 26204 
1231 1246 17792 23.740607141374717 26279 
1232 1248 16482 12.456302674768263 27459 
1233 1249 17388 28.07165611007187 27317 
1234 1251 17058 45.903939341514466 27876 
1235 1254 17816 12.840708834070384 27213 
1236 1255 16027 47.98848851388382 27165 
1237 1256 16498 33.53035946950197 27626 
1238 1258 16402 37.93029009288952 25907 
1239 1261 17027 36.97408965332064 27277 
1240 1261 17059 24.068423511909877 27517 
1241 1262 16718 35.050458722321196 27824 
1242 1262 15973 31.141708232282433 26276 
1243 1264 16178 22.975431807050025 27335 
1244 1265 16238 47.1009413146728 26746 
1245 1266 16173 21.372143881200806 25912 
1246 1266 17091 29.515675456539952 27373 
1247 1267 17484 41.9588600430149 27139 
1248 1269 16597 35.68014564871526 27807 
1249 1270 16394 35.299236574676186 26477 
1250 1270 16875 11.622633828287348 26740 
1251 1271 15899 42.23651649775682 26572 
1252 1271 17397 24.58072839285243 26012 
1253 1273 16214 27.03490237357968 27190 
1254 1274 17280 21.129188167665582 27487 
1255 1275 17175 27.43083327804054 27360 
1256 1276 17769 28.072575391322367 26949 
1257 1277 16367 23.252507978106777 27484 
1258 1277 16320 40.87582759150859 26570 
1259 1279 16658 33.138976249826136 27690 
1260 1279 17494 17.606796774631356 27115 
1261 1281 17404 43.24766058737701 27551 
1262 1281 17581 33.94785794299427 26007 
1263 1281 17380 22.38607760904827 26530 
1264 1281 17764 27.138690936654367 26887 
1265 1282 15965 15.213572574021557 26359 
1266 1283 17819 17.597101804858593 27008 
1267 1284 17789 34.26855887674181 26482 
1268 1284 17286 13.551449003014868 25974 
1269 1285 16266 49.19796261544297 27349 
1270 1285 16764 39.698603867158944 27835 
1271 1288 17479 19.31223492256857 25905 
1272 1289 17133 41.71206299442433 27475 
1273 1290 17458 24.751712462172286 26826 
1274 1290 17660 25.542046376300416 27368 
1275 1290 16194 10.420294581433364 26252 
1276 1291 16424 18.359525282835865 26410 
1277 1291 15887 16.45565620551335 25995 
1278 1291 17423 28.56479717045133 27714 
1279 1293 17532 38.87352925813896 26055 
1280 1294 17039 36.70828099124003 26500 
1281 1298 16101 46.998126950905174 27295 
1282 1298 17436 33.12907764565345 25939 
1283 1300 15987 32.090426727440885 26897 
1284 1300 16380 33.949911654877205 27220 
1285 1300 17000 17.89747711840537 27502 
1286 1300 16278 41.66736803840138 27461 
1287 1300 17241 31.043157565211814 27775 
1288 1301 15954 43.645881324508174 26080 
1289 1302 16437 48.87455131750271 26384 
1290 1302 16535 37.59193906256358 27642 
1291 1308 16011 38.981717199057705 26542 
1292 1308 17516 23.64315057117033 26828 
1293 1309 17345 43.08171790076284 26896 
1294 1309 16606 37.76551379698502 27276 
1295 1309 15942 37.861021479668594 26577 
1296 1310 16634 25.05657100196798 26766 
1297 1310 17634 32.98600416834206 26000 
1298 1312 17764 15.134066512205449 27011 
1299 1313 16466 47.12993229899227 26624 
1300 1314 16223 10.41817328176457 27758 
1301 1315 17815 49.20525643938771 25986 
1302 1316 17444 10.183851857574355 26390 
1303 1317 17354 32.08977317158961 26660 
1304 1317 16593 49.21991869932207 27322 
1305 1318 17252 12.745570089414304 26882 
1306 1319 17458 49.63009111202621 27364 
1307 1320 16917 31.54582448173514 26858 
1308 1321 17836 39.70700275117093 27858 
1309 1321 17057 42.301457985004006 27154 
1310 1322 16455 25.829771176606904 27843 
1311 1322 16371 19.422220917898272 26243 
1312 1323 16066 11.829524717953381 26170 
1313 1323 16247 27.186955577329638 26434 
1314 1327 16825 33.47921410474356 26670 
1315 1328 17795 13.510879890263912 26409 
1316 1328 17329 35.92350366560072 27759 
1317 1331 15902 27.858560896153097 26178 
1318 1331 17523 21.999041214485644 27509 
1319 1332 17102 49.73980894539182 26102 
1320 1332 16176 33.585950577317604 26213 
1321 1333 16898 24.622514990049687 27311 
1322 1334 16489 10.495280692642552 26330 
1323 1335 17748 36.51853436091798 27043 
1324 1335 16685 27.82797618893044 26752 
1325 1337 16471 31.75272220803686 26679 
1326 1339 16934 48.569499693212975 26508 
1327 1340 15968 45.06571013198019 27270 
1328 1341 17643 47.17717151772409 26646 
1329 1341 16865 16.582097286498694 27608 
1330 1342 17078 37.04509054298276 27106 
1331 1343 17502 11.184502154377206 27222 
1332 1343 16502 20.496242164729928 26483 
1333 1345 16808 48.57863348922126 26462 
1334 1347 17328 20.71768269807027 27715 
1335 1348 16847 25.317504287893247 26752 
1336 1348 16591 48.8365880090449 26878 
1337 1349 16107 26.04127201781544 25975 
1338 1351 16119 13.207412470492104 27831 
1339 1351 16129 15.216217772582738 27148 
1340 1353 16694 28.059980721244884 27535 
1341 1354 16184 28.912032739878647 26397 
1342 1354 16810 25.334857690584474 27798 
1343 1354 16040 22.534369530515313 26792 
1344 1356 16111 32.09080132859473 27524 
1345 1357 16608 42.98808722313193 26343 
1346 1357 17731 46.40455481049915 27565 
1347 1358 17289 43.14600864243531 27169 
1348 1359 17106 16.463572501476413 27526 
1349 1359 17060 41.02447732194467 27295 
1350 1359 16649 49.73789148445307 26876 
1351 1361 17551 27.878844901348998 27845 
1352 1361 17297 25.40184487487915 27073 
1353 1362 16557 14.194952881591888 27526 
1354 1362 16935 33.50675750660999 27195 
1355 1363 17586 12.409939854371368 27535 
1356 1363 16296 35.31896794308494 26846 
1357 1364 16310 44.04126543804501 26682 
1358 1365 17635 15.623773735596366 26966 
1359 1367 15901 49.08772480466241 26991 
1360 1368 17226 37.772316792859236 27144 
1361 1369 16254 49.79863990622518 26193 
1362 1372 16142 14.13081103871162 26940 
1363 1372 17347 10.91468648875022 26765 
1364 1373 17630 18.603422626795584 26380 
1365 1375 16877 32.15241503430843 27572 
1366 1375 17337 37.781771997898076 27086 
1367 1377 16046 46.096056484609036 27078 
1368 1378 17487 45.52153092022582 26008 
1369 1378 16338 37.893124308556615 26848 
1370 1378 16257 19.22466543030916 26873 
1371 1379 17232 18.713425266184398 26333 
1372 1383 17578 12.556934473134902 27735 
1373 1384 16681 34.50122909576921 27232 
1374 1386 16317 36.75736345030444 26368 
1375 1387 16975 33.19581270208085 26080 
1376 1387 15967 14.992363698708072 26125 
1377 1389 16954 33.13913693542992 27554 
1378 1390 17383 49.65672061481163 27592 
1379 1390 17823 36.91753911599953 26701 
1380 1390 17751 15.988336687860896 26328 
1381 1390 17116 27.71419139604836 26773 
1382 1391 17501 14.25465375375393 27817 
1383 1392 16783 16.223268881668133 27327 
1384 1393 16202 37.23871501708061 26625 
1385 1394 17816 41.32164993491282 27763 
1386 1394 17003 17.32446456433532 26272 
1387 1397 17825 20.895525458948928 27423 
1388 1401 16383 41.014122689342045 27548 
1389 1402 16698 11.68857012667666 26465 
1390 1403 15902 33.72018703327605 26600 
1391 1403 16785 49.57498853954139 26370 
1392 1406 17536 39.236745057665345 26656 
1393 1408 15984 40.81488773457262 27859 
1394 1408 17221 31.607124148261224 26440 
1395 1408 17434 28.73165513217318 27336 
1396 1408 15912 25.792358408738206 26165 
1397 1409 17378 34.307172962738015 26024 
1398 1410 15901 48.5095294969036 26890 
1399 1410 16389 34.35276066409049 27478 
1400 1410 17776 19.991891330739698 26537 
1401 1411 16502 19.19403723172021 27704 
1402 1412 16940 25.861592248676644 25949 
1403 1412 17302 31.911752354844513 27199 
1404 1414 17760 35.78300092739907 26429 
1405 1416 17335 12.803623461663971 26395 
1406 1417 16291 41.87801077620537 26057 
1407 1417 15952 24.71177917972448 25976 
1408 1418 17534 25.16215612207963 27551 
1409 1419 16060 47.23797369621018 26966 
1410 1419 16015 35.73768255207 26782 
1411 1420 17395 47.950850731890654 26263 
1412 1422 17370 23.201968225294696 25972 
1413 1423 17458 11.430025252696204 25994 
1414 1424 16932 15.555840347732858 27163 
1415 1425 17440 41.47427398690724 25971 
1416 1426 15924 14.901918064292072 27294 
1417 1428 17487 11.302776644464881 26053 
1418 1429 16863 46.81417618132024 26872 
1419 1430 16909 33.26800546960035 27028 
1420 1431 16170 38.31511034824057 27402 
1421 1432 17150 35.38843905212943 27861 
1422 1433 16918 30.47085757646457 25999 
1423 1434 17586 13.33104794832698 27549 
1424 1434 16437 16.968587649883023 26575 
1425 1436 16877 28.558370203703443 26626 
1426 1438 15998 18.44443903163957 27114 
1427 1440 17765 48.31369311238817 26484 
1428 1442 15952 38.62326253050619 27727 
1429 1442 17522 38.07922131083902 27678 
1430 1444 16638 35.75379386530949 26793 
1431 1444 17095 17.901411193934116 27006 
1432 1446 17682 46.936387094512725 27105 
1433 1447 17770 48.03741060207225 26665 
1434 1451 17804 38.52802320109137 27703 
1435 1451 17601 41.55557309960618 27308 
1436 1452 16857 22.629965220655635 26816 
1437 1454 16541 32.916854290031196 26326 
1438 1455 17566 13.360379686820503 27830 
1439 1455 17432 14.166994723682356 27759 
1440 1456 16757 18.932369506467634 27702 
1441 1456 16436 12.804877953396222 27411 
1442 1457 16167 43.92154901247074 26029 
1443 1457 17488 16.67164364567917 26618 
1444 1458 16138 17.9463716496954 27810 
1445 1459 16140 40.82961074957814 27748 
1446 1459 17228 36.17980774909689 26400 
1447 1460 15982 25.408979912922153 26626 
1448 1462 16828 48.65324577419565 26749 
1449 1463 16063 44.24746271490668 26337 
1450 1463 16512 46.609744761877636 27321 
1451 1467 17444 30.63958667766869 27382 
1452 1468 16591 16.72724469007229 27077 
1453 1468 16295 38.25295050417358 26170 
1454 1471 17515 41.3816914044599 27203 
1455 1471 15943 17.869514283595088 25955 
1456 1473 17351 23.52932568767685 25972 
1457 1475 17800 40.95408154210342 26316 
1458 1475 15900 20.376469393408136 26908 
1459 1475 16198 32.46371390488039 27897 
1460 1478 17406 14.226820576785348 26292 
1461 1478 17512 29.504617052042672 27879 
1462 1481 17808 42.60411687484683 27785 
1463 1481 17804 19.399502021774957 25918 
1464 1481 17058 40.797606623554 26825 
1465 1482 17257 45.40864533766555 27180 
1466 1483 17031 10.162730847925205 26921 
1467 1485 16298 48.99547012961394 26430 
1468 1486 16969 25.09028946759158 27875 
1469 1489 16394 39.23956827684041 26871 
1470 1491 17537 33.28380884171444 26469 
1471 1493 17374 32.423610578764034 27883 
1472 1495 16471 11.851496729749801 26943 
1473 1497 16913 37.94417586870453 27759 
1474 1497 16293 29.157131246503972 26726 
1475 1498 16373 39.939297043001744 27596 
1476 1498 16682 45.452112083940776 27516 
1477 1498 16817 25.8231679450093 26847 
1478 1498 16673 15.561346851414557 26062 
1479 1498 16500 46.76599899345823 26838 
1480 1498 16431 10.313325308828354 26214 
1481 1499 16204 49.264531785632244 27134 
1482 1499 16276 30.489212359160746 27019 
1483 1499 17240 43.24718249421366 25988 
1484 1501 17552 40.0071531858427 27597 
1485 1501 16568 27.856416920916516 26168 
1486 1501 17399 41.6062413299884 27776 
1487 1502 16653 14.643812750928515 27469 
1488 1502 16270 33.88629561074515 26348 
1489 1504 16070 32.955185724926395 27394 
1490 1504 16984 23.16210037675003 27659 
1491 1505 16545 18.6719504506801 27210 
1492 1505 17581 44.05351690272748 26649 
1493 1506 15985 33.81599880535501 27395 
1494 1506 16704 11.478930650648032 25928 
1495 1506 17005 49.43244592665623 27033 
1496 1507 16766 47.251472659474814 26277 
1497 1508 15870 16.952564513392126 26375 
1498 1509 17547 43.08583230550995 26397 
1499 1509 17532 30.15719312461123 25958 
1500 1509 16837 16.600624510508716 26719 
1501 1510 17210 47.99292672495519 27227 
1502 1510 17252 13.030475523258293 27531 
1503 1511 17295 43.12922928926852 26329 
1504 1511 17280 14.709059095205994 27309 
1505 1512 17276 33.022598006843424 26593 
1506 1513 17169 34.177759487647265 26641 
1507 1513 16306 23.354072484474187 26198 
1508 1514 15976 41.7973370831855 26925 
1509 1516 16572 27.364429099215624 27449 
1510 1518 15904 27.03985084106932 26128 
1511 1520 16310 41.2093132513687 25937 
1512 1520 16233 25.822013695288646 26622 
1513 1521 16933 23.27848713405342 26142 
1514 1521 15851 31.29563706509233 27785 
1515 1521 17011 35.44164548226446 26713 
1516 1522 15949 46.363211813835065 26085 
1517 1523 16135 21.35274526731311 27308 
1518 1524 16142 11.918936850450205 26356 
1519 1526 16447 16.54909913184181 26252 
1520 1527 16615 19.078091387006882 27024 
1521 1527 17179 27.031403155430755 27368 
1522 1528 16495 10.324740316974271 27810 
1523 1528 16360 39.44514757191882 27150 
1524 1529 17409 24.03002269159456 27430 
1525 1532 17110 19.355912011014368 26625 
1526 1532 17387 45.82384245874877 26579 
1527 1533 16465 27.606375153851488 26701 
1528 1534 16118 13.647427232490728 26027 
1529 1535 17651 25.55974578607557 25951 
1530 1535 17614 41.162974929209696 26325 
1531 1535 17637 35.89575159478771 26649 
1532 1536 15982 45.01042305108774 26160 
1533 1538 16089 27.079587046922 26020 
1534 1540 17762 16.041346169021757 26423 
1535 1540 17321 33.09011824392941 27213 
1536 1541 16213 14.901998739967205 25994 
1537 1541 16789 34.242649348644676 27612 
1538 1542 17441 46.118660691368596 26491 
1539 1542 17468 16.469938155498113 26087 
1540 1546 15963 27.088584976238735 27686 
1541 1546 17120 43.59580839419814 27684 
1542 1547 17482 28.097126576062536 27833 
1543 1547 17077 16.542059876790212 27185 
1544 1547 16177 42.16925415480942 27345 
1545 1549 16757 48.322449392811656 27231 
1546 1556 17693 49.94506430951619 26714 
1547 1557 16261 24.306464734128266 27814 
1548 1557 16843 41.386633959237 26202 
1549 1557 17796 18.93012140107826 27870 
1550 1557 16372 17.925037949879975 26180 
1551 1557 17413 44.477740865808016 27544 
1552 1557 17549 39.15782478679747 26574 
1553 1559 17687 28.754475916736823 25931 
1554 1561 16861 17.543550593236453 27321 
1555 1565 15967 23.617565015072238 26096 
1556 1566 16964 28.531842051255918 27736 
1557 1566 16894 39.961858446398274 26973 
1558 1567 15928 26.471659557564976 26938 
1559 1569 16824 24.571286763439986 26298 
1560 1570 15967 30.321923351006955 26916 
1561 1572 16829 35.650500074822546 26439 
1562 1573 15962 48.18075961474007 26584 
1563 1573 17746 16.55555845979112 27587 
1564 1574 17482 26.557821664414508 26908 
1565 1574 16904 26.689457464186653 25994 
1566 1577 17789 31.948098971418517 27811 
1567 1577 16018 36.56041046166691 27379 
1568 1577 17421 42.33701676420172 26294 
1569 1579 16738 21.439795356067908 26689 
1570 1579 16490 20.610263110325562 25942 
1571 1579 16356 39.975967142840176 26626 
1572 1580 17282 39.172113415371086 26135 
1573 1580 16512 47.267884761589 27115 
1574 1582 16165 12.23564276802302 27473 
1575 1583 15968 18.041221569644016 27105 
1576 1583 17568 32.51462845591769 26009 
1577 1584 17330 34.79329571090346 26154 
1578 1585 17098 34.32613781652128 26984 
1579 1586 17568 48.718396959181305 27368 
1580 1586 16174 33.31267077539245 26220 
1581 1586 17447 10.04297319882438 27249 
1582 1587 15938 12.765842693134744 25969 
1583 1589 17162 27.454452742169458 26092 
1584 1592 16936 20.78001207237685 26510 
1585 1592 15914 20.248399865233388 26546 
1586 1595 17021 48.24351298315925 26192 
1587 1596 16417 17.263823363942716 27299 
1588 1596 16269 39.0476436538149 26538 
1589 1598 17502 23.868817683296193 27836 
1590 1599 16237 37.05921734977225 27782 
1591 1600 17072 25.537672810501103 27547 
1592 1603 17467 23.577380623442874 26467 
1593 1604 16304 15.244326792607303 26374 
1594 1604 15847 12.836081267300404 27638 
1595 1608 16383 15.082347692672396 27057 
1596 1614 15928 24.619098086720108 26666 
1597 1614 17629 21.24291478054908 27747 
1598 1615 17680 45.66745796990858 26527 
1599 1615 17444 39.081807382535665 25990 
1600 1618 17419 22.49900606243962 26496 
1601 1624 17249 40.17393246137337 27706 
1602 1626 16962 13.544944647696028 27718 
1603 1627 16171 10.566729137983742 26143 
1604 1629 16752 10.862589060949803 27381 
1605 1629 17245 39.24657005809519 26559 
1606 1630 17640 26.33795381842277 26010 
1607 1630 17193 47.833881521630495 26888 
1608 1630 17732 20.77969070294861 26522 
1609 1630 16065 10.064078745641108 26600 
1610 1632 17087 29.16448600186851 25948 
1611 1633 16632 31.363557722967403 26205 
1612 1633 17075 43.491214843856504 27131 
1613 1633 16898 36.56846399108919 27570 
1614 1635 16357 48.43782289208604 26031 
1615 1635 16384 17.241645525912034 26945 
1616 1637 17262 26.78934042579341 26872 
1617 1637 16873 41.21926895110221 26657 
1618 1640 15891 33.99968012683366 27889 
1619 1640 16825 40.04582349913346 25912 
1620 1642 17585 12.471822936752194 27652 
1621 1643 16589 24.371853061957758 27882 
1622 1643 16858 49.44848983772578 26438 
1623 1644 17374 27.292173510398513 27829 
1624 1645 16489 40.0349451338287 26334 
1625 1645 17732 14.014119387342653 26660 
1626 1645 17702 18.721579101980225 26160 
1627 1646 16356 48.08016693953433 26882 
1628 1647 16672 49.98186907233331 26605 
1629 1648 16625 11.648201088747903 27252 
1630 1651 17576 25.70457697336216 26813 
1631 1652 16873 33.0429688783919 26392 
1632 1654 17070 45.27836893695072 26798 
1633 1655 16360 19.146992813664085 26685 
1634 1655 17533 49.311132942793364 26374 
1635 1656 16643 42.988827094363444 26390 
1636 1656 16299 19.622907165830988 27082 
1637 1656 17785 30.87171172114428 26160 
1638 1659 17588 24.977704481021018 26214 
1639 1659 16379 19.97536244057339 26794 
1640 1660 17706 29.848776273604084 27519 
1641 1660 15869 49.11178837544376 26386 
1642 1661 17040 47.397106512040935 26387 
1643 1662 16600 45.360222562663566 27499 
1644 1662 15927 41.234422685796375 27092 
1645 1663 16525 11.94021449530128 27466 
1646 1666 16313 30.95348071044676 27731 
1647 1666 17304 46.89646964536078 26230 
1648 1667 16814 40.77486218317833 27016 
1649 1667 16094 11.815093698051985 27149 
1650 1670 16520 11.888739038927657 27491 
1651 1671 16449 37.781514120288655 26369 
1652 1671 16458 21.236274572162674 27276 
1653 1671 16347 23.89412917401095 27296 
1654 1672 17777 26.0403010745545 27861 
1655 1673 17157 18.855700625753062 27094 
1656 1673 17392 33.696849871436854 27180 
1657 1675 16479 34.1118140337026 26418 
1658 1676 17154 36.311995534178976 25987 
1659 1677 15954 29.97709013538056 25980 
1660 1677 16246 27.532891232878764 27169 
1661 1681 16956 27.9269229702842 27423 
1662 1682 16164 49.61477181529834 27490 
1663 1682 17621 36.695340751622304 27075 
1664 1683 16532 35.114446286782446 26986 
1665 1685 17272 46.02664805906575 25926 
1666 1686 17400 40.13608217828282 26454 
1667 1686 17083 14.145710548546852 27043 
1668 1687 16108 35.4961202456964 26581 
1669 1687 16721 39.467505753137345 26481 
1670 1690 17667 42.90367183637475 26989 
1671 1691 17789 14.911542098736934 26682 
1672 1691 17469 37.44944167748409 26914 
1673 1692 17517 12.395926794705986 25950 
1674 1693 16248 48.088881062863386 26882 
1675 1696 16816 36.023053642924566 26546 
1676 1697 17691 20.36191469029591 25961 
1677 1700 16648 15.790327436533257 27086 
1678 1700 17136 29.45316374939385 27495 
1679 1700 16647 16.805689205356188 27726 
1680 1701 17582 36.75696632608979 27080 
1681 1702 17250 38.892868988611966 26929 
1682 1702 17070 47.477437347401064 26258 
1683 1702 17843 13.853595227680046 26920 
1684 1703 16809 27.54779204468489 27353 
1685 1705 16200 24.38648290575419 27871 
1686 1707 17808 39.83442780598173 26074 
1687 1708 16257 10.257836681350012 26754 
1688 1708 16842 26.099613667652267 26773 
1689 1709 16288 47.363091551730754 27731 
1690 1709 17279 43.50827943835436 27511 
1691 1710 17275 43.8954715160943 26345 
1692 1711 16226 37.19771999265517 27543 
1693 1712 16025 11.695471368415248 26265 
1694 1715 16465 35.77088490623538 26978 
1695 1717 17663 12.750728723306066 25982 
1696 1717 16771 23.98927184030166 27390 
1697 1717 17624 35.13168598645858 26726 
1698 1717 16032 12.445621898994425 26718 
1699 1717 16896 29.055616554708944 27045 
1700 1718 16118 19.274277924272127 27359 
1701 1718 17283 17.55477225913511 27479 
1702 1719 16017 37.78848794982805 27878 
1703 1720 16042 10.504106853224435 26367 
1704 1720 16778 29.039168987592134 27420 
1705 1720 16260 10.803609895268487 27808 
1706 1722 15971 11.285399693580928 27636 
1707 1723 15918 47.64089791538861 27852 
1708 1723 16666 20.417823540599073 26034 
1709 1726 16177 14.519200361634894 26881 
1710 1727 17286 13.30892115786471 27728 
1711 1728 17541 19.09569498538486 26586 
1712 1728 16472 32.40860008405038 27608 
1713 1729 16040 44.09046818442158 27320 
1714 1731 17761 26.434720633492717 26735 
1715 1733 17273 39.53471782985734 27293 
1716 1733 17623 34.31565709264497 26262 
1717 1734 16824 36.75447926327212 26250 
1718 1734 17067 11.79629132541356 26860 
1719 1734 15875 20.206345930603558 27324 
1720 1739 15933 11.97257392445887 26175 
1721 1741 16524 32.90329164829686 26963 
1722 1742 16354 23.93243969700461 26385 
1723 1743 16312 36.25448039997297 27849 
1724 1743 17376 42.076894465434364 26517 
1725 1745 17155 36.38408781852232 26066 
1726 1745 15939 29.282428023359795 26525 
1727 1746 15888 22.225653204578137 26022 
1728 1748 16272 37.84269337376058 26241 
1729 1748 17033 20.20547457994816 27290 
1730 1748 17002 13.552656692108185 26839 
1731 1749 16414 32.16116117189853 25923 
1732 1749 16523 31.964944978546445 26453 
1733 1751 17610 18.409363448328836 27576 
1734 1752 17369 18.411271604671423 27422 
1735 1752 17590 31.9487690440372 27263 
1736 1753 17812 45.99724241003629 26347 
1737 1753 16529 10.435505946206383 26064 
1738 1753 17497 41.81325298473565 27446 
1739 1754 16766 17.901937347909733 26065 
1740 1754 16914 25.194138926437137 27569 
1741 1754 17433 10.081690081446473 26789 
1742 1756 16113 11.82838925907678 27340 
1743 1757 17094 15.290890719309647 25985 
1744 1758 16955 41.036841499843675 27385 
1745 1760 16286 32.41392056421169 26467 
1746 1761 16129 46.785055220429506 27701 
1747 1761 16504 42.58121361647996 26758 
1748 1763 16926 12.11889905380695 27450 
1749 1764 17748 18.50404196330635 27115 
1750 1764 15862 47.19921050605563 27496 
1751 1764 16628 35.39085541712912 26936 
1752 1767 16628 44.4605657119462 27035 
1753 1767 16760 13.697431395354158 27482 
1754 1768 16190 20.33598422288348 27401 
1755 1773 17391 12.31755656039038 27301 
1756 1775 15864 48.09361723480472 26691 
1757 1778 16657 18.898970937618916 27310 
1758 1778 17574 42.29606469253761 27389 
1759 1779 17440 29.927666138510588 27263 
1760 1783 15844 49.76596145153686 26260 
1761 1784 17378 25.553009697915744 26151 
1762 1785 16675 19.292142216613012 25904 
1763 1786 15845 18.53910249095509 26204 
1764 1787 16358 13.492975125632501 27403 
1765 1788 16261 11.149391186596112 26747 
1766 1789 16486 14.543327683721365 27751 
1767 1790 16406 49.60483576434568 26840 
1768 1790 15881 30.13966227146547 26897 
1769 1792 17379 19.790948379608967 25920 
1770 1793 15916 21.655787371699496 26276 
1771 1793 16613 11.694118782419856 27880 
1772 1794 16222 20.08122720237519 26616 
1773 1794 17494 27.80885281936607 27293 
1774 1794 16059 25.499428783613606 26058 
1775 1798 15987 42.381509971112465 27347 
1776 1798 16679 24.617346706131688 27891 
1777 1799 17446 48.89570121298475 26174 
1778 1801 16911 14.611819538995796 27233 
1779 1801 17097 10.560000544862662 27292 
1780 1801 17047 16.129219367918125 26012 
1781 1802 17495 34.13135727983473 26612 
1782 1803 16770 43.74930757261596 26810 
1783 1805 16010 39.333497651187585 26064 
1784 1806 16367 35.2210724184596 26621 
1785 1806 16909 13.862602059828655 26724 
1786 1807 17456 45.479129345372755 26089 
1787 1807 17081 36.67691537175978 26609 
1788 1808 16967 10.940633316691134 26685 
1789 1808 16388 35.207963621263154 27030 
1790 1809 15966 26.151154941621606 26506 
1791 1809 17709 15.819973030248118 26527 
1792 1811 16914 13.448398516298287 26041 
1793 1811 17507 45.940909349692625 27431 
1794 1812 16174 27.134232062236833 27017 
1795 1813 17700 16.34747759347436 26996 
1796 1813 16776 34.7792436934987 26392 
1797 1815 17718 48.84880321430735 27017 
1798 1816 16205 21.966645813541344 26806 
1799 1816 17160 32.82017563726883 27730 
1800 1818 17598 21.7615920862036 27799 
1801 1820 16565 26.657959787836898 27635 
1802 1820 16581 40.959168626834554 26932 
1803 1820 17553 39.78676485540153 27685 
1804 1822 17085 47.918917097978586 27529 
1805 1823 16365 17.364052308966276 27320 
1806 1823 16482 42.1768412372945 26443 
1807 1825 17618 10.962533687889424 26297 
1808 1826 16381 20.60321577733568 26062 
1809 1827 17473 12.501060658318309 27067 
1810 1827 16826 39.17061039544552 26719 
1811 1828 17609 16.611030235988203 25976 
1812 1831 17577 12.670111951864733 26233 
1813 1832 17002 45.533628139997205 27699 
1814 1832 17130 35.69483820236057 27818 
1815 1833 16130 22.625257293977494 27391 
1816 1834 16182 40.89911921743109 27318 
1817 1834 16137 26.178831415864853 27364 
1818 1834 17034 45.317126635589474 27364 
1819 1835 17236 30.67335419909629 27723 
1820 1837 16019 29.01325836067723 26860 
1821 1838 16247 31.05693278837434 27806 
1822 1844 16876 21.698790903474162 27502 
1823 1845 17799 44.88946292072522 27662 
1824 1845 17714 47.321378263514575 26347 
1825 1846 16114 13.495577977698542 27885 
1826 1848 17376 40.816851894929705 27492 
1827 1848 17388 17.37563931329005 26084 
1828 1849 16331 27.07749285381714 26852 
1829 1849 17531 26.30118739752173 26188 
1830 1849 16304 28.238595830965686 27265 
1831 1850 17691 47.66537709229429 27034 
1832 1851 17304 38.754837861613375 27562 
1833 1851 17727 42.79131629935914 26314 
1834 1852 16141 41.991593807632 27575 
1835 1852 17403 10.087724519690084 26233 
1836 1852 17642 24.13131658875041 26225 
1837 1853 16255 44.37926253861997 27288 
1838 1853 16387 34.940464161133626 26464 
1839 1855 17770 11.94477669858963 26005 
1840 1856 16155 40.221921864780825 27224 
1841 1856 16634 19.455235723021435 27528 
1842 1856 17713 46.95599922845467 27678 
1843 1856 16882 48.023361742734814 26135 
1844 1860 17114 20.568517274977694 26580 
1845 1863 16626 37.19839733297309 27678 
1846 1863 16573 45.66527967487914 26611 
1847 1865 17719 46.125165074531516 27473 
1848 1869 17687 27.94946624158748 26433 
1849 1869 16017 11.307920299952023 27702 
1850 1871 15959 43.77514069545931 26782 
1851 1872 15961 11.304810280702293 27508 
1852 1874 15975 36.763996775585866 26120 
1853 1874 17512 33.31747366472641 26371 
1854 1874 17173 22.161910426338707 27779 
1855 1874 17031 19.303798306261765 26260 
1856 1876 17721 49.07908865815957 27274 
1857 1877 16656 30.821402428898512 27434 
1858 1877 17283 30.990879593439008 26392 
1859 1878 17628 36.940332104282206 26381 
1860 1878 17131 39.94281326088104 27689 
1861 1879 16647 11.577640863234308 27627 
1862 1880 17283 38.40409604700706 27849 
1863 1882 17595 38.32204649918715 26586 
1864 1882 16384 46.0583591598846 26124 
1865 1882 17305 33.576351200485234 27027 
1866 1884 16681 39.44432945607568 27522 
1867 1885 16973 13.850739409595626 26088 
1868 1886 16895 22.427556103517176 27391 
1869 1888 17313 47.63548654324796 26052 
1870 1888 16655 10.52249805756774 26613 
1871 1889 16922 16.66067600767548 26118 
1872 1889 15888 16.53661968138853 26702 
1873 1889 17816 30.454104937986983 27881 
1874 1891 16615 27.908618260569863 26753 
1875 1891 16439 24.459512592539316 27701 
1876 1892 16025 43.89224148068663 27818 
1877 1894 17405 23.75826629563189 25983 
1878 1895 16204 24.35151565820883 26221 
1879 1895 17631 32.130654409273376 26293 
1880 1896 16082 27.986284696800286 27086 
1881 1896 16430 46.69233552711923 27892 
1882 1897 16862 45.848410463284 26254 
1883 1897 16580 11.435186852547767 27264 
1884 1898 16116 23.419685597770222 26737 
1885 1901 17304 45.34248972880092 27661 
1886 1903 17075 37.66827952961823 26879 
1887 1903 16205 16.6904685924777 27411 
1888 1905 17192 24.52581892625494 27402 
1889 1905 16719 20.91906334843875 26349 
1890 1906 17781 29.214597193517736 26148 
1891 1909 16657 20.075380082117448 27709 
1892 1911 16111 20.485435311560344 27748 
1893 1912 16856 31.302312577809623 26740 
1894 1914 17449 35.34372235972107 27646 
1895 1915 16863 36.9815194340125 27762 
1896 1915 16590 22.047355686578875 26553 
1897 1916 17519 13.992527087602888 27708 
1898 1917 17799 13.299775453931577 27838 
1899 1917 17269 46.18045305894547 26603 
1900 1918 17048 18.689273212419618 26860 
1901 1918 17426 41.60251556859644 26876 
1902 1918 16841 19.913225214875233 26549 
1903 1919 16548 41.127365804052786 27822 
1904 1919 16331 35.194809754273564 27783 
1905 1921 16827 23.648345271036845 26617 
1906 1921 16049 27.275332631954697 27301 
1907 1921 16652 30.754248727519645 25905 
1908 1922 17617 18.349450462260183 27367 
1909 1923 16561 44.06078932667524 26229 
1910 1924 17700 12.144395311150378 27426 
1911 1925 16566 46.35172108027119 26574 
1912 1926 16711 37.980831463326226 27440 
1913 1927 17378 22.790928375849113 27777 
1914 1929 16779 49.97132226459048 27436 
1915 1929 16243 18.271617139757748 26060 
1916 1930 17677 24.60130873547897 26644 
1917 1931 15957 37.38215429676475 25954 
1918 1933 16958 10.17093897001963 26356 
1919 1933 17116 25.768878512977285 26977 
1920 1935 16573 10.412964068753023 27560 
1921 1937 17844 17.64026587669052 27522 
1922 1937 16468 16.509329751777937 27284 
1923 1938 16727 11.5886334764703 26274 
1924 1938 16435 14.356994047306229 26660 
1925 1939 16326 19.981970800049776 27355 
1926 1940 15998 40.56655505394683 26954 
1927 1940 17258 33.61514657038619 27344 
1928 1940 16234 13.413057104358778 26170 
1929 1941 16892 41.099512925831476 25924 
1930 1941 16878 15.100836511541722 26932 
1931 1941 17267 26.994842547097356 26198 
1932 1941 17136 49.23723999280063 27572 
1933 1944 16040 11.589693706483079 26271 
1934 1945 16468 35.03767604553542 27106 
1935 1946 17666 30.5723010156181 26981 
1936 1947 16973 11.46138751311729 26220 
1937 1950 16204 14.066361166106356 26069 
1938 1955 17433 40.78050468405448 27663 
1939 1955 17383 15.273646070164379 27268 
1940 1955 16454 17.56123318500557 27099 
1941 1956 16453 17.06054220600909 26125 
1942 1957 17807 43.68408713870126 26835 
1943 1957 16261 13.220076053568528 27143 
1944 1960 15925 42.74270373707819 27381 
1945 1960 17285 31.367786007614296 27422 
1946 1961 16888 16.95650183412882 27205 
1947 1961 16413 14.932664457641174 25994 
1948 1961 17727 32.62097021522891 26917 
1949 1962 16900 30.09733502081033 27480 
1950 1963 17771 26.77521390575325 27708 
1951 1963 16939 42.11984954140606 25961 
1952 1963 16657 46.629382472394624 26288 
1953 1964 17721 11.372915035619219 26683 
1954 1964 16486 22.41199164335952 27503 
1955 1966 17629 17.822560792277535 27012 
1956 1966 17666 21.082780498309365 26744 
1957 1966 16344 17.277808630425046 25986 
1958 1966 16862 23.177799151209335 26921 
1959 1969 16015 36.72184829701409 27191 
1960 1970 16801 14.189740253345327 27415 
1961 1970 17220 29.597574492972505 26525 
1962 1970 16779 10.465790409703132 26421 
1963 1971 16158 19.69534645381738 27796 
1964 1972 17313 15.808529606806324 26576 
1965 1972 16740 48.57684992695741 26597 
1966 1976 16308 32.85162894713037 26371 
1967 1976 16629 46.62421861644219 26619 
1968 1977 17087 24.841100351350786 27655 
1969 1978 16072 16.286487353948218 26124 
1970 1979 17299 27.590938980916757 26240 
1971 1980 17663 31.90393104513774 26509 
1972 1982 16897 46.489953208635974 27269 
1973 1982 16931 16.49991826375283 26795 
1974 1983 17413 25.88206914565891 26741 
1975 1983 15935 30.048283743149568 27435 
1976 1984 17792 34.67928632524571 26454 
1977 1984 17062 43.9849643800108 27774 
1978 1985 16645 44.6505654156855 26860 
1979 1985 17117 42.15334187638449 26648 
1980 1986 17156 31.105244638364546 27774 
1981 1986 17356 16.42524849912823 26465 
1982 1988 17439 41.56150159316208 26400 
1983 1988 17389 47.414043392388045 27146 
1984 1989 16865 39.05566690616861 27414 
1985 1989 17011 20.2866670465672 26545 
1986 1991 16617 32.86589641859639 27371 
1987 1992 17365 47.8869561214167 26417 
1988 1994 16628 40.20607623018954 26862 
1989 1996 17781 30.803099450474775 26915 
1990 1996 17328 26.624540905953253 26816 
1991 1996 15860 47.107695562750976 27228 
1992 1996 17613 41.48417275635005 26062 
1993 1996 16867 45.17637106891563 26047 
1994 1997 17410 21.313030417639595 26668 
1995 1997 16681 40.719226382883214 26484 
1996 1998 17284 11.366255504151134 26900 
1997 1998 17495 25.94179044082473 27024 
1998 2000 17622 40.0389863752378 26786 
1999 2000 16336 46.058506690673774 27664 
2000 0 17645 34.62299389782145 27144 
