1 2 4024 14.010456357604436 474939 
2 3 3711 44.983341585204265 487672 
3 6 4444 81.40955151684577 442938 
4 6 4188 4.32495014614309 497318 
5 8 3805 11.034945179342065 477314 
6 11 3313 82.58439773776654 461033 
7 13 3492 79.12119715850682 404357 
8 14 4121 86.73522857914115 424991 
9 14 4956 20.241188162406957 494156 
10 15 4626 38.44795812961592 487076 
11 16 4011 71.62278248831011 434320 
12 18 3580 7.440729414330932 465517 
13 19 4291 32.49616308313261 457031 
14 19 3423 38.70650238782929 444086 
15 20 3739 87.41036622203579 497578 
16 21 3312 3.3844986372187025 498673 
17 23 3084 78.06319221623161 491798 
18 25 3911 82.0036887843888 498570 
19 28 4846 28.266428133172244 432659 
20 28 4797 78.51844994834002 401935 
21 28 4889 86.36993112762933 462689 
22 28 4818 74.36555498172979 480918 
23 30 3531 5.653923596178401 493961 
24 30 4725 39.57890333116066 462293 
25 30 4296 3.61839233302162 412784 
26 31 3363 37.74825954644787 472430 
27 35 4824 64.42780524246817 403491 
28 36 3697 88.1317688517017 458726 
29 36 4077 49.74435180176667 424261 
30 36 4684 87.04030968741387 441369 
31 36 4183 2.3214784731453673 450355 
32 37 3024 17.713493102246698 457796 
33 39 3373 37.62607239251306 493267 
34 42 3143 39.88004690532538 473522 
35 46 4000 45.13245749804315 461172 
36 47 3852 4.778101105709993 414637 
37 47 3878 5.675376361622784 456802 
38 47 4384 50.48085577600886 498925 
39 48 3880 65.95052278912092 461603 
40 49 5001 5.6152276097527904 450915 
41 49 3421 54.448227460085526 443308 
42 51 4562 84.7045192454848 456505 
43 52 3292 48.02915033973824 484223 
44 53 4519 69.33091310879846 474463 
45 54 4826 1.8436867421271095 474222 
46 54 4254 71.9594384414515 437754 
47 56 4941 69.03609028486625 417228 
48 58 4726 14.769631320608916 498411 
49 58 3420 80.4543393525728 414259 
50 58 4636 46.070105695778146 466218 
51 63 4691 5.005186633815914 477713 
52 63 3965 81.1020275787308 424900 
53 64 4069 33.39593013970012 495747 
54 67 3743 34.71664614832613 469012 
55 68 3675 26.36550465181088 422008 
56 69 3037 81.75817669480075 421503 
57 70 3074 56.746006317176914 499742 
58 72 4143 6.83215392001981 489601 
59 72 4077 5.662354581720947 491734 
60 73 3973 78.37771700247332 420304 
61 76 4446 47.85569998865744 439821 
62 79 3728 2.8122968191895987 461652 
63 80 4906 7.9318396276179515 482485 
64 80 3696 74.77853017534225 419478 
65 80 3648 27.00791831302266 460868 
66 81 4696 61.964969174132094 500639 
67 81 4036 13.798535618674132 420170 
68 81 4295 45.18852857822653 477925 
69 83 3502 34.037837640892725 408110 
70 84 3282 40.980153399335336 454401 
71 84 3852 11.42573809736333 494610 
72 85 4054 49.61320674242861 500455 
73 86 3075 41.79995102041406 443403 
74 86 4649 71.80675197907377 486684 
75 86 4166 10.971622137716107 430921 
76 87 4913 49.35779061075797 497515 
77 87 3563 41.528611893265875 475584 
78 88 3817 88.61566177607655 439580 
79 92 3784 34.15388225779544 432394 
80 93 4366 73.19115187750579 482960 
81 93 4206 17.528650863954315 412684 
82 93 3034 49.17702450461997 401420 
83 95 3594 81.3126578376635 449193 
84 95 4444 41.522280431129296 499050 
85 96 4703 42.61047427330743 487165 
86 97 3808 56.56558872980213 466978 
87 98 4110 63.91473703454329 414473 
88 98 3372 37.30760963834448 412761 
89 100 3284 75.92722121209898 470618 
90 100 4074 80.11902255025308 448590 
91 101 3836 42.521795212136105 447287 
92 103 3252 16.79344120011347 443825 
93 105 4475 49.258142393275605 448251 
94 106 3160 2.7053503180767766 497249 
95 107 4433 86.61692528576006 416918 
96 108 3793 43.226265878245776 402478 
97 110 4325 18.665507825150048 484622 
98 110 4913 20.142784065797734 483890 
99 111 3233 37.346586027412336 413072 
100 111 3486 61.99368229261824 466511 
101 112 4574 17.900433554060214 463637 
102 114 4618 36.39055645624816 412046 
103 116 4657 28.68689582216875 434105 
104 116 3650 44.44607786005179 473942 
105 117 4536 40.85118111283126 485103 
106 118 4839 76.29542128048328 442124 
107 119 4747 42.11991370987451 418697 
108 120 4542 55.75596474617135 470402 
109 120 4938 14.112338705075869 414471 
110 121 3038 69.10150837911117 479040 
111 123 3121 39.75464146476241 424603 
112 123 4623 24.52326584845062 463479 
113 123 3568 47.29029517248811 482930 
114 124 4113 6.6183472106210495 435482 
115 126 4047 58.18092233430574 491836 
116 127 3045 2.9368447702065037 480666 
117 128 3828 35.2932415521458 443140 
118 132 3307 20.16878786731384 403784 
119 132 4440 40.44729343901995 411720 
120 132 4544 54.0511680300848 484599 
121 133 3278 22.766790988376197 410167 
122 133 3907 57.939328812793015 464247 
123 134 3741 70.6785549264656 425692 
124 135 4799 79.1881442355886 491764 
125 135 3510 20.38500360993852 500275 
126 136 4813 7.819138973094607 411482 
127 137 4404 12.94619536472068 477879 
128 141 3086 11.381104406055039 415269 
129 141 4660 53.025302851404575 419875 
130 144 3339 14.4801090158224 404162 
131 144 3740 52.508431283162025 473343 
132 145 4766 16.96008831453601 467386 
133 145 3063 11.069822993996809 401555 
134 145 4648 48.55824833981077 476417 
135 146 4976 86.0037893607208 466636 
136 147 4902 62.50998314193325 448110 
137 149 4018 11.358361067089445 454328 
138 151 4764 80.8659144059322 474353 
139 152 4327 18.069121022751645 490081 
140 153 3750 60.969968334411206 402157 
141 155 4050 56.18550299217617 449622 
142 155 3858 73.3209588612128 445968 
143 155 3072 46.978794050254464 442639 
144 156 3142 22.015340562560898 496155 
145 156 4449 37.88214253291555 464539 
146 156 3632 8.053239252213963 471019 
147 156 4116 38.97507887824801 436566 
148 156 3802 68.8184397529512 450979 
149 157 4755 74.74073171620992 433749 
150 158 3493 21.659502775691003 413848 
151 159 3662 55.582269586829376 443621 
152 160 4526 2.234745139010921 470668 
153 160 4959 87.5225917159773 418002 
154 161 3545 71.56354728940825 471945 
155 163 3647 15.560884505683461 445755 
156 165 3271 17.76687656091821 496658 
157 165 4618 3.7758904021399076 481868 
158 165 4287 29.675210500298476 413814 
159 166 4065 73.02244468738418 453028 
160 166 3072 32.24482752873696 461833 
161 169 3791 42.160821984001174 466826 
162 170 5009 64.27468309238107 461145 
163 171 3435 46.976732273160096 416023 
164 172 4016 89.65656925012303 421741 
165 174 4465 30.79152519038441 468564 
166 176 4182 4.628541388987131 419349 
167 176 3269 60.46071084106636 494658 
168 178 3455 62.03380934792881 438246 
169 181 4500 33.4332862110298 426199 
170 183 3454 58.4922955994581 482923 
171 185 3875 15.997985075088188 455976 
172 185 3257 2.0422033110387505 489864 
173 187 3961 59.61521323313146 435080 
174 188 4278 83.53233582325421 432327 
175 188 3655 38.277670793003836 428380 
176 190 4822 74.22056748016578 436832 
177 190 3149 47.63037371661471 438267 
178 191 3744 16.4924207618637 444077 
179 191 3274 70.98817443428072 455619 
180 193 3932 35.815915886829835 451359 
181 194 4899 83.99779045130622 440823 
182 195 3872 13.082664874079878 458908 
183 196 3949 53.871714690430444 480718 
184 197 4029 27.266848785156675 439273 
185 198 4326 26.169996903659694 406899 
186 199 3171 48.20988600070795 437387 
187 199 4060 25.62365814241145 469838 
188 200 3580 67.97462949333028 482973 
189 200 3390 68.19278729556719 437393 
190 200 3619 85.59199708554601 401435 
191 202 4819 24.990509636391877 480855 
192 202 4539 3.8121357379379295 452565 
193 202 3063 81.68782642916139 448112 
194 203 4238 31.369740415828367 444883 
195 203 3489 81.87619740452516 432861 
196 205 3882 69.76650954275843 498902 
197 205 3666 75.75948011124804 401448 
198 207 3217 67.00933243840224 411109 
199 208 3748 85.01348815542322 411065 
200 208 3222 67.58833001826282 486017 
201 208 3411 43.23593506046244 474295 
202 208 4602 4.015186523979692 434590 
203 209 3205 44.4302832757181 437526 
204 211 3480 53.42622132448204 490195 
205 212 3254 57.08984819502989 487088 
206 214 3288 48.35824217759835 446292 
207 216 3538 70.0648884577565 463155 
208 216 4221 74.09533876001942 471420 
209 216 3264 72.11463727431324 489986 
210 216 3664 8.20159153361299 401125 
211 216 4068 51.32271393230476 424903 
212 217 4130 65.4964859245429 415090 
213 217 3460 85.07776736471655 433730 
214 218 4717 5.9684149921186815 448399 
215 219 4450 37.67860258923543 401645 
216 221 4419 5.827337998795861 486624 
217 221 3112 89.94541110906748 440563 
218 223 3344 50.337129385897185 496986 
219 223 3910 65.44322740355126 404249 
220 226 4421 44.117366512988916 418391 
221 230 4712 19.114142930147445 464291 
222 231 3799 52.85395098688632 497592 
223 232 3126 43.211940509361405 481999 
224 232 3898 33.55140765988172 440950 
225 232 4664 17.623051224049984 465445 
226 233 3828 48.48973352334007 404215 
227 233 3285 89.96404767037343 434277 
228 234 3479 41.93744983605743 462785 
229 235 3547 87.49729890027305 411884 
230 236 3322 32.475384908880244 461655 
231 237 3825 66.07688252526717 472364 
232 238 3553 49.87012449749614 447828 
233 238 3626 46.430098430283145 492610 
234 240 3549 16.407923489232942 467100 
235 240 3341 48.23256262455708 498651 
236 241 3071 28.192217199723423 433424 
237 244 4936 64.48815518183457 401726 
238 244 4324 73.19539893722822 489126 
239 247 3116 85.08254755735503 441600 
240 248 3487 68.54657794370068 408252 
241 250 4033 40.42273404548826 411111 
242 250 3348 55.99085124141246 458043 
243 252 3926 23.262453619153614 431108 
244 253 3722 29.119028053658432 500944 
245 253 3412 36.53532104000397 441459 
246 253 3873 62.71421825947798 458865 
247 255 4165 72.0688503754377 465341 
248 256 4275 65.37448164104937 474698 
249 256 3254 24.608474335861395 494008 
250 257 3050 69.57826759747306 468119 
251 258 4801 63.718534748756454 427040 
252 258 4528 80.7593910117968 415689 
253 260 3945 53.26370463679622 406433 
254 261 3104 84.09402736080884 448530 
255 264 4482 49.00850117954775 482020 
256 265 4807 79.52438106275915 454083 
257 267 4922 58.936192892917106 497219 
258 267 3263 75.52410684968743 456045 
259 268 3210 18.167495509658895 480128 
260 269 4463 59.06348258935931 427300 
261 269 3486 7.232130873020735 480915 
262 269 4900 33.30287252103675 463088 
263 271 4625 59.930995667523206 460802 
264 272 4839 57.552895856820314 406854 
265 273 3798 84.56327693433326 445196 
266 274 3539 25.85628094721972 405065 
267 278 3267 69.17589669534262 467022 
268 278 3111 13.58667701603697 422556 
269 279 3211 60.84928153966513 461168 
270 279 3299 7.511921848374077 420681 
271 280 3892 72.29429089713899 427092 
272 281 3180 2.0331211120484274 466000 
273 281 4190 55.8472947877195 408224 
274 282 4331 41.159719840604964 440533 
275 287 4443 81.74875871336555 492321 
276 290 4262 28.487429302131158 402171 
277 290 4485 70.77686937345567 432680 
278 292 4298 74.3802136331943 463719 
279 292 4299 46.877902524198326 484215 
280 295 4346 63.561742983231596 421068 
281 298 4808 18.53777849231697 437816 
282 300 4131 42.43152326318627 491277 
283 300 3604 2.047372311431934 436570 
284 300 4873 38.27852196105748 417983 
285 302 4193 18.90901474369141 492853 
286 303 3365 61.1263583477967 454127 
287 305 3270 49.86826475957232 480445 
288 306 3370 21.591802985769135 442702 
289 306 4476 4.282509201561408 461212 
290 308 3659 12.378716483668715 474393 
291 309 4752 2.5851153047537014 492580 
292 311 3127 8.891164099660415 470594 
293 311 3977 68.86305550552159 465950 
294 312 4313 63.604020101950276 416357 
295 313 3785 11.785597712312148 446508 
296 313 3887 43.740622615144076 439874 
297 314 4893 45.729887253083575 456600 
298 316 4631 74.85621198920268 418703 
299 318 3482 42.186317462359376 440716 
300 318 4087 73.43694446704806 413659 
301 318 3422 48.10537172218588 417485 
302 319 4716 70.64272744952149 472286 
303 319 3407 75.8475252936105 464802 
304 319 4023 51.964310756599836 461820 
305 321 3092 2.4626723503403807 481685 
306 321 3419 11.82286424199661 419493 
307 326 3185 69.65502008852174 497228 
308 327 3435 25.709633131632206 442323 
309 327 3275 34.997524708094815 454991 
310 327 3731 12.144553273930804 461229 
311 329 4158 34.3493515624521 452996 
312 330 4658 2.2579930289820083 413803 
313 330 3734 14.240947195863276 429806 
314 330 4424 38.795692238801216 495062 
315 331 3841 87.57918880857466 499260 
316 333 3599 34.020638171363 453545 
317 333 4401 88.27733778463443 487157 
318 334 3289 82.87625592542891 500225 
319 334 4109 50.8808828465461 437232 
320 336 3459 70.38379522730887 467360 
321 337 3894 76.3208576925761 438735 
322 337 3102 48.58443060089716 453154 
323 337 4572 47.31234724326889 457491 
324 338 3355 75.96241765254223 420977 
325 338 3980 53.159084829232945 449033 
326 341 4195 42.923531963627845 469586 
327 342 4446 70.8322410532214 428651 
328 343 4102 26.439568532102633 478422 
329 344 4014 80.02815782177223 452446 
330 345 4964 44.602526477133395 425643 
331 345 3493 1.611383571569088 467553 
332 345 3133 42.20945192133716 476291 
333 346 4837 62.97974865650147 418514 
334 346 4185 64.98978292153782 450567 
335 347 3445 47.52536656679288 471248 
336 349 4801 35.270018341261675 464339 
337 350 3500 46.35937902108362 477355 
338 351 4372 27.761447131713783 422955 
339 352 3638 64.10760435193698 451789 
340 353 3497 56.11968233080998 422612 
341 354 4785 65.36764467216676 413130 
342 354 4180 48.49068560390763 464187 
343 356 4567 68.38461559885114 497078 
344 357 3691 68.3083449504354 493886 
345 357 4501 74.26338884262258 441358 
346 358 3461 84.62906144224236 471352 
347 358 4800 38.3009208052639 464957 
348 359 3886 65.19117164199353 469141 
349 359 4075 4.26186279198555 470538 
350 360 4903 45.48279626140564 452563 
351 361 4234 3.3736392809448157 457443 
352 363 4580 35.868875657996895 455349 
353 364 4618 68.07420317596522 483006 
354 370 3075 71.36991015219984 488932 
355 370 4180 61.754963388679364 424233 
356 372 3979 33.94910776838363 421507 
357 374 3332 63.01701388825091 443815 
358 375 4853 53.360177537464835 454633 
359 375 3749 59.11408745491621 478665 
360 376 3592 75.43168941369802 472265 
361 376 3618 67.52894792608444 462520 
362 377 4062 5.250583073361369 441855 
363 379 3478 21.166999454262754 469719 
364 379 3154 29.93206498278009 434113 
365 379 4552 78.08475392297157 498196 
366 379 3959 16.807437498833366 434395 
367 381 4203 85.71000351815265 427488 
368 382 4610 58.82402932486012 461009 
369 384 3918 62.209642186469026 470844 
370 385 4522 42.04047310270243 485693 
371 387 4476 33.08106586253225 456491 
372 389 3878 25.474159904769333 451297 
373 389 4787 88.78059446794249 437943 
374 390 3282 2.6795093957137612 413482 
375 390 3482 72.37411920038689 451103 
376 391 3054 9.22141210072721 474101 
377 391 3729 52.44210710901043 427855 
378 394 3397 79.65202712070857 413453 
379 394 3344 49.93047185668923 481936 
380 395 3785 11.657450093550564 447457 
381 396 4088 5.661448474784625 475087 
382 397 3810 15.5476738796247 426391 
383 398 3244 80.7100944630483 490347 
384 400 4040 76.31683495964977 450598 
385 408 4356 81.66227458043876 477673 
386 408 3772 79.02923520339324 495493 
387 408 3780 8.713297857610343 469371 
388 409 3097 13.488453589211048 409937 
389 410 3879 12.668402014896946 447800 
390 411 4610 27.02771631434198 409406 
391 411 3513 51.23509215497708 489962 
392 411 3088 25.254427052832597 484035 
393 412 4497 67.34447107025457 483166 
394 413 3699 41.945511510089666 468477 
395 413 4906 10.071938750689622 437571 
396 413 3665 88.94689265961412 422992 
397 414 4028 51.14430821306572 469480 
398 414 4889 85.61604019554984 477200 
399 415 4009 71.74827401868589 462440 
400 416 3954 37.44480661827736 467823 
401 417 4760 13.789586680945805 473299 
402 419 4580 31.449175201774246 458857 
403 420 3306 43.84088069982986 414530 
404 421 3035 24.85529374539506 427621 
405 422 4103 18.157123590989592 499488 
406 422 4808 73.39077023001538 455033 
407 424 3280 77.38195114084893 454997 
408 425 3276 30.602991755911972 473163 
409 426 3932 60.04820484737826 447373 
410 428 3420 45.466685614934526 432813 
411 430 4350 82.74156069988298 487814 
412 430 3258 3.429002609862044 443037 
413 431 3296 23.35787666241534 429615 
414 431 3684 5.229942886843767 423952 
415 431 4029 29.53108807751776 468697 
416 433 4830 13.262358997690306 413473 
417 434 4035 26.16316176880497 423293 
418 435 4090 14.293661079942309 436509 
419 436 3942 80.78515691704736 479918 
420 436 3488 44.58060208611742 489635 
421 440 4661 3.5171314920971684 450070 
422 440 4974 35.33388905569059 432658 
423 440 3723 57.54600399093736 429325 
424 440 4989 6.1647447157034385 490808 
425 441 3959 49.2994498772264 471146 
426 442 4571 27.074727727143856 437051 
427 442 3544 63.030702565882976 484001 
428 443 4472 1.4823956185216205 452955 
429 443 4532 37.86037302243031 403620 
430 445 3076 16.229911117735114 425375 
431 446 4238 78.47384283051737 468402 
432 448 4284 34.23769710158822 418756 
433 450 3471 57.54692816539832 494724 
434 450 3122 37.42535233950005 447718 
435 451 3523 88.99907759983383 490067 
436 452 4703 55.430331314508294 454443 
437 453 4238 27.08345982504627 440303 
438 456 3361 38.394727037394276 458214 
439 457 4419 57.41063581460874 422505 
440 458 4010 75.13927818973846 453592 
441 460 4304 18.019847497758104 477451 
442 461 3816 16.526258110401415 480327 
443 462 4348 74.49159094611353 483055 
444 462 3813 30.71954837439809 483625 
445 463 3624 8.923164811938669 467382 
446 464 3964 24.332381678401088 426953 
447 464 4060 64.84599457773984 493348 
448 466 4951 45.423762422951675 427169 
449 467 4281 29.61620754971147 463695 
450 469 4517 60.71786891907264 495290 
451 469 3729 11.238753514804074 460525 
452 469 3163 88.41031923983306 432078 
453 469 3723 5.722910292489883 495893 
454 469 3866 86.062159795263 419500 
455 470 4922 74.21621930421725 464258 
456 470 3520 19.011331218718446 463137 
457 472 3876 40.26763437934988 498510 
458 474 3861 52.257478926411544 462011 
459 474 3776 38.8990596394925 460734 
460 476 3713 9.913682233270844 420001 
461 477 3612 47.63248804355184 478613 
462 479 3939 46.07929240188767 449985 
463 480 3762 45.25685216925744 427366 
464 480 3857 88.79169765141246 409796 
465 480 4268 50.278936873650856 425947 
466 482 4469 85.62142193377548 444882 
467 482 3309 51.92455786348757 443047 
468 483 4235 48.176103034004186 474998 
469 484 3324 75.5509697735615 412243 
470 484 4656 64.24164327646795 459197 
471 484 3290 42.2184914854366 433240 
472 484 3157 19.235167424977746 414149 
473 485 4314 61.09735706622629 493912 
474 487 4031 81.05574645558629 496671 
475 488 4119 12.980850046293298 487360 
476 490 3234 31.684627072018333 417151 
477 490 4789 67.10437426329273 419763 
478 491 3231 82.66722042817022 445446 
479 496 4515 56.522003481084965 412313 
480 497 4405 43.70199339975981 420839 
481 497 4491 17.51681300315437 423655 
482 500 3131 57.02834114351981 500083 
483 501 4056 52.41827977130668 466266 
484 502 3726 42.016097524836624 475373 
485 502 3764 83.49014735722379 441899 
486 504 4713 77.98759573026098 412088 
487 505 4516 61.86270760676146 473890 
488 507 4290 85.86141331006833 500328 
489 508 3763 50.71615543016503 401347 
490 509 4662 49.68072534422713 405687 
491 509 4048 67.4357074815946 454261 
492 511 4178 49.97993470229771 454085 
493 511 4782 35.211274166197974 494993 
494 512 3990 34.647182403730454 469845 
495 513 4761 47.56936668278767 488118 
496 514 4186 46.9714402405939 472223 
497 515 4631 65.92482941453582 462709 
498 515 3287 85.1975775022123 422131 
499 515 4890 57.44502289317027 466799 
500 516 3607 43.94583292096629 474078 
501 517 3777 43.213186568199895 475720 
502 517 3553 85.13558991637801 472562 
503 517 4330 25.430630726869822 466601 
504 517 4884 11.416080440121709 435420 
505 519 3737 5.17309447885975 456638 
506 519 4477 83.0296683416702 401229 
507 520 3026 20.69283754266886 423845 
508 520 3493 19.097036034933446 483507 
509 522 4698 54.43334385166702 450230 
510 522 3205 22.37849453330774 454701 
511 523 3410 73.0665872370003 419258 
512 524 3964 48.61136577429167 496326 
513 525 4483 27.06218310787215 452982 
514 525 3632 3.6808725204484487 482460 
515 527 3186 79.64969318638504 426849 
516 527 4992 67.46176386376047 404219 
517 527 3571 56.77017263802893 497944 
518 528 4229 13.401611960733483 414614 
519 529 3991 12.080082018539661 478151 
520 529 3582 46.281068869407136 436784 
521 530 3173 49.42415532476551 495386 
522 535 3192 24.660975705009434 426309 
523 535 3269 71.39356080511216 425885 
524 536 4634 66.136097559907 473516 
525 536 4204 72.45520685597722 427280 
526 536 3849 84.27647528189141 489734 
527 539 4762 55.4660783162488 441568 
528 539 4999 85.34121039290154 470081 
529 540 4159 77.34140481577198 459959 
530 540 4981 2.1138909909328722 455925 
531 542 3058 45.54776309642017 457541 
532 542 3622 66.47813813297289 460251 
533 544 4453 49.282235380623675 495337 
534 546 3164 9.857053412522912 500740 
535 549 3037 73.14368889698717 428488 
536 552 4890 8.643253015313395 467619 
537 552 4785 87.6409025450877 410325 
538 553 4227 60.70031830425209 481763 
539 554 4856 35.039985554636516 471977 
540 556 3681 26.775942304744433 467418 
541 557 3117 50.0944513802078 494733 
542 558 4494 84.36366439136339 426278 
543 558 3372 62.06217688932225 442592 
544 558 4243 37.389217315622446 496760 
545 561 3084 61.168899337626684 433754 
546 562 3437 26.79993243610309 404647 
547 562 4674 81.18983766218857 439142 
548 563 4931 62.12268919608125 402534 
549 564 4515 79.10921252967816 485304 
550 567 4988 28.079941737471163 404282 
551 570 3132 67.0696432692454 430260 
552 571 3369 47.30581277577033 458503 
553 573 3335 21.763226503727942 420388 
554 574 4482 52.27699515730978 445323 
555 574 3321 42.450916845212255 425747 
556 575 4394 69.20547879587137 417388 
557 576 4783 70.97839191516162 449470 
558 577 3849 30.190009689636785 457793 
559 577 3378 62.07115869574644 451290 
560 578 4752 37.53842537828353 463916 
561 578 3896 1.7841878328461354 479407 
562 579 4438 42.96366393571362 429287 
563 582 3972 45.83503552093015 457724 
564 585 3735 24.588996610561818 470856 
565 585 4886 74.2078021938895 473783 
566 585 4812 43.68050867936409 452149 
567 587 3374 31.570216787283815 439855 
568 588 3840 41.76447799311349 421272 
569 589 3983 66.99757882352371 411379 
570 590 4742 37.019389472312014 459193 
571 591 4277 62.84982071187496 474773 
572 591 4993 57.97853185590339 498575 
573 592 4479 74.16107905099835 490237 
574 598 3236 19.13423635642172 416117 
575 599 3994 77.95133833355378 485800 
576 599 3463 15.243926924524567 464877 
577 599 3857 10.692770378806255 413199 
578 600 4722 43.24476996031106 402243 
579 601 4173 49.27454555479188 467477 
580 602 3463 16.14083382029606 447354 
581 603 4995 78.77544386989511 464844 
582 606 4871 35.2171356758473 405302 
583 606 3661 70.93273235645943 452517 
584 606 3064 46.380582419569734 477318 
585 607 4799 16.448853237211665 450727 
586 607 3123 8.14901789667793 437482 
587 608 3711 76.82246504965723 402999 
588 609 3482 19.318096958333104 455989 
589 611 3717 36.42133823126925 451005 
590 611 3278 3.919401507669559 412358 
591 612 4388 12.57108088686133 429469 
592 612 3410 52.38616262599271 459601 
593 612 3487 86.17446781491824 458973 
594 613 3460 12.589084679964515 437898 
595 615 4830 14.440014051920107 474379 
596 616 3328 88.43120489403339 487081 
597 616 5005 30.52728026865916 487029 
598 618 4191 84.16377838107894 449120 
599 619 4831 15.555011993810783 432682 
600 619 3788 36.42675771160691 471759 
601 620 3552 22.996965066730557 491719 
602 622 3233 40.34088315582827 448042 
603 622 3924 76.57245719480984 448882 
604 622 4753 40.528712803220664 412505 
605 622 4482 63.28679285538736 494562 
606 622 4499 14.642160997499673 433330 
607 625 4856 22.38301816590652 465048 
608 625 4952 16.121180054937305 464002 
609 627 3413 67.87508521247338 457995 
610 628 3157 10.211054432124214 482521 
611 629 3817 46.095916302427945 443466 
612 630 3071 29.226100577929476 471170 
613 630 4218 35.83767579089348 414142 
614 630 4201 84.47968491558889 425794 
615 631 4464 56.7751898584048 407704 
616 633 3574 40.87057787839975 492697 
617 634 3261 35.13900583072171 475639 
618 636 4398 48.24376248379309 492056 
619 637 4692 35.46483801806169 496739 
620 638 3974 82.82251819446945 494575 
621 638 3179 58.387211836269465 450527 
622 639 4883 1.5157144807397303 463522 
623 639 3438 47.479034921135174 487850 
624 640 4368 22.172025185124728 466220 
625 642 3178 72.12829131461174 496408 
626 642 4315 88.69750380369173 430000 
627 643 3095 59.31160866250751 458493 
628 643 3282 37.73227829235019 496245 
629 648 3926 89.60123608826525 471618 
630 649 4485 83.86643347998495 443569 
631 650 4600 59.50963478361702 434692 
632 651 4718 76.2487832248033 418155 
633 654 4725 47.660784146725135 483583 
634 655 3116 43.487123494760795 468310 
635 657 3410 77.66419523024514 476699 
636 659 4622 38.335237772635715 412978 
637 660 4215 20.772907673528806 443248 
638 660 3132 8.244378203429225 451604 
639 660 3586 2.734854454416013 479475 
640 661 4819 64.80650091758778 416044 
641 662 4487 34.780532473644 468642 
642 663 4929 54.84923925041964 414082 
643 663 4317 14.521208651569554 488301 
644 664 4112 50.25242129764735 498114 
645 664 3947 20.292898163100993 418298 
646 664 4718 43.49017728685911 418573 
647 665 3366 27.25985571489818 430560 
648 666 3739 59.29678790950046 473021 
649 666 4536 1.8173723186256758 410013 
650 667 3160 63.830810113466704 415860 
651 668 3266 10.761500875586021 406256 
652 668 4246 17.158511512426486 422667 
653 669 3836 75.54669691772257 483388 
654 669 4180 18.245196759103017 408858 
655 671 4261 38.53093959054857 481900 
656 671 4304 46.919191973010584 414155 
657 671 4042 55.4658772320623 498699 
658 672 4417 86.21182769407672 486869 
659 673 3740 76.64423868259469 447251 
660 673 3788 42.13983346133294 496218 
661 674 3141 48.718232713019965 437897 
662 675 4861 25.717310433150185 485425 
663 676 3297 53.01764432952211 413020 
664 676 4163 88.804316514857 453194 
665 676 3983 1.8924677728375157 402255 
666 677 3327 18.61925739771608 468626 
667 677 3472 73.8404358324654 443569 
668 680 4048 34.19239870806181 429789 
669 682 4818 38.24571030432753 481485 
670 684 4285 45.92288691491429 466977 
671 685 4336 60.93835687651371 442249 
672 685 3915 17.038756376135208 453390 
673 688 4485 77.03791448249721 416329 
674 688 3322 89.56808694565913 446687 
675 688 3470 5.887020739941675 432329 
676 689 3640 76.72411665771108 486854 
677 689 3281 39.19849453962028 430910 
678 689 4442 79.75678194071787 490201 
679 692 3364 52.2551897306784 500982 
680 693 3946 88.40123762040449 489171 
681 694 4492 57.29944377835028 497791 
682 694 4255 59.49820750261011 482841 
683 694 4401 38.08055907001456 482192 
684 695 4296 33.01183155134337 488695 
685 698 3135 40.129854831831445 411233 
686 698 3449 60.422567180812436 423860 
687 698 3125 63.97019974706799 475884 
688 701 3103 36.79998782283 423971 
689 703 4213 59.04250893630685 431437 
690 703 4273 84.0404121712666 420303 
691 704 4957 64.36657950161867 498352 
692 704 4800 53.82683153273235 401432 
693 705 4840 80.74303725460231 471929 
694 706 4385 36.265141856712354 472156 
695 707 4315 73.53189052891553 435767 
696 707 3973 54.901876665304464 423928 
697 707 3478 70.18657916290337 416470 
698 708 3176 80.88294334216755 458889 
699 708 4914 61.308354964863234 493945 
700 709 3800 15.440129617487846 436362 
701 710 3111 84.8347464582209 496219 
702 711 4474 66.96923896429078 438556 
703 711 4312 20.78363938218979 466858 
704 711 3530 63.20324191333975 412980 
705 711 4585 33.473593289500485 440547 
706 712 4611 4.233842261247311 480304 
707 713 3243 7.853931450372011 449717 
708 715 3874 25.025095988774094 419332 
709 715 4559 26.52290221174895 425460 
710 717 4637 52.70822093197137 450805 
711 720 4792 77.60072677134295 485873 
712 720 4598 87.53610445722785 465279 
713 720 4164 82.04282391030237 438599 
714 720 3228 60.550643325529634 415048 
715 722 4129 48.51191096247984 499285 
716 723 4206 25.154714939030143 445773 
717 725 3959 9.226910824020882 413157 
718 725 4822 64.65404989170999 500782 
719 726 3718 41.89547677048881 411210 
720 728 4837 8.910047745460878 497421 
721 728 4982 52.09110634544658 418131 
722 729 4311 85.50290034860008 484595 
723 729 4546 8.845363832921333 460484 
724 734 3413 67.68084141873726 483304 
725 735 4030 45.38511050472992 411938 
726 736 4314 56.00294726150948 467161 
727 736 4566 27.290504356969766 441050 
728 737 4310 80.62352691108084 440682 
729 737 4516 2.5103977535641135 415980 
730 737 4873 38.160129066894335 478123 
731 737 3463 9.556781105661317 452479 
732 738 3730 1.8812311277391902 497404 
733 738 4517 19.35765118219782 439617 
734 738 4862 82.40962659133031 470717 
735 741 4754 56.757029851351845 462498 
736 741 4611 10.16779943401182 404456 
737 742 4568 37.12218755372281 429528 
738 743 4398 86.68476979356764 410864 
739 743 3079 84.85442295736841 412640 
740 743 4320 24.388424659328003 438130 
741 744 4186 46.08385928909913 417369 
742 744 3876 89.222529324138 477862 
743 745 3052 42.572885258091446 424409 
744 747 3860 70.4453788842605 476449 
745 747 3624 8.952918625755057 451582 
746 751 3461 50.18091108269414 459668 
747 756 4642 77.11646471400667 401310 
748 756 3353 64.52772569770443 479102 
749 758 4449 38.72867879629743 457222 
750 761 4946 53.59590547786226 476489 
751 761 3431 76.19743124972943 401202 
752 761 4874 80.16487028227893 475111 
753 762 4164 57.60816061556464 418700 
754 763 4615 83.79148780858978 469973 
755 766 4275 64.56425842314542 468191 
756 768 3759 66.49260520822332 472100 
757 769 3380 49.84372347783793 454661 
758 769 4828 3.827980672002523 500105 
759 771 3504 81.77226371993115 412730 
760 771 4834 46.00543334876194 416633 
761 772 3176 4.602615462745737 408029 
762 772 3108 12.110154868587303 405949 
763 772 4755 19.09119485360921 402702 
764 773 3073 5.7731164632623715 469642 
765 774 3079 55.287222118113846 461602 
766 774 4027 58.85014523145362 440373 
767 775 4586 62.55325594819179 415236 
768 776 4103 74.69079699694782 432631 
769 776 4876 52.82881658885634 438113 
770 776 4904 4.184438982705293 454841 
771 777 4793 4.2739349038723145 440606 
772 778 4220 53.02052220565625 488710 
773 779 3660 4.963160341224002 453942 
774 781 4512 61.94441532411849 454625 
775 782 4731 16.37320989670077 428340 
776 783 3321 6.474202856556815 448345 
777 783 3226 46.3481023654713 453628 
778 784 4890 29.283436808464884 475073 
779 785 3771 21.912841125012907 411344 
780 788 3172 41.974823608342795 433988 
781 789 4798 15.083069299499194 458476 
782 790 3630 17.666041982595946 415676 
783 791 4279 60.49944618372261 419473 
784 791 4773 82.73741234327375 415711 
785 792 4338 18.391613604320384 429223 
786 794 4494 27.457959512234574 477715 
787 797 4886 79.6653108127503 460631 
788 799 4305 9.579163538728244 478187 
789 800 3917 6.812552407965287 429589 
790 802 4379 57.96152831559517 479226 
791 803 3434 14.193136685699429 442944 
792 803 3208 15.402435333221552 416273 
793 803 4438 52.18599087326452 463777 
794 804 3554 34.815562794220774 402748 
795 805 3223 65.03043032566923 490085 
796 806 3277 13.59108695769212 407549 
797 806 5005 82.5255445123869 441592 
798 806 3949 74.9984971010544 465980 
799 807 4749 47.84058390263907 467239 
800 809 4257 36.370845383602614 474196 
801 810 3962 5.090974320742537 459782 
802 811 3239 78.60799339547482 490706 
803 812 3844 88.03638007739085 425787 
804 812 3439 73.60515144376988 445813 
805 814 3376 36.49578865128111 461951 
806 814 4572 65.1405297148591 472877 
807 814 3799 53.563995454361915 412653 
808 816 4541 25.50991569246084 421327 
809 816 4550 56.52157298473309 471855 
810 816 3141 21.67177619907995 444647 
811 817 4264 72.28813292389954 468739 
812 820 4999 14.437473033150932 484180 
813 820 4467 62.076711740082175 497037 
814 822 4583 4.659131432575637 468686 
815 823 3324 79.34548811134194 414402 
816 825 4602 1.679997019009706 481646 
817 825 4289 22.188439426897325 416849 
818 826 4804 18.974456575796168 495356 
819 826 3858 80.7264833672408 483938 
820 827 3902 82.38487501955035 471203 
821 828 4975 7.230880030386561 467049 
822 829 4298 45.13320766240721 422743 
823 830 3079 78.39131014748412 485743 
824 831 3844 69.53588673553621 423797 
825 832 3529 32.13784542762873 476837 
826 832 3338 14.318197888654243 453424 
827 834 5005 69.48962984111074 467679 
828 834 4253 88.99085630079966 490891 
829 835 3273 29.93210621863488 444090 
830 837 3240 42.27383826966207 431372 
831 837 4827 73.80329575768305 433780 
832 838 3849 83.33512070320049 426018 
833 838 4043 88.04126824056523 428760 
834 840 4665 57.55966129168213 485501 
835 840 3376 48.499505948696424 480157 
836 840 3568 56.80122755638693 462612 
837 841 4387 76.95803352938039 490825 
838 842 4140 8.676889120331051 457045 
839 842 3449 82.92095907076944 431269 
840 847 3515 2.9476293533834115 435179 
841 851 3116 38.251360917208544 449275 
842 853 4913 42.207975930870376 480439 
843 853 3446 11.76575365052981 493436 
844 854 4679 55.801992314600405 450491 
845 854 4409 76.4526455965483 411473 
846 856 3727 47.55686993252436 445097 
847 857 3937 71.81613709362479 409099 
848 858 3553 33.476825852394974 488758 
849 858 3037 59.91846676496477 447672 
850 859 3899 12.527657626341115 453679 
851 860 3343 31.637687517861096 452136 
852 860 3777 82.06938001238332 430298 
853 863 4786 89.66398061102694 465940 
854 863 4004 86.14759564495732 431790 
855 864 3371 87.94364331928 453762 
856 864 3255 78.39937405859239 496745 
857 865 3024 80.46179323919718 443484 
858 866 4186 80.6916067037104 430127 
859 866 3259 15.42918417602127 404470 
860 869 3526 67.32861027104715 458437 
861 869 4094 47.718220845953255 440847 
862 870 4926 70.0134068799698 417756 
863 871 4501 49.51832055570965 443583 
864 873 3045 13.692529745803048 444249 
865 875 3445 6.106570436535807 445647 
866 875 4791 86.3654910982349 439338 
867 875 4011 51.41766870872755 409122 
868 875 4275 52.91982887568659 480784 
869 876 4048 36.401230287802235 483751 
870 876 4019 55.62494546978494 445241 
871 877 3856 15.890736051894265 430416 
872 883 3382 51.56010363285103 481316 
873 884 4808 57.22824558812511 410773 
874 884 4319 88.66951399953437 495339 
875 887 3608 76.87156155565694 460022 
876 887 4209 6.227255490484978 456016 
877 887 4850 19.52750324711415 426024 
878 887 3222 53.32163139818115 497074 
879 888 3026 36.375147445212804 452196 
880 889 4815 57.137995200794045 492721 
881 889 3287 80.09558835642659 423100 
882 891 4506 29.532907219806503 468112 
883 892 4811 78.24216993596 469907 
884 893 4850 89.13222877176423 471633 
885 893 3467 3.370192461696672 479479 
886 893 4660 71.81413019717357 478893 
887 894 4138 59.99671669205406 458382 
888 894 3817 87.67764377934884 408455 
889 895 3960 66.32606014284829 486850 
890 896 4469 14.162292948375153 433043 
891 897 3755 63.63609803409828 492891 
892 899 3937 69.84694070993362 447584 
893 900 4393 81.79432489486696 401735 
894 902 3842 17.863235555978555 468717 
895 902 3565 43.172417537731086 495523 
896 904 3611 42.57021263638675 489298 
897 905 3349 29.085701929629153 497054 
898 907 3907 29.00113136788452 420339 
899 909 3885 11.045821484416194 401445 
900 909 4052 38.10657368014599 466371 
901 910 4359 23.974040693086618 420268 
902 916 3382 86.27171652361855 439363 
903 916 3454 46.39158656099091 493665 
904 917 3404 67.46397572037958 411123 
905 919 4949 61.77546439550764 454056 
906 922 4518 29.83252662741416 484386 
907 924 3265 14.984584753781713 495161 
908 924 4101 1.3970500527340186 450833 
909 926 3212 22.037463021134776 485775 
910 927 3473 52.11033224288997 456345 
911 928 3609 46.917108427352225 403824 
912 928 4901 38.684528188341964 448828 
913 928 4806 67.31520639852117 446350 
914 929 3794 56.406094752162325 434817 
915 930 4134 83.97298810929841 494468 
916 932 3292 40.59335189254792 423204 
917 932 4808 80.14002935928428 478199 
918 932 3974 79.78395767622929 495597 
919 933 3164 87.01641669538313 439738 
920 933 3882 29.33375976062814 498879 
921 934 3561 57.51312453383921 416687 
922 934 4215 60.938302215512984 406060 
923 934 3992 72.73758700625145 414336 
924 937 4224 27.584519256123823 424811 
925 938 3818 48.210653403898306 451592 
926 940 4052 75.9005048188533 441534 
927 941 4184 33.19219989843747 418115 
928 941 4473 68.02777763538428 446265 
929 941 4383 12.553269502846597 444734 
930 941 4200 89.55905053413983 486357 
931 941 3067 24.447054295457807 499046 
932 942 4974 79.84708923407912 461579 
933 942 3277 22.655971347278 426955 
934 942 4144 86.48840542421215 429677 
935 942 4260 47.440093312350655 430270 
936 943 5002 49.10942320912611 423043 
937 943 4429 17.738152170725733 408782 
938 944 4234 72.05615955035562 488737 
939 945 3679 32.20465170599405 411508 
940 947 3819 40.49457323525995 457022 
941 947 3829 75.82926619975912 451110 
942 949 3961 9.690013766088255 494150 
943 950 3827 74.39390126702249 441397 
944 952 4273 66.8855634948582 433815 
945 952 4537 32.20849566692005 429883 
946 952 3170 59.84799137541054 467127 
947 954 3038 6.066349533031557 405297 
948 954 3233 74.56621409861532 421540 
949 956 3452 43.08328107481971 486767 
950 956 3547 20.646687990090385 430283 
951 956 4290 32.920737827706056 469518 
952 958 5006 86.79024200874919 468057 
953 960 4131 10.76359287338728 419981 
954 961 4880 32.531722025867964 471107 
955 961 3942 28.473969342081016 449461 
956 964 4644 33.99242312040872 498998 
957 964 3698 74.06494610550322 481744 
958 965 4347 23.427998380763604 480429 
959 965 4092 77.99886205111115 421896 
960 966 4553 57.894381390104606 425631 
961 967 4972 35.129637681228644 485328 
962 969 4422 14.249268626604614 485422 
963 972 3600 17.45894043493396 484676 
964 973 4845 28.106922488080077 472168 
965 974 3053 27.796154569955217 413573 
966 974 3240 12.285285594540419 500877 
967 975 3096 31.66206919989131 454448 
968 976 3580 69.34632086186983 482084 
969 977 3102 69.30182706702816 455000 
970 980 4610 60.21415353010878 427833 
971 980 4467 68.32046941151934 481613 
972 980 3986 23.28901329239877 430304 
973 981 4373 71.09576314581449 440978 
974 982 4167 32.57219647411891 414395 
975 982 3237 44.47325199298899 423774 
976 984 4428 64.25171419848374 440277 
977 986 4123 63.05088664350699 401875 
978 988 3058 38.94098017265042 493383 
979 988 4722 55.7356285118249 476637 
980 989 3489 62.112266342478684 442004 
981 990 3611 78.32923143177544 493188 
982 991 3143 57.879133649269306 467060 
983 991 4069 29.751423473972228 496262 
984 992 4892 36.884161204821396 493076 
985 992 4852 55.73480506754222 467511 
986 993 4009 86.31703574356484 440266 
987 993 4457 69.94113203671101 405954 
988 996 3691 11.24080391195384 454760 
989 996 3627 16.427289798839 428543 
990 1000 4857 72.0756576360426 481846 
991 1000 3436 62.69162830094551 448659 
992 1001 4080 76.30806387784541 434280 
993 1002 4079 60.00508433878384 491784 
994 1002 3510 11.245527970372876 416062 
995 1003 3166 33.52063192473647 406649 
996 1004 3081 78.44409428579931 484408 
997 1004 4222 14.758813271467567 452530 
998 1006 3024 78.24215226551244 484628 
999 1008 4370 36.245606456244964 429101 
1000 1010 4871 65.21372059489288 487942 
1001 1011 3776 50.097910202594406 464498 
1002 1012 3526 42.98327338634568 408371 
1003 1012 4434 77.39992880656138 481944 
1004 1015 3686 66.65618333256387 470685 
1005 1015 3952 82.87751773580375 405137 
1006 1017 3833 7.25001881491018 463180 
1007 1017 4348 21.178844698415602 422531 
1008 1019 4107 83.70267615847655 463536 
1009 1019 3455 83.12854149387923 480414 
1010 1022 4728 61.490114062712124 467523 
1011 1023 3785 88.97285529584991 430253 
1012 1025 4735 80.73996912120359 439839 
1013 1025 4919 40.80499957112173 447724 
1014 1026 3784 18.97537633069349 497226 
1015 1028 4120 6.653510830993018 464901 
1016 1028 3445 35.810313735973594 466848 
1017 1029 3207 9.796051979089507 486549 
1018 1029 4328 30.812407590199136 448695 
1019 1030 3183 8.219342255100003 495050 
1020 1030 4748 76.60133074325753 428311 
1021 1031 4472 88.26222360963571 461846 
1022 1034 4128 82.96474994205106 482290 
1023 1036 4696 79.54990602617119 467138 
1024 1037 4996 12.28990564189205 467980 
1025 1037 3131 83.20403988466153 487881 
1026 1038 4318 13.606963890320678 451661 
1027 1038 4102 32.767767266709605 459895 
1028 1039 4975 5.656499023368165 441480 
1029 1041 4962 87.19159531799063 474722 
1030 1042 3183 13.885133932311119 468472 
1031 1042 4775 76.11789693838138 432961 
1032 1042 4372 80.74476111542627 464525 
1033 1044 4848 69.84419647813044 428810 
1034 1046 3861 82.2604025911534 457001 
1035 1047 3885 26.94621134495627 423611 
1036 1048 4130 82.80883107665115 499400 
1037 1049 4934 14.014020065396869 417504 
1038 1049 4692 39.64875007591277 419583 
1039 1049 3537 24.579021263139452 406727 
1040 1049 4746 59.11875097566739 407521 
1041 1053 3023 42.56456913522101 473908 
1042 1053 3530 33.686723148095076 454914 
1043 1053 3291 59.55404378605413 406127 
1044 1054 3608 13.115388292929577 456817 
1045 1058 4568 2.929491855617848 405344 
1046 1063 4887 55.17040496698461 443793 
1047 1063 3996 72.40685878714343 442186 
1048 1063 4148 89.25797786260381 433805 
1049 1064 4048 18.414732898360448 490101 
1050 1065 4098 24.512618650054907 412952 
1051 1065 3699 34.14199716453498 415524 
1052 1067 4384 1.8982079891156183 498824 
1053 1068 4921 32.34458039171959 434714 
1054 1069 4499 13.810436898330726 481528 
1055 1069 4120 11.232997613583251 409236 
1056 1069 4410 11.160321475135861 430347 
1057 1072 3842 35.996067696270515 484908 
1058 1073 4487 86.01030251305866 446834 
1059 1074 4631 65.27920820152839 413752 
1060 1076 4006 40.19373732866536 407337 
1061 1076 4443 8.63799574988576 479450 
1062 1077 4467 89.72245373670924 460572 
1063 1080 3187 26.96391711574485 409804 
1064 1081 3600 69.00816910957994 415666 
1065 1083 3275 45.21766618160315 446341 
1066 1088 4722 13.197809987482067 476061 
1067 1091 4615 5.235487140747095 402366 
1068 1092 5017 74.8307938533841 483631 
1069 1092 4026 55.00888679507639 441698 
1070 1092 3289 10.036920953777907 416831 
1071 1092 4063 38.723280893106114 416612 
1072 1093 3318 7.759140715366699 402549 
1073 1094 3846 71.74405457040467 494704 
1074 1094 5008 10.20753390394856 471313 
1075 1094 3893 4.867188906717798 417872 
1076 1095 4790 40.33699792032794 455320 
1077 1096 3120 74.27927760983128 482186 
1078 1097 4098 10.000480422060177 494820 
1079 1097 4240 77.39114480472283 452529 
1080 1100 4348 67.02164238860234 433299 
1081 1101 4852 49.527321729029566 444596 
1082 1101 4095 39.56366464332573 476188 
1083 1102 4363 54.569962657209246 409118 
1084 1102 3066 6.912324408568099 438280 
1085 1104 4980 73.91145803224877 492501 
1086 1107 4339 44.506977854854966 497581 
1087 1108 3583 70.07767713096263 422609 
1088 1110 3229 40.03430829639291 498185 
1089 1112 4663 23.763458215459256 491160 
1090 1112 3331 27.3288289132614 455773 
1091 1114 3467 74.03340449198508 439971 
1092 1115 3567 22.981940097451528 448650 
1093 1115 3060 30.43090101959559 409782 
1094 1118 3920 9.868538423114176 416298 
1095 1118 3405 86.05853190808034 448701 
1096 1118 3733 80.49648675637671 486422 
1097 1118 3315 83.38816768265175 461321 
1098 1119 3732 77.93848893315388 438365 
1099 1121 5003 2.9662595788067874 464986 
1100 1122 4915 75.60473091087323 486932 
1101 1122 4352 86.71844679117179 407865 
1102 1122 3901 42.905319993710684 465192 
1103 1122 3922 11.663283422185861 413552 
1104 1122 3629 12.404629126163883 473081 
1105 1122 4729 16.10419406485454 426402 
1106 1123 3538 4.548569624185102 444822 
1107 1124 3235 4.746641814869919 411846 
1108 1124 3698 69.72128394696406 413522 
1109 1124 4817 47.842714106455105 451510 
1110 1125 4313 87.12840815279918 420697 
1111 1126 4416 13.174912172859903 408698 
1112 1126 4716 8.390089843249369 413045 
1113 1127 4901 12.835335800098376 489725 
1114 1128 4755 50.5892888849127 459185 
1115 1130 3127 26.37518596561811 427732 
1116 1130 4916 16.893852618421242 448605 
1117 1133 3585 19.801661485586866 426473 
1118 1135 3604 57.848298950209305 424172 
1119 1137 4458 28.255746037139406 421181 
1120 1137 3738 49.90029383659789 429802 
1121 1138 3039 67.7867881614385 462284 
1122 1140 3899 56.69530931734629 424488 
1123 1141 3961 76.04901102633065 474067 
1124 1142 4999 52.76401566417124 454351 
1125 1146 4381 58.489263905634566 474743 
1126 1147 4794 40.62838629947057 490395 
1127 1147 4861 13.732558981825033 478489 
1128 1148 4757 10.917224471003564 451724 
1129 1151 4693 47.843230285608215 420274 
1130 1153 3472 39.23025089379982 465027 
1131 1153 4067 77.45366028572542 415297 
1132 1153 4999 23.294131937576537 412458 
1133 1153 4218 87.15548474543672 480043 
1134 1153 4742 38.56278502856091 419015 
1135 1155 3609 41.073220027832896 415383 
1136 1155 3124 18.714580643205448 497135 
1137 1155 4700 71.2440082800813 403788 
1138 1157 4682 80.24163530092433 461502 
1139 1157 4617 3.9538961771483585 498856 
1140 1158 4151 47.119988573225314 443781 
1141 1160 3737 50.67524455161583 489524 
1142 1162 3078 47.1222672376339 407971 
1143 1163 3359 49.4979963066747 487248 
1144 1163 4670 82.18627547737462 452557 
1145 1164 4633 32.63647348623567 423495 
1146 1166 4261 23.688886172286573 488847 
1147 1168 3970 46.83408971237513 424123 
1148 1168 4939 61.22769877452089 456100 
1149 1168 5017 12.394185303888948 421273 
1150 1168 3297 2.4259592637396015 412499 
1151 1170 3300 17.586596123970146 500770 
1152 1172 4809 83.93821065933219 405655 
1153 1173 3901 9.337978436726955 495396 
1154 1173 3583 67.88920965092846 429164 
1155 1174 3149 13.628456805132735 455195 
1156 1180 3316 9.2468937581984 440061 
1157 1185 4197 67.93732041830108 450723 
1158 1187 3381 2.1739205475305337 438611 
1159 1188 4412 88.13124613705396 461089 
1160 1191 4456 73.74079445259358 469671 
1161 1191 4372 78.43726317014817 445944 
1162 1195 4032 37.427046689821275 440775 
1163 1195 4652 84.76519732006781 488080 
1164 1196 4012 58.18720704827069 430525 
1165 1196 3371 71.65732442025916 407316 
1166 1199 4035 80.64682989267446 477666 
1167 1199 4073 57.02018986890403 494294 
1168 1200 4120 30.10380763604289 484885 
1169 1200 4736 11.961027668409088 402312 
1170 1200 4184 16.24391474420875 423487 
1171 1200 3895 53.603164112148754 482116 
1172 1202 4944 59.833774464253125 424451 
1173 1203 3317 27.931894710738877 408046 
1174 1204 3465 76.10798285015463 488649 
1175 1204 3063 63.4476686321154 475961 
1176 1205 4256 1.4463793021735079 458095 
1177 1205 4168 55.55411060573573 470826 
1178 1207 4061 83.05144189440844 459528 
1179 1208 4980 29.68715708319275 491656 
1180 1209 4117 9.644731281677041 494656 
1181 1210 3968 48.45125566501456 485836 
1182 1210 3947 83.28693279368609 484085 
1183 1211 3796 34.8238969705436 401117 
1184 1213 4858 64.39473599639507 405844 
1185 1214 3878 33.64714084738293 419048 
1186 1214 4261 85.03763049273526 476258 
1187 1218 4029 52.44592425345135 467339 
1188 1218 3601 21.374842861159546 473211 
1189 1221 3652 60.82859682973288 469721 
1190 1223 4862 46.977396413284325 418799 
1191 1224 4297 55.87188842561555 424640 
1192 1224 3105 57.312870714177336 457897 
1193 1225 3171 5.54594048961352 494610 
1194 1226 3426 45.35747727253629 429975 
1195 1226 3083 21.095142152105016 483909 
1196 1227 3462 35.09209377843686 428899 
1197 1227 4599 5.058933833512759 495783 
1198 1229 3368 79.53163540974279 497129 
1199 1231 3932 83.77190037580166 424266 
1200 1232 4106 47.635777200076745 432175 
1201 1233 4664 78.62077081114236 445548 
1202 1233 3339 9.214451331577678 470672 
1203 1235 4894 84.70794912272542 438344 
1204 1237 3856 22.08982682392272 486715 
1205 1237 3770 56.13788385829311 461922 
1206 1237 3948 53.32288523167285 500159 
1207 1238 4119 15.707091847283502 420030 
1208 1238 4435 59.34978905421323 464881 
1209 1238 3629 70.86702288185735 420364 
1210 1239 3353 11.46239211428738 412447 
1211 1241 3458 52.97476857853801 419155 
1212 1242 3138 58.76591990321387 472632 
1213 1244 3367 50.00049058313798 413281 
1214 1245 3043 19.94228214233052 484383 
1215 1245 3087 81.89561719503938 480241 
1216 1245 3234 63.46004838468068 455506 
1217 1245 4890 16.765901286656273 431493 
1218 1248 3571 57.34176346085014 493632 
1219 1248 3096 83.86635067410941 428635 
1220 1249 3779 81.29624566289927 430933 
1221 1251 3860 70.49027526995238 413644 
1222 1251 3671 23.764804323662094 440340 
1223 1256 4180 33.89888010846542 477008 
1224 1257 3170 61.17539772554397 450921 
1225 1259 3614 49.797078462590655 464296 
1226 1260 3137 48.69043103194599 452926 
1227 1261 3861 67.98902222509197 440727 
1228 1261 4780 52.599266752737684 466325 
1229 1262 4378 60.61238421375175 463678 
1230 1262 4975 59.67811374890739 432135 
1231 1265 4162 75.99489887768779 407188 
1232 1266 3527 30.579770767190016 447848 
1233 1266 4209 18.81980259302034 407495 
1234 1266 4967 52.42166999745977 420908 
1235 1268 3113 19.356710239059804 425910 
1236 1268 4871 77.76743696417378 429516 
1237 1269 3847 34.67900458634957 463435 
1238 1269 4286 58.290467642908304 477476 
1239 1269 3034 54.62517369291343 434017 
1240 1269 4865 87.29649083214974 419113 
1241 1272 4769 85.046522403361 418046 
1242 1272 4678 17.523346488363202 403079 
1243 1272 4255 33.23517898277474 419356 
1244 1273 3425 9.984719332941362 408427 
1245 1276 4906 73.30108016972113 417752 
1246 1276 3573 17.431187017530696 420965 
1247 1277 4105 72.58478643096626 418902 
1248 1278 3061 67.36952748444779 451520 
1249 1278 4952 58.82375518872309 405205 
1250 1280 3258 42.410682638277535 459027 
1251 1281 4598 78.54427200238547 492484 
1252 1282 3132 64.33091608628472 411741 
1253 1283 4761 7.105903245424395 406375 
1254 1284 3813 32.84755142340009 496442 
1255 1284 4541 55.20339754771382 449984 
1256 1285 3316 45.70628985109216 408421 
1257 1287 4060 53.51601442989639 471605 
1258 1288 4132 48.7905518011188 485266 
1259 1289 4540 19.282807844775505 411052 
1260 1290 4433 87.62850017247008 469496 
1261 1292 4773 18.50894813717603 462116 
1262 1292 4350 33.62411570836544 440377 
1263 1293 4525 44.210302819956546 490713 
1264 1293 3666 76.38911294527122 484561 
1265 1294 3837 81.60906932649411 406024 
1266 1297 3233 77.37535578181152 430684 
1267 1300 3398 64.06338272835225 457257 
1268 1301 4513 86.64606102525326 429756 
1269 1301 4729 77.99764659065914 448228 
1270 1302 4807 56.58943680160101 435071 
1271 1302 3799 54.10547943569022 475404 
1272 1304 3830 52.014313442877416 436080 
1273 1305 4013 32.11657219264954 458944 
1274 1305 4932 36.59764442869205 484688 
1275 1308 4652 64.08525004233786 480038 
1276 1309 3975 6.699652112257377 462500 
1277 1310 4961 13.164496194223707 448574 
1278 1311 3115 56.9563100601103 477820 
1279 1311 3094 49.39639096051058 404444 
1280 1314 3076 47.56803774970735 487214 
1281 1314 4150 40.736138167147054 444299 
1282 1316 4965 16.728557002514698 418441 
1283 1317 3580 52.240719999497834 471784 
1284 1317 4790 46.309868289953194 476882 
1285 1318 4355 11.89632105024627 485882 
1286 1318 4859 26.54695344138614 462596 
1287 1319 4795 8.933437104425076 470108 
1288 1319 3768 46.76612097490438 478509 
1289 1322 4542 82.99258338528625 458391 
1290 1323 3395 19.76221525680202 432738 
1291 1323 3689 18.595668318402563 422759 
1292 1324 4007 53.62253723696431 440016 
1293 1325 4857 77.03300175527943 454482 
1294 1326 3807 67.36719308093441 499823 
1295 1327 4042 7.47171622571044 421134 
1296 1329 3452 31.69488947858494 415454 
1297 1331 3260 79.98027510521469 487719 
1298 1332 3175 22.63615147579109 496434 
1299 1333 4527 63.62633524464927 474704 
1300 1334 4038 74.48813325958267 428853 
1301 1335 3289 14.656494252304245 483890 
1302 1336 4772 52.698975061478976 482076 
1303 1337 4781 78.67478136932279 449588 
1304 1339 4299 48.8984615729811 407334 
1305 1340 4142 10.024792185564687 421716 
1306 1341 3242 72.13769915062231 426164 
1307 1343 3302 13.348275712266048 429552 
1308 1344 4379 88.46927986401828 493688 
1309 1345 4632 45.17898821177071 455376 
1310 1345 3559 13.218554261288006 460266 
1311 1347 4430 19.5190408706984 468493 
1312 1347 4683 60.95675400463707 482750 
1313 1347 4759 14.975590934073354 435973 
1314 1348 4109 43.27131207497437 447200 
1315 1348 4138 56.633680877955015 437409 
1316 1351 4550 70.97891969427428 458703 
1317 1351 4329 34.3168766813418 403666 
1318 1351 3198 60.947269914377266 468712 
1319 1351 3785 42.734266780632595 491397 
1320 1351 4041 55.952311461189346 415592 
1321 1351 3117 56.011193357792635 418145 
1322 1353 3532 8.702621943753549 480030 
1323 1353 4427 66.94602469781347 450211 
1324 1353 3794 77.05360255506224 447955 
1325 1356 4505 3.618161188920201 446565 
1326 1357 3698 4.581462210959588 438047 
1327 1358 4477 16.75778945169438 497652 
1328 1361 3904 50.51350083669996 406197 
1329 1362 3396 45.013384907704314 404194 
1330 1364 4203 78.48269408978663 428528 
1331 1365 4969 36.66749488900039 404267 
1332 1367 3567 71.09490906265806 490790 
1333 1368 3314 50.847607800873476 495874 
1334 1369 4375 86.54001177724108 474652 
1335 1370 3395 42.45839751836099 485388 
1336 1371 3534 78.30762293421867 443012 
1337 1371 3115 23.883171436436328 456085 
1338 1371 3657 15.56321765068599 480660 
1339 1372 4385 21.242933367144033 436713 
1340 1373 4378 29.19801226511837 487916 
1341 1373 4721 74.89542370568675 465152 
1342 1373 4659 44.36907845312719 496862 
1343 1374 4844 2.8717144352128576 487664 
1344 1374 4854 51.00813799208777 404447 
1345 1375 3257 69.94303913290702 462224 
1346 1377 4104 65.84296407697117 420479 
1347 1378 3345 48.832610324928446 481673 
1348 1378 4223 84.06783847525234 441638 
1349 1379 4816 28.08748867252939 468524 
1350 1379 4879 47.94061402805012 459187 
1351 1380 3712 19.19034421543089 455222 
1352 1381 4657 11.892020281744712 433538 
1353 1386 3285 78.53988197176848 441857 
1354 1387 4440 58.33162874738825 487050 
1355 1389 4174 62.86003231817542 480319 
1356 1392 4024 24.81303396958834 440546 
1357 1396 3392 3.6883033917319024 402444 
1358 1396 3719 53.086158988768815 447198 
1359 1396 3099 30.757747535991747 490660 
1360 1396 4269 48.317084348153806 424553 
1361 1397 4106 35.46098478649718 437834 
1362 1398 4729 11.801691390951522 429194 
1363 1399 4879 47.956480330336994 496796 
1364 1400 3527 84.7297011277499 414504 
1365 1404 3140 27.995522630854406 492782 
1366 1404 4623 10.302062022158053 432897 
1367 1405 3119 59.548565060086815 497764 
1368 1406 4966 84.08802922040915 425482 
1369 1407 4863 38.84195077171192 447225 
1370 1410 4145 13.70167310087209 413382 
1371 1411 4071 77.49744952279457 459590 
1372 1411 4191 7.1517054982949615 435957 
1373 1412 3038 80.40566297491344 443751 
1374 1412 5004 69.11402942811905 474489 
1375 1414 3191 32.00107495425675 432901 
1376 1414 4489 78.10364311364934 489742 
1377 1415 4464 61.545338849235264 500174 
1378 1416 3355 63.12362834981731 478131 
1379 1416 3308 15.606494273338447 488375 
1380 1417 3528 55.942654472991066 431332 
1381 1417 3383 62.72989515165338 451313 
1382 1417 5002 18.22429372319795 484869 
1383 1418 3490 58.74034004639224 461510 
1384 1419 3396 10.598243488929684 460952 
1385 1420 4061 29.03934402228552 493123 
1386 1421 4009 67.29409807089989 459152 
1387 1422 3897 51.28097284243396 461956 
1388 1423 4106 52.91555415819456 414466 
1389 1425 3799 84.07570534066285 475321 
1390 1425 4225 80.89053293766302 430258 
1391 1426 4811 4.55845266999468 433919 
1392 1427 3752 47.56961392351712 427514 
1393 1427 4385 62.46338953610471 412618 
1394 1428 3167 45.75211541426303 403636 
1395 1428 3776 77.37461803579991 427712 
1396 1430 4134 60.31081227033394 478997 
1397 1431 4032 26.969920727409 441460 
1398 1431 3457 11.604458461765578 459511 
1399 1432 4760 57.25527920796877 426234 
1400 1435 3286 66.50253314933394 445759 
1401 1437 4136 6.240841001127905 455483 
1402 1438 4794 53.785641794061824 440712 
1403 1438 4380 2.359372045270189 468896 
1404 1439 4133 20.638306001397133 406188 
1405 1439 4053 66.89874899731224 450567 
1406 1439 4226 50.18765450781541 496072 
1407 1440 4438 27.631349084936808 488471 
1408 1440 4429 23.51867927692154 450781 
1409 1440 3280 23.9578270113194 452207 
1410 1446 3654 67.43714570380251 457182 
1411 1446 3737 37.27362819481954 467361 
1412 1446 3833 72.98993783115507 417904 
1413 1446 3991 28.46371962537615 465457 
1414 1450 4283 87.75798714727026 469173 
1415 1452 3381 33.91785570784432 413650 
1416 1454 4087 24.401210675527707 404504 
1417 1454 4540 12.36526684040132 401163 
1418 1454 4809 78.18261677969105 458666 
1419 1455 4824 57.51169969197036 463731 
1420 1456 3171 20.095197042667042 415750 
1421 1458 4011 41.86750738207928 473510 
1422 1458 3906 47.33234904984705 424478 
1423 1459 3920 84.6272278146121 487521 
1424 1459 4662 17.164057334353846 408345 
1425 1460 4313 61.50765485816794 459714 
1426 1460 4021 28.664519079652074 496458 
1427 1461 3134 63.21264499327599 444134 
1428 1462 3269 86.53470240864262 484841 
1429 1464 4262 67.26558433882397 403074 
1430 1466 4688 6.403134652086607 465185 
1431 1467 4352 15.45511177212373 414515 
1432 1467 3765 45.27284678540886 461312 
1433 1468 4169 22.99204053393527 500949 
1434 1469 3768 82.03962953558343 447249 
1435 1470 3659 77.21604995480757 495792 
1436 1471 3318 45.393200643207464 417822 
1437 1473 4960 22.237275285307824 456799 
1438 1474 3040 55.662430818753876 472593 
1439 1475 3443 59.11759995665382 411130 
1440 1476 3615 79.10852855398342 407386 
1441 1478 3376 40.360487399559446 426017 
1442 1479 4624 64.57899684706672 476586 
1443 1479 3949 8.619682246288335 461471 
1444 1481 3413 1.508553950284841 431022 
1445 1483 3301 24.599582783384054 425520 
1446 1485 4458 73.61902327264356 487507 
1447 1485 3373 50.16231157203882 419019 
1448 1486 3160 19.47687919445223 410744 
1449 1486 3503 34.1639299890778 437387 
1450 1489 4215 25.12364018062121 479097 
1451 1489 3163 48.67662475778839 428582 
1452 1489 3154 16.68649859559536 445411 
1453 1492 3832 4.5379212407663445 491493 
1454 1496 3666 34.476621184314034 477882 
1455 1497 4802 48.24090981146477 412007 
1456 1498 4437 48.48087239888307 420065 
1457 1499 4613 41.112464959700034 441606 
1458 1500 3515 73.07763090079759 414217 
1459 1500 4962 22.676339835337448 413787 
1460 1501 4733 7.714275450256638 436719 
1461 1501 3274 77.02631604625174 405967 
1462 1502 3142 69.5341528537163 437789 
1463 1502 4607 15.947712664164552 491530 
1464 1503 4247 65.18916195997517 493935 
1465 1503 4210 4.059164029827454 413994 
1466 1506 3313 89.54419219049218 476515 
1467 1507 4448 56.13804345614939 481688 
1468 1507 3437 62.15229149907218 492861 
1469 1508 3928 79.88504834745045 481666 
1470 1511 4441 18.73537871541938 443172 
1471 1511 3825 82.996837886116 484928 
1472 1512 3096 86.41618425378623 408290 
1473 1513 3545 89.97624191987686 450443 
1474 1513 4473 48.671150503326224 497429 
1475 1514 4497 2.801400572598185 414698 
1476 1514 4523 27.263604196562895 470047 
1477 1515 4361 23.206655153571848 480196 
1478 1516 3735 82.50388645794898 479944 
1479 1517 3810 71.9167717380292 437399 
1480 1518 4238 72.67125516112644 428205 
1481 1519 4987 89.51352988585835 475114 
1482 1519 3036 33.09435263187259 446037 
1483 1520 4905 59.719202576960015 456711 
1484 1522 4017 65.90637574419168 459200 
1485 1523 4212 25.127910452903492 484907 
1486 1523 4050 33.76547141546645 413537 
1487 1523 3065 14.42087678163808 427834 
1488 1524 3517 53.10801642200588 444767 
1489 1525 3886 52.536979895411136 440373 
1490 1525 3967 71.98717303021051 451090 
1491 1525 3088 23.43132149873354 474252 
1492 1526 4154 43.52665727839463 483617 
1493 1526 3571 60.16637494121761 401446 
1494 1529 4387 21.439098489187725 481714 
1495 1532 3952 70.03352565694732 430152 
1496 1533 3541 57.47652764084695 441222 
1497 1533 4312 17.630910847845964 411882 
1498 1535 3919 62.69734984034175 451980 
1499 1536 3059 35.4903731436259 446758 
1500 1536 4408 61.39004449821963 421421 
1501 1536 3578 7.962581013175308 403335 
1502 1537 3091 36.82409588815213 459360 
1503 1538 3801 36.09938520797946 406059 
1504 1538 3320 7.025433597869127 465223 
1505 1539 4854 68.52423037514686 478706 
1506 1539 4178 15.290399048734308 432967 
1507 1539 3968 80.9410711912267 452134 
1508 1539 4046 43.36859237612897 414845 
1509 1539 4734 78.65244363363605 489012 
1510 1541 3445 33.40808820697008 487350 
1511 1542 4755 3.5418467092626527 494922 
1512 1542 4345 52.129600182140166 481968 
1513 1549 4390 60.300150087241335 495641 
1514 1549 4613 66.10770582400632 477893 
1515 1549 4777 34.12156772601908 440971 
1516 1550 3953 35.46496256005063 409515 
1517 1550 3910 89.35875066993188 451281 
1518 1550 3239 37.94785745700519 444812 
1519 1551 3414 67.71360729622029 410776 
1520 1551 4384 57.034083972141374 403420 
1521 1555 3044 40.37859991953731 446907 
1522 1558 4714 32.437401480268036 413042 
1523 1560 4895 33.39308815195263 447442 
1524 1561 3634 31.628494138917663 407752 
1525 1561 4326 21.62584306763572 442895 
1526 1561 4542 43.50390226899301 463626 
1527 1562 4834 40.99941311627185 426586 
1528 1562 4526 6.950050208865063 435706 
1529 1564 4872 80.14383186040914 441876 
1530 1565 4672 86.29496329049083 472293 
1531 1568 4790 1.386401415547883 434168 
1532 1568 4419 49.20498880456363 492618 
1533 1569 3971 54.06654045484158 426941 
1534 1569 4331 63.32150577967247 473608 
1535 1570 3731 46.46802322087803 413060 
1536 1571 3242 41.77900760572068 417293 
1537 1571 3726 61.3074216680985 440478 
1538 1573 4108 34.10100464072759 452612 
1539 1574 4250 32.762455385480365 464798 
1540 1574 4124 74.88439272512272 486499 
1541 1574 4119 11.44737013261898 414140 
1542 1575 4939 51.93275522921932 401770 
1543 1575 3855 69.19990613039377 417299 
1544 1575 4347 69.24335048730975 449778 
1545 1575 4606 65.4407407495158 447818 
1546 1576 3097 38.25555525185048 453371 
1547 1576 3983 44.5985046057443 486764 
1548 1576 4170 20.7396443273675 460070 
1549 1580 4022 27.82797736619357 412376 
1550 1580 3116 3.677118205897849 408681 
1551 1582 4362 57.29529678648395 416539 
1552 1582 4253 52.039387754651976 423404 
1553 1582 4901 42.457500049395925 448024 
1554 1582 3371 80.01326754661251 437377 
1555 1584 4506 44.139403173857964 463654 
1556 1584 4026 60.62192642046274 485811 
1557 1586 3112 31.699345592419164 479649 
1558 1586 3749 32.442720627898765 426008 
1559 1587 4930 6.884705903085525 440552 
1560 1589 3675 24.253039213467613 438522 
1561 1589 4775 32.366482382668494 458332 
1562 1590 3631 88.47217624585788 424645 
1563 1591 4403 9.533811020665256 404081 
1564 1591 4071 34.57698235516123 410848 
1565 1591 3491 43.21366478775683 470312 
1566 1592 4860 9.602517880387106 421582 
1567 1592 3614 85.75670392412606 461190 
1568 1593 3428 62.854913248655336 447448 
1569 1596 3206 64.79683277561941 458030 
1570 1596 3994 87.24601179355943 454416 
1571 1596 4727 51.49804804377446 499233 
1572 1599 4967 21.81202265152111 487983 
1573 1600 4032 75.18429575242487 450978 
1574 1602 4056 70.4918283396321 465395 
1575 1602 3148 35.31160551916095 496883 
1576 1602 4792 82.15207186446989 426349 
1577 1602 4696 37.70678123870726 412536 
1578 1602 3084 48.6243932268754 423716 
1579 1604 3178 78.41928621787082 449143 
1580 1607 4637 63.84348297351492 401635 
1581 1607 3254 80.32031045196587 410236 
1582 1609 3049 6.842083359426402 492162 
1583 1609 3286 27.622594695086814 452343 
1584 1609 4199 14.339674646641328 490926 
1585 1610 4881 85.57463168703354 483732 
1586 1611 3857 87.20105532690417 477101 
1587 1611 3636 4.5237386817298315 489093 
1588 1612 3414 10.98186306981612 421809 
1589 1613 4635 65.66154782641914 430949 
1590 1615 4833 37.73918163443954 451420 
1591 1616 4303 6.147679527939292 460222 
1592 1616 3465 47.83670471981873 413043 
1593 1617 3556 7.453897356549575 432260 
1594 1617 3391 10.549053415471631 413498 
1595 1617 4227 8.008296826125946 429214 
1596 1626 4030 34.535554827441686 492064 
1597 1626 3932 50.36211228741351 419098 
1598 1626 3310 86.04474657231441 446527 
1599 1627 3148 39.693948921278654 488600 
1600 1627 3805 25.99940125221738 473218 
1601 1627 4747 11.792543077817923 418043 
1602 1629 3840 79.14308270961625 428192 
1603 1629 4606 2.050449489250696 453791 
1604 1630 3052 37.06995983045041 483497 
1605 1630 3187 76.36694911431448 461902 
1606 1633 3133 56.12695438383412 407609 
1607 1634 4174 26.903500477356665 469639 
1608 1634 3803 13.600079007076987 480615 
1609 1636 4242 49.45966478476374 438406 
1610 1637 4391 22.010065315115313 433311 
1611 1638 3998 31.259258080958674 470853 
1612 1638 4992 16.671578940831814 462645 
1613 1642 3932 55.191363409843404 479686 
1614 1643 4758 10.214392262143935 500173 
1615 1644 3876 17.188973676068763 484875 
1616 1644 4929 42.62084365929664 496239 
1617 1645 3805 25.059446121114178 489566 
1618 1645 3943 38.41107288346871 442430 
1619 1648 4599 26.447828739969676 467210 
1620 1650 3624 50.359041784953455 448139 
1621 1650 3291 41.81423470540502 409306 
1622 1652 3583 32.382933945293345 435129 
1623 1652 4622 2.5345853863937653 462205 
1624 1652 3674 87.52160193387164 495131 
1625 1653 4938 62.72973366180504 472847 
1626 1654 3509 10.732949812236878 477316 
1627 1654 4067 64.56299334428351 417986 
1628 1654 3788 87.52838016460842 493725 
1629 1656 4430 40.088962917212314 491252 
1630 1657 4392 20.189740021207292 424581 
1631 1657 4569 38.21455303981258 430512 
1632 1658 3313 61.6942677048696 474713 
1633 1658 3749 44.94085411133917 449262 
1634 1659 4767 35.510014950354126 487045 
1635 1660 3688 38.25941029689373 403533 
1636 1661 3665 26.382920532682277 426960 
1637 1663 5000 76.45301331939784 447504 
1638 1664 4538 14.01427119348042 405968 
1639 1664 4029 65.46802114486763 410537 
1640 1665 3622 65.63882051768812 439492 
1641 1665 3633 4.123562192832371 497149 
1642 1667 3656 79.8338478608904 463455 
1643 1667 3292 42.23237849097149 446892 
1644 1668 4763 89.30963944023335 453723 
1645 1668 4397 26.017215794505027 491623 
1646 1669 3576 68.85868081283257 460229 
1647 1669 3200 2.621973770864296 455668 
1648 1670 3135 81.66797206339353 450959 
1649 1670 4426 2.9424542599134944 471393 
1650 1671 4043 48.46184458749276 456302 
1651 1673 3243 31.63146618105067 500283 
1652 1673 3227 28.266942561337817 488137 
1653 1674 4477 85.97469769481815 459489 
1654 1679 4937 86.781396253633 438128 
1655 1679 4464 25.21923738516004 439673 
1656 1682 3142 73.31110155241585 475176 
1657 1682 4035 37.283666912578795 443326 
1658 1685 4825 29.417865029815417 469090 
1659 1686 3296 33.864442712383436 442473 
1660 1688 3713 67.42419955886577 435826 
1661 1689 4690 15.853720717413768 413504 
1662 1689 4492 4.489476637325854 494478 
1663 1690 3120 65.89821586504456 445823 
1664 1692 4479 67.48274847961001 455444 
1665 1693 3217 72.30624008287484 489248 
1666 1693 3064 84.55165653223729 440753 
1667 1696 4275 83.47283492100556 450329 
1668 1697 3848 8.498419677602266 471916 
1669 1698 3925 24.44417377061461 427094 
1670 1699 3820 14.48366923043135 436103 
1671 1702 4329 4.431010504412217 402613 
1672 1703 3894 27.315319283964055 429742 
1673 1705 3975 32.686266055781935 428024 
1674 1705 3842 65.97218554504484 425177 
1675 1706 3326 80.21709115908239 424631 
1676 1707 4924 4.544015710703075 429490 
1677 1707 4396 47.01039527553895 476860 
1678 1708 4077 36.35094285236857 467632 
1679 1710 3869 31.987803139349477 460772 
1680 1710 4507 77.22833952601117 494449 
1681 1710 4297 78.32091584121733 426626 
1682 1711 3901 19.263926670498726 497337 
1683 1711 3492 80.86670459915338 460844 
1684 1711 3429 20.874304706655202 498925 
1685 1714 3197 10.90359340071045 432453 
1686 1714 4719 68.31273433321196 420023 
1687 1714 3365 62.28168548998122 492948 
1688 1715 3302 83.98030058476088 468827 
1689 1716 3043 27.400360454218237 430057 
1690 1716 4609 74.71942988000698 422871 
1691 1716 3509 25.928316170414096 474429 
1692 1717 3483 4.084894003582123 406251 
1693 1717 4680 43.80188710354698 417170 
1694 1717 3056 30.79038248850179 460582 
1695 1718 3481 22.35201285194309 476086 
1696 1722 3223 14.183499087354512 411718 
1697 1722 3707 27.65850751068153 433316 
1698 1722 3348 64.19896419684524 446330 
1699 1722 3826 37.53040571474578 454816 
1700 1722 3644 59.288285868811705 407476 
1701 1723 3673 36.567092989565374 412806 
1702 1723 3195 71.60544309648493 405908 
1703 1726 3144 35.32543382752639 439763 
1704 1727 4862 31.073473893596127 444170 
1705 1728 3376 53.769551250718386 494609 
1706 1728 3058 26.641082140290212 412588 
1707 1728 4691 36.732820623429326 459331 
1708 1729 3055 52.62331924224424 479342 
1709 1730 3359 82.54110376824138 465113 
1710 1732 3777 45.821978517817335 483657 
1711 1733 3629 11.28294041806029 465068 
1712 1734 3230 36.672672729769815 410670 
1713 1735 4372 81.26267040456196 493185 
1714 1736 3165 78.62661057339254 475612 
1715 1738 4668 11.304887255219548 422495 
1716 1738 3845 1.004333695805213 477224 
1717 1739 3535 72.13593589360558 405821 
1718 1739 4254 62.84906057065491 448666 
1719 1739 4685 45.40032053051418 443029 
1720 1739 4693 58.67650552106541 489245 
1721 1740 4615 84.1533873631917 422493 
1722 1741 3475 39.75767526889111 459640 
1723 1741 4924 53.564311876631244 480948 
1724 1741 3876 6.095957352546095 454354 
1725 1742 3870 3.1613016660805187 490564 
1726 1742 3154 62.626332120504436 445585 
1727 1747 3197 44.82650669423229 463253 
1728 1748 4992 6.832742966044568 481179 
1729 1748 4918 60.096037487049735 480894 
1730 1748 4147 60.5818373876153 477016 
1731 1748 3238 68.51581322772425 411254 
1732 1750 3884 79.82012196553373 481864 
1733 1750 4187 46.16320314044602 451630 
1734 1750 3031 55.16195109341011 433832 
1735 1750 4605 78.57227253829807 421485 
1736 1751 3676 73.99303532556048 477636 
1737 1752 4756 2.832058740571507 497204 
1738 1753 4067 46.692447426292766 416564 
1739 1754 3209 27.415230569725814 490389 
1740 1756 4066 32.83819542711227 475442 
1741 1759 3172 46.43484534631187 492235 
1742 1759 4374 61.54439307210957 420029 
1743 1759 3554 44.680688846516 478698 
1744 1759 4208 88.19204949695768 455168 
1745 1762 4407 75.66612965284237 467988 
1746 1762 3531 55.49043201229789 493622 
1747 1767 3529 36.77540231380995 427065 
1748 1768 4446 44.95722204596798 443713 
1749 1771 4088 13.447796939064368 471205 
1750 1772 3922 77.21771915368511 434740 
1751 1772 3553 74.9787469350465 497313 
1752 1772 3335 67.60092059791712 440043 
1753 1773 3175 84.21915075324877 424627 
1754 1775 4782 4.495990083334579 426673 
1755 1775 4840 32.339154019147514 440767 
1756 1777 4949 15.794395020471567 424840 
1757 1779 4657 57.55253475456798 448919 
1758 1779 4802 59.08144027460006 427097 
1759 1780 4770 80.1685012090164 465606 
1760 1781 3211 39.0776470363211 498647 
1761 1782 3971 3.425323965538537 448745 
1762 1782 4666 84.55818474063747 418926 
1763 1782 3351 53.323325586621074 410604 
1764 1782 5008 39.77420947847585 473952 
1765 1782 3412 21.147973442940582 433699 
1766 1783 4237 84.09626528395702 465886 
1767 1784 3866 14.2825358742733 479245 
1768 1785 4562 32.330987376977276 420639 
1769 1786 3977 67.033638173969 404665 
1770 1787 4510 39.234491913187256 483040 
1771 1788 4827 52.29544120217084 446909 
1772 1789 3349 65.47544007375265 462485 
1773 1790 4506 82.1713920019438 483070 
1774 1790 3465 22.665992491569902 443265 
1775 1791 3511 60.25533157323099 499079 
1776 1791 3838 89.36339934357567 489701 
1777 1791 3094 77.1802597269874 456252 
1778 1791 4981 23.998549867136095 410820 
1779 1793 4342 74.8619023307486 416915 
1780 1795 4344 38.02206225874502 499390 
1781 1795 4658 70.43043695488129 420374 
1782 1795 4984 63.45170021681156 442456 
1783 1796 3720 69.75821629045818 467026 
1784 1796 4890 89.85179205690144 430127 
1785 1799 4082 21.648557837600265 410916 
1786 1799 3111 78.69745785685315 459257 
1787 1801 4676 35.63009936403119 406796 
1788 1801 4051 44.808239836863855 429694 
1789 1802 4143 22.87764614423852 476510 
1790 1803 4213 30.024933852468788 495762 
1791 1806 3361 20.067130050839946 425422 
1792 1807 4883 16.34703194361338 484069 
1793 1808 3709 24.180397632048 456194 
1794 1809 4909 69.25494217201583 411056 
1795 1810 3920 20.1321832238867 451323 
1796 1813 4272 79.68044576693124 423035 
1797 1814 4937 67.4169421244699 482296 
1798 1814 4231 79.37117375461135 411566 
1799 1816 3411 5.316560818809152 442234 
1800 1817 3274 18.453435602192485 459335 
1801 1819 4782 21.49751889347128 480242 
1802 1820 3359 9.02095264223117 409777 
1803 1821 4061 59.679125036953245 412360 
1804 1822 4125 77.59159743422192 449184 
1805 1823 3521 69.8335939636386 405299 
1806 1823 3231 9.960428065892767 454164 
1807 1824 3951 8.600898136364695 434294 
1808 1825 3694 25.71228387823733 487471 
1809 1826 3432 17.100898329563858 458568 
1810 1827 4302 51.850163189855635 419577 
1811 1827 4701 35.04583068218482 402527 
1812 1827 4132 60.43122987453023 473930 
1813 1831 4226 9.815930442916342 447836 
1814 1831 3987 21.951363334489226 409871 
1815 1832 3639 28.218296714493082 415402 
1816 1833 3614 46.71979121901723 487450 
1817 1833 3848 3.1697897562916415 440473 
1818 1833 3996 29.807974061266524 431634 
1819 1834 4238 44.436227068620184 455467 
1820 1835 4550 74.75082007701545 426438 
1821 1835 3579 22.313394623365163 491761 
1822 1835 4666 34.37981122635055 491599 
1823 1836 4179 14.333013840597882 488216 
1824 1836 4212 50.044680152764506 458934 
1825 1837 3158 61.202618450094704 472189 
1826 1838 4348 63.91635318945262 457021 
1827 1840 4320 36.94563082149433 410299 
1828 1841 3454 55.82228872778262 499460 
1829 1841 3358 79.12904349711833 476736 
1830 1841 4611 35.718309601866224 483231 
1831 1842 4999 62.015606430503695 426555 
1832 1843 4717 26.87037990824944 423357 
1833 1844 4311 28.756228539307948 462241 
1834 1844 4210 63.40381409330081 438928 
1835 1846 4271 1.2629152057437456 402376 
1836 1846 3341 37.18292223925377 454053 
1837 1846 3569 53.77252542168528 470309 
1838 1847 4874 2.531425100550896 495560 
1839 1849 4454 31.95404878165955 459756 
1840 1852 3203 64.2816676325678 486940 
1841 1853 3445 60.497775058895535 435068 
1842 1855 4101 66.31696179213776 433307 
1843 1856 4306 7.837811287927169 481435 
1844 1857 3080 77.10874765675764 476295 
1845 1857 4252 67.6975518662833 445569 
1846 1858 4139 31.311748518619854 495352 
1847 1859 3886 14.10627088232371 495585 
1848 1859 3907 75.65066614129084 426417 
1849 1860 4397 63.87125635506623 441947 
1850 1863 3436 29.084988125668385 463379 
1851 1863 3436 8.727727427944853 477941 
1852 1866 3292 80.06625681155349 402332 
1853 1866 4092 64.81403202019297 448152 
1854 1868 4737 41.983406288672946 410235 
1855 1868 3151 20.764907439533008 428373 
1856 1868 3791 51.186016387950694 434853 
1857 1870 4411 32.6942720867669 495154 
1858 1871 4599 69.05834819883059 449447 
1859 1872 4699 30.170599884964602 430391 
1860 1872 4097 47.05053884383337 435137 
1861 1872 3769 49.53208732670118 491394 
1862 1873 3031 59.65144238557888 470367 
1863 1873 4552 39.73909716828345 441421 
1864 1875 3563 17.11137312018461 458525 
1865 1875 4033 68.2921272932019 466841 
1866 1877 3394 45.14015191222825 501079 
1867 1877 3623 3.052826338313725 464588 
1868 1878 4645 72.41215602538936 468198 
1869 1878 3774 66.3417555846732 453855 
1870 1879 3812 87.75766885689998 496926 
1871 1881 3159 1.662648169110171 404442 
1872 1882 3698 89.08775946900339 459925 
1873 1882 4054 3.3150943689435675 408490 
1874 1882 4222 55.09105323641237 443924 
1875 1883 4431 70.55657921559197 405917 
1876 1883 4321 30.703436827830277 481263 
1877 1884 3343 30.51805959903307 466399 
1878 1885 3192 30.149700540123536 486847 
1879 1885 3388 75.56726857675609 413427 
1880 1886 3085 41.13549811414941 438436 
1881 1888 3426 25.703285647589166 436224 
1882 1889 3462 7.625885759385039 481833 
1883 1889 4757 73.43849510905524 461614 
1884 1890 3514 10.02489815653974 444087 
1885 1890 3675 86.22850677773293 488029 
1886 1892 4255 75.03134221899435 470547 
1887 1893 4681 12.522850106711392 444620 
1888 1894 4988 26.14299840797361 432177 
1889 1894 4355 16.927829398700347 447385 
1890 1895 4596 32.50756955848463 466767 
1891 1895 4888 81.86096487497502 480526 
1892 1897 4199 55.54833019021621 479132 
1893 1898 3241 22.677281939985697 467573 
1894 1899 4162 60.659053922451754 408995 
1895 1899 3349 17.47144554017046 490361 
1896 1900 3777 86.35209623766868 415468 
1897 1901 3841 42.60101251056248 456228 
1898 1901 4354 48.795417216815004 457069 
1899 1903 4682 59.69906883547683 442216 
1900 1904 4480 51.300029691699834 434928 
1901 1906 3772 50.71838679122556 403506 
1902 1907 4019 11.348430211820833 403857 
1903 1910 4487 31.17625289780508 404841 
1904 1910 3266 50.968315998933626 469629 
1905 1912 3941 23.650977591446793 415940 
1906 1913 4856 75.51935128590212 452322 
1907 1913 3169 83.25578962826333 412921 
1908 1915 4608 12.664156348099105 437514 
1909 1916 3798 78.7892858533626 449629 
1910 1917 4270 12.127443228259573 475081 
1911 1919 4638 18.32256595621016 435265 
1912 1920 4876 42.28837903961054 424354 
1913 1921 3587 37.672972543267605 428386 
1914 1923 4767 24.956671392092865 409878 
1915 1924 3900 57.68213156044693 467907 
1916 1925 3536 88.28047368678429 473489 
1917 1926 4898 26.711996596341383 457884 
1918 1926 4182 21.020290584855438 436675 
1919 1926 3141 21.301713308273893 494829 
1920 1927 4752 24.6388328009932 494946 
1921 1929 3183 9.386809729600815 480300 
1922 1930 3223 27.251649047880974 450849 
1923 1931 3095 44.437705911157245 446551 
1924 1932 4600 40.14443585043079 471040 
1925 1934 3101 5.644430335064956 462416 
1926 1935 4609 69.3821162637929 455362 
1927 1936 4644 85.32316908646887 402114 
1928 1938 3031 16.29850108386418 458356 
1929 1940 3690 43.99592575922332 443129 
1930 1940 4145 5.1748895208411305 492522 
1931 1941 3435 21.715978050802175 432942 
1932 1942 4719 83.15863531925511 456909 
1933 1942 3948 42.3996245205806 414862 
1934 1947 3355 81.77397557502384 438851 
1935 1948 4216 58.71365163105638 473740 
1936 1949 3696 67.01016665891208 431683 
1937 1949 4855 25.837607012274646 472173 
1938 1950 4474 22.063306681583434 483132 
1939 1950 3892 66.60954216860426 440220 
1940 1953 3881 43.92985471338786 457717 
1941 1953 3907 39.27589804156702 486950 
1942 1953 3801 18.25389661442187 493619 
1943 1953 3066 21.121955631191977 401369 
1944 1955 3827 52.232743625691135 412275 
1945 1955 4753 41.69591698909927 496160 
1946 1955 4885 76.13745225751029 440895 
1947 1956 4938 85.9254336542297 456905 
1948 1957 3111 64.34325644097711 496392 
1949 1958 4643 68.33811988334472 483037 
1950 1958 3708 12.572581247754972 493668 
1951 1958 3376 1.079062868818105 495997 
1952 1960 3379 13.64334944270308 417062 
1953 1961 4653 33.035112976659654 475072 
1954 1961 3858 86.07623941452003 466857 
1955 1964 4417 22.837286035855467 484639 
1956 1965 4275 70.6112864662619 459921 
1957 1966 3997 57.236293242835 442436 
1958 1968 3641 61.088676787140784 433951 
1959 1968 4978 9.566284635015895 495933 
1960 1968 3180 56.217444187205714 488742 
1961 1969 3632 87.66781917025806 410624 
1962 1970 4123 60.13430892776822 446719 
1963 1971 4500 47.57590377780338 468911 
1964 1971 4820 73.92402504351564 413877 
1965 1972 3967 86.86668938461027 482915 
1966 1974 4202 66.04623098731217 468606 
1967 1974 4195 44.19980199285952 466067 
1968 1975 3421 43.046275236354255 493940 
1969 1976 3863 48.6248827979256 478700 
1970 1976 4524 50.247348980190374 408226 
1971 1977 3192 10.993352158797602 484810 
1972 1980 3453 58.53204483550369 462324 
1973 1980 4068 35.116776868647754 420922 
1974 1982 4899 36.28712014603169 431209 
1975 1982 3922 24.88857432178255 429625 
1976 1983 3296 24.27176428034427 462515 
1977 1983 3202 42.537518671327994 475479 
1978 1983 4460 29.426879577661655 498609 
1979 1983 3863 75.82318978188013 435255 
1980 1984 4914 43.33680686944622 410923 
1981 1985 3323 69.58893157988652 462902 
1982 1987 3589 40.902117049052165 485973 
1983 1987 4066 74.06317471151031 408759 
1984 1988 3217 62.405770904623424 488824 
1985 1988 3119 63.787752681638395 452147 
1986 1988 3891 14.36531773833871 463804 
1987 1991 4034 76.24996470189903 473214 
1988 1993 3114 49.89910607573514 418713 
1989 1993 3421 15.698279219212168 413620 
1990 1994 3281 58.02340728849142 460135 
1991 1997 3229 67.80558102057692 421052 
1992 1997 4221 74.96329938866867 456587 
1993 1997 3235 15.646212775075043 415817 
1994 1998 4367 1.439784610738001 440675 
1995 1998 3201 68.931319660553 488760 
1996 1998 4487 4.339970655408361 495271 
1997 2000 3812 44.33779072795127 438993 
1998 2000 4050 29.83618024470789 402944 
1999 2000 4597 70.27239622747348 486665 
2000 0 3878 22.504747560604397 468931 
