1 6 64 0.20438147706855295 2213 
2 6 63 0.011664141414763718 2369 
3 11 78 0.7715097713233224 2220 
4 11 77 0.3280983897204448 2141 
5 24 71 0.6173899331516058 2242 
6 24 75 0.15861512525629337 2475 
7 27 64 0.4891463469372563 2018 
8 27 74 0.6204188347231493 2190 
9 29 63 0.2009666087259706 2478 
10 29 60 0.36108763702703073 1815 
11 31 75 0.3893591465735345 2018 
12 31 70 0.7894553850725031 2304 
13 31 68 0.1655907439739389 1766 
14 35 68 0.2370749752366236 2415 
15 35 69 0.13603758059000134 2127 
16 35 74 0.2492981980795497 1615 
17 36 66 0.13200725041305292 2377 
18 36 70 0.06073925185254582 2438 
19 36 67 0.24156015859491534 1619 
20 38 64 0.46564009969445835 2105 
21 38 79 0.4974617953403028 1682 
22 38 65 0.5852345155474957 1791 
23 38 78 0.7139088563913722 1951 
24 40 77 0.3816685487796218 2307 
25 40 67 0.7571883407216644 1846 
26 40 60 0.18838377074590837 1668 
27 44 62 0.822639696783813 2558 
28 44 72 0.7456380244104958 1732 
29 44 70 0.4964227544077856 1892 
30 44 76 0.7736824250042792 2243 
31 45 79 0.04560837100045549 2397 
32 45 69 0.27084617691288815 1983 
33 59 59 0.8025325484215979 2421 
34 59 60 0.6289191128865856 2459 
35 72 64 0.15655841005810645 2097 
36 72 63 0.3532349207840715 2381 
37 72 61 0.05461678568498922 2580 
38 73 59 0.21687713680691173 1617 
39 73 76 0.3276706902849005 2085 
40 73 67 0.2320667397585833 2163 
41 73 76 0.7135507990896373 1982 
42 76 68 0.8359824576911442 2163 
43 76 78 0.025137521170572705 1943 
44 84 64 0.4988010950618491 2162 
45 84 63 0.7504372522486691 2489 
46 86 68 0.7696344724106002 2086 
47 86 70 0.3025967105266373 1801 
48 86 75 0.145993863464649 2056 
49 90 64 0.3668040071393561 1633 
50 90 78 0.21246469133592358 2255 
51 90 76 0.33301884043679797 1616 
52 91 64 0.8821126601125808 1958 
53 91 67 0.04349183654710015 2528 
54 91 75 0.3825533299377935 2286 
55 92 75 0.2353325580707775 2351 
56 92 66 0.8635463999593322 1742 
57 92 71 0.5171215637186442 2437 
58 92 68 0.14319418828104377 2281 
59 94 70 0.7300953103738246 1908 
60 94 63 0.35835122775467426 1671 
61 97 67 0.1644444524784537 2351 
62 97 74 0.08509984980759121 2236 
63 99 62 0.5191852012205473 1899 
64 99 70 0.17901565771861455 2610 
65 104 74 0.17648718728572288 2260 
66 104 78 0.5399066844950198 2227 
67 104 66 0.20122291521463342 2528 
68 104 72 0.1902977482678479 1972 
69 106 73 0.1586863569345131 2565 
70 106 79 0.7124357171562445 1808 
71 107 64 0.2864552407138749 2032 
72 107 62 0.35443036028354435 2179 
73 114 71 0.8061516058041284 1840 
74 114 79 0.288239987285509 2489 
75 116 65 0.4373364923147176 2101 
76 116 66 0.43287603808087755 2351 
77 116 71 0.46923231592339837 1729 
78 117 79 0.714556879646851 2589 
79 117 71 0.0644471809102524 2504 
80 118 62 0.34513548182098414 1830 
81 118 69 0.12656156492733778 2420 
82 118 71 0.2937335173162385 1748 
83 118 65 0.1952266541844171 2524 
84 121 72 0.38092052673729826 1709 
85 121 65 0.21640136983840108 2240 
86 122 73 0.15607299238640335 2026 
87 122 63 0.8262301893307943 2087 
88 122 64 0.18552501010639927 2126 
89 125 74 0.3232991026763727 2106 
90 125 67 0.10354304849732583 2288 
91 127 71 0.05431494808902122 1776 
92 127 70 0.37120456857919776 2407 
93 130 69 0.6889880257361033 1697 
94 130 72 0.04270928167211294 2436 
95 130 76 0.28487446551645057 2111 
96 130 64 0.6153313384692978 1615 
97 132 70 0.6665554844300032 2160 
98 132 78 0.12659679386011016 2383 
99 141 65 0.5757338412080738 2236 
100 141 70 0.7430611180287326 1884 
101 141 73 0.5860163002967241 2261 
102 141 73 0.5660824322120827 1754 
103 144 62 0.1608982727321764 2222 
104 144 75 0.34416974864737515 2449 
105 144 59 0.11926312124702547 2462 
106 144 66 0.4264091703869168 2563 
107 150 59 0.015780580506728946 1798 
108 150 71 0.35045365667733036 2022 
109 150 74 0.23502171358661192 2185 
110 150 73 0.37815317384809966 1868 
111 153 70 0.17215664834684527 1919 
112 153 75 0.4267108359838793 2535 
113 153 74 0.25814780572240575 2450 
114 159 79 0.5749745698360658 2425 
115 159 74 0.3917609939413482 1862 
116 159 64 0.5025762557428836 2477 
117 159 74 0.2943353762913031 2107 
118 164 64 0.556316447421554 1922 
119 164 59 0.06652907596764024 1978 
120 164 65 0.26499198839639054 2057 
121 170 64 0.7458243399006815 1993 
122 170 73 0.5759528284029211 2162 
123 173 76 0.5794668070002356 2434 
124 173 75 0.8474300327238931 2409 
125 174 72 0.19144172505152146 1675 
126 174 77 0.04412464953976266 1739 
127 177 73 0.22771931515590657 2279 
128 177 69 0.818508106577092 1650 
129 177 59 0.7157190257149482 2041 
130 177 66 0.20187220598911604 1882 
131 185 60 0.2244964583968655 2555 
132 185 79 0.6385799267842185 1727 
133 185 62 0.6788661589103828 2075 
134 186 73 0.2531869290503265 1816 
135 186 77 0.07287292984515474 2390 
136 190 62 0.1077025367480341 1637 
137 190 65 0.7351573482574064 1839 
138 193 72 0.7463210808090907 1823 
139 193 74 0.5388262133855084 2048 
140 193 71 0.6877190644547712 1961 
141 203 72 0.7539341251451477 1663 
142 203 77 0.29468159209576733 2128 
143 203 61 0.5035700269036926 1777 
144 212 63 0.3498067819811802 1737 
145 212 79 0.03250153071141321 2590 
146 212 64 0.892160552365979 1790 
147 212 71 0.8602182579685179 2323 
148 216 74 0.1348038509775149 1735 
149 216 77 0.6943025950419084 1853 
150 218 69 0.14432143065852876 1676 
151 218 78 0.11919669182705522 2014 
152 221 72 0.8736933618279171 2128 
153 221 79 0.3702968099397143 1730 
154 221 61 0.05434560275122656 1801 
155 223 76 0.29428075434864714 1632 
156 223 63 0.07350666210826592 2328 
157 223 69 0.08208901015083911 1759 
158 223 78 0.7108744260504559 1839 
159 226 67 0.5360345186009287 2067 
160 226 68 0.4868511340573631 2019 
161 228 61 0.8208404321632163 2064 
162 228 72 0.036624140819705796 1910 
163 228 69 0.5512255357769383 1641 
164 234 59 0.11760497480813298 1687 
165 234 64 0.6316265123485947 2261 
166 234 75 0.8448897376469524 2133 
167 235 69 0.5571486205319041 1988 
168 235 74 0.7930680694320603 2464 
169 235 77 0.7095920307694512 1724 
170 239 75 0.3251510728045664 1934 
171 239 75 0.7767322609618282 2021 
172 239 66 0.5230527317547937 1944 
173 239 71 0.33547269757870896 2584 
174 249 63 0.599808819156117 2325 
175 249 61 0.16914377371596492 1695 
176 249 77 0.3081167878493279 1963 
177 252 73 0.5648872405454508 1876 
178 252 71 0.13592120975228275 1738 
179 252 65 0.7724537260004458 2396 
180 252 61 0.06565685576785159 2107 
181 254 65 0.22767938790748254 2596 
182 254 63 0.5709389577146161 1732 
183 254 64 0.8911785901414208 1846 
184 254 60 0.8421784955844173 1714 
185 258 70 0.4830202709685437 2593 
186 258 75 0.3742900049994105 1738 
187 258 59 0.6023807941422006 2404 
188 258 60 0.3738772800801275 2574 
189 259 65 0.06891313780913293 2359 
190 259 75 0.24725335102853316 2489 
191 259 70 0.14077153376089405 1811 
192 259 76 0.01038241342025991 1682 
193 260 71 0.23809021229343538 2176 
194 260 62 0.19463575399922903 2496 
195 260 76 0.5189109496490331 1806 
196 260 64 0.8170467254901007 1812 
197 266 75 0.09560582998656163 2482 
198 266 60 0.8321611978656666 2432 
199 267 69 0.6364625080899914 2129 
200 267 79 0.6118540255312676 2249 
201 267 76 0.12232020733127709 2216 
202 267 71 0.12553516906141388 1734 
203 268 74 0.6466587192809886 1883 
204 268 74 0.41304960187445633 2047 
205 271 69 0.7012729708868097 2014 
206 271 76 0.5454154669414452 2065 
207 271 61 0.08650878655679053 1796 
208 273 68 0.29061154739672074 1689 
209 273 72 0.636756325848151 2467 
210 277 75 0.5096630742081816 1700 
211 277 79 0.7238532549635692 2409 
212 283 76 0.3424412099619577 1727 
213 283 72 0.4747858190998067 2057 
214 287 68 0.8949689061935127 1929 
215 287 67 0.7400124549298147 1933 
216 287 71 0.3894677987546113 2023 
217 287 69 0.2642635480489405 2028 
218 294 66 0.23016491301118672 2066 
219 294 73 0.6208436027588817 2114 
220 294 77 0.04374747518001887 1677 
221 297 75 0.5762811135293598 1961 
222 297 70 0.45855245445834164 2092 
223 297 72 0.2979665981045551 2427 
224 297 76 0.3140028784042319 2155 
225 302 61 0.24238245797898814 2294 
226 302 76 0.11032961605699722 1920 
227 302 73 0.26866992438566756 1638 
228 306 66 0.2654321710209278 2234 
229 306 62 0.014720814261658478 2198 
230 309 78 0.7977050801209109 1842 
231 309 62 0.23465647892562883 2286 
232 312 68 0.5034555996748141 2068 
233 312 59 0.6087237235881789 1717 
234 315 75 0.11931360308918136 1667 
235 315 68 0.7073711586047533 2266 
236 315 66 0.30333920539270437 1860 
237 320 66 0.2876529125850979 1899 
238 320 71 0.057801275421780006 1901 
239 322 78 0.23675547520459894 1892 
240 322 66 0.12424685149780879 2436 
241 323 61 0.7488074538698153 1793 
242 323 76 0.5774764664680195 2017 
243 324 66 0.3015271982965656 1732 
244 324 69 0.04879513625023965 2094 
245 325 69 0.1770058620557327 2298 
246 325 69 0.6228057887705903 2057 
247 325 70 0.6092574537330787 2337 
248 327 79 0.26349616514845386 1649 
249 327 72 0.6212649985970633 2256 
250 327 73 0.5122067022168343 2256 
251 327 72 0.7485924006366887 2512 
252 332 66 0.579003655698061 1783 
253 332 76 0.3540261724584613 2043 
254 333 65 0.08786665573809693 1641 
255 333 78 0.8452000470847055 2314 
256 333 62 0.5068820923785421 1900 
257 333 74 0.5280120434749965 1961 
258 338 70 0.17655410799674487 2161 
259 338 64 0.11481281521524228 2334 
260 338 79 0.0521605814409563 1866 
261 338 68 0.8297219376813701 2612 
262 339 71 0.509126236127083 1690 
263 339 73 0.31491949370709826 2181 
264 339 73 0.8312336562617495 1839 
265 345 65 0.32386646615551246 2076 
266 345 74 0.6551293529296075 2493 
267 346 66 0.35103237659469533 2482 
268 346 69 0.7201861473459473 2275 
269 346 77 0.4039766852106136 2420 
270 348 69 0.4632844854787532 2277 
271 348 79 0.3767676737633107 2369 
272 348 59 0.7838091283779915 2197 
273 350 70 0.8777048001987269 2093 
274 350 75 0.04100165155665331 2398 
275 350 65 0.38440050937908044 1947 
276 356 70 0.3030980653710608 1710 
277 356 62 0.8558451054225885 2457 
278 356 64 0.3167123392367354 1848 
279 356 75 0.09469201090251794 1856 
280 358 65 0.5509072700957719 2059 
281 358 79 0.8417973308755918 1792 
282 358 75 0.8304601313261297 1922 
283 361 70 0.4422246530281619 2134 
284 361 69 0.4730833761680629 2420 
285 363 78 0.3642426510657768 1994 
286 363 74 0.2840531718311092 1625 
287 369 72 0.6521416792071639 1970 
288 369 70 0.5964713181622843 1961 
289 369 71 0.8909468387802076 2003 
290 369 61 0.44405888159136114 2253 
291 373 62 0.3434486186290163 1845 
292 373 70 0.7139701435735136 2576 
293 373 61 0.1628173848353336 1960 
294 376 74 0.02679470484451689 2269 
295 376 66 0.6078526962131252 1798 
296 376 73 0.7341756954180574 2477 
297 377 59 0.8371710675271792 2058 
298 377 78 0.28061370546072145 2413 
299 378 76 0.3826162599330981 2565 
300 378 72 0.057294869893476215 1812 
301 378 61 0.5714205185660839 2258 
302 380 66 0.2819605967515312 1942 
303 380 65 0.8813870678522691 2053 
304 380 60 0.7266670257824744 1996 
305 380 73 0.7173829987045525 1767 
306 384 79 0.5884654408455908 1746 
307 384 59 0.3067428822786931 1655 
308 386 72 0.055368487228815856 2553 
309 386 61 0.49593337537305177 2057 
310 386 74 0.4270482980780272 2106 
311 388 75 0.7707046482037339 2293 
312 388 68 0.6529774595211457 1828 
313 388 66 0.6366729444675525 2426 
314 388 79 0.49492130483967467 1744 
315 393 72 0.6146098441831175 2186 
316 393 72 0.23228731539949732 2001 
317 393 60 0.5696744055282003 2603 
318 393 61 0.20041326624746325 2429 
319 394 61 0.7410253627453981 2321 
320 394 66 0.23272243242336027 2105 
321 394 70 0.18099655483468763 2580 
322 397 61 0.6308675677186908 1967 
323 397 70 0.8697256452771392 2235 
324 399 79 0.5168363879724203 1946 
325 399 61 0.6689795646407181 2546 
326 399 73 0.34904441663760116 2106 
327 400 61 0.27843764900419155 1847 
328 400 66 0.4490438258324146 2552 
329 405 63 0.5120057815469057 1890 
330 405 65 0.339109122102255 2227 
331 405 61 0.5746422581226397 2237 
332 408 73 0.7156744028420643 2138 
333 408 77 0.7457716689370533 2502 
334 408 72 0.09939993763213646 1950 
335 413 64 0.8064455386841834 2125 
336 413 72 0.5405299095940668 1879 
337 413 69 0.6001791140289348 2065 
338 414 61 0.3811940928407502 2137 
339 414 63 0.5252128458356126 2407 
340 414 60 0.14736455828301404 2437 
341 414 69 0.5235205575879922 1832 
342 416 74 0.4138682832489892 2049 
343 416 77 0.8641392225319312 1991 
344 418 71 0.28537361176244697 2039 
345 418 71 0.4852676538220537 2360 
346 420 76 0.2839719865105778 1827 
347 420 64 0.11178207829000048 2460 
348 424 66 0.530690759108053 2431 
349 424 76 0.12707681667514775 2024 
350 424 71 0.4857130679085543 2397 
351 425 73 0.08789708456621871 1640 
352 425 73 0.46935223172684876 2081 
353 426 73 0.593899478883107 2204 
354 426 60 0.45847201755892236 1972 
355 426 64 0.3149839793531582 1893 
356 433 79 0.019899058846482187 2366 
357 433 72 0.8987067508843737 2112 
358 435 62 0.19630235140041277 2446 
359 435 64 0.6810566924231758 2123 
360 437 75 0.5233875077251229 2522 
361 437 74 0.45531274878758665 2262 
362 437 67 0.7364043350400313 1969 
363 438 73 0.6677593633655425 1992 
364 438 61 0.4811403499718404 1923 
365 438 76 0.6187655740775909 2071 
366 440 71 0.31148724570490754 2405 
367 440 62 0.38499113096343246 2357 
368 440 61 0.11879839941812996 2602 
369 442 72 0.884747022932083 1739 
370 442 67 0.3680208254756623 2023 
371 442 64 0.6569181609428886 1643 
372 443 75 0.08250622446975474 2006 
373 443 66 0.6878172313311518 1779 
374 443 62 0.5049305400213591 1998 
375 443 77 0.439015864579655 1971 
376 449 78 0.145528114050091 2533 
377 449 61 0.42938026915412075 2522 
378 449 75 0.4513305840902766 1812 
379 449 70 0.14515819413296696 1960 
380 450 68 0.8483143860087347 2469 
381 450 67 0.5232669846414666 2115 
382 451 70 0.6296251680062002 1710 
383 451 65 0.4565689614879381 2124 
384 453 64 0.3035169334194618 2182 
385 453 68 0.7214102130719329 2042 
386 455 59 0.37201655712090914 2450 
387 455 59 0.17185499589332065 1884 
388 457 70 0.19191167776444928 1947 
389 457 70 0.833135040475911 2462 
390 458 79 0.4594318481281153 2546 
391 458 72 0.3727291833855741 2353 
392 458 76 0.6360684279732999 2125 
393 459 65 0.08096704415267922 2516 
394 459 65 0.8621993440036335 2330 
395 459 76 0.36332317591567326 1934 
396 459 69 0.6812496837673421 2573 
397 463 65 0.8593026389703627 1934 
398 463 61 0.8084099637638481 2106 
399 465 60 0.20258261864895896 2188 
400 465 74 0.02843212018335036 1891 
401 465 79 0.6759620575702469 1842 
402 465 69 0.08235111979026476 2345 
403 467 64 0.0781008335677702 2402 
404 467 70 0.8489576900089247 2528 
405 468 74 0.08226689677186595 1757 
406 468 72 0.5618007805727213 1907 
407 468 60 0.721229699198898 2490 
408 469 79 0.4134927491801309 2195 
409 469 73 0.48377189555423455 2408 
410 469 65 0.4068028964261351 1720 
411 469 75 0.16411730416513987 2409 
412 472 79 0.7507464155644223 2225 
413 472 60 0.8703415022388927 1962 
414 474 73 0.07341226173015754 1620 
415 474 75 0.39240765066360767 1615 
416 475 61 0.24030857883783352 1671 
417 475 68 0.04330653868449792 2116 
418 476 65 0.6422056020917828 2183 
419 476 70 0.6764783647332018 2122 
420 477 78 0.17766903935210906 2415 
421 477 78 0.3891034011564466 1954 
422 479 76 0.11515952152665049 2145 
423 479 79 0.8193775255784933 2447 
424 479 66 0.4176574639674299 2370 
425 479 75 0.5178710208891659 2095 
426 484 67 0.057753989121443215 2004 
427 484 73 0.1550840906702569 2028 
428 484 70 0.6543326049219237 1797 
429 484 73 0.09177160287991364 2351 
430 487 66 0.7165312413364507 1901 
431 487 62 0.6657111025903484 2496 
432 487 75 0.23848383670526158 2434 
433 495 71 0.28443503164356065 2280 
434 495 71 0.074981882734217 2107 
435 497 78 0.5475448247824144 2564 
436 497 64 0.24659276330108684 1621 
437 504 65 0.23385430835641333 2012 
438 504 78 0.4287913712691865 2080 
439 504 68 0.5024154117448952 2241 
440 505 76 0.2969080467189987 2467 
441 505 63 0.8866128998234495 1717 
442 505 72 0.465199420163187 1620 
443 510 63 0.11657611776960632 2248 
444 510 68 0.3153658519708678 2394 
445 511 65 0.15013873069642467 1963 
446 511 63 0.6388809944887134 2434 
447 511 71 0.3927727662201208 2121 
448 511 75 0.846854620319144 1881 
449 514 74 0.06436608864058853 1912 
450 514 75 0.7520989052442114 1797 
451 514 62 0.14879278840276614 2596 
452 514 67 0.8737300534148922 2261 
453 515 69 0.14468156122801637 1737 
454 515 75 0.7023882169869504 1795 
455 515 71 0.6322653696065087 1722 
456 515 63 0.768265849145259 1751 
457 519 71 0.603517946733322 2150 
458 519 65 0.852678680219976 2009 
459 523 61 0.3697372881448745 1907 
460 523 62 0.07226807547095958 1781 
461 523 78 0.8559983883386633 2594 
462 523 74 0.3644762844793464 1729 
463 531 78 0.33519972758430827 1664 
464 531 76 0.42601886280796203 2082 
465 534 61 0.391525837068543 2136 
466 534 67 0.3654961376746342 1872 
467 534 69 0.3029492279336235 2455 
468 534 72 0.6295850488897005 2046 
469 536 64 0.6794745608034234 2494 
470 536 66 0.47824787580208883 2303 
471 536 60 0.11963006407543918 1650 
472 539 61 0.786948778421583 2548 
473 539 60 0.21940804275871853 2275 
474 540 69 0.19269293624155656 1856 
475 540 70 0.18555381038554145 1925 
476 544 59 0.16308912699266828 2477 
477 544 61 0.017590792754978282 2467 
478 544 59 0.16907131289635385 1812 
479 545 77 0.32616567377877353 2009 
480 545 76 0.40685370675370847 2104 
481 545 75 0.44476277951972093 1832 
482 548 78 0.5473514280215823 2501 
483 548 77 0.16086389566494302 2062 
484 558 61 0.20196887200735722 1698 
485 558 67 0.8730791390532752 2577 
486 558 64 0.03785545243704071 2508 
487 559 59 0.6592198332150648 1893 
488 559 61 0.07735465697993092 2470 
489 559 66 0.19017898193404298 1957 
490 559 70 0.7387232439526562 2043 
491 561 66 0.30688446750329995 2134 
492 561 59 0.41906815003964126 1933 
493 561 75 0.34621675318661344 2427 
494 561 75 0.11376080392826414 2470 
495 567 70 0.5835003763549332 2061 
496 567 67 0.5494456918660269 2193 
497 571 76 0.5935394422701032 2148 
498 571 76 0.04089679395822208 1703 
499 571 75 0.8397346137793246 2222 
500 571 63 0.6604428157481118 1877 
501 572 76 0.23634014733671005 2107 
502 572 77 0.10954768044224769 2025 
503 572 78 0.46673095313976026 2193 
504 581 64 0.5472803658388712 2462 
505 581 64 0.6885921986715112 1896 
506 581 76 0.7452166294795283 2527 
507 581 70 0.07305546393957671 1835 
508 584 71 0.22273329231441713 1782 
509 584 63 0.21942921871090898 2074 
510 586 73 0.04841252487681037 1777 
511 586 62 0.8688108085987566 1951 
512 586 68 0.582435072812981 1847 
513 586 77 0.3237095234133105 1816 
514 588 64 0.33636461584544386 1939 
515 588 69 0.01003805416494278 2001 
516 588 70 0.8906717001606842 2163 
517 588 75 0.885211121584807 2112 
518 589 59 0.46619572535628095 2218 
519 589 60 0.08420796614658764 2164 
520 591 63 0.5555289965907702 1945 
521 591 79 0.21573823908294507 1868 
522 591 63 0.746193963376887 2577 
523 594 75 0.858192784262546 2529 
524 594 63 0.6444141989939292 2164 
525 596 64 0.6078346865182009 2148 
526 596 70 0.3794750651100864 2364 
527 596 75 0.6200060531818307 2451 
528 596 76 0.07903800672110875 2312 
529 600 78 0.8860640862614029 1894 
530 600 79 0.01569493170969531 2031 
531 602 77 0.5805764867968203 1665 
532 602 78 0.8082064266066894 2096 
533 602 65 0.04803504274452518 1978 
534 607 62 0.4680770891501588 2594 
535 607 67 0.5197777273353658 2214 
536 611 63 0.41284009024503643 1648 
537 611 78 0.4477261582519544 1628 
538 611 77 0.7108625072708331 1818 
539 611 66 0.424077433494498 2078 
540 614 60 0.6569492988202394 2607 
541 614 78 0.8325454225835179 1962 
542 614 76 0.48730545593855024 1694 
543 614 68 0.5287462721649325 1934 
544 616 65 0.10157899706089625 2195 
545 616 60 0.4777026368787227 2122 
546 616 62 0.4231041916619557 1905 
547 617 79 0.22125970053954472 2407 
548 617 72 0.6066926061278118 2538 
549 620 75 0.4451309250301101 2424 
550 620 65 0.48164117204226226 2510 
551 620 71 0.4268468089449983 2382 
552 620 71 0.7484844366956643 2393 
553 621 59 0.7774202354172934 1894 
554 621 65 0.8445029795978236 2520 
555 621 64 0.305638511130597 1783 
556 624 61 0.021103865695560095 2313 
557 624 65 0.6202764186759042 2178 
558 626 68 0.4174696097422195 2551 
559 626 74 0.44521921147730875 2164 
560 626 73 0.2501514366665901 2549 
561 627 67 0.08800091233899171 1979 
562 627 78 0.7609391315358341 2130 
563 628 62 0.033112972053960306 1943 
564 628 79 0.36365832758224326 2569 
565 628 61 0.19288682567751622 2410 
566 628 78 0.35197792679034995 2405 
567 629 63 0.12717768234541577 2109 
568 629 68 0.6093440327751918 2065 
569 629 62 0.07844606274696504 2364 
570 629 67 0.8220703886868872 1736 
571 630 60 0.14266784837556026 1894 
572 630 70 0.7525929245588016 1614 
573 631 73 0.07674336954048629 2019 
574 631 68 0.2573795893216918 2486 
575 631 67 0.3649867046705129 2527 
576 631 73 0.8020320695973232 2543 
577 633 72 0.1879293007229275 2082 
578 633 76 0.5375605694622506 2097 
579 633 74 0.5480423346041752 2458 
580 633 78 0.662587705246442 1763 
581 635 72 0.895906399222952 2308 
582 635 75 0.5733959216185719 2386 
583 635 69 0.6604233343221525 2128 
584 644 63 0.7099219880705103 2404 
585 644 70 0.8605532881573908 1862 
586 645 61 0.3172612673015406 2463 
587 645 79 0.2433467122610504 2013 
588 651 70 0.5773711149137092 2564 
589 651 61 0.409682836088307 2017 
590 651 59 0.1036274608341815 2162 
591 652 71 0.6761990279648682 2589 
592 652 76 0.03388989378637207 2198 
593 652 65 0.04594301562471141 2562 
594 659 77 0.5752819139396362 2044 
595 659 71 0.4144291447270214 2581 
596 663 72 0.3119303109184557 1725 
597 663 66 0.825155193494338 2240 
598 663 69 0.04274356839467072 1719 
599 666 60 0.5985647359909835 2053 
600 666 74 0.8410618065015683 1863 
601 666 59 0.6542598728438431 2294 
602 668 65 0.27520097099563534 1665 
603 668 79 0.5872142414633706 1830 
604 668 63 0.10350130950954932 1818 
605 669 78 0.5783875299467187 1643 
606 669 68 0.17331788366057505 2127 
607 671 76 0.2246710712242006 2184 
608 671 75 0.6971150596590773 2224 
609 671 74 0.6819943838418443 1995 
610 671 64 0.11958136887870043 1975 
611 672 67 0.7602291379724332 1655 
612 672 74 0.09494370897908566 1674 
613 672 72 0.2898188567197038 2601 
614 675 78 0.4233042926507325 2342 
615 675 63 0.8210065824804239 1851 
616 676 76 0.34085207977326537 1686 
617 676 76 0.7516082411676743 1858 
618 676 69 0.3964342349834017 2599 
619 676 77 0.5915557648265086 1841 
620 679 66 0.2430402295526612 1960 
621 679 68 0.30880917809689723 1651 
622 679 71 0.6220599785271416 2313 
623 679 73 0.5161950549830261 2120 
624 680 71 0.1818048478756979 2326 
625 680 75 0.8104519076206372 2227 
626 683 78 0.24867266973753557 2293 
627 683 74 0.566317250153711 2464 
628 683 59 0.7134860210292329 2312 
629 688 74 0.07302853185567712 2500 
630 688 74 0.8918488167511265 1811 
631 688 61 0.21164916880511364 1705 
632 689 61 0.43078482891695485 2006 
633 689 77 0.38564187189486593 1772 
634 689 73 0.5464025698717258 1630 
635 690 69 0.024986129844607276 1821 
636 690 68 0.6965272345398899 2489 
637 695 74 0.130236611330634 1734 
638 695 60 0.09054832789528355 2238 
639 695 79 0.0943734779650211 2054 
640 696 70 0.26149755085470644 1871 
641 696 75 0.2324903833728503 2415 
642 696 78 0.24392849031970035 1995 
643 696 74 0.406904546573476 2221 
644 704 61 0.21202802334250634 1647 
645 704 63 0.5673076451865314 1950 
646 704 72 0.21853779904637385 2490 
647 704 76 0.5107285333932615 2418 
648 707 59 0.28850893724253307 2614 
649 707 60 0.029926364306549297 2113 
650 707 70 0.28266451112208213 1947 
651 713 77 0.8851221459361639 2009 
652 713 61 0.17070275368561666 1769 
653 713 60 0.5549930596271757 1875 
654 713 76 0.07147264063462942 2029 
655 715 74 0.4678746528346127 2334 
656 715 72 0.30924541988507176 2380 
657 715 60 0.48778880316909706 1921 
658 715 71 0.8498868359159397 2146 
659 717 79 0.3114808150685639 1684 
660 717 62 0.12475822350673864 2555 
661 717 74 0.6214797943009894 1746 
662 717 75 0.025998762877092213 1972 
663 721 76 0.6251110349908459 2046 
664 721 63 0.8637421827905766 2355 
665 721 79 0.48295026833301724 1932 
666 733 72 0.7997049366305425 1962 
667 733 75 0.6178574221081968 2417 
668 734 60 0.7499707040505625 1836 
669 734 76 0.4199964536747948 2606 
670 734 71 0.5316164479991208 1899 
671 737 69 0.047252875565664765 1678 
672 737 75 0.871492295772748 2456 
673 737 70 0.5275817127058591 2017 
674 737 60 0.1014626919928617 2136 
675 740 65 0.41822396452598554 1734 
676 740 61 0.17140214915729504 2517 
677 740 68 0.8272114116764087 2124 
678 740 75 0.8609434493488005 2316 
679 741 61 0.7316698804555082 2184 
680 741 79 0.8156148243649377 1714 
681 741 62 0.6762991642672631 1622 
682 741 72 0.7050329354126613 2465 
683 743 63 0.7488978002216847 2258 
684 743 70 0.8876311405417866 2540 
685 743 62 0.11462074575287763 1849 
686 746 72 0.7391164108806796 2207 
687 746 64 0.10569152701081103 1991 
688 748 64 0.21427831169080322 2227 
689 748 72 0.7879704571362158 2557 
690 751 66 0.36707489310519914 1849 
691 751 68 0.2765264511420957 2131 
692 751 73 0.3242761904536414 1931 
693 751 76 0.2663182025812744 2099 
694 756 73 0.5835604799024436 2145 
695 756 70 0.6014104290283598 2433 
696 756 61 0.11585201605271077 1761 
697 756 72 0.5443457730688109 2127 
698 757 67 0.13770165460399877 1836 
699 757 79 0.26221973498008894 2268 
700 757 67 0.15710627038687652 2312 
701 758 75 0.6579646979010737 1984 
702 758 74 0.27052012254109425 2278 
703 763 60 0.8156636655871584 2329 
704 763 69 0.8027878082590015 2342 
705 763 68 0.833078488370763 2107 
706 763 66 0.4287887061840512 2527 
707 765 60 0.1917789299485379 1979 
708 765 67 0.5757731632789108 2283 
709 765 66 0.8532310135378827 2344 
710 766 69 0.2331863747197434 1756 
711 766 64 0.2698257939544498 1739 
712 766 60 0.1832571810872314 2443 
713 769 73 0.4085754811886256 1729 
714 769 79 0.18313735325996017 1678 
715 770 64 0.7217671059129805 1841 
716 770 64 0.6705245153172636 1997 
717 775 75 0.6913309176907019 2132 
718 775 69 0.29170787198627246 2518 
719 775 77 0.3857605369684178 1994 
720 775 70 0.5767792478613835 1824 
721 778 75 0.4762866553299985 2605 
722 778 74 0.6322955138744576 1886 
723 778 64 0.032130051342360466 1677 
724 778 66 0.8842793609197294 2146 
725 781 63 0.19377511223809887 2008 
726 781 73 0.024769186734397382 1673 
727 781 76 0.8340325792377227 2521 
728 781 75 0.2335171545853338 1735 
729 783 61 0.03641048648219816 1690 
730 783 64 0.8591050512685564 1936 
731 785 65 0.2669225270080496 2540 
732 785 76 0.2922930728680609 1635 
733 789 60 0.2662802298756589 1885 
734 789 76 0.43549960549832206 2160 
735 789 64 0.09825643605432222 1732 
736 789 65 0.0601131141887086 2524 
737 793 77 0.8942686261557449 2522 
738 793 62 0.5020391003098106 2241 
739 793 72 0.5570332809094912 1853 
740 797 63 0.316763942041381 2531 
741 797 66 0.7762344237159069 1803 
742 797 59 0.5162943537848019 1888 
743 799 67 0.12600215052649044 2299 
744 799 70 0.5565575111356464 1954 
745 804 74 0.32819106863447034 2165 
746 804 60 0.13046307215916836 1983 
747 804 65 0.712444982325952 1697 
748 809 79 0.43881343115056565 1805 
749 809 59 0.5972856388621874 1822 
750 809 65 0.2716115009674658 1761 
751 810 69 0.7828936655895326 1799 
752 810 63 0.5202350144019157 2362 
753 810 76 0.5621394271839941 2254 
754 810 70 0.5366877208096651 2074 
755 811 76 0.7031454826474954 1718 
756 811 79 0.8267306549066056 2186 
757 811 65 0.5812850758863619 2418 
758 811 62 0.7746279602066721 1618 
759 812 67 0.1915737876684023 2176 
760 812 65 0.23290559687859888 1615 
761 812 65 0.4899551598664459 2318 
762 812 75 0.16777132841948475 1695 
763 814 73 0.6504923288265055 2091 
764 814 71 0.28585476379389113 1951 
765 814 62 0.43182583461142665 2071 
766 814 73 0.03653015496319735 2161 
767 816 65 0.5379815860097392 2196 
768 816 64 0.6140331481869333 1865 
769 818 74 0.21746539364644335 1779 
770 818 62 0.41937242254638313 1802 
771 818 61 0.09223398621729277 2235 
772 818 79 0.33706425465019946 2328 
773 822 78 0.6114464538957796 2483 
774 822 64 0.41724534998455226 1676 
775 828 76 0.2823990166756766 1979 
776 828 75 0.27494882319588887 1994 
777 828 70 0.07659145993638213 2464 
778 829 74 0.7598714062241377 2177 
779 829 62 0.8366833406159913 2523 
780 829 69 0.5093392373744731 2181 
781 830 73 0.5608724618914191 2421 
782 830 79 0.5572138833207876 2017 
783 830 77 0.4053365654490591 2440 
784 830 74 0.6047560736951746 2187 
785 831 75 0.21195868438485793 2130 
786 831 72 0.07501485884817737 1927 
787 831 60 0.6788522653867679 2045 
788 831 72 0.8141021534607278 1615 
789 834 71 0.43274658150481304 2098 
790 834 62 0.08080650175857365 2255 
791 835 68 0.7781759493869242 1917 
792 835 67 0.29458467326815896 1998 
793 841 75 0.3240583666080293 1922 
794 841 62 0.6528390566120457 1931 
795 841 72 0.8424295952863717 2050 
796 841 72 0.3691542258929377 2372 
797 845 78 0.5406442625045267 2285 
798 845 67 0.6458126901161348 2167 
799 846 70 0.5589720450829649 2468 
800 846 64 0.7946094713473223 2031 
801 846 78 0.3991980875087518 2448 
802 850 69 0.33391246905369826 1757 
803 850 69 0.172649212587905 2043 
804 850 74 0.6210286657782697 1736 
805 850 76 0.8672050036070083 2255 
806 851 69 0.7303096335269249 1640 
807 851 59 0.44765766090923736 2054 
808 851 66 0.5614306134798437 2600 
809 854 76 0.7614469647898878 2421 
810 854 65 0.5000469019569214 1886 
811 854 64 0.8057916668937177 2443 
812 858 76 0.4195244148908319 2581 
813 858 65 0.767658368449641 2240 
814 861 65 0.7092448612699372 1632 
815 861 75 0.5954072438381711 1645 
816 863 79 0.8358357336538201 2379 
817 863 63 0.8744371133602482 2035 
818 864 66 0.24192012339016644 2450 
819 864 62 0.5631480498415012 1927 
820 864 71 0.13293925071736257 1664 
821 864 63 0.6247675162449857 2214 
822 868 71 0.7650730281488738 2568 
823 868 77 0.5207961095621884 1921 
824 868 74 0.38555490473674997 1803 
825 869 67 0.8528896695817618 1786 
826 869 73 0.11115248615312161 2164 
827 869 69 0.683082630428083 1829 
828 872 72 0.46144315153816046 1967 
829 872 78 0.5142995047936259 1992 
830 874 77 0.8499956590840155 1896 
831 874 78 0.13383521183638172 2418 
832 877 65 0.859527419719161 2479 
833 877 59 0.7252529431056072 2523 
834 884 70 0.6498055950441448 1847 
835 884 76 0.3765311216618262 2500 
836 884 76 0.6827396268986096 2058 
837 890 75 0.6602393674494351 2149 
838 890 79 0.5052488695049309 1688 
839 890 72 0.7381956818806128 2531 
840 890 61 0.543667773164178 2543 
841 892 67 0.5074855961387736 2411 
842 892 70 0.2887756962517035 2031 
843 894 67 0.28346217352826775 2094 
844 894 61 0.5993536241076209 2132 
845 896 75 0.13140975560509574 2020 
846 896 79 0.4766739109611544 1990 
847 896 67 0.5770931691371393 2415 
848 897 75 0.44974886047697976 2356 
849 897 66 0.7090864333042389 2403 
850 898 66 0.532465747338539 2372 
851 898 65 0.6982605024153564 2122 
852 898 72 0.5910255630105571 2582 
853 898 65 0.4023092588468034 2356 
854 900 77 0.2039248264790221 2078 
855 900 61 0.16691780526849434 2573 
856 900 74 0.5254675947300756 2255 
857 900 68 0.626732281937379 2326 
858 901 68 0.2689470270618019 2202 
859 901 66 0.4969849674230043 2150 
860 901 62 0.28874758320678245 2472 
861 903 71 0.5405194749421776 2485 
862 903 68 0.5271264081401681 2505 
863 903 73 0.6019295536258106 1972 
864 906 73 0.26235736222095546 2567 
865 906 60 0.8323911787412255 2436 
866 907 64 0.38292871122317185 2131 
867 907 74 0.3827391511502344 2100 
868 907 75 0.6530848892120266 1614 
869 908 61 0.11080665881407864 1819 
870 908 75 0.3143093738985179 2237 
871 908 71 0.657476597240057 1836 
872 914 65 0.061873625971589866 2561 
873 914 66 0.3246165454656788 1803 
874 918 66 0.2856666303202138 2329 
875 918 73 0.5948082295146636 2302 
876 918 79 0.8550429817798815 2360 
877 919 63 0.058857039766981464 2170 
878 919 79 0.5301670132248318 1645 
879 919 67 0.35884204200699404 1766 
880 920 59 0.10988048610528223 1749 
881 920 70 0.6082487718642766 2095 
882 920 78 0.5621996053862794 1933 
883 920 74 0.8632981426440505 2536 
884 921 67 0.37110825780733697 1777 
885 921 67 0.27932196809954524 1857 
886 921 59 0.5640763690693944 1853 
887 921 66 0.39378574349973533 2089 
888 924 77 0.8173674302737587 2393 
889 924 66 0.6461366389873158 1871 
890 925 78 0.3756899831432561 1933 
891 925 60 0.07738553589377041 1940 
892 927 75 0.42575773961684255 2045 
893 927 77 0.1836710715735077 2132 
894 927 79 0.8085064022006255 1926 
895 927 65 0.6371200067553993 2329 
896 931 73 0.7437333034562462 2091 
897 931 65 0.5241745222546493 2338 
898 931 68 0.87305199143652 2327 
899 931 59 0.40062645897628396 2297 
900 932 73 0.7319096843158843 2229 
901 932 65 0.6909457783847646 2405 
902 932 78 0.37131490556019636 2232 
903 938 65 0.10618042453293153 2040 
904 938 67 0.2127537072077595 2283 
905 938 77 0.8882963037922246 2135 
906 939 73 0.14659700310316331 2143 
907 939 68 0.7795873251868507 2082 
908 940 67 0.4082077966287225 2282 
909 940 67 0.37760938166202285 1679 
910 940 74 0.25838827973849243 2223 
911 941 77 0.31919601868255504 2540 
912 941 59 0.5420510798432622 1843 
913 941 61 0.576805699430441 1717 
914 944 69 0.15213073579900546 2315 
915 944 59 0.6931005794231442 1983 
916 944 68 0.24791443727880239 2544 
917 944 76 0.8542214224802014 2592 
918 945 68 0.6207171509749206 1838 
919 945 72 0.44370158884730426 1933 
920 945 64 0.6648968301965442 1777 
921 948 72 0.7086508318288731 1706 
922 948 78 0.06331926096709248 2005 
923 948 79 0.6196652266468509 1692 
924 955 77 0.016905421987105266 2561 
925 955 71 0.3383219652484403 2565 
926 955 71 0.8624100484214008 1919 
927 957 65 0.5342003573065293 1682 
928 957 64 0.289215981017003 1960 
929 968 76 0.763094260952842 2267 
930 968 70 0.11838260704293388 2146 
931 969 71 0.057232667803428526 2542 
932 969 73 0.5202481926353184 2194 
933 969 79 0.49675286140430114 2571 
934 970 63 0.40217338758929977 1693 
935 970 70 0.7125960831006336 2462 
936 970 78 0.0202437415633916 2289 
937 970 73 0.43450436673088083 2165 
938 971 77 0.7617521690258358 2550 
939 971 75 0.7715424247376277 2326 
940 976 75 0.3843318530946868 2307 
941 976 64 0.7735984014288048 1687 
942 976 65 0.09107781597361649 2398 
943 976 69 0.8351180263099197 2459 
944 980 68 0.8419042320181325 2537 
945 980 69 0.6254632493254959 1778 
946 980 68 0.6980586819589423 2018 
947 980 76 0.2790434580760292 2035 
948 988 59 0.7041952112206019 2378 
949 988 67 0.3669460936956324 2053 
950 988 62 0.2950202614143267 1648 
951 1004 62 0.20049168163095324 2375 
952 1004 66 0.8768646205614652 2482 
953 1004 62 0.4287916507958573 2124 
954 1004 66 0.8176235537581737 2075 
955 1009 79 0.6532907432181932 2531 
956 1009 74 0.4391218160949828 2118 
957 1017 68 0.21123946893217363 2413 
958 1017 79 0.7648225061365433 2587 
959 1017 73 0.887085247199183 2461 
960 1018 77 0.3472841683560114 2211 
961 1018 75 0.309235356324152 2352 
962 1018 59 0.20122580226517323 1903 
963 1019 68 0.8890072876101197 1644 
964 1019 68 0.556928022760123 1779 
965 1019 59 0.3754218334008693 1874 
966 1019 71 0.6501962331089676 1908 
967 1021 66 0.46671561568851533 1808 
968 1021 68 0.5424328621097692 2145 
969 1024 59 0.025946291140783076 1785 
970 1024 61 0.4063505303800544 1742 
971 1025 68 0.38690373250310234 2358 
972 1025 74 0.5520581961212724 1655 
973 1028 69 0.567060979888407 1706 
974 1028 78 0.6714412829492634 2135 
975 1028 73 0.6573695326835632 1646 
976 1029 64 0.42353771252620787 1798 
977 1029 74 0.7703105525512863 1644 
978 1029 71 0.569320522435376 2014 
979 1029 74 0.14859573851233004 2276 
980 1031 73 0.5322228928688677 1788 
981 1031 60 0.46854946858689683 1871 
982 1031 67 0.7442116543536077 2265 
983 1031 79 0.42746820350155607 2310 
984 1032 62 0.14480621217697354 1771 
985 1032 61 0.3698504211409889 2084 
986 1039 63 0.8266711900054916 2160 
987 1039 79 0.17363004411425464 2185 
988 1046 64 0.7926827333273401 1677 
989 1046 67 0.019867493343705495 1931 
990 1046 74 0.4755910278291429 2546 
991 1046 63 0.6504927834982017 2415 
992 1047 63 0.5048933223671299 2001 
993 1047 74 0.44573729880215734 2288 
994 1048 67 0.40711591428591926 2501 
995 1048 59 0.3568397844520746 1780 
996 1048 63 0.806020260613952 1757 
997 1048 73 0.2539383678796244 1692 
998 1049 65 0.4676175051984708 2086 
999 1049 66 0.6429786218865613 2418 
1000 1049 73 0.8605710542225296 1748 
1001 1049 65 0.6008005405260525 2285 
1002 1054 78 0.5550839139289829 1829 
1003 1054 65 0.4385560273796047 1719 
1004 1054 66 0.29589411628225754 1824 
1005 1054 61 0.42381755492847756 2551 
1006 1055 63 0.2055561796254164 2390 
1007 1055 76 0.8124184886756375 2605 
1008 1055 64 0.483834159065652 2127 
1009 1056 64 0.11488692149813673 1664 
1010 1056 77 0.4106372283378098 1916 
1011 1059 78 0.5678777587434217 1731 
1012 1059 61 0.12436124897461735 2303 
1013 1059 67 0.702617316834529 2081 
1014 1059 59 0.3454102849614857 1804 
1015 1060 67 0.17881268157069508 1643 
1016 1060 63 0.552255052862049 2371 
1017 1066 66 0.3160953109461311 2431 
1018 1066 72 0.48220313439035634 2178 
1019 1066 74 0.15592194230419826 2033 
1020 1066 61 0.8724610328628449 2064 
1021 1068 79 0.648025327086157 1947 
1022 1068 60 0.05425206481765718 2354 
1023 1068 69 0.19442464649432878 2506 
1024 1073 64 0.49787778850074255 2077 
1025 1073 70 0.29837784419165864 2054 
1026 1073 66 0.1502235108819736 1773 
1027 1073 69 0.06833071911499716 1844 
1028 1079 73 0.4154502596130412 1727 
1029 1079 74 0.08455829694259566 1739 
1030 1079 70 0.0855545728435458 1697 
1031 1080 61 0.03484345187427304 1908 
1032 1080 62 0.34116867662053213 1703 
1033 1080 66 0.6869513427700306 2049 
1034 1080 71 0.5652851126269386 1721 
1035 1082 62 0.6127920661401149 2504 
1036 1082 65 0.29664370794967476 2273 
1037 1082 77 0.3737942635666103 1834 
1038 1082 60 0.3458352806506081 2492 
1039 1083 76 0.718911570718028 2417 
1040 1083 72 0.6606475104566311 2083 
1041 1084 74 0.8301840495911935 2458 
1042 1084 74 0.7024639497845121 2390 
1043 1084 68 0.09146118435700246 2003 
1044 1098 69 0.4485184481990567 2315 
1045 1098 78 0.5668397662122151 2611 
1046 1104 66 0.6495943715193183 2351 
1047 1104 72 0.24248170109660244 1703 
1048 1104 64 0.274273192573546 2430 
1049 1104 60 0.699888097803986 1720 
1050 1106 75 0.4548409880536316 1746 
1051 1106 64 0.38297015638119314 2030 
1052 1108 63 0.745455338918649 1894 
1053 1108 68 0.2491522629482279 2347 
1054 1109 66 0.7449072208101728 1928 
1055 1109 75 0.5039583734554325 1624 
1056 1109 64 0.06587394091777155 2545 
1057 1109 71 0.7611434590067748 1953 
1058 1110 61 0.6864115074025743 2236 
1059 1110 75 0.34528536455022407 1953 
1060 1110 69 0.14760151534738594 2552 
1061 1110 70 0.3060728097467492 1701 
1062 1112 77 0.1063680008907896 2207 
1063 1112 74 0.5924421683894466 2060 
1064 1112 70 0.35864398649749674 2498 
1065 1112 71 0.1328887466336994 1807 
1066 1113 69 0.23981146032077172 1922 
1067 1113 69 0.4719877338676709 2452 
1068 1113 78 0.4752660471747531 1715 
1069 1113 75 0.6038880188784141 2348 
1070 1114 74 0.6756572938438306 1623 
1071 1114 66 0.04853609840162924 2575 
1072 1114 76 0.8349502538855837 2611 
1073 1118 72 0.7195403825998435 1720 
1074 1118 65 0.042686307069047635 2572 
1075 1118 77 0.6598571086714788 2304 
1076 1118 60 0.7290348218784402 1992 
1077 1122 68 0.24996740397479972 2072 
1078 1122 61 0.5987491987829306 2240 
1079 1123 76 0.5781104581033142 2553 
1080 1123 70 0.024332367821216564 2147 
1081 1124 69 0.7118532597437145 1943 
1082 1124 75 0.5521488944201628 2527 
1083 1124 60 0.040141605795700586 2401 
1084 1127 79 0.17194425247417575 2564 
1085 1127 63 0.5154392048231418 2410 
1086 1128 69 0.8505399667354747 2084 
1087 1128 67 0.6536443157918788 1695 
1088 1128 68 0.03640387579845925 1928 
1089 1128 61 0.08629411485002102 2604 
1090 1131 63 0.8545735110089921 1686 
1091 1131 72 0.11390033232641023 2330 
1092 1133 63 0.5323849284444732 1662 
1093 1133 70 0.8794963249218775 2451 
1094 1133 71 0.8837201482714995 1698 
1095 1136 74 0.33153334302388743 2259 
1096 1136 69 0.6607190115621657 1736 
1097 1136 63 0.2731401598297632 1706 
1098 1138 73 0.28407976862326795 2480 
1099 1138 66 0.3156998846056792 2051 
1100 1138 77 0.09947095533751979 1959 
1101 1138 74 0.34456411335591103 1972 
1102 1139 61 0.7094090741630399 1831 
1103 1139 69 0.8018652968397753 1903 
1104 1140 60 0.3510909228146306 1748 
1105 1140 78 0.8727422552402553 2463 
1106 1140 70 0.23004050268251092 2005 
1107 1142 63 0.7432048751462446 1928 
1108 1142 63 0.38196289250475757 2278 
1109 1149 76 0.237197280056068 1713 
1110 1149 71 0.7651362378424055 2280 
1111 1150 69 0.6989898442556107 2219 
1112 1150 73 0.7957742349090435 2068 
1113 1153 64 0.3084124501745534 2336 
1114 1153 68 0.7838907403163632 2390 
1115 1153 71 0.6599727296513713 2392 
1116 1157 70 0.3517143812264481 2469 
1117 1157 78 0.43700362251230224 1677 
1118 1161 60 0.6933628294528884 1737 
1119 1161 73 0.1844585851471936 2111 
1120 1161 69 0.8699472780612197 2407 
1121 1162 69 0.6224337623015171 2299 
1122 1162 70 0.1969984848564764 1859 
1123 1163 74 0.23263783763010093 2252 
1124 1163 59 0.16799732196457698 2378 
1125 1163 77 0.40474082005284506 1826 
1126 1163 74 0.48951534175891703 1730 
1127 1165 76 0.09564705648214857 1971 
1128 1165 60 0.38418606749785333 2254 
1129 1165 73 0.7221135691501527 2472 
1130 1165 79 0.38725668454446677 2326 
1131 1166 79 0.5575569833928377 2209 
1132 1166 75 0.6088192122086634 2252 
1133 1168 61 0.8726266784123985 1985 
1134 1168 68 0.6788181501976865 2265 
1135 1168 73 0.12146882402300188 1663 
1136 1168 65 0.6544713869582712 1617 
1137 1169 71 0.7518245870982208 2279 
1138 1169 77 0.6640478838831819 1989 
1139 1169 77 0.239422049326059 1694 
1140 1170 67 0.040034574531876574 2560 
1141 1170 74 0.32712280492861984 2251 
1142 1170 67 0.1094929937812025 2548 
1143 1170 70 0.22542368027490636 1741 
1144 1174 69 0.6822462081285057 1706 
1145 1174 77 0.6979746967987825 2262 
1146 1176 77 0.694757738380787 2312 
1147 1176 60 0.8385290386113641 2385 
1148 1176 63 0.8258729707514036 1668 
1149 1178 74 0.6605828400749827 1946 
1150 1178 66 0.24632444997083283 1666 
1151 1178 78 0.2083196088101818 1961 
1152 1178 69 0.5329704204772953 2144 
1153 1198 77 0.040769476075776634 1954 
1154 1198 67 0.3051782457443368 1871 
1155 1199 68 0.15418172109444772 2295 
1156 1199 75 0.5182105004998153 2115 
1157 1200 65 0.735315763300324 2291 
1158 1200 63 0.033643060314050344 2597 
1159 1200 73 0.7456759858360779 2407 
1160 1200 64 0.532789706924233 2590 
1161 1204 61 0.8231295501667341 1777 
1162 1204 73 0.145896629709368 2234 
1163 1205 76 0.33658499653733537 2125 
1164 1205 65 0.2804601269762369 2539 
1165 1208 73 0.23368482341851265 2373 
1166 1208 63 0.4885953270397307 2290 
1167 1208 63 0.8671201302546854 1774 
1168 1209 69 0.17962266616346567 2201 
1169 1209 79 0.35728092951425017 2128 
1170 1212 79 0.2178645348525781 2026 
1171 1212 76 0.6651467358700499 2265 
1172 1212 76 0.3631972498986839 2484 
1173 1212 75 0.8561327534989397 1743 
1174 1213 73 0.5461933751495238 2328 
1175 1213 69 0.8408584149342531 1765 
1176 1213 73 0.31160566464991823 2158 
1177 1213 77 0.5174082093922808 1892 
1178 1220 76 0.08705757918230973 1655 
1179 1220 78 0.29633705469580124 1832 
1180 1220 65 0.25418764937306965 2294 
1181 1225 68 0.7785566527562199 1899 
1182 1225 73 0.5460852893052525 1758 
1183 1225 67 0.7704163434107996 2125 
1184 1226 72 0.30209509228059267 1819 
1185 1226 65 0.4732890553689387 2494 
1186 1226 62 0.608360128066407 2405 
1187 1226 74 0.8816460905657824 1980 
1188 1228 64 0.7008644312847672 2216 
1189 1228 65 0.3975631836378397 1776 
1190 1228 68 0.13789341341664463 2545 
1191 1229 67 0.7382926118025681 2174 
1192 1229 62 0.08239852923251463 2258 
1193 1229 74 0.8319057642593645 1870 
1194 1229 59 0.3231339582487014 1667 
1195 1230 76 0.7313120360332023 2558 
1196 1230 70 0.2159744548476522 2000 
1197 1230 63 0.8791947542213 1751 
1198 1237 70 0.680433150471088 1841 
1199 1237 63 0.6358353392818833 2332 
1200 1241 62 0.25637485388858505 1654 
1201 1241 68 0.5045165805507774 2374 
1202 1241 77 0.027003745488573316 2525 
1203 1241 65 0.34432163040531477 2605 
1204 1245 63 0.3856273560591923 2256 
1205 1245 62 0.6431194830806196 2005 
1206 1245 79 0.6665861762039306 2543 
1207 1245 79 0.8228913016155802 2234 
1208 1246 76 0.13562609906849712 2459 
1209 1246 70 0.14580469390055886 2030 
1210 1246 68 0.6355848769427659 2316 
1211 1246 63 0.6626979557670606 2268 
1212 1248 77 0.4980947330806777 2134 
1213 1248 79 0.4898872743241284 2303 
1214 1248 62 0.4982251635248691 2048 
1215 1248 71 0.02299574797503058 1778 
1216 1249 76 0.6735749575881674 2363 
1217 1249 65 0.5079476469236731 2476 
1218 1250 64 0.719243729416692 1638 
1219 1250 65 0.7252198339126166 2369 
1220 1251 70 0.8296148899358413 1859 
1221 1251 70 0.07747584797543088 1740 
1222 1251 70 0.896791164278231 2370 
1223 1254 59 0.03310953331493404 2052 
1224 1254 67 0.031856338935993704 2574 
1225 1259 72 0.5157050277450238 2416 
1226 1259 71 0.02825447334457771 2576 
1227 1259 66 0.481343428314969 1836 
1228 1259 60 0.28135293929643507 2129 
1229 1261 68 0.64099707243761 2170 
1230 1261 67 0.4004208877181674 2122 
1231 1261 60 0.8567312359535987 1827 
1232 1261 65 0.17708318363066947 2253 
1233 1262 76 0.4830839675644142 2177 
1234 1262 70 0.6745282934366916 2256 
1235 1268 67 0.3951060412107344 2077 
1236 1268 77 0.014746381001208116 2378 
1237 1272 74 0.7681490386262646 2576 
1238 1272 68 0.8960892656616547 2356 
1239 1272 70 0.8058526805252422 1946 
1240 1272 66 0.06986744353418176 2378 
1241 1275 61 0.8521252437616537 2188 
1242 1275 71 0.033454476517344636 1992 
1243 1275 79 0.5306284711325014 2514 
1244 1275 62 0.36537290378982357 1978 
1245 1277 74 0.5127810801156976 2137 
1246 1277 72 0.2971198386924095 1790 
1247 1277 77 0.3915481704004207 2441 
1248 1278 62 0.49444935086793185 2168 
1249 1278 61 0.8214670522401389 1664 
1250 1278 74 0.08465009119126342 1747 
1251 1281 69 0.38169838348078744 2348 
1252 1281 61 0.2149143006975802 1935 
1253 1281 62 0.5730077308258217 2376 
1254 1287 61 0.5849516999601837 2563 
1255 1287 65 0.04969979286176454 2197 
1256 1288 71 0.6890511458575372 1666 
1257 1288 76 0.29295142951615494 2225 
1258 1291 75 0.17204879273239265 2463 
1259 1291 78 0.7110296224695751 2044 
1260 1291 71 0.69466587751456 1967 
1261 1292 76 0.790324895913924 2347 
1262 1292 62 0.7530728851396088 2253 
1263 1292 73 0.3122869573778486 2588 
1264 1297 73 0.7042920223586221 1913 
1265 1297 64 0.22761366052308366 1994 
1266 1297 79 0.6499380586089719 2561 
1267 1297 74 0.6415781846973043 2323 
1268 1300 68 0.024649462631955686 2353 
1269 1300 68 0.46117812597233904 2290 
1270 1300 73 0.03458125559688918 2556 
1271 1300 63 0.06384672877104415 1627 
1272 1304 62 0.7121061398019853 1901 
1273 1304 59 0.4987111968973221 2028 
1274 1304 62 0.46949513666826637 2501 
1275 1306 75 0.8562335118693508 1755 
1276 1306 75 0.4867042248466808 2452 
1277 1308 68 0.5319618613164253 2536 
1278 1308 68 0.30822974960404054 2100 
1279 1308 76 0.25138498678967164 2433 
1280 1308 72 0.6851855370176884 1814 
1281 1313 70 0.2733306940903992 1901 
1282 1313 77 0.3503558629044343 2394 
1283 1313 75 0.26453685553614253 2307 
1284 1313 72 0.04694472836409532 2416 
1285 1314 71 0.25222066458995535 2494 
1286 1314 78 0.8278545690607051 2605 
1287 1314 74 0.1411219270200247 2322 
1288 1314 73 0.8424345317773498 1857 
1289 1316 76 0.4742235255552664 2463 
1290 1316 71 0.2837267754448358 1960 
1291 1317 77 0.6262539238191229 1983 
1292 1317 63 0.8072951869660575 1670 
1293 1318 73 0.2899681470468123 1739 
1294 1318 69 0.8157139479055635 2366 
1295 1318 62 0.02353625009605237 1779 
1296 1318 61 0.10597264037240983 1809 
1297 1320 64 0.7335901406303862 1844 
1298 1320 71 0.2663190784082129 1810 
1299 1320 79 0.22858530293965126 2419 
1300 1320 68 0.7943705748029513 2137 
1301 1323 78 0.05343159231512445 1840 
1302 1323 71 0.24692512893773197 1685 
1303 1323 76 0.25339144322266044 2323 
1304 1326 70 0.05381393556378179 1738 
1305 1326 62 0.04014154255353067 1899 
1306 1326 67 0.06765007346184032 2165 
1307 1326 63 0.28195706375074714 1856 
1308 1330 63 0.7345302343344576 2061 
1309 1330 72 0.831902729831099 2225 
1310 1330 59 0.5909459617913287 1836 
1311 1331 75 0.6784134890448767 2127 
1312 1331 62 0.3310809738442216 2186 
1313 1335 63 0.4198616679305975 1830 
1314 1335 72 0.6594800786925504 1924 
1315 1335 75 0.04129310334729255 1798 
1316 1335 65 0.32080585846152887 1661 
1317 1337 68 0.5012444554288455 2556 
1318 1337 73 0.5252280000262501 2249 
1319 1337 66 0.13220653852957812 1933 
1320 1339 75 0.1547809209399111 1678 
1321 1339 61 0.4968854464824208 1921 
1322 1339 72 0.1501575677443281 2218 
1323 1341 59 0.5860807862321279 2563 
1324 1341 67 0.23623000925546112 2383 
1325 1341 67 0.3382879803036936 2127 
1326 1343 75 0.802726185895521 1985 
1327 1343 71 0.5646351005173 2309 
1328 1343 73 0.12240689480586224 2591 
1329 1343 75 0.7857298555640141 2554 
1330 1344 73 0.1419068989635309 2163 
1331 1344 71 0.12509938384054212 2418 
1332 1344 69 0.8378830058675194 1758 
1333 1345 72 0.834758755715412 2474 
1334 1345 66 0.8687938288534415 1958 
1335 1347 68 0.07389421280755323 1710 
1336 1347 79 0.3937820508479228 1715 
1337 1350 59 0.08887090222355737 1890 
1338 1350 68 0.050925633100394024 2146 
1339 1350 76 0.16674298963805576 1987 
1340 1350 76 0.5622775295155339 2205 
1341 1351 71 0.41159687679807383 1874 
1342 1351 71 0.3346204684413361 1697 
1343 1353 78 0.8485221148860268 2285 
1344 1353 79 0.12377744398132348 2385 
1345 1353 59 0.616776183382757 1827 
1346 1353 70 0.3801156314520531 1771 
1347 1354 68 0.4350060775552363 2050 
1348 1354 59 0.16255789168884016 1822 
1349 1354 77 0.24599421245121547 2604 
1350 1355 78 0.030711379338994836 1727 
1351 1355 71 0.4436617656140942 2352 
1352 1355 78 0.11792670499421655 1924 
1353 1356 66 0.6950600172671704 1862 
1354 1356 60 0.23198303787457708 1995 
1355 1356 64 0.2791630743129342 2242 
1356 1363 72 0.30704827877757596 2189 
1357 1363 74 0.6506275421946259 2089 
1358 1363 68 0.8504605124646766 1707 
1359 1363 62 0.7479758153424653 2110 
1360 1365 63 0.5636883519752461 1844 
1361 1365 62 0.5530259090153719 1990 
1362 1365 74 0.7713204571821133 1658 
1363 1374 78 0.11396261219626819 2365 
1364 1374 66 0.49541115431183314 2559 
1365 1374 75 0.5055378686712854 1711 
1366 1374 66 0.6586358009007363 1733 
1367 1377 65 0.2702171913844884 2120 
1368 1377 74 0.24834853708373114 1812 
1369 1377 69 0.6899923181632832 1917 
1370 1377 64 0.884069470545796 1829 
1371 1378 69 0.6157748632215961 2410 
1372 1378 66 0.2346652768591112 2164 
1373 1378 64 0.010379317860616296 1622 
1374 1383 75 0.05984416063330464 2411 
1375 1383 64 0.1400762726889542 2322 
1376 1383 73 0.7580389652930695 1942 
1377 1384 71 0.7745506016061854 2401 
1378 1384 65 0.48603076595065603 2465 
1379 1389 78 0.13039057562951922 2392 
1380 1389 69 0.1533826903610775 1738 
1381 1389 61 0.553057922494108 2144 
1382 1389 75 0.7359491282618401 1994 
1383 1398 75 0.8125923254670342 2276 
1384 1398 74 0.5385405598948314 1851 
1385 1401 74 0.22546301114528816 2555 
1386 1401 71 0.6177044558983967 2247 
1387 1405 77 0.608374787725089 1978 
1388 1405 62 0.11969502726044966 2151 
1389 1409 66 0.19183526656117156 2501 
1390 1409 72 0.14341583399368307 1671 
1391 1409 71 0.5400215368123998 2130 
1392 1410 71 0.8921740108350332 2291 
1393 1410 66 0.24570237772460385 2107 
1394 1412 69 0.6386060377414698 1910 
1395 1412 67 0.6682499462621645 1810 
1396 1412 71 0.8118346390221693 2309 
1397 1412 78 0.22453638973926812 2231 
1398 1416 70 0.3385783302921014 2094 
1399 1416 75 0.48929131655427194 2384 
1400 1416 66 0.5910177207541384 2333 
1401 1422 73 0.7481279562618441 1734 
1402 1422 66 0.6570678506037838 1867 
1403 1422 60 0.21131700080062 2322 
1404 1423 69 0.24004545128644533 2000 
1405 1423 63 0.8491992646900078 1886 
1406 1423 71 0.47488815437620935 1999 
1407 1423 72 0.6534283147307317 2050 
1408 1424 61 0.37513508346581154 2123 
1409 1424 70 0.10415681845959035 2004 
1410 1426 61 0.886901368482578 1830 
1411 1426 75 0.0660860836055555 2562 
1412 1431 68 0.8627624457362961 2464 
1413 1431 62 0.8564114185217927 1720 
1414 1438 76 0.7716317707175233 1661 
1415 1438 74 0.7150006462192922 2349 
1416 1441 75 0.49786924358717355 1996 
1417 1441 78 0.017911811638856384 2472 
1418 1442 79 0.018912347989157596 2239 
1419 1442 68 0.574308581269292 2385 
1420 1442 76 0.8583821451673662 2557 
1421 1442 75 0.6234515373436594 1726 
1422 1444 73 0.8167783097848452 2194 
1423 1444 71 0.32855186377932316 1797 
1424 1444 75 0.8998474550337509 1799 
1425 1445 59 0.44511188069181873 1649 
1426 1445 74 0.6509302796838022 2056 
1427 1445 71 0.46397828218398274 2341 
1428 1445 79 0.236528995430364 2036 
1429 1447 73 0.21604847071589062 2004 
1430 1447 73 0.7265796255275128 2229 
1431 1449 65 0.5492221836477668 2079 
1432 1449 67 0.18835257527419527 2419 
1433 1449 68 0.1341137864190523 2154 
1434 1449 59 0.42817345229326065 2476 
1435 1455 70 0.6408847098755256 2417 
1436 1455 62 0.48920416246927984 2481 
1437 1455 72 0.7198864483099774 1732 
1438 1459 61 0.1493032230857209 2301 
1439 1459 65 0.6382262953257947 2589 
1440 1459 66 0.5982207104207106 2203 
1441 1461 60 0.8234121178351814 1632 
1442 1461 62 0.4391365814666406 2542 
1443 1461 66 0.33519508416659455 2097 
1444 1467 71 0.41601663670019795 1692 
1445 1467 76 0.13214067486035191 2186 
1446 1467 73 0.28440628972736787 1619 
1447 1468 64 0.8110685068375222 1718 
1448 1468 77 0.13242134853091128 2458 
1449 1468 69 0.12947146696069492 2359 
1450 1468 61 0.8751610065385734 2561 
1451 1470 64 0.7297712383088372 2243 
1452 1470 75 0.6568095793410784 1711 
1453 1470 66 0.04834181676062616 2521 
1454 1470 63 0.466257363860629 2529 
1455 1472 73 0.8369617117148531 2143 
1456 1472 65 0.6108619739281664 2192 
1457 1472 74 0.1441720333644616 2359 
1458 1472 72 0.020981586130649682 2113 
1459 1473 63 0.2882053729945764 2450 
1460 1473 59 0.1484320724910206 2155 
1461 1474 79 0.439538760238418 2126 
1462 1474 72 0.6184155230939004 1750 
1463 1474 60 0.4236958854062355 2465 
1464 1474 73 0.5374008294642875 1990 
1465 1480 66 0.4420047420835605 2316 
1466 1480 79 0.6797234278761627 1752 
1467 1482 65 0.7614772501124322 2473 
1468 1482 79 0.19089338248537766 2543 
1469 1482 77 0.27300620432142453 1837 
1470 1483 59 0.5950908560091518 2524 
1471 1483 63 0.6968669113868821 2429 
1472 1495 76 0.6373908418764063 1945 
1473 1495 79 0.670008404788265 2100 
1474 1502 65 0.6626669330369247 2097 
1475 1502 65 0.41238097119447953 2121 
1476 1504 70 0.21990213723958796 2031 
1477 1504 67 0.19308481416130469 1991 
1478 1504 63 0.08303137606032057 2009 
1479 1504 65 0.5417118945469075 2060 
1480 1506 77 0.06798373459620902 2054 
1481 1506 78 0.5416342215247847 2056 
1482 1509 73 0.871068535018667 2375 
1483 1509 64 0.6059622274216336 2244 
1484 1509 79 0.07781476630498593 1654 
1485 1510 64 0.8852783625352293 2152 
1486 1510 74 0.32709032604026206 2548 
1487 1513 79 0.5025547319650884 2392 
1488 1513 69 0.6804847773913368 2330 
1489 1513 74 0.2984528176184694 2377 
1490 1513 76 0.5757444378611003 1883 
1491 1516 72 0.39877589511252615 2078 
1492 1516 71 0.6351089133219454 1869 
1493 1516 70 0.15170163040904242 2054 
1494 1516 62 0.5026485277162046 2148 
1495 1517 65 0.017985294739671878 2346 
1496 1517 61 0.2585465053395592 2298 
1497 1517 63 0.11961404698711646 1835 
1498 1517 76 0.5161787151991292 1688 
1499 1519 69 0.3889115717215119 2073 
1500 1519 68 0.5961234200007168 2314 
1501 1519 66 0.433508088187061 2174 
1502 1524 76 0.8500669746430793 1836 
1503 1524 62 0.3016658635068099 2015 
1504 1524 63 0.45692094908219066 2575 
1505 1524 75 0.7268539476655695 1820 
1506 1525 61 0.320876016267208 1957 
1507 1525 72 0.7381910008289841 1712 
1508 1525 71 0.5767592144242764 2454 
1509 1533 68 0.32650891706149654 2062 
1510 1533 73 0.6897497022710091 2166 
1511 1533 64 0.8984469980947087 1816 
1512 1537 60 0.3751173211879944 2496 
1513 1537 74 0.16273577321477173 2117 
1514 1537 67 0.6022606649910036 1832 
1515 1537 74 0.2920810352773661 2374 
1516 1538 79 0.6058940034344147 2182 
1517 1538 68 0.5432541195201954 1810 
1518 1538 76 0.26101649672276 1895 
1519 1538 62 0.28169198592947453 2148 
1520 1539 60 0.8182744700640054 1833 
1521 1539 64 0.8378279298296699 1823 
1522 1539 73 0.23603182679988935 2481 
1523 1539 67 0.6538617020323334 2108 
1524 1541 76 0.8221566339428917 2540 
1525 1541 73 0.6348544445287662 1873 
1526 1541 66 0.06887200642427733 2248 
1527 1542 67 0.09961333343924964 2153 
1528 1542 61 0.09859750998576228 2109 
1529 1542 79 0.4731977158161643 2192 
1530 1542 66 0.30850725061778805 1841 
1531 1543 69 0.7027643450747662 2382 
1532 1543 64 0.3977108667103355 2355 
1533 1545 78 0.15844745027102747 1717 
1534 1545 77 0.46634891784001326 1962 
1535 1545 79 0.5351234132348429 1921 
1536 1549 59 0.14421828701448564 2388 
1537 1549 71 0.5261096846789355 1992 
1538 1549 76 0.7457054195573058 2027 
1539 1550 61 0.862829694737912 2456 
1540 1550 74 0.12531434052939266 2267 
1541 1551 69 0.44329462477969067 1914 
1542 1551 79 0.831435596472431 1834 
1543 1551 77 0.898445005783802 2410 
1544 1551 70 0.20381123887878663 1694 
1545 1557 73 0.5628820245954335 2270 
1546 1557 68 0.04508573366410403 2559 
1547 1558 74 0.7456107479926961 2415 
1548 1558 59 0.6381916653463506 2400 
1549 1559 63 0.6554485153695225 1927 
1550 1559 79 0.07373575223516013 2135 
1551 1563 59 0.4476175806241543 2479 
1552 1563 65 0.02771466939950737 2134 
1553 1566 77 0.4709355218739981 2610 
1554 1566 62 0.03321824370137733 2080 
1555 1572 59 0.5375589482717875 2370 
1556 1572 76 0.24044871679493487 1689 
1557 1574 66 0.2121086086857763 1702 
1558 1574 63 0.05296876129961781 2325 
1559 1575 74 0.26413588967939117 2141 
1560 1575 64 0.19802424750098793 1821 
1561 1578 73 0.5996826713919773 2097 
1562 1578 65 0.7304069292355594 2087 
1563 1579 73 0.7099026557988725 2599 
1564 1579 66 0.20994232455569825 2577 
1565 1580 62 0.42849538976555684 1733 
1566 1580 77 0.4593649510109438 2129 
1567 1583 79 0.21732868361721588 2191 
1568 1583 78 0.05842335536152715 2014 
1569 1584 68 0.029344596619659644 2563 
1570 1584 79 0.031930738270157806 1872 
1571 1584 60 0.6231528152992789 2370 
1572 1587 69 0.19622128634453445 1843 
1573 1587 72 0.5134206377770364 2209 
1574 1592 61 0.08311803140090694 2074 
1575 1592 60 0.33812996900645564 2079 
1576 1596 62 0.8332515787136563 2067 
1577 1596 71 0.014083733789037968 2219 
1578 1596 63 0.2190074953260608 1732 
1579 1604 59 0.5545814997103259 2384 
1580 1604 68 0.3459380894394568 1877 
1581 1604 63 0.061806195404801076 2275 
1582 1604 74 0.6276589492965218 2089 
1583 1605 63 0.6658620549016906 2092 
1584 1605 77 0.27494731629909663 2337 
1585 1605 77 0.16721923312382034 1966 
1586 1606 78 0.6927672773813851 2466 
1587 1606 69 0.18047279530825922 2167 
1588 1606 65 0.7785808024028461 2171 
1589 1606 71 0.04865172030378412 2279 
1590 1607 73 0.6728846897448625 1891 
1591 1607 74 0.12565272982221692 2118 
1592 1608 70 0.8421103314196052 2550 
1593 1608 69 0.3757665971078355 2117 
1594 1608 59 0.1317832317880105 2048 
1595 1609 71 0.848395041425715 1718 
1596 1609 66 0.2150639257497463 2053 
1597 1609 71 0.817014947213818 2273 
1598 1610 77 0.23255969188693904 2387 
1599 1610 71 0.3330701871174256 1861 
1600 1612 62 0.16648666878710427 2447 
1601 1612 59 0.7902859294598344 1777 
1602 1614 66 0.28069001416790246 2518 
1603 1614 77 0.2124934506331937 2614 
1604 1618 61 0.23179250500216356 2226 
1605 1618 66 0.437117306630613 2156 
1606 1618 66 0.022616299221577194 2472 
1607 1618 67 0.11081883901279037 2080 
1608 1619 75 0.43955940305977886 1984 
1609 1619 68 0.6595444183986862 2014 
1610 1619 67 0.5777832044176757 2111 
1611 1619 73 0.2618376557815393 2242 
1612 1621 68 0.3391918505600545 2476 
1613 1621 66 0.7235709915569287 2484 
1614 1621 78 0.6051695293026959 2460 
1615 1621 79 0.5133948486970612 2283 
1616 1623 75 0.04510896619519714 1943 
1617 1623 76 0.11577685606393938 1869 
1618 1629 76 0.04707700698743242 2199 
1619 1629 77 0.13294603790961088 1983 
1620 1629 66 0.5890783511238813 1779 
1621 1631 76 0.383487583779849 2403 
1622 1631 68 0.7266167219601686 2292 
1623 1637 63 0.20200753249201733 1703 
1624 1637 67 0.469200928900202 1725 
1625 1637 75 0.013315494403689832 2003 
1626 1638 79 0.09493241069669454 1683 
1627 1638 70 0.32028072331902363 2224 
1628 1638 75 0.46735984565222966 1879 
1629 1642 79 0.6012668136862791 1964 
1630 1642 70 0.845418847119876 2418 
1631 1642 59 0.03871284945094345 2248 
1632 1642 67 0.6481242401845284 2017 
1633 1645 60 0.6680286845656555 1884 
1634 1645 67 0.5142753905033637 2279 
1635 1645 59 0.1441900383837403 1704 
1636 1645 78 0.5985729737192301 2019 
1637 1646 62 0.5507899693299118 2037 
1638 1646 78 0.11602718592471824 1635 
1639 1646 63 0.8657523116644573 2329 
1640 1648 78 0.45374459955814067 2050 
1641 1648 64 0.02824546182992662 1982 
1642 1651 77 0.8380160441670587 2220 
1643 1651 68 0.42280902171726387 2530 
1644 1651 65 0.5528402468193953 2568 
1645 1653 72 0.7619925285499115 2366 
1646 1653 60 0.26117518934475265 1887 
1647 1660 74 0.4460352458128025 2268 
1648 1660 77 0.23027858709321855 2339 
1649 1663 64 0.5768531822215869 1807 
1650 1663 59 0.15558755179509695 1763 
1651 1671 69 0.09027266985225822 1970 
1652 1671 63 0.2606149422928066 2072 
1653 1671 59 0.5105791410634107 2298 
1654 1671 75 0.1433417207274796 2571 
1655 1680 78 0.8547367397010073 2065 
1656 1680 75 0.8030751019160839 2468 
1657 1680 69 0.06653413970971327 2203 
1658 1680 67 0.8691874634343342 1800 
1659 1682 61 0.6601064002327099 2170 
1660 1682 68 0.40020372430586737 1747 
1661 1682 60 0.7252535460724657 1938 
1662 1682 67 0.14245563679743445 2181 
1663 1692 74 0.7669612256248567 2104 
1664 1692 61 0.8769190965604948 2318 
1665 1692 76 0.03082255673148191 2566 
1666 1692 74 0.3618824400512561 2565 
1667 1694 79 0.13463210399634168 2571 
1668 1694 70 0.255305597367395 1903 
1669 1694 62 0.7398290623488183 1999 
1670 1694 72 0.3651302720894762 2173 
1671 1700 77 0.4246772630872418 2525 
1672 1700 70 0.0732348791243331 2068 
1673 1701 74 0.49635195414884203 2253 
1674 1701 79 0.7797032527166351 2592 
1675 1703 64 0.8433571116857543 1755 
1676 1703 64 0.4818452994340956 2211 
1677 1703 62 0.6985812030622303 2011 
1678 1703 70 0.447973139283818 2243 
1679 1704 77 0.8412534912149894 2106 
1680 1704 68 0.7895611377404762 2448 
1681 1704 69 0.5117036064986344 1634 
1682 1705 62 0.3533803054410673 1940 
1683 1705 73 0.38196468468881284 1823 
1684 1705 67 0.10848691632030236 2313 
1685 1706 65 0.2888430318988818 2264 
1686 1706 62 0.4606183509053642 2128 
1687 1706 75 0.6428090348847703 2021 
1688 1707 76 0.3364832270978487 1857 
1689 1707 69 0.7805789415636892 2174 
1690 1707 60 0.7191797464497703 1761 
1691 1710 62 0.4824891493853343 1644 
1692 1710 77 0.03565283080635172 1675 
1693 1710 77 0.2155297782078085 2392 
1694 1715 73 0.6610583366710971 2321 
1695 1715 64 0.8021873698434013 2545 
1696 1717 64 0.8910133163913363 2438 
1697 1717 72 0.8630081360812283 2229 
1698 1717 65 0.46464996063401776 2427 
1699 1717 65 0.5032685476254511 2606 
1700 1719 78 0.18376185579655285 2145 
1701 1719 63 0.613757612448556 2413 
1702 1719 68 0.5841803715584668 1616 
1703 1733 75 0.4416386109157294 1686 
1704 1733 73 0.029316031056222443 1889 
1705 1734 69 0.34017910434936777 1981 
1706 1734 73 0.5505442927481572 2423 
1707 1734 64 0.8426334473762545 2406 
1708 1734 65 0.4993271590468895 2569 
1709 1735 72 0.3915100436530883 2046 
1710 1735 79 0.4075991447825983 1721 
1711 1737 67 0.6617337268867179 1886 
1712 1737 75 0.5449687817816775 2379 
1713 1737 74 0.17682867197681817 2392 
1714 1737 60 0.3861169283268822 1798 
1715 1740 73 0.8414380978531321 2356 
1716 1740 65 0.39416916291906323 2480 
1717 1740 71 0.28437853605872504 2572 
1718 1740 60 0.02020493125597976 1874 
1719 1746 79 0.13074222824036574 2228 
1720 1746 78 0.5041627638690558 1771 
1721 1746 68 0.5800731575730613 2609 
1722 1749 68 0.5146683513463572 2470 
1723 1749 65 0.1194409823029666 2119 
1724 1749 74 0.8287044445287648 2115 
1725 1749 61 0.3819589283006466 2481 
1726 1750 78 0.5884298903068723 1901 
1727 1750 79 0.3707961295234982 1656 
1728 1750 59 0.01596171847582818 1844 
1729 1752 64 0.7380416593436819 2547 
1730 1752 70 0.19253273422500203 1905 
1731 1752 77 0.21384453786058763 2598 
1732 1752 64 0.3184569491851026 2181 
1733 1753 76 0.5118993157437142 2040 
1734 1753 69 0.09393630638269579 2589 
1735 1753 69 0.7414551138540405 2153 
1736 1753 78 0.7036403881723206 2336 
1737 1756 79 0.4861336002755054 2222 
1738 1756 75 0.7198694312215649 2211 
1739 1756 78 0.03800251326417831 2053 
1740 1757 66 0.07806355056266082 1898 
1741 1757 75 0.21034036299291542 2304 
1742 1757 71 0.0880568370199796 1971 
1743 1757 75 0.0729205847044786 1714 
1744 1759 76 0.3556240653323591 1797 
1745 1759 61 0.16836762944058983 2570 
1746 1764 64 0.8071223317548065 1739 
1747 1764 72 0.8037716729950054 2227 
1748 1764 64 0.575925551305362 2256 
1749 1767 65 0.06869861494145901 2504 
1750 1767 78 0.36629398602936897 1718 
1751 1767 60 0.7609480973935525 2264 
1752 1771 78 0.4229402241359412 1808 
1753 1771 78 0.22112229286765925 1642 
1754 1771 67 0.22254720468145567 2437 
1755 1771 74 0.13846706921212837 1996 
1756 1780 67 0.3024686678043322 2079 
1757 1780 74 0.7861739744426048 1656 
1758 1780 59 0.5066880478118827 1753 
1759 1783 67 0.15277798608378462 2303 
1760 1783 61 0.7448153258338616 1866 
1761 1787 60 0.10628088284014188 2550 
1762 1787 79 0.2297466590074406 2555 
1763 1787 69 0.4122436420318656 1634 
1764 1790 79 0.5210617826150263 2294 
1765 1790 62 0.06714098952805558 2085 
1766 1790 68 0.5324366896528233 2592 
1767 1790 70 0.5390332287735862 2379 
1768 1793 77 0.7280158177846712 2147 
1769 1793 74 0.8298728303998131 1633 
1770 1793 74 0.804576215066011 1854 
1771 1796 65 0.39243523513255096 1811 
1772 1796 66 0.6558144885628837 2273 
1773 1796 62 0.5990416386289463 1785 
1774 1796 70 0.27579991941308213 1826 
1775 1797 79 0.2906753846018534 2221 
1776 1797 59 0.14390350700778692 2109 
1777 1797 68 0.5728600475101182 2094 
1778 1798 73 0.5675836922467599 2374 
1779 1798 72 0.3630339582152535 1635 
1780 1804 62 0.8646745597178566 2340 
1781 1804 64 0.10248073413982309 2282 
1782 1804 75 0.27896367648906506 2123 
1783 1808 64 0.6004246344362288 2190 
1784 1808 64 0.14591310959081036 2580 
1785 1808 79 0.3157952878358432 1947 
1786 1808 70 0.8436000839855697 2289 
1787 1818 65 0.8508525643295123 2384 
1788 1818 73 0.4366137049751288 2244 
1789 1818 63 0.38329564619347917 2136 
1790 1820 67 0.30964026085570784 1700 
1791 1820 67 0.5087572676126176 1878 
1792 1820 62 0.2576691421784445 1819 
1793 1821 63 0.674133764341862 1752 
1794 1821 78 0.10482019880241573 2442 
1795 1821 64 0.10881967318881963 1832 
1796 1824 76 0.41486267316735215 1803 
1797 1824 72 0.655852612245826 2015 
1798 1824 64 0.3104234696869796 1879 
1799 1824 61 0.25302164534207555 2330 
1800 1825 73 0.37687559855173025 1924 
1801 1825 74 0.1570709535226023 2366 
1802 1825 60 0.7935004300963776 1712 
1803 1825 75 0.32619738758725814 2353 
1804 1827 61 0.6975321516808997 2599 
1805 1827 61 0.8639744221811676 2120 
1806 1827 63 0.28239256254588 2148 
1807 1827 62 0.692117141140515 2118 
1808 1828 60 0.520277936764115 2569 
1809 1828 76 0.46023880846392545 2295 
1810 1828 78 0.3767786763017515 1864 
1811 1828 66 0.3088206669753439 1817 
1812 1829 60 0.7142587612327974 1928 
1813 1829 59 0.641700739378875 2587 
1814 1829 69 0.8330405908555935 1756 
1815 1829 61 0.340075588976593 2500 
1816 1831 67 0.42566001243310686 2415 
1817 1831 72 0.769705724619142 1658 
1818 1831 72 0.16809639914085844 2555 
1819 1831 70 0.2890214620823847 2372 
1820 1836 59 0.24162290085092095 1830 
1821 1836 76 0.5535423304635233 2389 
1822 1836 77 0.6975326027282618 1626 
1823 1836 71 0.3096797519411701 2331 
1824 1839 77 0.39480832890312323 2174 
1825 1839 63 0.07251486971276101 2332 
1826 1839 79 0.10744509991761744 1710 
1827 1843 72 0.7396041598216156 2307 
1828 1843 65 0.26204498135087456 2387 
1829 1843 78 0.045791725914926314 2285 
1830 1843 71 0.029570262316497245 1761 
1831 1844 78 0.14298097199660048 2066 
1832 1844 75 0.21931955541741222 2463 
1833 1846 66 0.6022546111859897 2175 
1834 1846 75 0.19805231799970768 2596 
1835 1846 78 0.8638075000918326 2267 
1836 1849 73 0.7307091064339593 2295 
1837 1849 77 0.26603534114486266 2386 
1838 1849 69 0.27796586445921995 2571 
1839 1850 72 0.2506899103105123 1943 
1840 1850 64 0.8966995222279464 2463 
1841 1850 72 0.16776841659647992 2595 
1842 1851 69 0.6988883814638281 2145 
1843 1851 74 0.70543470580623 2433 
1844 1851 63 0.5436947801281155 1759 
1845 1851 68 0.771997210722387 2389 
1846 1857 75 0.45534598764141837 1865 
1847 1857 70 0.1441824542216108 2423 
1848 1857 78 0.2506630517215368 2490 
1849 1859 68 0.6704291588457288 2081 
1850 1859 79 0.20343953814694846 2196 
1851 1859 76 0.629702004433184 2080 
1852 1859 67 0.139787414214092 2159 
1853 1865 71 0.5637280330262356 1655 
1854 1865 65 0.7139366809249369 2475 
1855 1865 69 0.6320672361694232 2435 
1856 1865 72 0.8520979669020774 2007 
1857 1870 71 0.10549982776812217 1970 
1858 1870 65 0.7673998381999144 2254 
1859 1875 69 0.29367525015564516 2111 
1860 1875 61 0.42016565519939614 2133 
1861 1875 77 0.8630323662692445 2595 
1862 1877 68 0.40360925459629443 1874 
1863 1877 62 0.19051634400439568 2219 
1864 1877 62 0.06744690858272559 1838 
1865 1880 74 0.11407792066452008 1684 
1866 1880 77 0.3691581330951713 1736 
1867 1880 72 0.08881379432880905 1907 
1868 1880 60 0.11593240383654231 2278 
1869 1881 70 0.4633684314474228 1897 
1870 1881 72 0.39356228254271897 1630 
1871 1881 72 0.7094198502003167 1812 
1872 1884 68 0.25067961565880587 2111 
1873 1884 72 0.3383750451359428 2366 
1874 1884 75 0.14056581141638547 2539 
1875 1887 76 0.8080106208026383 1661 
1876 1887 70 0.8013804561363433 2004 
1877 1889 69 0.3623385158276941 2525 
1878 1889 65 0.043221133781331286 2036 
1879 1889 72 0.3592455710957101 2289 
1880 1889 59 0.3890897983093007 1838 
1881 1890 78 0.23891356060584137 2367 
1882 1890 76 0.405563416227205 2140 
1883 1895 65 0.16886122030671696 2396 
1884 1895 66 0.23066885121782207 2397 
1885 1895 74 0.7301324077155202 2608 
1886 1895 66 0.8328481278119307 1989 
1887 1898 63 0.06178661686659777 1860 
1888 1898 73 0.7027001323539245 2564 
1889 1899 77 0.18573590900993864 1809 
1890 1899 62 0.7781329243734361 2096 
1891 1899 78 0.7332313901428926 1925 
1892 1899 68 0.249550893627339 2547 
1893 1900 71 0.598730741516875 2502 
1894 1900 66 0.7373359588888627 2063 
1895 1900 74 0.7696658342778833 2454 
1896 1912 75 0.8122567818584042 2307 
1897 1912 61 0.20526749578703857 2255 
1898 1913 61 0.8836914480529895 2132 
1899 1913 71 0.29695927119640286 1934 
1900 1913 65 0.5733556543263023 2096 
1901 1913 66 0.6843608820240067 2307 
1902 1915 66 0.14174321609654061 1685 
1903 1915 64 0.017662827724302173 2378 
1904 1919 63 0.21309657616611757 1947 
1905 1919 67 0.7215334884272895 2439 
1906 1919 71 0.7769517297582725 1682 
1907 1920 71 0.10122815450244504 2561 
1908 1920 73 0.6926551297694268 1901 
1909 1920 65 0.46209836874852084 1996 
1910 1920 77 0.7055845538080231 1806 
1911 1924 75 0.0697821845833561 1833 
1912 1924 67 0.5493480096161468 2113 
1913 1925 60 0.809970050162021 1853 
1914 1925 64 0.22680753135264256 2374 
1915 1925 65 0.8589327969294859 2572 
1916 1925 76 0.17935667711611528 1728 
1917 1926 75 0.3768837084673104 1776 
1918 1926 74 0.18697601305295125 2238 
1919 1929 64 0.3593334608525201 2046 
1920 1929 79 0.10582982679071622 2043 
1921 1929 61 0.4554580591595033 2598 
1922 1929 73 0.8642894494262098 1791 
1923 1936 73 0.5395913137951609 2488 
1924 1936 63 0.15745951671593175 2237 
1925 1937 60 0.49094352160325033 2057 
1926 1937 72 0.4721147332911768 2505 
1927 1937 76 0.05671488082557915 2208 
1928 1937 72 0.5457785713075968 2573 
1929 1938 74 0.8932781645504854 1705 
1930 1938 59 0.11967021345524044 2558 
1931 1938 61 0.420307315242399 2568 
1932 1938 73 0.4590877918346628 2555 
1933 1942 77 0.7234673961725986 1720 
1934 1942 71 0.12282672783095022 1671 
1935 1945 68 0.39963315928961324 1982 
1936 1945 73 0.02508122698592637 2116 
1937 1948 65 0.19306392510235154 2058 
1938 1948 64 0.1743344232553159 1853 
1939 1948 75 0.7809731658585612 2298 
1940 1948 64 0.1332231275975358 1909 
1941 1949 61 0.1558423939074536 2036 
1942 1949 65 0.2917622661562673 2538 
1943 1949 68 0.7344381283915777 2542 
1944 1949 70 0.5500508096286584 2466 
1945 1952 78 0.4123076415696803 2079 
1946 1952 74 0.4654303035085062 2038 
1947 1952 77 0.8340703390763368 1728 
1948 1954 79 0.1865655730028916 1905 
1949 1954 75 0.18820273793300998 1676 
1950 1954 69 0.1373977735105931 2423 
1951 1954 68 0.20005962865480717 1687 
1952 1955 59 0.5040996613122962 2396 
1953 1955 69 0.21155255378710874 2191 
1954 1960 63 0.5706220073587369 2198 
1955 1960 59 0.12093408695222048 1831 
1956 1962 66 0.42364785581444553 2185 
1957 1962 75 0.6431569695619046 1752 
1958 1966 69 0.11609107925245153 2219 
1959 1966 69 0.5507301337173324 1979 
1960 1967 72 0.3580234368218196 2259 
1961 1967 63 0.5335380690781403 2054 
1962 1967 75 0.7316468909392281 2076 
1963 1967 60 0.7299106332477521 2032 
1964 1968 68 0.15191561349674812 2376 
1965 1968 60 0.17262132680750827 2362 
1966 1968 64 0.5391214869161637 1946 
1967 1975 79 0.05275989303613253 2068 
1968 1975 65 0.8438402883329403 2208 
1969 1975 76 0.33769600468883726 1742 
1970 1975 67 0.6787493695099224 2074 
1971 1978 73 0.5964161121105341 2535 
1972 1978 69 0.7771753564225158 1939 
1973 1978 72 0.6058884333260701 2283 
1974 1978 60 0.2763476707513505 1734 
1975 1979 69 0.7364903443032772 1698 
1976 1979 73 0.47742010611882174 2373 
1977 1979 79 0.6754448699779673 2498 
1978 1979 70 0.5589178118977547 2176 
1979 1983 73 0.02971507964870329 2426 
1980 1983 71 0.803565975728137 1695 
1981 1983 61 0.865682957937821 1934 
1982 1983 76 0.48001601382512754 2232 
1983 1989 69 0.6209301288966705 2614 
1984 1989 74 0.4773625231250755 2105 
1985 1989 72 0.1262519662425911 2373 
1986 1992 75 0.7906644123592567 1854 
1987 1992 78 0.2532244831744472 2353 
1988 1992 76 0.13845197961590114 2113 
1989 1996 79 0.7704554948651824 2047 
1990 1996 60 0.09230203870850234 2472 
1991 1996 60 0.5022373565940237 2307 
1992 1997 79 0.45745803515136024 1759 
1993 1997 68 0.8359343315905368 2061 
1994 1997 75 0.358663769604643 2397 
1995 1997 79 0.12031286742133993 1821 
1996 1999 61 0.8988391360798446 1931 
1997 1999 77 0.5503092734202228 1807 
1998 1999 68 0.7974081352055856 1843 
1999 2000 61 0.6096850013981046 1743 
2000 0 68 0.25761404730257065 2572 
