1 5 181 0.3038055750570291 2778 
2 5 172 0.6351735955987025 2783 
3 12 174 0.46219911774044725 2754 
4 12 179 0.706430788909405 2794 
5 12 165 0.1898579718035143 2730 
6 19 183 0.6418529322660621 2769 
7 19 164 0.21698359576036153 2784 
8 22 177 0.5578198199861574 2746 
9 22 166 0.4584331379612031 2782 
10 22 163 0.6736520985973755 2843 
11 22 172 0.6905069195678272 2828 
12 26 175 0.4047498793275626 2863 
13 26 167 0.4138912078685973 2854 
14 26 178 0.31826996267818014 2775 
15 31 182 0.3055823785417026 2702 
16 31 168 0.6082209353291432 2757 
17 31 173 0.8797649037476117 2705 
18 33 167 0.7188829576339968 2677 
19 33 183 0.5049275604221979 2741 
20 33 166 0.5515421318959144 2807 
21 33 168 0.16953238344088853 2781 
22 39 170 0.3375867426002502 2804 
23 39 173 0.7331477691860373 2873 
24 39 177 0.8061145608675052 2756 
25 39 170 0.052598599476568704 2723 
26 41 177 0.26799308022734913 2784 
27 41 167 0.19058541599971776 2849 
28 41 172 0.8657181004821565 2777 
29 42 175 0.06219712816492048 2818 
30 42 181 0.1534701583301711 2714 
31 43 172 0.6152601556270413 2840 
32 43 176 0.1648500740381086 2820 
33 44 172 0.045314669152899695 2858 
34 44 179 0.6722970607061534 2813 
35 44 179 0.8373726697456488 2810 
36 48 182 0.5394454296164549 2874 
37 48 176 0.8475294683779118 2740 
38 48 170 0.5875416770208562 2680 
39 52 182 0.18957906448538753 2820 
40 52 170 0.29622186603574774 2766 
41 56 169 0.8669072417446629 2857 
42 56 165 0.8344023740580505 2718 
43 58 181 0.804871200662675 2709 
44 58 178 0.4253199415376423 2691 
45 58 178 0.5652255748769777 2866 
46 60 165 0.7593421545511643 2822 
47 60 183 0.034957191573054804 2753 
48 60 173 0.6681492390422992 2830 
49 60 182 0.5248725708979809 2844 
50 63 164 0.5018925983442929 2844 
51 63 170 0.5314352137092501 2704 
52 64 176 0.8139751568602626 2832 
53 64 178 0.552557393022263 2744 
54 64 174 0.8912040681222884 2712 
55 64 164 0.25356694086339393 2841 
56 65 180 0.37231369482938365 2808 
57 65 164 0.08471834813116241 2678 
58 71 174 0.22104282961477864 2792 
59 71 163 0.297227570236768 2864 
60 73 165 0.13279996719756798 2828 
61 73 172 0.5381374121776372 2752 
62 73 170 0.7234555637608054 2800 
63 77 167 0.28039611434703765 2857 
64 77 175 0.8976679021174425 2731 
65 77 177 0.6374982219471688 2836 
66 77 167 0.6224799774491562 2712 
67 78 171 0.27712891574303083 2721 
68 78 174 0.05328820122305234 2763 
69 78 163 0.03967277133551859 2870 
70 78 179 0.39641048274911445 2700 
71 83 174 0.27945629634614544 2766 
72 83 180 0.3772305335177674 2774 
73 94 177 0.4864647887624546 2786 
74 94 172 0.31542106785398405 2714 
75 94 166 0.3729779032634309 2851 
76 94 165 0.3995806473904825 2811 
77 98 170 0.7395102577559735 2837 
78 98 166 0.06702514762965688 2769 
79 99 165 0.5331510909413232 2806 
80 99 180 0.7833911387284966 2695 
81 99 165 0.8349016338627002 2849 
82 99 169 0.5612516713291368 2815 
83 100 179 0.22120065839212993 2738 
84 100 170 0.7068404392391999 2727 
85 100 183 0.3180702700447423 2741 
86 101 164 0.659689837831328 2827 
87 101 172 0.35202209921093747 2746 
88 101 167 0.3097794576837196 2696 
89 101 169 0.1572757673097807 2770 
90 102 172 0.6785638988820129 2808 
91 102 183 0.46784362906392557 2683 
92 103 177 0.8270593677179412 2744 
93 103 174 0.049531043300608875 2767 
94 105 179 0.4954494776829379 2712 
95 105 176 0.020873867213533764 2792 
96 107 181 0.1978621411242285 2706 
97 107 179 0.6939508822291456 2753 
98 110 167 0.41509605321022736 2746 
99 110 178 0.1705240374468746 2686 
100 110 163 0.2899287198527067 2753 
101 111 174 0.03736403573855564 2770 
102 111 173 0.1403964863533913 2802 
103 112 166 0.5071542554462548 2867 
104 112 172 0.5987833585744409 2746 
105 114 181 0.08295648238249312 2799 
106 114 178 0.11635454177659327 2689 
107 114 168 0.46862452335401505 2770 
108 117 168 0.32899805148251465 2830 
109 117 163 0.15549215272925263 2801 
110 119 173 0.4688957753120495 2828 
111 119 173 0.3352621244179423 2769 
112 119 169 0.5233468679806651 2792 
113 119 182 0.3454993240893533 2756 
114 122 168 0.806177069113984 2750 
115 122 179 0.48229903779033406 2699 
116 125 182 0.6280768810956393 2760 
117 125 170 0.12062920048227228 2826 
118 125 183 0.24502326558045803 2742 
119 129 164 0.2907461539431769 2760 
120 129 165 0.8137527862886352 2838 
121 129 167 0.07281144830650478 2723 
122 133 168 0.21581187523182987 2749 
123 133 181 0.8617252946064284 2783 
124 133 163 0.07804748423469088 2826 
125 134 165 0.1596002419005436 2789 
126 134 175 0.08183442673427188 2784 
127 134 163 0.718509531420279 2790 
128 134 176 0.5127245083036015 2839 
129 136 177 0.6778279510003097 2802 
130 136 180 0.6428667568681554 2727 
131 136 167 0.8336961623157241 2810 
132 136 174 0.1640741498776239 2850 
133 137 167 0.07169746636476018 2856 
134 137 182 0.8291833216336736 2744 
135 137 182 0.4144543780969627 2714 
136 141 165 0.3221780101081427 2795 
137 141 164 0.10537131769625906 2871 
138 141 177 0.6251375121867724 2836 
139 144 169 0.23458151821457213 2811 
140 144 163 0.2905899990949725 2780 
141 146 169 0.8962964781339878 2737 
142 146 171 0.634555381591333 2788 
143 146 183 0.3534410156081571 2776 
144 151 168 0.7543897072562982 2757 
145 151 182 0.406346003673753 2752 
146 153 178 0.5436418235966634 2836 
147 153 168 0.1685692552445036 2843 
148 153 163 0.5366276368896427 2676 
149 156 170 0.25553040079113326 2722 
150 156 164 0.27238766489226224 2851 
151 156 167 0.3478790724312892 2720 
152 156 169 0.207811479102073 2835 
153 162 170 0.8429438949166491 2698 
154 162 183 0.19356033363839617 2822 
155 162 171 0.7335967969347895 2863 
156 164 176 0.45773163723535426 2842 
157 164 165 0.0543916171673121 2813 
158 168 173 0.6271376865583775 2814 
159 168 173 0.291982850425004 2705 
160 168 183 0.14284869861066166 2744 
161 168 181 0.21440691844990814 2724 
162 171 176 0.5135885739558299 2712 
163 171 177 0.7387786632694804 2809 
164 176 175 0.2994236087020119 2752 
165 176 168 0.2745933154132599 2789 
166 177 164 0.5063437371827396 2785 
167 177 165 0.1014988895207433 2831 
168 178 164 0.030593337166032193 2781 
169 178 180 0.5090803713591338 2682 
170 178 175 0.838986243970575 2680 
171 183 172 0.2004098606874602 2827 
172 183 176 0.705598337406969 2799 
173 183 171 0.33352943420296416 2845 
174 183 182 0.3020702832817492 2677 
175 184 169 0.35370101911887136 2740 
176 184 168 0.8168557336237996 2874 
177 184 173 0.4382201392998232 2854 
178 188 170 0.33202187618544615 2740 
179 188 165 0.044900583696803685 2770 
180 188 176 0.2874185091493411 2782 
181 190 182 0.4678820733907123 2796 
182 190 183 0.42261849475847496 2727 
183 194 174 0.8367405074649229 2845 
184 194 172 0.4650716104538568 2696 
185 194 171 0.5929797710566599 2843 
186 194 169 0.3027058717485614 2785 
187 198 179 0.4488203086978339 2757 
188 198 172 0.020196660517921558 2732 
189 198 173 0.6340043455153942 2826 
190 200 164 0.8946227274877486 2780 
191 200 178 0.5640258790963402 2701 
192 200 182 0.5383790806425862 2799 
193 200 178 0.26812713411711825 2792 
194 203 182 0.39455946061000247 2784 
195 203 178 0.29135228707702693 2696 
196 203 165 0.20254322393971738 2809 
197 218 167 0.694251379670268 2807 
198 218 178 0.051710050620186465 2874 
199 218 183 0.33293879418197164 2824 
200 219 174 0.5143629209733979 2787 
201 219 163 0.04608007090546457 2735 
202 219 173 0.022998978210928653 2777 
203 230 182 0.7399584038447469 2770 
204 230 180 0.5113116682353367 2869 
205 231 173 0.8509293205789367 2726 
206 231 171 0.5171766121490557 2786 
207 233 181 0.7317022275987222 2765 
208 233 167 0.24178490290110735 2677 
209 235 174 0.3447376526976647 2683 
210 235 170 0.5978822216706134 2709 
211 241 173 0.4364462430437395 2768 
212 241 173 0.18464595214591487 2844 
213 241 168 0.4123178721189946 2861 
214 241 179 0.356730386204446 2800 
215 242 164 0.7771117305455709 2697 
216 242 163 0.38047701839513093 2749 
217 242 178 0.04561564374828605 2802 
218 244 178 0.31421629984832006 2847 
219 244 173 0.07654144463923973 2790 
220 244 174 0.3901986223519762 2694 
221 250 174 0.08125069756697824 2795 
222 250 181 0.5146923253687172 2852 
223 253 175 0.5078785047107606 2712 
224 253 176 0.2754963189486839 2766 
225 255 166 0.5131192871515471 2703 
226 255 174 0.25405883686775343 2850 
227 255 163 0.8741620604655832 2723 
228 255 175 0.6154442091577418 2751 
229 259 174 0.2803948476755495 2791 
230 259 180 0.8849062073899574 2864 
231 259 163 0.7879424941770988 2781 
232 259 167 0.29340491958261805 2784 
233 261 167 0.1780566224722431 2805 
234 261 173 0.2538524268245824 2717 
235 261 177 0.4264798795497522 2806 
236 261 174 0.5040993790583882 2707 
237 269 167 0.6524612487773259 2758 
238 269 179 0.6255599938534483 2699 
239 269 183 0.6134064482562824 2803 
240 269 179 0.05659194945418632 2723 
241 274 164 0.7286730868562156 2827 
242 274 163 0.09800926762822931 2785 
243 274 167 0.3574489147441217 2798 
244 276 166 0.24495410368847514 2677 
245 276 180 0.8788553493871435 2717 
246 276 170 0.2832169966233691 2705 
247 278 179 0.3307839812385084 2817 
248 278 167 0.7837500344559941 2839 
249 278 181 0.8259016533650707 2782 
250 280 176 0.7881021555347054 2691 
251 280 176 0.7546451518237202 2741 
252 280 183 0.3355808511892076 2685 
253 285 174 0.17895379633669492 2733 
254 285 182 0.3337929130435404 2779 
255 286 165 0.2715764484757589 2700 
256 286 179 0.4510545626235051 2680 
257 288 179 0.8111241703775748 2675 
258 288 170 0.8751473789184813 2816 
259 289 180 0.7623491953162157 2685 
260 289 167 0.42842900838861625 2824 
261 290 168 0.3863645514092113 2733 
262 290 173 0.8750673614530796 2832 
263 290 182 0.13578174683961255 2728 
264 296 180 0.040950391716406374 2791 
265 296 183 0.052442863974144695 2780 
266 296 169 0.5605125775737292 2754 
267 297 170 0.18815842990142084 2718 
268 297 163 0.3384371795397443 2701 
269 299 163 0.11900397405751777 2834 
270 299 166 0.27208744226438814 2843 
271 299 163 0.08130178921819631 2686 
272 300 173 0.4728077588862076 2701 
273 300 177 0.8155775526752299 2838 
274 303 172 0.017987140888585326 2839 
275 303 167 0.335575747039715 2741 
276 307 182 0.7996318487233565 2674 
277 307 176 0.29182466347241987 2767 
278 307 178 0.14304286333632818 2822 
279 307 173 0.7825846211601123 2825 
280 308 174 0.38342994934408464 2709 
281 308 175 0.5983112071927631 2721 
282 309 176 0.3434280544279403 2863 
283 317 173 0.18936493688308623 2854 
284 317 166 0.5004750666672222 2799 
285 322 182 0.2837872701286996 2710 
286 322 178 0.17745898375697208 2715 
287 322 172 0.5468913507349756 2734 
288 322 177 0.3656033719490757 2675 
289 327 170 0.8373905647769367 2777 
290 327 167 0.6105628875853799 2845 
291 328 174 0.3912680564615661 2695 
292 328 163 0.16284515232373523 2864 
293 328 182 0.09199932323671377 2679 
294 331 175 0.7975626912114584 2696 
295 331 173 0.5986467723314016 2701 
296 333 177 0.6360919335446853 2805 
297 333 169 0.2626533447298442 2859 
298 333 172 0.602726446688482 2698 
299 337 170 0.09754705677731958 2846 
300 337 173 0.7996047454608504 2715 
301 339 164 0.8968114765657869 2720 
302 339 165 0.0954673285549351 2762 
303 343 165 0.11207989175088028 2740 
304 343 178 0.4084088631579089 2750 
305 343 164 0.3120160149711561 2832 
306 343 165 0.2300348132544141 2874 
307 346 176 0.35507145884973956 2811 
308 346 168 0.5850034943675497 2749 
309 346 169 0.3037111803228386 2838 
310 353 172 0.2729167744647921 2821 
311 353 172 0.755363410399315 2684 
312 353 179 0.644706408701199 2848 
313 358 167 0.7435189847005278 2799 
314 358 173 0.3046121664230837 2828 
315 358 171 0.5851831177970347 2708 
316 359 181 0.6138400239553526 2823 
317 359 178 0.27923593416999215 2733 
318 359 168 0.8202831613702771 2772 
319 365 181 0.6441805216198829 2776 
320 365 182 0.7662176532809971 2847 
321 365 177 0.6246347973185111 2738 
322 368 164 0.6329141951096633 2763 
323 368 178 0.898556417147829 2783 
324 368 166 0.19581786931042028 2713 
325 372 168 0.11208277784039408 2857 
326 372 182 0.3626772380912865 2778 
327 381 180 0.07116769407189275 2697 
328 381 173 0.5304275515744746 2842 
329 381 164 0.07835057888579869 2763 
330 381 165 0.012580186883613124 2836 
331 384 170 0.16381428066959228 2711 
332 384 170 0.6721389077404903 2867 
333 385 173 0.7946158419098805 2677 
334 385 164 0.4304488945295407 2736 
335 385 169 0.6098095205659744 2791 
336 385 168 0.55980870892721 2697 
337 387 174 0.10859108720401855 2874 
338 387 173 0.6691053862483051 2841 
339 388 165 0.7557670089642166 2855 
340 388 183 0.4980260056816816 2689 
341 388 171 0.4319377595427874 2733 
342 388 175 0.3099690785748242 2685 
343 389 178 0.4470222127712159 2849 
344 389 163 0.852519754004393 2683 
345 389 172 0.7777176411585016 2833 
346 391 178 0.7587165316467941 2751 
347 391 174 0.8169894902778831 2803 
348 391 163 0.3023276637314343 2837 
349 399 178 0.4099710711694841 2808 
350 399 171 0.8223379588741443 2674 
351 399 176 0.4981761221262671 2743 
352 406 181 0.6568770842110325 2698 
353 406 164 0.3729711469208308 2863 
354 406 183 0.3687059534942205 2798 
355 406 180 0.13064201235399875 2774 
356 410 165 0.5699887569642542 2854 
357 410 175 0.6803445020767565 2741 
358 413 183 0.06847569813816194 2739 
359 413 179 0.24225653231163055 2709 
360 413 183 0.11633683921687825 2822 
361 413 163 0.03052696636619979 2836 
362 414 163 0.3295729396905936 2828 
363 414 180 0.2972267071092508 2856 
364 414 177 0.1207879892588837 2817 
365 416 173 0.21245670594982635 2799 
366 416 172 0.01940995452056567 2679 
367 416 183 0.8860961333448053 2794 
368 419 163 0.17555046300209212 2819 
369 419 171 0.41588439926597415 2786 
370 419 172 0.8348467532367346 2690 
371 419 181 0.2910293423723476 2715 
372 420 180 0.5011157492994929 2770 
373 420 164 0.4864832391532161 2753 
374 420 174 0.6288853209186511 2782 
375 420 178 0.4030119652892841 2849 
376 423 170 0.5467357089539219 2685 
377 423 165 0.3479234719958662 2817 
378 423 168 0.40063452614566863 2715 
379 425 168 0.8016732961519821 2823 
380 425 166 0.7339520671952496 2757 
381 427 168 0.633662865884182 2740 
382 427 168 0.5585676026824544 2774 
383 431 182 0.8027697903730392 2685 
384 431 174 0.36700404737958964 2806 
385 431 164 0.19230751057601117 2809 
386 431 164 0.8792505733982177 2727 
387 434 172 0.6102829656537918 2704 
388 434 165 0.0808175368524008 2806 
389 434 166 0.555544426662722 2685 
390 434 168 0.5144776725143473 2848 
391 435 166 0.3066059088306244 2682 
392 435 181 0.164275948303681 2819 
393 435 175 0.5172748209900756 2806 
394 435 171 0.7477035759659394 2699 
395 437 173 0.15094947295465352 2867 
396 437 167 0.2278395557455916 2803 
397 437 170 0.513819666121421 2869 
398 437 180 0.29628053454327047 2855 
399 446 183 0.44966130718302616 2803 
400 446 180 0.7541975093930879 2871 
401 450 171 0.7793260483790547 2779 
402 450 176 0.5569630077198078 2713 
403 450 178 0.8129932183812515 2724 
404 450 182 0.5440841853337953 2753 
405 459 177 0.09210643135795267 2859 
406 459 177 0.8980074748912736 2809 
407 459 170 0.6543605030058542 2699 
408 459 178 0.1383913946440928 2866 
409 460 180 0.06147845531966976 2770 
410 460 183 0.4510176481808581 2740 
411 461 171 0.7256757134659115 2779 
412 461 183 0.27333429731878145 2722 
413 464 177 0.5659781172544038 2695 
414 464 176 0.5648941071125759 2796 
415 464 180 0.6889141288654633 2860 
416 473 164 0.4424048242456347 2680 
417 473 167 0.21060964833924944 2791 
418 473 180 0.5459668295960813 2679 
419 476 164 0.42555152124723317 2863 
420 476 178 0.1376313407024427 2686 
421 476 167 0.6905409415479041 2763 
422 477 168 0.6237593436401998 2774 
423 477 179 0.6920012227344821 2823 
424 477 176 0.05353452503054106 2848 
425 479 183 0.858660086690559 2737 
426 479 168 0.8471673765618694 2818 
427 480 175 0.2658609491239904 2776 
428 480 173 0.2674129133639895 2851 
429 480 183 0.8767785967523266 2819 
430 481 172 0.4134730062075451 2870 
431 481 163 0.7750816297284885 2719 
432 481 163 0.5335543383757905 2849 
433 481 183 0.7584593248027877 2858 
434 482 169 0.37911222222173635 2799 
435 482 173 0.4008193785089534 2767 
436 482 177 0.7538432025268212 2756 
437 482 176 0.8280401271293036 2819 
438 484 168 0.14166444422955624 2750 
439 484 179 0.10894336326114112 2758 
440 484 165 0.15566138345394323 2705 
441 484 167 0.7313055337517868 2727 
442 486 177 0.772920265538606 2811 
443 486 171 0.679711770643957 2800 
444 489 178 0.8569341401675107 2773 
445 489 178 0.38437996947008074 2755 
446 489 177 0.4382193279345862 2798 
447 489 164 0.36126794718052085 2768 
448 490 181 0.47974101152229354 2828 
449 490 168 0.44614437743384133 2836 
450 494 181 0.12039569600185314 2831 
451 494 170 0.6051926269137347 2788 
452 494 176 0.823030178485517 2813 
453 496 182 0.85300536678472 2782 
454 496 174 0.29082799621362926 2847 
455 496 181 0.8825864855199397 2834 
456 497 170 0.11756707498474823 2687 
457 497 180 0.7854399650501477 2846 
458 497 167 0.162542902455061 2735 
459 500 170 0.6313286268016878 2730 
460 500 180 0.2506314903564487 2735 
461 504 179 0.3260980433199795 2806 
462 504 183 0.6045591883032272 2724 
463 504 171 0.15904103400158992 2765 
464 511 164 0.8317220301829569 2828 
465 511 177 0.13580983643668562 2756 
466 516 176 0.8082665374384905 2733 
467 516 170 0.5008269496196474 2849 
468 516 173 0.6210446454162121 2849 
469 518 173 0.11856265343687308 2770 
470 518 168 0.4297709728228943 2789 
471 520 172 0.20531385573097932 2774 
472 520 176 0.47823436780527245 2868 
473 522 179 0.8744530024340842 2794 
474 522 163 0.7514446498165853 2823 
475 522 179 0.7885454021811021 2848 
476 525 175 0.44401905897515814 2705 
477 525 179 0.01506148392621202 2768 
478 525 181 0.8698089614035122 2867 
479 525 165 0.7344953055360569 2783 
480 529 178 0.3688698745256214 2838 
481 529 177 0.5640454064622242 2696 
482 529 166 0.46975111633185407 2751 
483 529 176 0.6231517709217239 2712 
484 533 165 0.6041666617545476 2781 
485 533 170 0.43701011007068163 2862 
486 533 166 0.8876730252856985 2771 
487 533 169 0.3210104937278282 2742 
488 535 175 0.8252122476619305 2826 
489 535 166 0.40578702313897674 2814 
490 535 171 0.6641066618146974 2863 
491 535 175 0.6546164978721561 2754 
492 537 168 0.6410019519752168 2861 
493 537 179 0.710369009579935 2723 
494 538 168 0.27720128533460603 2818 
495 538 168 0.49118407185798285 2701 
496 538 167 0.7665340689939883 2830 
497 543 163 0.2546953905029149 2862 
498 543 165 0.5791587563754501 2811 
499 543 180 0.7789931066174575 2839 
500 547 164 0.7897048424639433 2848 
501 547 176 0.5771635332823873 2855 
502 547 172 0.5878467023787897 2775 
503 547 176 0.4226477057007295 2852 
504 548 172 0.7044780907409163 2818 
505 548 165 0.7026544283295715 2717 
506 550 180 0.01689276221566179 2682 
507 550 183 0.18873931311823255 2699 
508 550 167 0.45552413398101244 2799 
509 550 180 0.5383470019544531 2711 
510 552 180 0.6697397651773308 2735 
511 552 167 0.6017174110563406 2863 
512 557 175 0.4756740293151076 2835 
513 557 164 0.46348615763212453 2785 
514 557 172 0.5132079681117451 2855 
515 557 164 0.016925075670743327 2841 
516 559 178 0.14824409993779372 2852 
517 559 178 0.8829981838150875 2696 
518 560 179 0.10658488530586191 2676 
519 560 175 0.5231049247716034 2850 
520 560 173 0.01503623211231219 2804 
521 560 171 0.35320124186620794 2828 
522 566 183 0.48191461272232533 2702 
523 566 177 0.12277488547330119 2731 
524 566 181 0.778209662289618 2760 
525 568 175 0.598450513776321 2780 
526 568 177 0.4567935384643154 2710 
527 568 178 0.5128846906818655 2756 
528 568 165 0.4780321320306242 2820 
529 569 174 0.12553492807289438 2704 
530 569 176 0.227940577714952 2737 
531 569 178 0.49141581891714337 2788 
532 569 165 0.015956959175416927 2741 
533 572 164 0.04951945784433381 2702 
534 572 174 0.8514672179001025 2781 
535 576 176 0.5452024684556476 2744 
536 576 181 0.24058571973655005 2751 
537 576 169 0.6213819045116783 2693 
538 578 183 0.16187943510643749 2720 
539 578 169 0.5035764024166577 2697 
540 578 178 0.4760586957981167 2760 
541 578 173 0.6509358308204344 2788 
542 583 166 0.45915795383874036 2803 
543 583 180 0.765129925050934 2826 
544 584 166 0.8414048886585157 2695 
545 584 177 0.08985634595545533 2870 
546 584 169 0.6370017647299205 2857 
547 592 175 0.38962091773559526 2779 
548 592 169 0.15787382313555934 2861 
549 592 170 0.292214401418891 2714 
550 593 164 0.7869778667999565 2675 
551 593 175 0.689011904089729 2716 
552 600 181 0.04272461111366391 2696 
553 600 173 0.5844442225153176 2818 
554 600 175 0.8202306473486703 2797 
555 600 179 0.6716102321709696 2821 
556 601 182 0.7418816199457966 2837 
557 601 180 0.5724100013802395 2724 
558 601 183 0.3583669321477998 2805 
559 604 166 0.8099198130498838 2853 
560 604 181 0.1395743041559607 2848 
561 604 164 0.40411391692802634 2777 
562 607 177 0.3788444661530928 2759 
563 607 175 0.23755947989077428 2843 
564 608 163 0.7376655348842636 2748 
565 608 166 0.2694319026213053 2791 
566 609 172 0.1145901298604041 2781 
567 609 173 0.4394013895831752 2806 
568 611 178 0.32371857955112443 2750 
569 611 164 0.8488183036670254 2718 
570 611 164 0.12450001292139422 2772 
571 611 179 0.20275924060524347 2850 
572 612 178 0.4496068597596697 2804 
573 612 177 0.15057938023366801 2779 
574 612 180 0.6598392666762495 2758 
575 612 173 0.7401625272420371 2675 
576 621 163 0.6902215286489379 2684 
577 621 180 0.2580086763130756 2694 
578 625 177 0.3085689239212167 2866 
579 625 163 0.5833632337881626 2741 
580 628 179 0.026815268303146365 2696 
581 628 166 0.410828745855444 2709 
582 628 181 0.11732724446973328 2816 
583 630 167 0.872250007876878 2770 
584 630 163 0.7850506950013229 2851 
585 630 169 0.5372239897695683 2864 
586 630 179 0.41516619740037747 2724 
587 632 183 0.8916071999384482 2749 
588 632 172 0.5099454579034698 2736 
589 632 183 0.27470845387399573 2754 
590 637 176 0.3566100704322049 2872 
591 637 165 0.8655549614792025 2847 
592 639 164 0.30829021445828875 2675 
593 639 170 0.024146061700702708 2868 
594 639 181 0.21975563209191665 2777 
595 639 170 0.7241463882690785 2806 
596 643 179 0.06261857873101337 2844 
597 643 167 0.8534026278936842 2702 
598 643 168 0.5114718123132875 2731 
599 643 181 0.7235809627635258 2729 
600 647 181 0.5003206891309924 2864 
601 647 170 0.4949916811395394 2690 
602 647 182 0.30615730804993774 2779 
603 647 167 0.35815888393894807 2674 
604 650 170 0.32271357672316625 2873 
605 650 180 0.6953628267164813 2764 
606 650 163 0.7467224931772192 2836 
607 652 168 0.8130128397610092 2808 
608 652 175 0.8064756083467075 2766 
609 652 175 0.830845626547485 2725 
610 652 167 0.7575198318481731 2679 
611 656 173 0.41557652193561434 2835 
612 656 172 0.7574457194662085 2813 
613 656 165 0.03843322828485717 2735 
614 656 171 0.42225436526814875 2807 
615 662 168 0.5860376569583657 2735 
616 662 170 0.0676002750365582 2691 
617 667 167 0.5147438276390074 2791 
618 667 172 0.17841346959350193 2684 
619 667 176 0.44490595843778913 2725 
620 667 170 0.16738896202834763 2845 
621 675 168 0.4644778509421131 2732 
622 675 179 0.2347309141205373 2830 
623 675 174 0.3322284709014678 2772 
624 676 171 0.8105311134528151 2789 
625 676 175 0.6947197326056701 2819 
626 676 172 0.2899532390959805 2697 
627 677 177 0.12681762801386587 2680 
628 677 169 0.20993467369502478 2695 
629 677 182 0.49843216267123835 2679 
630 680 177 0.7657866662963849 2815 
631 680 168 0.4682377164201716 2873 
632 682 177 0.13339213244447817 2806 
633 682 164 0.5640039603966781 2861 
634 682 182 0.2903405624118222 2863 
635 684 182 0.7561576475028842 2779 
636 684 176 0.8604629346276222 2681 
637 684 165 0.8503878900637095 2821 
638 684 170 0.48821847084177505 2701 
639 686 177 0.4155448045834543 2711 
640 686 164 0.5784371486241553 2727 
641 686 179 0.7268923912393419 2853 
642 686 171 0.5824713124935287 2723 
643 690 169 0.5094420234595105 2685 
644 690 173 0.8946795443589171 2857 
645 690 171 0.5799121885696388 2833 
646 690 165 0.07043290505805257 2783 
647 691 166 0.8958754865746087 2813 
648 691 179 0.10990440710780834 2839 
649 691 180 0.5215411225270363 2815 
650 696 183 0.4231487676908312 2819 
651 696 178 0.44177231510197595 2760 
652 700 177 0.3208294198656516 2682 
653 700 182 0.11108700211717339 2823 
654 707 181 0.8422922758412231 2718 
655 707 163 0.49597964367978437 2707 
656 713 172 0.7370539070051714 2699 
657 713 169 0.15466508826334244 2771 
658 713 176 0.8892356396106514 2770 
659 713 182 0.015035423937579766 2795 
660 717 182 0.4876344565030207 2797 
661 717 171 0.6285630920289763 2796 
662 721 165 0.4655463488083083 2849 
663 721 178 0.047444119685779045 2855 
664 721 168 0.16385118179465546 2829 
665 721 183 0.7139260193106575 2728 
666 722 172 0.18405287447144103 2768 
667 722 177 0.5537854843667896 2817 
668 722 166 0.20899451819800333 2693 
669 724 165 0.060372869156662665 2757 
670 724 165 0.5590998484552008 2697 
671 724 177 0.494307926071519 2846 
672 728 178 0.4279571598628914 2850 
673 728 180 0.13408211783916915 2758 
674 728 171 0.2619204695831024 2690 
675 735 173 0.42814126943734354 2722 
676 735 178 0.5537791762685542 2819 
677 736 165 0.6213263505669268 2870 
678 736 178 0.040179632581212474 2864 
679 736 177 0.6346474676145297 2793 
680 746 183 0.7848418239901674 2792 
681 746 169 0.3568378138890664 2731 
682 747 167 0.8519346062069129 2846 
683 747 183 0.4098692987442612 2815 
684 747 168 0.3046357053877335 2713 
685 747 174 0.5289063056448896 2764 
686 750 178 0.5585893917110194 2810 
687 750 174 0.5874832976736335 2832 
688 750 165 0.8913027272851363 2713 
689 750 166 0.30595410612371154 2856 
690 753 169 0.636863205122518 2745 
691 753 181 0.4927620248861628 2840 
692 753 170 0.8025692133112525 2746 
693 755 172 0.4947236362310329 2782 
694 755 164 0.26764349687692596 2784 
695 755 170 0.8644159243520478 2812 
696 757 176 0.2062469687816355 2723 
697 757 168 0.33174383942783914 2778 
698 757 175 0.8128855370816434 2715 
699 757 171 0.32510964178708596 2745 
700 758 172 0.8981947845801479 2718 
701 758 178 0.5636670330863012 2752 
702 761 176 0.8825906233991485 2807 
703 761 182 0.19204113982589646 2864 
704 761 180 0.34908528622110446 2873 
705 761 168 0.26795530405747964 2769 
706 772 164 0.7583417460045004 2774 
707 772 177 0.8199450144830716 2839 
708 772 164 0.20617787223182826 2678 
709 772 177 0.4893504498474604 2856 
710 774 174 0.324469040626121 2806 
711 774 173 0.6708703184671927 2678 
712 774 183 0.3314508634077535 2831 
713 776 165 0.416165425383714 2862 
714 776 163 0.8595557266587052 2694 
715 776 167 0.660966278514778 2678 
716 776 180 0.04347238684893175 2706 
717 778 170 0.8095936445926158 2806 
718 778 164 0.666425785086892 2809 
719 778 179 0.8001287790379 2841 
720 778 170 0.3828828064912077 2862 
721 792 169 0.5906696417940952 2779 
722 792 171 0.5121849716115785 2720 
723 792 167 0.26905455589936467 2781 
724 804 177 0.7472023922366339 2809 
725 804 177 0.015131576090279493 2710 
726 804 172 0.2042665093968761 2829 
727 807 172 0.011045517320272693 2766 
728 807 182 0.3990144203406281 2692 
729 807 172 0.5549184130753592 2870 
730 808 168 0.6950615440797647 2734 
731 808 170 0.8016242374861094 2784 
732 816 175 0.7329488677964882 2778 
733 816 171 0.07387181669818232 2768 
734 816 163 0.3001085483803313 2758 
735 818 164 0.6297318731186827 2841 
736 818 179 0.8530570761743678 2794 
737 818 174 0.02903605170127637 2717 
738 818 174 0.18238194677523448 2776 
739 819 171 0.7528386321109997 2746 
740 819 176 0.4157215193721082 2825 
741 819 181 0.818670956581692 2734 
742 819 173 0.18288712478301353 2850 
743 820 170 0.848684033501679 2840 
744 820 175 0.5865271730135116 2746 
745 820 179 0.5407883067208918 2797 
746 824 174 0.21671481778301768 2703 
747 824 177 0.5243209684619236 2815 
748 824 169 0.7701113897512767 2676 
749 824 176 0.1966547402687686 2822 
750 827 182 0.5430524659283767 2835 
751 827 180 0.49319996347277945 2806 
752 827 175 0.25870674484426637 2772 
753 828 180 0.24149212484114532 2813 
754 828 173 0.5139455134589557 2729 
755 830 178 0.6369627806598823 2709 
756 830 172 0.7752300829838727 2818 
757 834 164 0.27369121561455717 2741 
758 834 165 0.17758747179913498 2830 
759 834 170 0.24317712138005984 2841 
760 834 166 0.49782328124235775 2852 
761 835 182 0.49660669770197907 2741 
762 835 176 0.23986903673884158 2794 
763 835 178 0.8058697486737164 2861 
764 835 166 0.7827074727853864 2812 
765 840 163 0.5216483441865876 2791 
766 840 168 0.7285113726688843 2840 
767 840 173 0.06576284142374007 2814 
768 841 172 0.275093170815106 2719 
769 841 169 0.19068614768139697 2799 
770 842 168 0.21149536892697415 2826 
771 842 168 0.5344024254209568 2688 
772 846 164 0.05842024778703481 2799 
773 846 164 0.5232885735283584 2846 
774 852 179 0.5382147151991237 2674 
775 852 166 0.5326463495824779 2729 
776 855 178 0.49339646666487097 2679 
777 855 168 0.08997300171365412 2813 
778 855 183 0.4162597790444568 2719 
779 857 178 0.5225651967454336 2724 
780 857 179 0.4201546510148766 2729 
781 857 169 0.8759490381915314 2806 
782 857 183 0.8859892519788631 2797 
783 858 169 0.33688151886237905 2770 
784 858 173 0.5086706369635507 2823 
785 858 167 0.11610627943692056 2814 
786 861 172 0.5572109851098309 2791 
787 861 167 0.04838077175203687 2815 
788 861 164 0.6196913952901985 2801 
789 861 173 0.3216479657022873 2678 
790 863 183 0.23259011737742308 2853 
791 863 171 0.377274292046819 2824 
792 866 180 0.3711467584843997 2831 
793 866 166 0.1301287465264352 2754 
794 866 166 0.41464844856183725 2794 
795 866 171 0.8847637539010464 2777 
796 867 175 0.21687808024015987 2711 
797 867 181 0.3987079767654783 2723 
798 867 172 0.5559479683491653 2835 
799 867 177 0.042937845069927316 2703 
800 871 180 0.18716802937255986 2794 
801 871 183 0.589943545233731 2860 
802 871 175 0.5589453841909932 2820 
803 872 180 0.36166807623832486 2701 
804 872 167 0.08077378177657792 2711 
805 872 170 0.17029065212436711 2680 
806 872 171 0.7692057161418677 2803 
807 878 171 0.7085008672590128 2716 
808 878 163 0.383417787536514 2866 
809 878 170 0.819622115964728 2771 
810 879 169 0.6246233949295709 2788 
811 879 165 0.8137296151954878 2827 
812 879 183 0.24114540017482805 2777 
813 879 169 0.12076991199176494 2839 
814 885 174 0.38475280831712216 2753 
815 885 174 0.8448792018331963 2683 
816 906 183 0.8235431411929154 2700 
817 906 172 0.5724962515396931 2774 
818 909 177 0.2668895204688156 2763 
819 909 179 0.7787785917842236 2812 
820 917 175 0.5075681927978275 2858 
821 917 183 0.30239555538412455 2867 
822 917 170 0.46024290097763276 2751 
823 917 167 0.8956621257823648 2803 
824 919 167 0.173371884955753 2693 
825 919 178 0.387324087019379 2859 
826 919 174 0.4001382301880236 2692 
827 920 175 0.3536640465387812 2842 
828 920 172 0.37637673678083944 2690 
829 920 169 0.054187307748972485 2849 
830 923 172 0.5598415156112074 2726 
831 923 175 0.04555344830994726 2827 
832 923 183 0.39656800755275434 2738 
833 923 173 0.6432961718129973 2704 
834 926 178 0.0981163576560663 2737 
835 926 168 0.2655615160720004 2725 
836 926 177 0.7039335043432333 2849 
837 927 181 0.41234911222406667 2757 
838 927 178 0.3142899614405549 2821 
839 928 181 0.7434819096027846 2771 
840 928 170 0.6749365752283663 2865 
841 930 179 0.5383133536108462 2689 
842 930 170 0.3154848467633996 2855 
843 930 180 0.16835152805392267 2713 
844 935 181 0.6194409993376896 2728 
845 935 179 0.42773318211325284 2725 
846 937 169 0.014189836635421739 2841 
847 937 178 0.11205337606918006 2719 
848 938 176 0.7009259576828218 2735 
849 938 178 0.5121533668875775 2850 
850 938 171 0.4037463873092356 2805 
851 938 166 0.30913445633366204 2817 
852 942 167 0.30151273250673205 2692 
853 942 165 0.8468007912867216 2696 
854 942 164 0.24189503811520816 2817 
855 947 176 0.7021064133092226 2698 
856 947 163 0.7440076926308743 2750 
857 948 169 0.6280758079929227 2778 
858 948 180 0.45977803433939235 2874 
859 948 178 0.442439235803496 2805 
860 953 166 0.7653336361122473 2768 
861 953 168 0.552940600263531 2819 
862 957 179 0.4318584007134292 2826 
863 957 174 0.8379827748139372 2742 
864 957 164 0.6384851797388055 2750 
865 957 170 0.8900498792808813 2745 
866 958 169 0.5498923384647467 2714 
867 958 175 0.4605365689346777 2820 
868 958 171 0.4655656252944774 2729 
869 960 169 0.42986586252009445 2745 
870 960 183 0.8396354710522381 2869 
871 961 181 0.19512348497467433 2823 
872 961 177 0.16903391921598757 2755 
873 961 164 0.8173562132346156 2805 
874 962 174 0.5361247362340008 2752 
875 962 174 0.028420890627871398 2704 
876 962 166 0.8918144177601174 2865 
877 962 163 0.3810967142444907 2854 
878 964 164 0.21768257629804016 2871 
879 964 176 0.10888525392653993 2814 
880 964 177 0.042261146173846006 2804 
881 965 164 0.6178002770738783 2860 
882 965 167 0.3276020139109822 2762 
883 965 167 0.7637948795901411 2716 
884 968 170 0.26884041980786927 2814 
885 968 164 0.038243170302454915 2705 
886 968 173 0.751975143316036 2745 
887 968 169 0.03298990232931504 2803 
888 969 174 0.8847677828781938 2818 
889 969 168 0.5953839555543956 2857 
890 969 170 0.500353050493292 2786 
891 969 182 0.7028701436210332 2721 
892 970 169 0.8321766812770883 2779 
893 970 173 0.5191339921531339 2840 
894 970 167 0.5450291567830725 2711 
895 977 174 0.34720384250223746 2708 
896 977 168 0.47866445978728006 2694 
897 978 183 0.6798416086346835 2700 
898 978 182 0.5306511126386962 2764 
899 985 165 0.5661586664089836 2728 
900 985 175 0.2931608682864082 2702 
901 985 183 0.42996312035588474 2850 
902 988 181 0.42357370512585313 2723 
903 988 174 0.02440920955536756 2717 
904 990 183 0.43123791229784786 2838 
905 990 165 0.6262033943441756 2728 
906 991 181 0.22945838812639813 2752 
907 991 165 0.24277280270574442 2770 
908 991 174 0.24844791886316395 2676 
909 992 175 0.411483583856119 2761 
910 992 173 0.052767753534268 2694 
911 992 175 0.012711584263084583 2688 
912 992 175 0.7624248904826952 2712 
913 993 178 0.7824529331415865 2745 
914 993 172 0.6709362869172952 2753 
915 993 180 0.8008961808031445 2701 
916 993 172 0.30834253539257495 2747 
917 994 182 0.53044134733008 2732 
918 994 178 0.10669604209999291 2758 
919 999 181 0.694688229191077 2723 
920 999 173 0.3073120920939657 2716 
921 999 178 0.46721807231938434 2817 
922 999 179 0.5540115426398723 2737 
923 1002 181 0.31606373496276985 2842 
924 1002 170 0.10691721990565281 2759 
925 1002 182 0.28693525789520413 2766 
926 1003 179 0.25310359253445464 2859 
927 1003 173 0.5610884385997476 2850 
928 1005 180 0.3632131380003851 2860 
929 1005 168 0.22960407714673708 2870 
930 1006 167 0.511187266508788 2814 
931 1006 183 0.14323816417405097 2718 
932 1015 172 0.8248842336557446 2757 
933 1015 178 0.3421635083233252 2801 
934 1015 183 0.13476861606135887 2705 
935 1016 163 0.8761956994344051 2861 
936 1016 163 0.6761036257509198 2823 
937 1017 168 0.07682745558603638 2756 
938 1017 173 0.4431668769924563 2833 
939 1017 163 0.524317863203957 2732 
940 1017 177 0.22088039986831665 2842 
941 1023 178 0.6406821254703029 2748 
942 1023 166 0.841379182564072 2778 
943 1023 169 0.4843478504357613 2814 
944 1023 175 0.845545988967792 2858 
945 1026 183 0.134963314882445 2704 
946 1026 181 0.7085518882955695 2793 
947 1030 165 0.41126057596169924 2814 
948 1030 176 0.7809293679372359 2758 
949 1033 175 0.7798265622233388 2843 
950 1033 173 0.5613465585760788 2800 
951 1033 164 0.21414450899088372 2812 
952 1037 174 0.42399647508480354 2786 
953 1037 180 0.3527808920286725 2771 
954 1037 179 0.832865094791674 2868 
955 1037 172 0.571989785787655 2782 
956 1038 164 0.7391976685697202 2777 
957 1038 173 0.599673550648938 2705 
958 1038 165 0.021247727448031842 2691 
959 1038 171 0.7771113731688555 2807 
960 1039 172 0.2313491815456651 2850 
961 1039 173 0.5781016537751484 2724 
962 1039 168 0.732019651864775 2819 
963 1039 176 0.5863385454477261 2844 
964 1040 180 0.2970610529481133 2718 
965 1040 183 0.5163221580699454 2751 
966 1040 170 0.7456958488406135 2766 
967 1043 163 0.3860484921778356 2809 
968 1043 179 0.5811836669959435 2784 
969 1043 181 0.16520448188701445 2837 
970 1044 169 0.15155265746138852 2855 
971 1044 175 0.19592898080024923 2717 
972 1044 177 0.8525634914224545 2864 
973 1047 179 0.3292886494772827 2848 
974 1047 180 0.39172400806199603 2802 
975 1047 177 0.3240253960729367 2832 
976 1049 168 0.020720352947297467 2761 
977 1049 176 0.498217599677 2826 
978 1051 181 0.07759440925348048 2865 
979 1051 168 0.23662349509796354 2843 
980 1051 181 0.04195636754678828 2747 
981 1051 177 0.2616011684902939 2826 
982 1056 164 0.26514486029460876 2700 
983 1056 171 0.6300692719575699 2734 
984 1056 176 0.6331550036128651 2807 
985 1058 174 0.2964940200239054 2837 
986 1058 181 0.5092046335280181 2724 
987 1058 167 0.2856871714708753 2715 
988 1065 170 0.4922782935218464 2852 
989 1065 169 0.557838491609874 2853 
990 1065 164 0.1676941920267555 2783 
991 1065 180 0.5806949246114492 2824 
992 1068 163 0.8486546324092562 2856 
993 1068 169 0.7081708067899787 2741 
994 1068 171 0.11273139621399572 2735 
995 1068 183 0.7594125727625777 2684 
996 1073 181 0.7911840569249845 2718 
997 1073 165 0.11828864499175318 2835 
998 1073 164 0.31658426878187124 2692 
999 1079 171 0.05573884725350346 2707 
1000 1079 179 0.13239316390271916 2855 
1001 1079 179 0.06790596596621022 2690 
1002 1080 169 0.7416322105957179 2782 
1003 1080 183 0.7773470893104779 2774 
1004 1080 179 0.24810167199516447 2823 
1005 1082 164 0.38271574087357435 2707 
1006 1082 179 0.8250378646962413 2850 
1007 1083 163 0.14224481251276228 2779 
1008 1083 179 0.43975437238010073 2709 
1009 1083 164 0.5100292004552637 2675 
1010 1085 178 0.7007206505292152 2837 
1011 1085 177 0.8280358733382875 2805 
1012 1085 168 0.7729778560115078 2727 
1013 1086 164 0.5781499819156126 2686 
1014 1086 177 0.8871573091846584 2842 
1015 1090 171 0.08865774723205999 2737 
1016 1090 178 0.06089777710955123 2817 
1017 1090 164 0.04072948596273217 2678 
1018 1090 167 0.3296764923876781 2705 
1019 1093 180 0.3136233678757634 2869 
1020 1093 173 0.5130832703028164 2723 
1021 1093 177 0.2287197536430508 2693 
1022 1093 180 0.46253082669478623 2754 
1023 1098 170 0.796181180565209 2760 
1024 1098 174 0.4850967135306576 2821 
1025 1098 165 0.7211009271833532 2837 
1026 1100 182 0.10812155139506428 2820 
1027 1100 164 0.5768322702175386 2712 
1028 1100 168 0.7877081412110322 2716 
1029 1100 165 0.15846009019198556 2758 
1030 1102 176 0.43564543139453415 2873 
1031 1102 170 0.4530127147539092 2776 
1032 1102 165 0.5887255984922611 2682 
1033 1103 171 0.6038363804395843 2701 
1034 1103 180 0.16140344053372757 2760 
1035 1103 177 0.644879842327571 2792 
1036 1103 178 0.015389691232096537 2843 
1037 1105 174 0.16301234868531883 2729 
1038 1105 183 0.21979647326584623 2742 
1039 1105 178 0.19632653819942894 2681 
1040 1119 171 0.7824204477509895 2831 
1041 1119 165 0.06959499613338263 2814 
1042 1119 165 0.06362183642638794 2765 
1043 1126 179 0.3245019989026474 2753 
1044 1126 170 0.16251399961772334 2872 
1045 1126 182 0.2757316602649395 2738 
1046 1129 168 0.15280770379156255 2787 
1047 1129 181 0.42327088411994435 2812 
1048 1134 171 0.22038308096631826 2781 
1049 1134 183 0.86040298691121 2690 
1050 1134 172 0.6070639691078848 2789 
1051 1134 173 0.04152469763950269 2847 
1052 1136 182 0.356099349874338 2764 
1053 1136 168 0.7282314429713769 2782 
1054 1137 164 0.4972742625534863 2709 
1055 1137 176 0.05908304204251486 2843 
1056 1139 172 0.481123299828031 2824 
1057 1139 176 0.6942795767415156 2703 
1058 1141 163 0.5016415078867742 2839 
1059 1141 177 0.20042062267088778 2766 
1060 1141 178 0.8388084193608188 2754 
1061 1141 177 0.7554842318155249 2866 
1062 1145 176 0.6071983531272457 2687 
1063 1145 171 0.7002431417489197 2676 
1064 1145 183 0.8884139055512807 2860 
1065 1148 165 0.4340592254858222 2858 
1066 1148 182 0.1526435139891193 2677 
1067 1148 165 0.4408548777131746 2805 
1068 1153 177 0.274896941643769 2787 
1069 1153 183 0.6495837577696276 2822 
1070 1153 169 0.10831887436999148 2862 
1071 1153 178 0.763104233403987 2707 
1072 1155 164 0.01768223081784151 2698 
1073 1155 167 0.6857260035073269 2699 
1074 1155 170 0.6286302722874867 2843 
1075 1155 166 0.5545013889390972 2813 
1076 1159 167 0.7681705354593541 2735 
1077 1159 163 0.38716499933604565 2758 
1078 1159 180 0.4402994620571137 2854 
1079 1164 171 0.29058463879731705 2847 
1080 1164 175 0.02041701911447691 2700 
1081 1164 177 0.07160904710775319 2826 
1082 1165 181 0.3122045032208526 2683 
1083 1165 169 0.47768453532569344 2806 
1084 1165 183 0.8644658229986292 2804 
1085 1170 178 0.2750691412256537 2712 
1086 1170 164 0.213644912430452 2748 
1087 1170 181 0.6654672118924432 2825 
1088 1172 179 0.33402976977359167 2868 
1089 1172 172 0.21576134595860674 2719 
1090 1179 180 0.15740907643655164 2798 
1091 1179 178 0.264831363452627 2696 
1092 1179 182 0.14400693339048956 2849 
1093 1180 169 0.15814960948815357 2707 
1094 1180 172 0.7339461455818683 2844 
1095 1183 163 0.48031397200689696 2867 
1096 1183 168 0.3241809026480902 2810 
1097 1183 173 0.8205990826590874 2820 
1098 1187 173 0.4257328449677514 2683 
1099 1187 167 0.5026929124004937 2696 
1100 1187 166 0.2750439442355138 2675 
1101 1187 169 0.27979926636304175 2691 
1102 1200 183 0.862113649380293 2775 
1103 1200 173 0.3881273005822404 2712 
1104 1200 179 0.812136853876818 2697 
1105 1201 175 0.5572719921672445 2780 
1106 1201 170 0.8992748352480747 2780 
1107 1201 172 0.7654730167488633 2702 
1108 1201 175 0.39996262952354406 2731 
1109 1202 164 0.14865294940566362 2811 
1110 1202 164 0.3644658504903541 2749 
1111 1202 173 0.39907777066871264 2753 
1112 1202 179 0.2947160418346157 2812 
1113 1204 177 0.7637416678266318 2786 
1114 1204 169 0.41550141018545833 2691 
1115 1204 169 0.19359009162353036 2833 
1116 1204 176 0.17089160970677603 2789 
1117 1206 164 0.059583532764724084 2728 
1118 1206 181 0.6120910491675838 2801 
1119 1208 179 0.844560691498852 2728 
1120 1208 171 0.17307567606263 2871 
1121 1208 173 0.8812730083562329 2779 
1122 1208 170 0.3390757174074906 2785 
1123 1213 166 0.6110306473326211 2826 
1124 1213 168 0.6999174018294548 2865 
1125 1213 170 0.4393903190078895 2743 
1126 1218 176 0.01781746854692947 2847 
1127 1218 174 0.34465741846699105 2778 
1128 1218 168 0.5473590481524948 2847 
1129 1219 166 0.8131826898516542 2747 
1130 1219 178 0.7092574274319732 2721 
1131 1219 178 0.7648821555212043 2736 
1132 1219 182 0.6730203401652626 2866 
1133 1221 182 0.8054461129022977 2696 
1134 1221 166 0.6675752687013052 2789 
1135 1221 180 0.8264812637621128 2675 
1136 1222 174 0.19852134903288002 2753 
1137 1222 167 0.480284405394723 2735 
1138 1225 182 0.21180457831029878 2749 
1139 1225 169 0.8400017961011456 2786 
1140 1225 175 0.40743276235144205 2844 
1141 1229 177 0.46507002524962016 2679 
1142 1229 164 0.0548072318031482 2677 
1143 1229 166 0.16552044957138903 2706 
1144 1230 181 0.4168932493665691 2817 
1145 1230 179 0.19559603146149968 2762 
1146 1230 171 0.3761203557205109 2785 
1147 1230 166 0.4360495279948697 2710 
1148 1233 172 0.47799559287014626 2847 
1149 1233 180 0.6539147256380657 2819 
1150 1234 175 0.5288119211481775 2683 
1151 1234 166 0.5264590714892385 2676 
1152 1234 179 0.14720871555504453 2692 
1153 1235 168 0.8149221595989309 2738 
1154 1235 164 0.18865575419672728 2790 
1155 1238 183 0.07691271570942271 2692 
1156 1238 168 0.8928462585946308 2755 
1157 1239 164 0.789719866361085 2768 
1158 1239 174 0.6328288558759528 2809 
1159 1245 178 0.10397721121706807 2795 
1160 1245 173 0.5845184393148987 2814 
1161 1247 172 0.3550296247984848 2874 
1162 1247 183 0.5609269199876223 2765 
1163 1247 182 0.33281765557983367 2701 
1164 1250 182 0.1326277778780919 2713 
1165 1250 170 0.6149632897860705 2710 
1166 1250 178 0.4868315882767605 2766 
1167 1250 182 0.5080753306366098 2766 
1168 1251 164 0.37091352918113535 2821 
1169 1251 174 0.35315496355441073 2849 
1170 1251 166 0.1631018853146427 2798 
1171 1251 180 0.35502432671985906 2787 
1172 1254 178 0.8040576835807802 2679 
1173 1254 178 0.16280946193526893 2863 
1174 1254 171 0.8187875485763346 2721 
1175 1255 180 0.5606093926140827 2675 
1176 1255 179 0.10265252520859477 2835 
1177 1255 167 0.25808478849170785 2834 
1178 1255 168 0.02765865984089271 2852 
1179 1256 169 0.47316587030321083 2704 
1180 1256 177 0.7874779678256177 2720 
1181 1256 179 0.7684809467345975 2697 
1182 1256 181 0.6608134279850156 2858 
1183 1257 173 0.14052638980560891 2831 
1184 1257 176 0.2216701125385103 2721 
1185 1257 173 0.27286012878886634 2845 
1186 1260 172 0.0979668160589079 2720 
1187 1260 163 0.10941364314408718 2853 
1188 1261 180 0.1614158547676844 2748 
1189 1261 166 0.3520458527646084 2718 
1190 1261 180 0.6864291061483615 2704 
1191 1263 174 0.531526874478203 2865 
1192 1263 174 0.4577875906799784 2852 
1193 1270 183 0.5094586318720529 2730 
1194 1270 176 0.06422263500425461 2735 
1195 1271 173 0.24856371583983994 2678 
1196 1271 181 0.16673740511945326 2843 
1197 1277 180 0.6327519018868585 2814 
1198 1277 177 0.408420572917477 2755 
1199 1277 167 0.5469316402079073 2821 
1200 1279 169 0.5014203858332823 2788 
1201 1279 163 0.8481331418678836 2724 
1202 1279 177 0.23086746686411413 2689 
1203 1279 169 0.8917948907451616 2682 
1204 1280 170 0.38054302989770733 2735 
1205 1280 178 0.2104145811296185 2713 
1206 1280 180 0.6006240153964355 2701 
1207 1280 183 0.5730757689512037 2748 
1208 1288 173 0.7672606012265912 2862 
1209 1288 164 0.19057954622758433 2835 
1210 1288 170 0.5401977996888038 2823 
1211 1294 167 0.26616166975900063 2768 
1212 1294 175 0.7842695127016011 2788 
1213 1299 180 0.41338803674991664 2817 
1214 1299 170 0.6496148298020877 2782 
1215 1300 163 0.11497481481451854 2839 
1216 1300 170 0.13127365926088083 2861 
1217 1300 166 0.3048559610419955 2784 
1218 1301 177 0.07504871400710232 2792 
1219 1301 167 0.43425034231881043 2863 
1220 1301 179 0.8927751550976518 2856 
1221 1302 175 0.10172604634981201 2753 
1222 1302 174 0.09704657988088701 2761 
1223 1302 174 0.27083283566656485 2862 
1224 1302 182 0.6943046097231385 2855 
1225 1303 180 0.055859627217826335 2820 
1226 1303 166 0.07175435630916469 2680 
1227 1303 164 0.4781914899255734 2725 
1228 1303 164 0.485091378948721 2686 
1229 1305 177 0.12206234696937511 2790 
1230 1305 168 0.03270958925310263 2731 
1231 1305 171 0.8656468342481777 2801 
1232 1305 181 0.7875141789289211 2710 
1233 1306 170 0.6859817498938309 2849 
1234 1306 183 0.821723409164631 2869 
1235 1307 174 0.8159249953458279 2747 
1236 1307 181 0.06505085997582301 2695 
1237 1307 175 0.6918965228692465 2707 
1238 1311 176 0.32990302892661705 2811 
1239 1311 183 0.2813860117582339 2714 
1240 1311 176 0.12586664475794218 2799 
1241 1311 178 0.7993815997332432 2686 
1242 1315 179 0.46444067036395215 2755 
1243 1315 178 0.46762930579187134 2683 
1244 1319 163 0.7232256862322685 2737 
1245 1319 176 0.6440374300912864 2721 
1246 1319 180 0.5529436269036584 2710 
1247 1322 180 0.22118969449236695 2798 
1248 1322 179 0.13047004866080478 2863 
1249 1322 176 0.7632837606419459 2855 
1250 1327 180 0.018836121953916377 2697 
1251 1327 177 0.347832738414917 2851 
1252 1327 169 0.42261718646561097 2766 
1253 1327 174 0.5660211943259869 2713 
1254 1330 183 0.5120024643305304 2683 
1255 1330 183 0.29415221168850547 2855 
1256 1331 172 0.3860835353297257 2752 
1257 1331 163 0.1209374213240278 2795 
1258 1332 178 0.4261408679700092 2793 
1259 1332 174 0.4639925953328661 2780 
1260 1333 174 0.7078656076975052 2711 
1261 1333 167 0.37701325669166313 2796 
1262 1333 177 0.40297712952778064 2776 
1263 1334 165 0.706243063356749 2844 
1264 1334 165 0.5321549331478093 2679 
1265 1334 174 0.46593197781367185 2790 
1266 1345 164 0.6069684822491261 2675 
1267 1345 169 0.31081295360257793 2740 
1268 1345 175 0.38085146305833273 2698 
1269 1350 174 0.8153860203184167 2787 
1270 1350 179 0.5530529902718083 2840 
1271 1350 183 0.17877183273761124 2750 
1272 1350 167 0.8382239241134987 2735 
1273 1354 174 0.7975236459092659 2711 
1274 1354 175 0.3068661953965715 2821 
1275 1354 180 0.29474954276707693 2705 
1276 1354 178 0.3404716567358564 2790 
1277 1355 169 0.19802592359228763 2871 
1278 1355 171 0.3757349373937428 2708 
1279 1356 179 0.0984875307955045 2766 
1280 1356 180 0.6796975280962937 2706 
1281 1356 180 0.6854122567216574 2674 
1282 1363 170 0.6330156652963304 2866 
1283 1363 171 0.7697578086414542 2757 
1284 1363 182 0.8751724271380078 2721 
1285 1364 172 0.1379332505679838 2848 
1286 1364 180 0.4953002085424999 2706 
1287 1364 169 0.8402673419836066 2793 
1288 1365 168 0.303983526867135 2763 
1289 1365 176 0.322826868295015 2679 
1290 1365 181 0.7217367818829507 2765 
1291 1366 183 0.7287324760968894 2686 
1292 1366 163 0.36231919919625794 2836 
1293 1369 165 0.18748529243073073 2867 
1294 1369 176 0.10300744468573471 2713 
1295 1369 183 0.829530849756956 2720 
1296 1374 176 0.14502214396034252 2767 
1297 1374 183 0.6531122982283308 2858 
1298 1378 163 0.41285848683376525 2822 
1299 1378 182 0.8213747961756181 2774 
1300 1378 168 0.33081130783854934 2711 
1301 1382 173 0.4283016590108085 2694 
1302 1382 182 0.855645396819795 2708 
1303 1382 173 0.7224606255514852 2713 
1304 1382 179 0.22710358507324993 2844 
1305 1383 172 0.39483442457648443 2698 
1306 1383 165 0.243334197213549 2773 
1307 1383 174 0.5096134734192488 2845 
1308 1385 177 0.1793878109108717 2683 
1309 1385 182 0.8745049143339407 2728 
1310 1385 180 0.023329043730773907 2847 
1311 1386 167 0.46474019902161945 2683 
1312 1386 179 0.5283492550363795 2763 
1313 1386 173 0.7009381549084752 2824 
1314 1386 164 0.07192644864176728 2758 
1315 1387 165 0.5683955251726922 2686 
1316 1387 163 0.7706665250290938 2781 
1317 1387 174 0.14247249062371048 2854 
1318 1387 182 0.8645590410637225 2767 
1319 1389 174 0.8663942669998541 2736 
1320 1389 171 0.8768032966569572 2699 
1321 1389 170 0.6338149650613513 2678 
1322 1392 180 0.1684372655323851 2805 
1323 1392 176 0.25753502428894015 2834 
1324 1395 176 0.1158335525103451 2774 
1325 1395 183 0.02512170245807859 2726 
1326 1395 183 0.5516889884371247 2849 
1327 1397 165 0.7747339951332035 2805 
1328 1397 171 0.5063950918516337 2742 
1329 1397 166 0.32938385100097667 2779 
1330 1402 174 0.37786127661681784 2857 
1331 1402 163 0.018588484013935057 2740 
1332 1402 170 0.1745429468792657 2834 
1333 1408 177 0.07757352567513272 2801 
1334 1408 174 0.25116009367604636 2702 
1335 1408 180 0.3713858343950283 2817 
1336 1410 168 0.8056280762432968 2841 
1337 1410 182 0.8803903324779543 2804 
1338 1410 179 0.663324775914889 2813 
1339 1410 175 0.7277131234372113 2772 
1340 1411 182 0.8967712000808344 2835 
1341 1411 174 0.1639609850034457 2742 
1342 1411 176 0.7737481625304561 2800 
1343 1414 178 0.4333930674866038 2777 
1344 1414 169 0.8108107915202419 2781 
1345 1414 168 0.4070278999458107 2804 
1346 1414 171 0.11478897408590082 2757 
1347 1416 165 0.5957551660454339 2866 
1348 1416 165 0.43643874038230923 2811 
1349 1416 180 0.19884632984523665 2797 
1350 1419 179 0.614133166395724 2681 
1351 1419 176 0.7222359654626848 2856 
1352 1419 171 0.09196947557894392 2726 
1353 1419 167 0.37587202707181244 2816 
1354 1420 174 0.5895603879622231 2855 
1355 1420 170 0.5899196971341211 2816 
1356 1423 166 0.4314208395430126 2823 
1357 1423 178 0.4744659048104678 2799 
1358 1423 166 0.1893607594454717 2825 
1359 1427 179 0.507979225957699 2856 
1360 1427 178 0.4591773688539958 2843 
1361 1427 182 0.3485798752728678 2783 
1362 1427 170 0.35446204519901425 2789 
1363 1431 165 0.32468092675627735 2677 
1364 1431 168 0.25465815655793256 2855 
1365 1432 165 0.8874305985184008 2843 
1366 1432 165 0.5904024700919851 2845 
1367 1432 178 0.15262135410995192 2779 
1368 1434 167 0.21694022886748407 2874 
1369 1434 170 0.200911588784965 2714 
1370 1442 181 0.7269185365265929 2860 
1371 1442 175 0.2999786238104884 2785 
1372 1442 175 0.09127732679880983 2713 
1373 1442 180 0.37878208435590227 2728 
1374 1443 169 0.7797620382110193 2805 
1375 1443 182 0.26607625363172727 2701 
1376 1443 167 0.4373766553110864 2801 
1377 1443 170 0.19944288428758986 2869 
1378 1444 180 0.26284066497542036 2744 
1379 1444 165 0.22266304174168397 2731 
1380 1444 166 0.572837707877524 2764 
1381 1444 181 0.5161722541791032 2765 
1382 1448 178 0.2268456801446978 2692 
1383 1448 170 0.29658374089594347 2755 
1384 1448 163 0.16246051690854862 2789 
1385 1450 178 0.8431906562152702 2786 
1386 1450 166 0.6773321652650266 2824 
1387 1450 163 0.4849943691849437 2774 
1388 1451 166 0.4568051157376288 2873 
1389 1451 176 0.06542638537011129 2863 
1390 1451 176 0.5315990138119268 2736 
1391 1451 173 0.4969431936336878 2738 
1392 1452 178 0.07830641811350485 2750 
1393 1452 164 0.6520923753073782 2783 
1394 1453 167 0.6644824446810537 2809 
1395 1453 179 0.49015369648385637 2709 
1396 1453 181 0.5854709819407906 2793 
1397 1456 180 0.887436300703722 2841 
1398 1456 180 0.0858699210472227 2871 
1399 1456 174 0.39006209734784075 2697 
1400 1461 179 0.19980587935940097 2859 
1401 1461 169 0.8349177351740446 2846 
1402 1462 178 0.13962671717493413 2695 
1403 1462 175 0.29523652681024437 2791 
1404 1462 172 0.0714892581564883 2832 
1405 1466 173 0.7686779982447773 2702 
1406 1466 182 0.2940123142511513 2795 
1407 1466 171 0.8681545230186263 2759 
1408 1467 183 0.8301522504158421 2721 
1409 1467 164 0.42621634600693964 2786 
1410 1467 181 0.3488948580375511 2707 
1411 1469 166 0.6521033289686904 2802 
1412 1469 176 0.19920092276321508 2779 
1413 1469 179 0.7444159203709819 2780 
1414 1479 168 0.525177586640281 2803 
1415 1479 179 0.8266230252866179 2835 
1416 1479 169 0.7560869728516778 2722 
1417 1480 181 0.7857345872517615 2783 
1418 1480 171 0.8699781084300533 2758 
1419 1482 176 0.8455281832188318 2716 
1420 1482 182 0.3021371654604798 2828 
1421 1482 163 0.7937535097077766 2819 
1422 1482 182 0.8508942001181661 2677 
1423 1485 168 0.28156998766420777 2738 
1424 1485 165 0.5462567391189931 2793 
1425 1485 183 0.3612040270786725 2743 
1426 1485 169 0.23106849358824577 2759 
1427 1486 167 0.8080030263383311 2803 
1428 1486 164 0.36330198079059833 2679 
1429 1486 166 0.37112478257118314 2862 
1430 1486 168 0.7115729734958847 2778 
1431 1491 166 0.6080123414259423 2697 
1432 1491 170 0.711847454211193 2726 
1433 1491 163 0.41179076279994953 2738 
1434 1492 172 0.5328939152525448 2722 
1435 1492 171 0.1905346032955754 2687 
1436 1492 166 0.8526684330985199 2793 
1437 1492 168 0.5597116796010081 2746 
1438 1493 172 0.7694195959968264 2773 
1439 1493 183 0.4949932449284435 2813 
1440 1493 178 0.29469119402225946 2804 
1441 1493 172 0.898431522969447 2819 
1442 1494 168 0.6083032198103341 2865 
1443 1494 171 0.8608439531615466 2714 
1444 1494 170 0.6409603935835406 2702 
1445 1494 169 0.3441357435469658 2762 
1446 1496 170 0.22054851184071836 2701 
1447 1496 182 0.10309619057511209 2867 
1448 1500 179 0.5339566498625906 2711 
1449 1500 171 0.46861183605704754 2751 
1450 1501 167 0.6308316500334942 2799 
1451 1501 168 0.40146971953870325 2746 
1452 1501 174 0.7324586916880397 2758 
1453 1501 170 0.15648802640036813 2874 
1454 1502 181 0.21257862460162993 2857 
1455 1502 170 0.444086568767207 2733 
1456 1504 169 0.1362731624728994 2754 
1457 1504 169 0.744509906067923 2804 
1458 1505 176 0.8405895040996754 2724 
1459 1505 173 0.08661291033177511 2792 
1460 1505 168 0.8524392333359856 2871 
1461 1505 167 0.725196149970589 2871 
1462 1510 176 0.37921990247571363 2751 
1463 1510 167 0.1598940561306162 2853 
1464 1510 170 0.5205492600399749 2721 
1465 1510 169 0.65265657596347 2755 
1466 1514 169 0.4726206753809368 2773 
1467 1514 166 0.5943500755784673 2768 
1468 1514 165 0.5797788733480819 2841 
1469 1518 168 0.8026927855595335 2792 
1470 1518 167 0.18955189754056068 2869 
1471 1518 180 0.5609903251557703 2850 
1472 1524 179 0.21256154748188577 2702 
1473 1524 183 0.3549575770685839 2689 
1474 1524 182 0.16465326491012083 2854 
1475 1529 168 0.5247899169731453 2862 
1476 1529 169 0.5046838542643862 2708 
1477 1529 178 0.8213725087287771 2678 
1478 1531 164 0.0890724601816898 2800 
1479 1531 179 0.8838565207044912 2793 
1480 1531 164 0.052697875344495285 2734 
1481 1531 177 0.3118151724836824 2705 
1482 1551 181 0.5256428854201523 2816 
1483 1551 169 0.7388151132040175 2826 
1484 1551 177 0.6650320938184721 2755 
1485 1552 179 0.11311331191736929 2714 
1486 1552 178 0.3757745575033916 2773 
1487 1552 180 0.7337999317179015 2750 
1488 1553 167 0.8816240872172155 2684 
1489 1553 168 0.8179415971809708 2691 
1490 1553 171 0.045043183531609354 2854 
1491 1555 170 0.3232726213017012 2850 
1492 1555 177 0.15749951964243647 2863 
1493 1555 166 0.3037586722378859 2861 
1494 1557 173 0.2544251829504338 2684 
1495 1557 168 0.15790779987036244 2864 
1496 1557 168 0.0794422849845997 2710 
1497 1557 173 0.7105948115339223 2818 
1498 1560 171 0.6716513407861557 2728 
1499 1560 173 0.7948746176987063 2769 
1500 1567 172 0.40381480553750665 2731 
1501 1567 168 0.2555610123530954 2786 
1502 1567 165 0.1940277959019297 2861 
1503 1567 181 0.38884150919193405 2850 
1504 1572 163 0.4724572496300973 2823 
1505 1572 174 0.7375599509229194 2718 
1506 1572 177 0.308877580260311 2692 
1507 1574 172 0.8934834729955875 2699 
1508 1574 182 0.22942868632845517 2726 
1509 1574 180 0.8516716757855753 2844 
1510 1576 182 0.28645423227592165 2678 
1511 1576 164 0.8437332035768783 2817 
1512 1576 171 0.46579235511459677 2678 
1513 1576 176 0.10156704675497116 2761 
1514 1580 169 0.8828003564073861 2772 
1515 1580 172 0.16353743711609123 2704 
1516 1580 170 0.7039927017153965 2730 
1517 1580 180 0.4632300225829599 2710 
1518 1581 164 0.5405452989445185 2739 
1519 1581 165 0.3320360184605172 2806 
1520 1581 181 0.0910475293080845 2801 
1521 1581 173 0.3780700244696097 2813 
1522 1583 171 0.31674502622423 2692 
1523 1583 170 0.08221431585745094 2767 
1524 1586 175 0.3533246607379844 2747 
1525 1586 163 0.12134929133098757 2725 
1526 1586 170 0.6524243026933431 2735 
1527 1586 169 0.8208169022329788 2780 
1528 1591 167 0.8621861861164855 2708 
1529 1591 172 0.461559188789911 2799 
1530 1591 179 0.5167769336314166 2703 
1531 1595 172 0.7822704007134011 2703 
1532 1595 174 0.40650133930433174 2770 
1533 1595 180 0.32968737522478897 2752 
1534 1595 166 0.3429921432998901 2779 
1535 1600 169 0.11132138177555562 2717 
1536 1600 169 0.6688422538370395 2803 
1537 1601 170 0.36041727815567726 2690 
1538 1601 167 0.42994982890672456 2724 
1539 1601 167 0.028718035391301806 2727 
1540 1602 171 0.7772769265207768 2693 
1541 1602 163 0.0638812915694393 2701 
1542 1602 166 0.8583378377071983 2674 
1543 1602 168 0.5451617093347938 2747 
1544 1605 178 0.6687926235840566 2836 
1545 1605 176 0.6873588961217102 2750 
1546 1618 173 0.08282210562827305 2867 
1547 1618 164 0.21579893755802237 2853 
1548 1619 175 0.7514698156806207 2788 
1549 1619 172 0.1258727315995148 2733 
1550 1619 180 0.20665850483077539 2785 
1551 1621 172 0.7946256814742096 2853 
1552 1621 176 0.23727532259183198 2798 
1553 1621 169 0.2539773563690686 2779 
1554 1621 178 0.5228356542368162 2845 
1555 1625 172 0.4626271314571278 2720 
1556 1625 183 0.17452183647878103 2746 
1557 1626 180 0.46189429234051266 2798 
1558 1626 178 0.7766257623861945 2763 
1559 1626 178 0.7612851329865492 2783 
1560 1627 167 0.5344188983907763 2848 
1561 1627 168 0.023005920347966648 2752 
1562 1627 166 0.5790576791874172 2765 
1563 1627 172 0.6926681015123334 2815 
1564 1628 181 0.7227344158083162 2839 
1565 1628 182 0.5726363379706855 2688 
1566 1628 182 0.07595298179637552 2689 
1567 1629 170 0.38712237176656905 2799 
1568 1629 182 0.2674766978625638 2855 
1569 1629 176 0.3491156457717474 2828 
1570 1630 179 0.5209446019735848 2827 
1571 1630 164 0.4743085761524992 2739 
1572 1631 171 0.2359217744969825 2715 
1573 1631 182 0.23990868785245575 2768 
1574 1631 183 0.6509933404496007 2850 
1575 1631 175 0.5458745916707561 2761 
1576 1635 166 0.6046269890557606 2803 
1577 1635 174 0.4299812024134192 2749 
1578 1635 170 0.41995892216470854 2766 
1579 1635 179 0.3398775495697118 2830 
1580 1638 176 0.5747987113451889 2794 
1581 1638 176 0.4351828967029865 2715 
1582 1638 166 0.08942623983275402 2758 
1583 1639 179 0.30219364532652476 2803 
1584 1639 181 0.6923902841326758 2776 
1585 1639 181 0.4793823755692412 2682 
1586 1641 169 0.8419899248355694 2727 
1587 1641 175 0.32626700872017816 2760 
1588 1641 170 0.2641988722574002 2832 
1589 1642 175 0.26579366105455876 2861 
1590 1642 174 0.4297862613619714 2825 
1591 1647 180 0.25568404804083394 2872 
1592 1647 164 0.43013812911272753 2715 
1593 1647 166 0.2873477870962994 2848 
1594 1647 171 0.6970916733126113 2775 
1595 1648 165 0.6490655769261008 2849 
1596 1648 168 0.14190255542479444 2840 
1597 1652 174 0.5079447469262215 2849 
1598 1652 181 0.7907078778681904 2783 
1599 1653 182 0.6985284115294315 2722 
1600 1653 179 0.057698790643556076 2719 
1601 1653 179 0.7684021255135853 2761 
1602 1653 168 0.7480995123555456 2689 
1603 1654 173 0.3925543189283996 2699 
1604 1654 177 0.3027074236810421 2764 
1605 1654 180 0.3278899559473771 2795 
1606 1654 163 0.7533281716971642 2805 
1607 1655 168 0.7563127056532614 2763 
1608 1655 180 0.7548261417463685 2851 
1609 1655 183 0.3234920925093592 2816 
1610 1657 183 0.37537436038353905 2697 
1611 1657 173 0.6049745521315731 2748 
1612 1662 169 0.6734135922736905 2776 
1613 1662 175 0.18148775899100034 2703 
1614 1662 175 0.6082164172951258 2725 
1615 1664 178 0.04525047150268866 2707 
1616 1664 182 0.6372841629178175 2809 
1617 1664 163 0.785056022878935 2714 
1618 1672 173 0.2728986814478245 2783 
1619 1672 178 0.3073973129848416 2676 
1620 1672 168 0.12548333522657953 2806 
1621 1675 183 0.2950672438745329 2758 
1622 1675 168 0.3826287109544537 2684 
1623 1675 165 0.10863581167536963 2725 
1624 1675 181 0.15973391314657556 2802 
1625 1676 181 0.886951179288437 2728 
1626 1676 169 0.17108200603513685 2696 
1627 1676 168 0.23387726763315683 2686 
1628 1676 178 0.535866901027464 2837 
1629 1677 177 0.7615919357072446 2820 
1630 1677 173 0.010976588822116237 2787 
1631 1679 179 0.5029855374443943 2856 
1632 1679 174 0.4640095796850031 2771 
1633 1679 165 0.4021910370582762 2743 
1634 1679 167 0.23555162014177833 2800 
1635 1683 163 0.12236695887053682 2738 
1636 1683 167 0.25017031545978824 2806 
1637 1683 176 0.017876475575909476 2814 
1638 1685 171 0.02784735168183955 2723 
1639 1685 179 0.026267530415349086 2725 
1640 1685 166 0.18374638726726383 2682 
1641 1688 176 0.249796970674364 2858 
1642 1688 171 0.14749465196252431 2676 
1643 1689 183 0.6974897617883753 2680 
1644 1689 172 0.41285563444643714 2827 
1645 1689 173 0.267262007179894 2832 
1646 1689 163 0.7383462917485583 2764 
1647 1692 177 0.24037893706681848 2715 
1648 1692 177 0.8941099515227359 2747 
1649 1692 173 0.44357328466916524 2808 
1650 1692 181 0.24727081265704026 2825 
1651 1693 166 0.8182242850380703 2719 
1652 1693 182 0.530737595348734 2689 
1653 1698 176 0.3498795720389806 2831 
1654 1698 178 0.05430726064721399 2698 
1655 1698 176 0.3894486690259531 2808 
1656 1707 166 0.4212130045518277 2776 
1657 1707 178 0.8448392799499894 2809 
1658 1707 180 0.6011219325923789 2792 
1659 1707 168 0.5806724448797012 2717 
1660 1712 170 0.17115215763305422 2830 
1661 1712 180 0.4461624805231297 2841 
1662 1713 164 0.4085049460604424 2691 
1663 1713 172 0.3159349416834584 2803 
1664 1715 176 0.5268066966516486 2741 
1665 1715 180 0.22067031041754237 2783 
1666 1715 170 0.192454842180645 2789 
1667 1716 172 0.27113844793684244 2692 
1668 1716 164 0.33266261290032295 2785 
1669 1716 170 0.5497102506063144 2765 
1670 1716 171 0.4461890126224202 2704 
1671 1727 180 0.5090449930298061 2704 
1672 1727 165 0.22643090629510584 2782 
1673 1727 182 0.6889998637046434 2870 
1674 1727 165 0.608857607048572 2722 
1675 1732 174 0.4040241996989359 2826 
1676 1732 182 0.837369966782427 2687 
1677 1734 178 0.42923314062388057 2771 
1678 1734 183 0.6324898109332442 2774 
1679 1735 171 0.6792512278404185 2842 
1680 1735 176 0.6067698554611162 2855 
1681 1735 183 0.6354473230258906 2817 
1682 1735 177 0.8525712063875414 2686 
1683 1736 174 0.11983778642403359 2873 
1684 1736 172 0.3449859698782003 2713 
1685 1747 170 0.6579582464830557 2766 
1686 1747 169 0.6179554169653836 2830 
1687 1747 169 0.45567171210402074 2686 
1688 1750 168 0.7918811334734919 2786 
1689 1750 178 0.7255884659617471 2686 
1690 1750 174 0.1135540949377613 2755 
1691 1750 183 0.557170677199123 2865 
1692 1752 176 0.5485447264085592 2677 
1693 1752 178 0.23401109995057867 2680 
1694 1752 176 0.7905928879215022 2840 
1695 1754 175 0.5946589952424653 2705 
1696 1754 183 0.0892850876098119 2719 
1697 1754 165 0.10925115242537864 2789 
1698 1761 181 0.556766391249722 2823 
1699 1761 173 0.4418773284557213 2726 
1700 1761 180 0.254478107175815 2812 
1701 1761 164 0.15584102325029964 2823 
1702 1764 175 0.5132945568310952 2764 
1703 1764 175 0.3606804517389908 2727 
1704 1764 169 0.26769646430872684 2843 
1705 1770 183 0.30608397816630073 2825 
1706 1770 172 0.7566296430338693 2777 
1707 1771 177 0.8644450712182663 2754 
1708 1771 181 0.07591815825100857 2778 
1709 1772 178 0.39548601847179155 2815 
1710 1772 163 0.24607458770291765 2805 
1711 1772 176 0.13894434058376445 2802 
1712 1772 164 0.010581969125816663 2738 
1713 1773 183 0.08082235884007691 2851 
1714 1773 170 0.030846506488248035 2808 
1715 1777 177 0.5622508882537238 2713 
1716 1777 169 0.8137110680808173 2743 
1717 1777 163 0.1252389905271779 2804 
1718 1777 173 0.48842954564457625 2705 
1719 1781 170 0.7713954221140779 2707 
1720 1781 175 0.3371028380224631 2807 
1721 1781 175 0.8022304805814535 2777 
1722 1783 170 0.7764572184341422 2810 
1723 1783 167 0.7879602822196499 2838 
1724 1783 172 0.7484477795145612 2784 
1725 1783 164 0.8877760218388271 2833 
1726 1784 178 0.7065555213490367 2826 
1727 1784 176 0.3531266524257992 2873 
1728 1784 172 0.12809082022687834 2873 
1729 1788 180 0.747302981747721 2696 
1730 1788 183 0.5281238058046313 2743 
1731 1788 175 0.736894352940702 2782 
1732 1793 171 0.14893252951852196 2832 
1733 1793 171 0.8275598942958073 2831 
1734 1795 169 0.3975679357763177 2872 
1735 1795 169 0.012809241887051737 2690 
1736 1795 179 0.0496252461837333 2845 
1737 1795 177 0.5521234473279029 2789 
1738 1796 181 0.5264843606812825 2743 
1739 1796 177 0.7003624145104402 2695 
1740 1798 179 0.25210722878542324 2857 
1741 1798 175 0.7864933456092206 2751 
1742 1801 175 0.6651457116534925 2766 
1743 1801 182 0.31443394952655 2792 
1744 1801 165 0.18579636496482155 2751 
1745 1802 169 0.8539277137646293 2685 
1746 1802 182 0.20172738075008786 2857 
1747 1805 172 0.06362481951370874 2800 
1748 1805 163 0.31751570001966306 2851 
1749 1805 174 0.6517424461049416 2767 
1750 1806 172 0.5484896395098195 2778 
1751 1806 183 0.1408568790346748 2705 
1752 1809 179 0.07407647037549932 2690 
1753 1809 164 0.3785452253439618 2777 
1754 1809 172 0.8730995826383537 2723 
1755 1810 180 0.6859299670406496 2852 
1756 1810 166 0.4231869294733675 2838 
1757 1810 176 0.2466684653898149 2834 
1758 1810 174 0.058860637310659124 2757 
1759 1814 176 0.46860835325570727 2816 
1760 1814 182 0.5380407792354005 2799 
1761 1816 181 0.21141665168476956 2809 
1762 1816 170 0.8802297282726512 2831 
1763 1816 179 0.038165185663015605 2830 
1764 1817 173 0.5802034833455589 2860 
1765 1817 181 0.22994814785433293 2795 
1766 1817 173 0.14681130376080498 2843 
1767 1818 175 0.7664199254516485 2724 
1768 1818 178 0.7320454146438882 2832 
1769 1818 170 0.564271435727166 2695 
1770 1819 180 0.48906608895235926 2701 
1771 1819 163 0.41695773971454714 2678 
1772 1819 175 0.7042703772650001 2705 
1773 1819 166 0.40251835941851677 2838 
1774 1821 180 0.7980230599965127 2869 
1775 1821 178 0.19332985337573902 2760 
1776 1824 183 0.5464570814755083 2856 
1777 1824 175 0.766172674296692 2724 
1778 1824 163 0.7768448080109506 2699 
1779 1824 176 0.34521781010810126 2774 
1780 1831 171 0.29092483445228545 2715 
1781 1831 168 0.04772197369739427 2717 
1782 1831 178 0.13339523069527573 2730 
1783 1832 181 0.7765160736116907 2772 
1784 1832 164 0.2769937978588763 2813 
1785 1832 179 0.1323316530481775 2772 
1786 1832 165 0.8196677837311497 2679 
1787 1836 163 0.02939693854785593 2676 
1788 1836 175 0.7209414521776554 2709 
1789 1836 164 0.33030093834257657 2710 
1790 1845 163 0.04410937977811541 2687 
1791 1845 181 0.8026095706099813 2676 
1792 1845 170 0.4429460328380475 2821 
1793 1849 173 0.7172623359167805 2680 
1794 1849 181 0.5943409481247565 2841 
1795 1853 174 0.4464940701837883 2858 
1796 1853 178 0.12515877421795923 2865 
1797 1853 170 0.47509544486428595 2837 
1798 1853 173 0.5042983705669164 2734 
1799 1854 163 0.5914418705842129 2753 
1800 1854 176 0.6733539619082964 2757 
1801 1856 181 0.6904003395261827 2741 
1802 1856 167 0.4501201069398413 2856 
1803 1856 169 0.21274196006449084 2751 
1804 1856 166 0.843424258036974 2871 
1805 1864 164 0.8129825513265978 2774 
1806 1864 173 0.5214737633679725 2814 
1807 1864 183 0.5276987386293419 2746 
1808 1864 170 0.25038222053888065 2866 
1809 1865 166 0.44292768101675656 2850 
1810 1865 176 0.5164002991784473 2717 
1811 1865 164 0.49532917536123333 2738 
1812 1866 180 0.43625297679151975 2712 
1813 1866 175 0.19598106938988563 2865 
1814 1871 171 0.4568487198745592 2857 
1815 1871 181 0.4677786141892148 2816 
1816 1874 173 0.7958116516805889 2685 
1817 1874 183 0.2906253835624123 2694 
1818 1874 181 0.3935251997092301 2720 
1819 1878 178 0.047076564050612835 2758 
1820 1878 179 0.3935708146485596 2702 
1821 1879 168 0.5189850851425459 2797 
1822 1879 181 0.21012703543471306 2851 
1823 1879 180 0.3956024124153361 2694 
1824 1880 172 0.15340617148002428 2866 
1825 1880 179 0.21338953649440145 2793 
1826 1880 181 0.6618938787023186 2853 
1827 1880 174 0.5877194434289005 2743 
1828 1883 170 0.07277816482415635 2769 
1829 1883 181 0.605891359369431 2752 
1830 1883 168 0.02598183197009784 2699 
1831 1887 172 0.4333365219031754 2856 
1832 1887 164 0.13225798851012918 2861 
1833 1887 179 0.8409075326510234 2759 
1834 1887 164 0.1920078308101615 2724 
1835 1889 172 0.8927080022816706 2707 
1836 1889 170 0.29585513153945214 2783 
1837 1889 167 0.04662680001603501 2741 
1838 1889 169 0.4703986187861817 2871 
1839 1892 183 0.5895735440624154 2766 
1840 1892 175 0.4960130137274698 2696 
1841 1893 165 0.34155407044623215 2674 
1842 1893 172 0.40930731998568043 2830 
1843 1893 179 0.6865450262355799 2679 
1844 1894 172 0.7347990211167751 2836 
1845 1894 179 0.3737036525872821 2702 
1846 1896 168 0.7786872925498273 2754 
1847 1896 172 0.6934159090078756 2674 
1848 1896 180 0.8857545054986397 2816 
1849 1900 181 0.2353116800270591 2773 
1850 1900 166 0.6931119491962697 2752 
1851 1900 173 0.30133910670290215 2768 
1852 1900 165 0.19849477179808148 2838 
1853 1903 170 0.7677714415896008 2865 
1854 1903 170 0.44211421876324547 2694 
1855 1903 163 0.32745751600591755 2755 
1856 1904 167 0.8258929668015681 2813 
1857 1904 167 0.8577041379723127 2705 
1858 1904 168 0.7856807087897506 2831 
1859 1904 163 0.07411819955823329 2791 
1860 1905 183 0.7295283987738456 2760 
1861 1905 171 0.6291279899177802 2755 
1862 1905 183 0.5856973548004863 2851 
1863 1905 181 0.7751540099140731 2800 
1864 1906 169 0.0510926006682127 2746 
1865 1906 165 0.7508465773016988 2747 
1866 1906 176 0.36007614565972346 2684 
1867 1906 173 0.06894374916721882 2838 
1868 1907 163 0.8447314896842829 2775 
1869 1907 167 0.08902195148193245 2868 
1870 1907 173 0.10501009661909778 2856 
1871 1910 171 0.6168539156331023 2829 
1872 1910 175 0.3093201050389277 2826 
1873 1910 167 0.7663512595821266 2787 
1874 1913 169 0.3415232291632384 2763 
1875 1913 175 0.11286477290738182 2834 
1876 1913 167 0.36109370032664245 2873 
1877 1913 165 0.4565138902735263 2796 
1878 1917 163 0.5970946337357731 2758 
1879 1917 174 0.8113564150158061 2870 
1880 1918 166 0.6378545856918227 2675 
1881 1918 169 0.40563569935229915 2797 
1882 1918 172 0.010167145316286952 2724 
1883 1918 177 0.2269853061394276 2685 
1884 1923 174 0.5196814951904788 2769 
1885 1923 166 0.5535887458469357 2823 
1886 1923 164 0.3109821975312761 2736 
1887 1925 177 0.5913208397217944 2684 
1888 1925 171 0.6916687158120676 2806 
1889 1925 177 0.42844515568566593 2746 
1890 1926 181 0.575903793641575 2870 
1891 1926 174 0.6621680856882125 2840 
1892 1927 174 0.6029047232934516 2758 
1893 1927 168 0.4433212114326792 2745 
1894 1927 170 0.441232046961119 2820 
1895 1927 172 0.1507286870029879 2715 
1896 1930 174 0.18473917027300188 2837 
1897 1930 173 0.06512084475701835 2802 
1898 1930 169 0.3023198180129456 2702 
1899 1930 165 0.5272171270893928 2791 
1900 1934 173 0.24177775614816982 2841 
1901 1934 169 0.18325870404131622 2849 
1902 1934 177 0.27881125820331737 2844 
1903 1936 170 0.5641309724410873 2819 
1904 1936 180 0.850744309723837 2677 
1905 1936 178 0.4928045749625435 2866 
1906 1937 164 0.206061733397674 2703 
1907 1937 166 0.35149109322453936 2756 
1908 1937 180 0.5004153569693077 2720 
1909 1938 181 0.10895408670172715 2764 
1910 1938 168 0.8940898391645259 2753 
1911 1938 182 0.14649748361955275 2735 
1912 1938 177 0.8946990815482185 2753 
1913 1941 173 0.03986707051310566 2794 
1914 1941 181 0.34818760982761066 2686 
1915 1941 165 0.13084513733364225 2769 
1916 1941 183 0.0749112878566899 2803 
1917 1942 169 0.360624352107795 2743 
1918 1942 183 0.4652742573726295 2829 
1919 1942 183 0.8034894935645663 2695 
1920 1942 178 0.04142998415554279 2832 
1921 1947 176 0.22038511098350577 2698 
1922 1947 164 0.6044198587893005 2711 
1923 1947 165 0.04725697820656337 2678 
1924 1947 174 0.8750755515699447 2760 
1925 1949 174 0.16602283621945635 2692 
1926 1949 164 0.24866374026644447 2773 
1927 1949 167 0.352568425536763 2687 
1928 1952 165 0.530872921393773 2874 
1929 1952 172 0.5425819417984568 2826 
1930 1953 163 0.06379518802503739 2807 
1931 1953 183 0.6015032490585923 2728 
1932 1954 166 0.21311896279198783 2841 
1933 1954 167 0.18199728919510558 2740 
1934 1957 163 0.8379005128950446 2712 
1935 1957 182 0.6833274460951251 2773 
1936 1957 179 0.3969431506322765 2873 
1937 1959 170 0.3955700382180513 2780 
1938 1959 181 0.5134763538155444 2768 
1939 1959 182 0.32617338711659877 2851 
1940 1959 172 0.6455807557701863 2675 
1941 1960 163 0.6476006255794823 2719 
1942 1960 167 0.5877862203613511 2675 
1943 1960 180 0.8782027363025834 2848 
1944 1962 179 0.7590240816623205 2680 
1945 1962 169 0.7524213952828719 2698 
1946 1962 167 0.09968711160105341 2828 
1947 1963 170 0.09354072807635494 2794 
1948 1963 179 0.2952845432977669 2791 
1949 1967 182 0.019142913115005378 2736 
1950 1967 174 0.8976952363967189 2689 
1951 1967 179 0.038088690784130366 2846 
1952 1967 171 0.15271063503844234 2842 
1953 1971 182 0.8714569981060923 2725 
1954 1971 179 0.41887281270178445 2821 
1955 1971 167 0.20117238734035117 2743 
1956 1971 176 0.8610486039707601 2861 
1957 1973 183 0.3024790449001828 2763 
1958 1973 175 0.846481187452261 2761 
1959 1974 180 0.207672802301186 2761 
1960 1974 171 0.4569261164775888 2792 
1961 1974 182 0.5326469441624838 2780 
1962 1974 175 0.15173555012509057 2755 
1963 1975 167 0.8863401380053123 2766 
1964 1975 179 0.04179931407252597 2803 
1965 1975 182 0.4497129663439414 2714 
1966 1975 183 0.7892234831762144 2684 
1967 1976 175 0.6677219772500482 2859 
1968 1976 174 0.7511260127607106 2753 
1969 1976 178 0.34436181745073335 2800 
1970 1976 163 0.6928651724527964 2743 
1971 1977 173 0.22490041933304214 2763 
1972 1977 168 0.2914455522552007 2707 
1973 1983 170 0.5076228737695475 2864 
1974 1983 179 0.6086925263190989 2866 
1975 1983 180 0.149880080694441 2830 
1976 1983 182 0.3764043230504606 2785 
1977 1984 176 0.20294825807937794 2846 
1978 1984 178 0.05777199274869073 2773 
1979 1984 172 0.35362436851954704 2683 
1980 1984 164 0.2537301637779181 2679 
1981 1986 177 0.728997704081444 2830 
1982 1986 171 0.11395630758905682 2703 
1983 1988 165 0.11571803715902867 2741 
1984 1988 179 0.7405638650145049 2789 
1985 1988 169 0.03442923294333512 2808 
1986 1990 176 0.3892274714820159 2789 
1987 1990 179 0.09209744685664543 2831 
1988 1994 174 0.060919329916549136 2690 
1989 1994 165 0.8022087974151715 2771 
1990 1994 164 0.40824762827732747 2801 
1991 1994 176 0.45224443981857054 2737 
1992 1996 167 0.21286298844423748 2770 
1993 1996 165 0.33108523036251786 2764 
1994 1997 177 0.7912312428921008 2768 
1995 1997 171 0.42194880506377413 2745 
1996 1997 172 0.6449732614307997 2767 
1997 1999 165 0.45401986853596127 2866 
1998 1999 168 0.3436390886959055 2776 
1999 2000 180 0.2528531549954387 2694 
2000 0 182 0.6140017190444282 2733 
