1 2 17 0.05726096718022477 492 
2 3 18 0.07399214217281495 481 
3 5 17 0.06070166414775791 491 
4 6 19 0.0763083074420578 480 
5 7 19 0.04851632426415898 491 
6 9 18 0.0012949622946301137 481 
7 13 19 0.04264973152914168 478 
8 13 18 0.05459075823296271 482 
9 13 18 0.012780157903363228 487 
10 15 17 0.01708683723076048 493 
11 17 19 0.07876923424415533 474 
12 17 19 0.08069978145133867 491 
13 18 19 0.032922631224338195 477 
14 18 18 0.08967660470685918 491 
15 19 18 0.05205564306974788 483 
16 19 17 0.061840463712104075 475 
17 20 19 0.07285967059298128 481 
18 21 17 0.055926004415610464 487 
19 24 18 0.030830523988723647 486 
20 24 18 0.024620142928470527 474 
21 25 19 0.012229191169222772 483 
22 25 19 0.007789350171308914 488 
23 26 17 0.06008104659770858 491 
24 26 19 0.0029404196492917966 473 
25 27 17 0.00951518217223329 487 
26 28 17 0.009822353590067157 493 
27 32 17 0.01147229051424379 493 
28 32 18 0.03983883379621187 489 
29 32 18 0.03638635603342514 490 
30 33 19 0.006421781361648619 481 
31 36 17 0.05285935645836377 486 
32 37 19 0.03541572424961277 489 
33 37 18 0.07928431915478698 473 
34 39 19 0.03193712436767263 480 
35 41 18 0.05783236623589861 491 
36 42 18 0.05400322603331868 483 
37 44 19 0.02900764805296203 493 
38 44 17 0.05368726666645604 486 
39 45 18 0.08307573648204744 473 
40 47 18 0.06921131473011628 481 
41 48 17 0.06148381618674579 475 
42 49 18 0.05400233816533895 473 
43 52 19 0.0897742720216808 476 
44 54 17 0.030928673884416568 489 
45 55 17 0.03003286685607267 473 
46 56 18 0.07094119956851926 491 
47 57 19 0.026818554796151823 478 
48 59 17 0.005242925368162143 480 
49 59 18 0.006971675691363259 491 
50 60 17 0.08831611951274558 473 
51 60 18 0.08345202189664823 477 
52 63 18 0.05805570181156517 480 
53 63 17 0.08142205086568045 480 
54 66 19 0.001308103285035693 473 
55 67 17 0.02998041975057318 487 
56 67 18 0.08830014621864132 483 
57 67 19 0.0755064376439719 491 
58 67 18 0.030015431592946794 489 
59 68 19 0.06334275394414668 479 
60 69 18 0.049791171145001374 474 
61 69 17 0.027349066654944704 473 
62 70 18 0.057614879672597326 473 
63 71 17 0.06917429378202705 487 
64 71 17 0.025958840740325274 474 
65 71 19 0.039155395948730756 479 
66 74 18 0.03473855881514199 487 
67 74 19 0.04128460752290056 480 
68 74 18 0.07671613293645003 491 
69 75 19 0.0061215384905854795 486 
70 75 17 0.029404747024125908 476 
71 81 17 0.014748192173686211 476 
72 82 17 0.06728860305068876 477 
73 83 19 0.02844033216129248 475 
74 83 19 0.021744576072489877 481 
75 84 17 0.04773598369585454 481 
76 85 18 0.056285778142546775 489 
77 86 19 0.017973438692676116 479 
78 86 18 0.06698267114145648 477 
79 88 18 0.026478391696090224 479 
80 89 18 0.0892172635713429 478 
81 91 18 0.0327429479164924 482 
82 91 19 0.03206463502235253 481 
83 92 19 0.00208824516904848 492 
84 92 18 0.04865253221264723 482 
85 92 19 0.003328168681230961 480 
86 92 19 0.05676881839542645 478 
87 92 19 0.02331876254747389 475 
88 96 17 0.004121101985270262 481 
89 96 19 0.08382750720775174 489 
90 97 18 0.043268440120779766 476 
91 98 17 0.010403614708947337 482 
92 101 18 0.04290754421440168 480 
93 102 17 0.02799056185656461 488 
94 102 17 0.02762862971415655 480 
95 103 17 0.0029513786112841606 484 
96 105 18 0.05679890992121744 475 
97 105 18 0.01892137812046555 491 
98 108 19 0.011244930513881996 487 
99 109 18 0.06303642949097085 490 
100 111 19 0.06767297172139843 476 
101 113 18 0.027265270980645084 485 
102 113 19 0.08106690821890704 491 
103 118 18 0.053980503276976184 483 
104 118 17 0.08334379765963788 479 
105 120 17 0.05160465507826457 485 
106 120 19 0.08218828602034978 488 
107 121 19 0.0026804032818938716 483 
108 122 19 0.03956172308445929 477 
109 122 17 0.06576902542020424 481 
110 123 19 0.08439321489194106 485 
111 127 19 0.015403729079924204 486 
112 127 17 0.07784422830746791 491 
113 129 17 0.0555307588172532 489 
114 129 19 0.056383844518056975 478 
115 130 18 0.07031099662876931 484 
116 130 17 0.05372430730066134 483 
117 130 17 0.05308167182137292 489 
118 131 19 0.07185405744841837 483 
119 131 17 0.06585183671626463 481 
120 134 18 0.028073766609845608 477 
121 135 19 0.021617054709213507 492 
122 136 19 0.07945610857013123 474 
123 137 17 0.024771996689547923 481 
124 138 17 0.03337089800133252 490 
125 138 17 0.04552501869398612 482 
126 138 18 0.08488609196042908 477 
127 139 17 0.04837123325115352 490 
128 141 18 0.004550197639187209 475 
129 142 19 0.007461335767449869 484 
130 143 17 0.043380935616058304 476 
131 144 18 0.020407826684384615 476 
132 144 17 0.018885769809086055 489 
133 145 18 0.04919658591745511 483 
134 147 18 0.0869839517093219 481 
135 147 19 0.07422456728256784 481 
136 150 17 0.0881673153317656 475 
137 150 17 0.06435921557535029 489 
138 150 19 0.03980948913363876 475 
139 151 17 0.06379285822136824 481 
140 151 17 0.002737234438683817 473 
141 152 19 0.004887877543048393 484 
142 153 18 0.07192076504528597 481 
143 153 19 0.030288014688323976 492 
144 153 18 0.004622053653938973 493 
145 154 18 0.006508438929779595 479 
146 154 17 0.0013670477828392612 473 
147 158 17 0.02301403098920762 477 
148 158 18 0.015240275451018772 485 
149 158 19 0.043996511430290174 479 
150 159 18 0.024630612938180897 488 
151 159 18 0.06786190892310585 481 
152 159 17 0.04340486624600895 481 
153 161 17 0.04755962516772094 491 
154 161 18 0.040274664800065064 485 
155 161 18 0.023932317720751134 473 
156 163 17 0.05894870973233015 489 
157 164 18 0.08582814914752224 473 
158 168 19 0.010744486128981236 475 
159 168 17 0.0717868262727006 480 
160 170 17 0.04841331685525903 481 
161 171 19 0.04987879810361402 491 
162 173 18 0.043344562011020625 484 
163 176 18 0.004048307595084753 478 
164 176 18 0.027403495070671177 483 
165 176 17 0.007571796282518324 478 
166 177 18 0.03845670045699256 485 
167 178 19 0.08943537001593557 490 
168 179 17 0.012469525274432278 485 
169 180 17 0.0717565593570122 474 
170 180 18 0.01599836040011782 478 
171 182 19 0.0012534113321490924 481 
172 183 18 0.056846031464961755 488 
173 184 18 0.05497003515012281 486 
174 187 19 0.04777463400298181 482 
175 189 17 0.04382186348092529 492 
176 190 17 0.011299677716422981 474 
177 191 19 0.06750840401245917 482 
178 191 19 0.00982157661170648 492 
179 194 19 0.012265554339248773 473 
180 194 19 0.0065354425494602115 490 
181 194 18 0.029484711352800324 473 
182 197 18 0.0705080402390299 479 
183 198 18 0.07555819326629654 484 
184 199 17 0.009186904355810984 478 
185 200 18 0.032462407547704464 486 
186 200 17 0.07173443451386004 489 
187 201 17 0.08970790354001734 481 
188 204 17 0.07688663018822767 492 
189 205 17 0.08970271050538832 477 
190 205 18 0.010963269453926273 480 
191 207 17 0.03531866459656961 492 
192 207 19 0.0216972364505298 477 
193 211 17 0.013869909404428983 481 
194 212 19 0.07614897751400868 484 
195 212 18 0.08380355236000885 488 
196 213 19 0.02530021329052112 482 
197 214 17 0.06477257406770483 473 
198 217 18 0.04237467382316446 487 
199 217 19 0.08861139204344236 486 
200 218 19 0.011662781860716988 491 
201 219 17 0.06494339394005232 483 
202 220 17 0.0289897875322568 491 
203 223 18 0.020170340226574723 475 
204 226 17 0.05763784139630525 487 
205 227 19 0.04896800242609343 479 
206 228 17 0.08178958579149027 493 
207 230 19 0.07030903732286369 487 
208 233 18 0.06653192685900498 486 
209 235 19 0.05283306000571716 478 
210 235 18 0.03400958086903794 493 
211 236 19 0.03998625469063399 488 
212 237 19 0.026353137929667002 488 
213 237 19 0.053896237589938494 487 
214 238 18 0.03331016188487301 482 
215 240 18 0.009732914381413396 490 
216 245 19 0.029843390813215107 480 
217 246 18 0.026377580189437328 476 
218 247 18 0.055038189352626755 479 
219 251 18 0.03189895366009876 490 
220 251 19 0.043227232981948194 486 
221 251 19 0.01137221257950977 478 
222 252 19 0.04452978291197962 489 
223 253 18 0.05471993234421825 484 
224 254 18 0.08783842863343898 491 
225 255 19 0.08285209501050206 488 
226 257 18 0.030499631554736617 481 
227 260 19 0.08684892948247108 482 
228 260 19 0.07404536438331849 480 
229 266 17 0.0515826255786076 481 
230 268 18 0.0521510640849272 492 
231 269 18 0.038750191076134324 484 
232 271 19 0.05785648104783589 490 
233 271 18 0.06353280009023664 482 
234 271 17 0.015105477827204845 486 
235 272 19 0.08928946952758957 487 
236 275 18 0.015681273249537428 474 
237 278 18 0.07295800533642868 476 
238 278 18 0.021247793035002745 475 
239 278 19 0.08228789624886292 474 
240 279 17 0.07810422798217613 484 
241 279 17 0.029879301816032502 475 
242 280 18 0.004253192430696389 486 
243 281 18 0.02808390120314302 482 
244 281 17 0.06969363735095367 479 
245 281 18 0.05810322486068563 491 
246 282 18 0.0714047447760623 477 
247 285 19 0.04879656055375931 487 
248 285 19 0.03871637795621798 488 
249 285 17 0.0542069952521272 484 
250 286 18 0.07905020571808222 477 
251 287 18 0.035115283817615375 473 
252 288 19 0.029374685024670263 489 
253 289 19 0.023688962605346073 485 
254 290 19 0.02051290767044215 487 
255 291 19 0.033281300999178226 488 
256 291 17 0.03975802123109075 493 
257 292 18 0.028073401029492767 488 
258 292 19 0.028220799176256292 487 
259 292 18 0.0022059613774679165 483 
260 293 19 0.006825607169894637 475 
261 296 18 0.005427784456997137 484 
262 297 19 0.04392676784588072 484 
263 298 18 0.06270391926656049 480 
264 300 19 0.015329540796759768 482 
265 300 17 0.07712034515985688 480 
266 304 19 0.06796337174219247 479 
267 304 17 0.032760347892202 490 
268 305 18 0.02643312620667667 490 
269 306 19 0.06780867124153236 492 
270 306 17 0.08325518072585532 477 
271 308 17 0.08005877161400457 488 
272 309 19 0.08513608745825571 480 
273 309 18 0.07227577648110474 485 
274 309 18 0.06637794414054209 486 
275 312 18 0.05757862003286229 474 
276 312 17 0.050075579139595074 475 
277 312 19 0.009847893538217769 473 
278 313 19 0.0650798138341085 479 
279 313 17 0.07566515542209389 483 
280 313 18 0.08130616096804712 480 
281 314 17 0.007833044441116689 478 
282 315 19 0.004004920443855352 482 
283 315 19 0.003172611538768305 478 
284 316 17 0.04557617016183119 487 
285 318 18 0.0877402313702412 484 
286 318 17 0.05414500854935126 473 
287 318 17 0.08859547292067266 492 
288 319 18 0.023795786440104355 486 
289 320 17 0.07893315390308005 485 
290 321 19 0.039929796617221264 488 
291 323 17 0.08920898610643947 481 
292 324 17 0.0576078935590655 485 
293 325 18 0.05125246451229857 484 
294 329 18 0.023238157050242056 489 
295 329 19 0.06606599374677058 480 
296 330 19 0.07357196033074602 473 
297 330 18 0.08023474293063974 485 
298 330 19 0.03534505829567888 489 
299 332 19 0.0872621202381184 493 
300 332 18 0.026176574187424095 482 
301 332 19 0.067566359061417 476 
302 333 19 0.08701881731300197 491 
303 334 19 0.014583008702793176 477 
304 336 18 0.06996057963751462 474 
305 337 17 0.07478002187125214 475 
306 339 19 0.027855305886317246 483 
307 340 18 0.06838542177747198 477 
308 342 17 0.06192571318469567 488 
309 342 17 0.037194426871285685 481 
310 342 17 0.0821465612902773 482 
311 342 18 0.024334281870849326 478 
312 343 17 0.08998359836576339 491 
313 344 17 0.06248065438463772 486 
314 344 17 0.06517873642507335 481 
315 344 19 0.016096012675148177 490 
316 344 19 0.06860988904638383 483 
317 344 19 0.04531762086274851 474 
318 346 17 0.06473041396488151 483 
319 347 17 0.03486988119219024 473 
320 348 19 0.07676071008268581 489 
321 348 18 0.012183697998614382 484 
322 348 18 0.020811241257916842 481 
323 349 19 0.07603346033182681 479 
324 350 18 0.08346944732974745 486 
325 350 18 0.04417932966165533 490 
326 350 18 0.07147850233158612 482 
327 350 17 0.06295753467309347 476 
328 350 19 0.014584070036766397 476 
329 350 17 0.014943344400948324 479 
330 351 18 0.04612273440617086 482 
331 352 17 0.03012842897402524 487 
332 353 17 0.045928666940992256 486 
333 353 19 0.015505710147153417 487 
334 354 19 0.047220595653837176 474 
335 354 18 0.0015174417859293008 473 
336 357 18 0.039404111422757127 475 
337 357 19 0.046590035973126505 492 
338 357 18 0.05770074131780471 491 
339 357 18 0.08625249195533466 478 
340 359 17 0.071481919172404 479 
341 359 17 0.01883753389419575 474 
342 360 19 0.03982629015191294 491 
343 363 19 0.033605578220512466 479 
344 370 18 0.021607336770692747 488 
345 370 18 0.011506205066171681 490 
346 371 19 0.05546365357419299 489 
347 371 18 0.036502491717480386 473 
348 372 19 0.014077751431945288 474 
349 373 17 0.08286210724070762 487 
350 374 19 0.04531792227137124 477 
351 374 17 0.037902822313055855 488 
352 378 18 0.020319665008391993 486 
353 380 19 0.08145495695906269 477 
354 382 17 0.013707021683759972 488 
355 383 19 0.020342673019305882 489 
356 383 19 0.02849952094063775 490 
357 384 19 0.0031233585632317764 478 
358 384 18 0.06450022960679287 490 
359 385 17 0.007855397700963074 489 
360 386 18 0.05720761189603942 492 
361 388 17 0.08508636645514915 492 
362 389 18 0.01969875756367341 482 
363 390 19 0.07442671130595627 484 
364 391 19 0.0537936198903368 482 
365 392 19 0.02867069804310417 474 
366 392 18 0.00171185165545079 488 
367 393 19 0.029069995967675573 488 
368 393 18 0.001453787046449432 476 
369 394 18 0.045454313472645926 493 
370 397 19 0.01088877408228513 475 
371 398 18 0.0880445568831923 478 
372 399 17 0.0664093291592132 487 
373 401 17 0.031979376933790285 493 
374 401 19 0.04575215421588519 481 
375 402 17 0.08319722718306735 486 
376 403 17 0.010885971601802186 493 
377 403 17 0.050123055644113616 486 
378 404 17 0.0660448938642525 482 
379 405 18 0.017048261932439746 486 
380 406 19 0.012573598189713597 480 
381 406 18 0.08546315119392699 487 
382 407 19 0.061054532607109586 489 
383 407 17 0.03302260313686064 479 
384 408 17 0.031908562552215074 473 
385 408 19 0.01576959592505588 488 
386 409 19 0.06921634641793689 490 
387 409 18 0.04341618721706662 474 
388 409 18 0.059794809092994304 486 
389 409 19 0.026582961540814035 481 
390 413 17 0.025816657003770116 493 
391 416 18 0.011046567003730513 489 
392 416 19 0.06355537366939586 490 
393 416 17 0.07653696000490426 493 
394 417 17 0.06550755069597682 483 
395 420 19 0.028326668740774226 487 
396 420 17 0.03700105381420963 476 
397 421 18 0.08044223368932854 480 
398 422 18 0.0757388133747723 485 
399 423 19 0.05693447675010843 474 
400 423 17 0.004939670252016647 481 
401 424 18 0.07304477137947207 489 
402 425 17 0.05343703422758694 492 
403 427 17 0.044345151510418145 479 
404 428 19 0.04388738327100839 480 
405 428 17 0.04072712348430678 480 
406 429 17 0.07943255528593204 490 
407 429 18 0.07020505293886062 479 
408 431 17 0.0897184618236212 490 
409 431 19 0.07125330211868859 477 
410 432 19 0.05836302837529075 487 
411 434 17 0.08640149748350338 489 
412 436 17 0.06997023287193567 478 
413 438 17 0.0541917258594202 484 
414 438 19 0.07566154408631308 474 
415 438 19 0.00775716372159449 489 
416 441 17 0.02514232092217918 484 
417 442 17 0.021776654558479214 484 
418 443 18 0.05027588562005199 479 
419 444 17 0.06409298097893266 475 
420 448 17 0.006294510602937138 488 
421 450 19 0.029282727355053894 481 
422 450 18 0.02636077649283202 481 
423 451 17 0.012539273543371574 484 
424 451 17 0.03562045806283461 475 
425 452 18 0.003384258983380156 487 
426 452 17 0.07537452630010166 486 
427 453 19 0.007211171232225519 478 
428 454 19 0.0433607129438263 493 
429 455 17 0.07438586671758192 490 
430 456 17 0.06814613744191968 489 
431 457 18 0.07198511031143268 483 
432 457 19 0.00845818652427013 476 
433 457 18 0.08324763058628451 475 
434 458 17 0.010062417252195921 474 
435 460 17 0.06176139686697179 492 
436 463 18 0.055321358328725395 478 
437 463 17 0.0035993312139524585 475 
438 464 17 0.008626282599249043 483 
439 464 18 0.029164865866009627 475 
440 465 18 0.0684343222698259 473 
441 466 17 0.052981812746861555 474 
442 469 17 0.04115455789313102 492 
443 469 18 0.07890080364327928 490 
444 471 17 0.03569776729283865 474 
445 471 17 0.013932195924429177 491 
446 473 18 0.03209811499316432 474 
447 474 19 0.0415137502484761 486 
448 475 19 0.05793016653752656 489 
449 477 19 0.06824694769979621 480 
450 479 18 0.058308382053693354 485 
451 479 17 0.06650311524155546 481 
452 479 19 0.08485911825926283 493 
453 480 19 0.001987816717582032 474 
454 481 17 0.0034378341728140706 485 
455 482 17 0.037371873601596425 485 
456 483 17 0.017005316835434527 475 
457 485 17 0.03285608538631091 493 
458 485 18 0.0018777858808212097 482 
459 485 18 0.08105456793663798 480 
460 486 18 0.06604744481071784 490 
461 486 17 0.008600084965500547 490 
462 487 19 0.06590184055664874 481 
463 488 19 0.07090248591542161 482 
464 489 19 0.016371965021477752 483 
465 490 18 0.02542287301017277 490 
466 491 17 0.08691666350116548 475 
467 491 19 0.04650018835930403 482 
468 491 18 0.08064147266295298 480 
469 492 17 0.04313944223933577 482 
470 492 18 0.07650057200438266 488 
471 492 17 0.007621251418338621 492 
472 492 18 0.03341971321400779 491 
473 492 18 0.015491679277106856 492 
474 494 17 0.040731150605568166 485 
475 494 19 0.04089789351383255 474 
476 494 17 0.030974842821144072 478 
477 495 18 0.0022162783012039267 474 
478 495 18 0.02029291996982925 491 
479 496 17 0.07018547641461115 474 
480 496 17 0.034061087799374265 480 
481 499 19 0.04749932682335601 478 
482 499 17 0.07641477654047173 478 
483 499 18 0.08039874965455675 492 
484 499 18 0.05698038744125795 476 
485 500 17 0.013311210981761322 484 
486 502 19 0.03651139436448541 485 
487 503 17 0.05290674616604621 491 
488 506 19 0.07648888667189604 477 
489 506 19 0.0744500054626274 480 
490 506 17 0.06538715973531259 492 
491 506 18 0.07601799962452675 489 
492 507 18 0.04764625087908726 480 
493 507 18 0.0017412097249077563 476 
494 508 19 0.02735546492903847 485 
495 509 19 0.06146932508614673 484 
496 510 19 0.016712231130895244 489 
497 510 19 0.06154193774105546 492 
498 510 18 0.08287533016781487 489 
499 512 19 0.06913813527723209 486 
500 514 17 0.030890962226934528 476 
501 514 17 0.07738947516782194 483 
502 514 18 0.011145863257423182 475 
503 514 17 0.031623135948000036 483 
504 517 18 0.07319033792496754 485 
505 522 19 0.042089247027449275 487 
506 523 19 0.0763935831965943 477 
507 523 18 0.061277289347112185 474 
508 526 17 0.059312074745386925 473 
509 528 17 0.08385806597484423 488 
510 531 19 0.009338347200034434 487 
511 533 17 0.02160887744333568 486 
512 534 18 0.029518420363533793 481 
513 534 18 0.012763822406538502 491 
514 536 18 0.06158755478472563 493 
515 537 19 0.07200318360914339 489 
516 542 17 0.01910234075700473 479 
517 542 18 0.0592238879748824 479 
518 543 18 0.01972217558468085 490 
519 543 17 0.03566234580348667 481 
520 543 19 0.04152465870157988 490 
521 546 17 0.03673139987734474 477 
522 546 17 0.0792178814059005 486 
523 547 19 0.06334267827601918 486 
524 547 17 0.08147166087331213 484 
525 547 18 0.0565662380121265 473 
526 548 17 0.07700269957412553 487 
527 550 18 0.04053514581580978 493 
528 551 19 0.060034157047431314 488 
529 552 19 0.04145783573788983 481 
530 553 18 0.044010617941385353 491 
531 557 17 0.06690083410010672 489 
532 557 18 0.0711062263064038 478 
533 557 18 0.05578263330352051 477 
534 559 18 0.08292357073955939 475 
535 559 19 0.041326059602479 481 
536 561 17 0.0011402312743702533 482 
537 561 19 0.01624914742964324 480 
538 561 18 0.08411233563499185 474 
539 562 19 0.017741921758079735 485 
540 562 17 0.021172304841731625 480 
541 563 17 0.01470014733215489 491 
542 565 19 0.012950354837568585 488 
543 565 17 0.02690765595300816 479 
544 565 17 0.0738701783392651 475 
545 566 18 0.07649016674225426 491 
546 567 17 0.026762415919256696 482 
547 571 17 0.06986531577143681 484 
548 571 18 0.061946894398781066 480 
549 572 18 0.05644787044126556 489 
550 572 19 0.018804714484800925 473 
551 573 17 0.046484323555103436 474 
552 573 17 0.025341884730694996 492 
553 573 19 0.05467524409709042 480 
554 574 17 0.027826540543395693 490 
555 574 19 0.047530592940445295 493 
556 575 19 0.03145164712179054 488 
557 578 17 0.012924194919129633 478 
558 578 18 0.02430071208727615 473 
559 579 17 0.0015287302372682563 488 
560 581 18 0.025060156586362358 484 
561 582 18 0.01582748082571397 489 
562 583 18 0.06075450780895294 482 
563 583 17 0.03273737397132143 492 
564 584 17 0.049669331835836 478 
565 585 19 0.033941138512642834 484 
566 585 17 0.005528887075127476 477 
567 585 17 0.07281644201074093 483 
568 585 17 0.06392216841596689 480 
569 586 19 0.03944601030151575 480 
570 586 17 0.05119646809687154 487 
571 589 18 0.01824337867656741 483 
572 589 18 0.0010224925149828412 489 
573 590 18 0.048635793966235116 480 
574 590 18 0.04406800764847838 490 
575 590 19 0.05417766366201843 488 
576 591 18 0.07969287260591225 489 
577 591 19 0.026087982661207456 485 
578 594 17 0.06293668856948297 491 
579 595 18 0.03273797478387893 478 
580 595 18 0.028706082016209094 478 
581 596 19 0.04118258341352785 490 
582 597 18 0.03482398497446216 474 
583 597 17 0.07208629926464372 475 
584 600 18 0.016244580873516143 484 
585 601 17 0.027899328130524016 473 
586 602 17 0.002775081747333029 485 
587 602 19 0.00445711911834497 473 
588 603 19 0.0651859094985088 488 
589 605 19 0.04519858170447148 479 
590 605 18 0.07673050646051581 478 
591 606 18 0.0792406774896432 483 
592 607 18 0.02589123164812097 488 
593 607 19 0.06767418705904124 487 
594 608 17 0.05088023607421789 491 
595 609 19 0.0027296132599060547 481 
596 610 17 0.0684112959205885 482 
597 611 19 0.07455206186424797 479 
598 611 18 0.0596723242888761 490 
599 611 17 0.08199356584121904 475 
600 611 19 0.05247567487219296 481 
601 612 19 0.026409842029612184 478 
602 612 18 0.06802140803539049 473 
603 615 18 0.027006988713612935 489 
604 617 19 0.040696989932164127 490 
605 618 19 0.08600720936333411 485 
606 618 17 0.06399971807145698 491 
607 618 18 0.06306210901393151 484 
608 620 19 0.06447390561541863 481 
609 620 19 0.060511520826385036 473 
610 620 19 0.08076252308236005 481 
611 622 19 0.008954526088151848 490 
612 622 18 0.003373558050929732 481 
613 622 18 0.011361965659319646 481 
614 624 17 0.06781829881708527 485 
615 624 17 0.05818282681922463 484 
616 624 19 0.05902825653765394 476 
617 625 17 0.05012623941688331 480 
618 626 18 0.054107975514671426 475 
619 629 19 0.03023236922354073 473 
620 631 17 0.08551189226920852 481 
621 632 19 0.008306090050202244 479 
622 635 17 0.0773611245513169 482 
623 635 18 0.04187159994517174 492 
624 637 19 0.02533051848050727 493 
625 638 17 0.054293483232138555 493 
626 640 17 0.04441952455194195 474 
627 640 17 0.03221272429411599 492 
628 642 17 0.05522749257707546 483 
629 644 19 0.009392275445398359 477 
630 647 19 0.06365914377992499 493 
631 648 18 0.016902267426786702 477 
632 648 19 0.028131813614594825 490 
633 648 18 0.05865223742366405 485 
634 648 19 0.056404462698237554 491 
635 650 18 0.02683198759393575 480 
636 651 19 0.05577399563951924 484 
637 652 17 0.05265323664581614 491 
638 654 19 0.05616347142053699 493 
639 656 17 0.07039820200201934 474 
640 657 19 0.052878821448679385 477 
641 657 19 0.07700362426945082 489 
642 658 19 0.0129781047849865 473 
643 658 17 0.020363809373534682 473 
644 659 19 0.02886998975674376 473 
645 659 18 0.05588099946833076 489 
646 659 18 0.06386644909768865 491 
647 660 17 0.01511199784981879 491 
648 662 18 0.061077303030729786 481 
649 662 19 0.03454836400530053 489 
650 664 17 0.04976444066708305 486 
651 664 18 0.07002065724807305 489 
652 664 18 0.03566200278765249 479 
653 665 19 0.07298581852433055 480 
654 667 19 0.037678589090640806 486 
655 671 18 0.08810491382309975 479 
656 673 19 0.008469769456518908 474 
657 675 19 0.035454657388848454 481 
658 676 19 0.0762617092684658 485 
659 676 19 0.0715237777159818 480 
660 676 19 0.019431396193712546 487 
661 677 19 0.013684508232569156 480 
662 680 19 0.006493046608912882 478 
663 680 17 0.06324462622722933 484 
664 681 17 0.08775416304662088 483 
665 681 18 0.08654099400898138 475 
666 681 17 0.06276198637474542 473 
667 682 19 0.00438950510158508 475 
668 683 18 0.027255516724568316 484 
669 683 18 0.07813684780189978 483 
670 684 18 0.012747568676029278 490 
671 686 17 0.07292691836607657 473 
672 686 18 0.04502179002119468 493 
673 687 18 0.026057347153223897 480 
674 688 19 0.053120411003473554 485 
675 693 19 0.06144745358066875 474 
676 693 19 0.07860792924400571 487 
677 696 18 0.07756458032886954 482 
678 696 18 0.06382341737850836 475 
679 697 19 0.003620892546610168 480 
680 699 18 0.02715512889559433 482 
681 700 19 0.08576746754780061 480 
682 701 19 0.0492653094876176 478 
683 703 17 0.04730981355805798 485 
684 704 18 0.022013525988538448 481 
685 704 17 0.05840082958334908 491 
686 705 19 0.08232019843377138 473 
687 705 17 0.04626985871256682 487 
688 706 18 0.007425962297416095 492 
689 707 18 0.08653824711182262 491 
690 708 19 0.025902851448807607 490 
691 710 19 0.05670184398777774 487 
692 710 17 0.033052334517708636 480 
693 713 18 0.011335752512765009 473 
694 713 17 0.0440318009122527 491 
695 713 19 0.027353850173039033 478 
696 714 18 0.0543730062244006 479 
697 715 18 0.01611955194682329 474 
698 715 19 0.005878567278432393 486 
699 716 17 0.014905474692243282 477 
700 716 17 0.02586311019832607 493 
701 716 19 0.07222753051560718 488 
702 716 19 0.07983766309229272 493 
703 717 19 0.04396816585913313 487 
704 719 18 0.03567489790475367 491 
705 719 19 0.06080841942125165 488 
706 719 17 0.04734093373804708 487 
707 720 18 0.0892495636326814 492 
708 721 17 0.028047325700339614 479 
709 721 17 0.04584945021647964 485 
710 722 18 0.0137150079422391 483 
711 727 17 0.031059084184554362 480 
712 727 17 0.06606233505417114 479 
713 728 17 0.004129969692737293 489 
714 730 18 0.03623909022430818 488 
715 730 17 0.013080270514676747 490 
716 733 17 0.020236850757149864 483 
717 733 18 0.06630472445763758 493 
718 733 17 0.07189223171422564 478 
719 734 19 0.04490276475531507 487 
720 735 18 0.04006828109760177 473 
721 735 17 0.07827440689703268 473 
722 736 17 0.0624659876039191 480 
723 736 19 0.015241334770928022 488 
724 739 19 0.087760187394776 481 
725 739 19 0.0621244941087123 476 
726 739 18 0.06272443598584239 485 
727 741 17 0.03172852227270186 481 
728 742 18 0.05211492910180901 473 
729 742 17 0.022714122714778223 476 
730 743 18 0.022214202474897138 485 
731 744 18 0.015286169023715122 475 
732 744 18 0.0016121521920517178 488 
733 745 19 0.08249590377700063 478 
734 745 17 0.08710274894104682 492 
735 746 17 0.07936783077477823 486 
736 746 19 0.044833186238005314 489 
737 747 17 0.040083002409401824 475 
738 748 19 0.022176409398010622 490 
739 749 17 0.026385641807122585 482 
740 750 17 0.04175838921239178 491 
741 751 18 0.01217483724573382 475 
742 752 18 0.07705095248952647 484 
743 752 18 0.0027674524058835656 483 
744 752 17 0.08512868356886359 485 
745 753 19 0.007381011995731802 473 
746 753 17 0.057997587103382583 485 
747 754 18 0.011683768514597608 476 
748 754 18 0.06493598465218109 490 
749 757 19 0.07729939467362107 478 
750 758 17 0.04550081457003554 480 
751 761 17 0.001845927441411698 481 
752 763 17 0.088182017719189 474 
753 765 18 0.018583574477242782 487 
754 767 19 0.018295123348221105 476 
755 768 18 0.08522146828935774 473 
756 769 18 0.043361843730196324 489 
757 770 19 0.059937387989466955 484 
758 770 18 0.08489317132613679 475 
759 770 19 0.06721038348139609 476 
760 770 18 0.02318273165538984 479 
761 772 17 0.025525798344261677 483 
762 772 17 0.04380367419967502 490 
763 774 19 0.04325867898986315 490 
764 775 19 0.008077561038443523 482 
765 777 18 0.011093143717578993 480 
766 777 18 0.0882030753421889 491 
767 778 19 0.07812726561169255 493 
768 778 18 0.07250808488032554 479 
769 779 18 0.018310959800685655 493 
770 780 17 0.01089474015727599 478 
771 781 18 0.05246427506451813 493 
772 782 17 0.012704477304042169 493 
773 784 19 0.0691083945622495 475 
774 786 17 0.0776982487207275 490 
775 786 17 0.08708309468271977 475 
776 787 19 0.007001361552666629 486 
777 788 18 0.01663238545514496 477 
778 788 17 0.06127790178739544 485 
779 788 18 0.06623963019618015 488 
780 789 18 0.02953230342814678 480 
781 789 18 0.016311637214088574 488 
782 790 18 0.019812161321720912 487 
783 790 17 0.06877207570335396 480 
784 791 18 0.04366319789777745 477 
785 792 18 0.03789667229686882 473 
786 794 18 0.04798215983256243 490 
787 796 17 0.04891186167928209 492 
788 801 19 0.001102486471281705 475 
789 802 19 0.03808339008659769 477 
790 802 19 0.041980937240950776 491 
791 804 18 0.04101416655510345 479 
792 804 17 0.0857841104119116 487 
793 804 19 0.07047767977449165 481 
794 805 17 0.04887063230202305 474 
795 807 19 0.06573738821372575 485 
796 810 19 0.006463010958050518 478 
797 810 18 0.03926273837623259 479 
798 811 17 0.05795953365459542 476 
799 811 19 0.014953218672724665 476 
800 811 19 0.016280105286104487 493 
801 812 17 0.01148988920880327 483 
802 812 17 0.047837224377767204 474 
803 813 18 0.00752038080944221 476 
804 813 18 0.023333075960600504 483 
805 814 17 0.08160162070853243 492 
806 814 17 0.03701151347044546 492 
807 817 19 0.005286903027912007 479 
808 817 19 0.021665736333018097 485 
809 817 19 0.0853555361775598 485 
810 818 17 0.02701633255630324 483 
811 819 19 0.004709279939563493 475 
812 820 19 0.07622371904652465 481 
813 824 17 0.0010680296714991131 475 
814 826 17 0.05919624483344574 487 
815 826 17 0.032486958047933695 477 
816 830 19 0.01197102620334813 483 
817 831 18 0.03867055055730248 479 
818 831 19 0.04902886740106271 489 
819 832 17 0.03878431969090996 477 
820 833 19 0.04735910632851045 479 
821 834 19 0.048669670065386986 477 
822 835 17 0.01932862776988657 483 
823 836 18 0.01651403938599364 486 
824 836 19 0.025246743770082757 474 
825 836 17 0.0348952283114825 483 
826 837 18 0.023680257976512915 493 
827 837 19 0.02569211970300628 490 
828 838 18 0.015125716064733848 484 
829 840 19 0.04961811011681124 484 
830 841 17 0.08988697464209702 478 
831 844 19 0.08139747865431494 481 
832 844 18 0.07425104567415561 490 
833 846 19 0.011429905655010994 476 
834 846 19 0.023465723682545157 477 
835 847 19 0.04925774189766343 478 
836 848 17 0.05286870618614001 490 
837 850 17 0.0403953508145363 490 
838 853 19 0.07589036920461634 492 
839 853 17 0.06679735296066128 492 
840 854 19 0.04435291061614718 492 
841 855 17 0.012388552200962136 481 
842 855 17 0.041676130871894645 476 
843 855 19 0.011876178469583054 488 
844 856 18 0.03494992557523173 489 
845 858 18 0.06787522580259293 478 
846 859 19 0.0030895635634932608 488 
847 859 18 0.06678515121653297 493 
848 860 19 0.012879213919092188 485 
849 860 17 0.06439687511243078 485 
850 862 18 0.022772577147363714 486 
851 862 18 0.052276870574189234 493 
852 863 18 0.04040314355897662 485 
853 866 18 0.06188103249500726 475 
854 866 18 0.07053779791700295 479 
855 866 18 0.015698753388568545 475 
856 867 18 0.028605365661869647 483 
857 867 19 0.01743517941034733 485 
858 871 17 0.036795635557472665 486 
859 873 17 0.005066495807763901 487 
860 873 18 0.0766262957351934 483 
861 874 18 0.07896526543484861 492 
862 876 19 0.0019717524416988236 479 
863 877 19 0.041904440881299396 483 
864 878 18 0.05595857153731697 473 
865 878 19 0.016713485896604638 484 
866 879 17 0.08487326605837443 478 
867 880 19 0.04594800049424228 479 
868 881 17 0.00982857524248645 488 
869 882 18 0.02673848316362319 491 
870 882 18 0.022268459975185794 474 
871 883 19 0.07968723540946923 492 
872 886 19 0.03899079525787306 477 
873 890 18 0.021470224402077038 484 
874 890 17 0.012829740332257322 491 
875 890 19 0.02898265044136099 493 
876 894 17 0.049936348360517545 491 
877 894 17 0.04260080475676552 493 
878 895 19 0.08305614775109267 479 
879 896 17 0.05709605535171732 480 
880 897 18 0.031176402804302564 481 
881 898 17 0.07992144430403976 488 
882 898 18 0.028201978663724987 485 
883 901 19 0.021582529525721577 492 
884 901 19 0.03627773494811554 474 
885 902 17 0.01649875383200309 493 
886 902 19 0.02025358060374403 488 
887 906 19 0.0684460342427245 476 
888 906 19 0.03997330171282589 492 
889 907 18 0.03504145979091857 484 
890 908 17 0.06263266845207957 492 
891 914 19 0.00975674632332581 476 
892 914 17 0.08029402606340139 473 
893 916 18 0.028227867429997625 476 
894 917 19 0.05484311986798301 489 
895 918 17 0.06387694505470813 488 
896 918 17 0.01996950412394875 481 
897 919 17 0.05074229038214387 489 
898 920 18 0.08803618765629195 477 
899 920 17 0.02403465991057855 481 
900 922 18 0.06402025870634977 477 
901 923 19 0.005632759664038418 483 
902 924 19 0.013453063553719051 475 
903 926 18 0.019562904229147113 481 
904 926 19 0.023799139803499333 492 
905 927 17 0.04732278768179612 491 
906 930 17 0.02725262627426728 492 
907 931 17 0.06302052000888753 483 
908 933 19 0.08739827798357327 489 
909 933 18 0.05753730494525645 481 
910 933 19 0.04449429195873758 475 
911 934 17 0.05735419784280242 481 
912 934 17 0.020437442981371297 490 
913 934 19 0.026870063868504716 486 
914 935 19 0.07294650177794132 487 
915 937 19 0.08973017209900648 488 
916 937 19 0.04051657423422242 475 
917 939 17 0.0247389837956407 482 
918 939 18 0.017638062336744524 479 
919 940 18 0.0750543190899015 479 
920 942 17 0.05275194218599543 473 
921 943 18 0.07802397960733748 479 
922 945 17 0.07418963021415534 489 
923 948 18 0.0471444898527898 480 
924 949 18 0.07237866722113978 485 
925 949 19 0.08719363013340516 491 
926 951 19 0.051244022387904015 477 
927 951 17 0.046123017042249685 479 
928 951 18 0.08374171079078738 481 
929 953 19 0.04505245296988248 485 
930 955 18 0.014905567526433905 481 
931 955 19 0.08572219839852578 489 
932 957 18 0.04031401878924395 477 
933 958 19 0.050260576625438765 487 
934 958 17 0.023050403326966888 487 
935 960 18 0.04756112811494741 477 
936 960 18 0.013362683770461719 476 
937 961 19 0.06777468978477609 484 
938 963 19 0.013059976232845216 488 
939 967 18 0.006587048803604917 480 
940 967 18 0.0767291361628702 483 
941 967 18 0.016504603311218374 489 
942 968 18 0.0643002181538557 488 
943 968 18 0.0722805119083128 477 
944 969 18 0.019150225074483673 482 
945 971 17 0.0673074462590744 490 
946 972 18 0.04523707703209572 473 
947 972 18 0.06628338029500577 477 
948 973 17 0.0522128153146885 489 
949 973 17 0.07847204848451048 475 
950 973 19 0.03304953298325936 492 
951 975 19 0.026696410085071468 486 
952 975 17 0.03963609661919886 480 
953 977 19 0.07702425279438765 490 
954 977 17 0.008644774017932302 474 
955 980 18 0.006624206571051368 475 
956 981 17 0.06821083863365666 480 
957 981 19 0.0485670450209538 487 
958 983 17 0.056820851128980866 475 
959 983 17 0.022329461933999786 493 
960 985 18 0.054420955023810204 473 
961 985 17 0.03266813497751189 487 
962 986 17 0.06714217155458571 473 
963 986 17 0.03268663393964849 484 
964 989 18 0.060435825001471585 475 
965 990 17 0.02002484858193098 478 
966 991 18 0.038398688838162505 487 
967 993 18 0.011247745049626324 493 
968 993 19 0.008259114932131807 479 
969 993 19 0.08596305653956798 485 
970 993 17 0.04171825220297199 474 
971 994 17 0.017763996511692883 480 
972 995 18 0.0332291951682147 484 
973 996 19 0.07103117214966494 483 
974 996 18 0.06535489594875732 477 
975 997 17 0.006567425511121039 478 
976 998 19 0.019887507250226005 474 
977 1001 18 0.0760783195334665 483 
978 1001 19 0.008580581902601105 481 
979 1002 18 0.03911368898599373 480 
980 1004 17 0.08294799022298369 480 
981 1006 18 0.05162823671127427 474 
982 1006 17 0.027336245437602755 478 
983 1007 17 0.01739332236485047 478 
984 1009 18 0.074716395807622 473 
985 1010 18 0.059210710710039346 493 
986 1010 17 0.07672927603002641 492 
987 1010 18 0.03691932148873547 483 
988 1010 19 0.02490470905373293 488 
989 1012 19 0.0054705070114843685 476 
990 1013 19 0.030021016254292196 488 
991 1014 18 0.056170807956635996 487 
992 1014 17 0.08730819476898077 476 
993 1017 19 0.008601283193318283 485 
994 1018 19 0.05927581988811249 484 
995 1019 19 0.08390312682992863 487 
996 1020 19 0.08211115014592514 490 
997 1020 18 0.06627143621029517 478 
998 1020 17 0.0718954006145804 485 
999 1022 17 0.00951110148146488 476 
1000 1024 19 0.08296009836088845 474 
1001 1025 17 0.006679986396636606 473 
1002 1026 19 0.05018589814247627 477 
1003 1027 17 0.020402641023502897 492 
1004 1030 18 0.053644006529119805 490 
1005 1030 17 0.025169066611708292 477 
1006 1035 19 0.06404440465719438 489 
1007 1037 19 0.06606231406662641 484 
1008 1040 19 0.08593370966177581 480 
1009 1040 19 0.08114366555840662 490 
1010 1041 18 0.07450139208259693 480 
1011 1042 19 0.02978383870996739 488 
1012 1043 17 0.02272002170721502 491 
1013 1044 19 0.08426283362823202 485 
1014 1044 19 0.053444203609537985 474 
1015 1046 17 0.08909653905611493 481 
1016 1046 17 0.06902743014383739 478 
1017 1049 18 0.041769380981300605 482 
1018 1049 18 0.05293929022481939 474 
1019 1049 18 0.08396897067464835 480 
1020 1050 18 0.06945214890576386 474 
1021 1050 18 0.007480795693508364 489 
1022 1051 17 0.002755557103226389 492 
1023 1051 19 0.06117722006774078 492 
1024 1051 19 0.013597797396591192 486 
1025 1052 19 0.0014382309506900158 484 
1026 1053 17 0.08317788734212507 487 
1027 1053 19 0.02958768630460202 474 
1028 1053 18 0.08625041156110809 480 
1029 1055 18 0.04825705049431007 488 
1030 1056 17 0.07824931138009152 487 
1031 1057 17 0.0021453765089884244 490 
1032 1057 18 0.06469580782772907 482 
1033 1058 17 0.06414918046232147 482 
1034 1058 18 0.06233901998418914 473 
1035 1059 17 0.08574788193525867 486 
1036 1060 18 0.006501541891576817 487 
1037 1061 17 0.034656635672742006 480 
1038 1062 18 0.07824614229749839 490 
1039 1062 19 0.05128707485407944 478 
1040 1063 17 0.016983997939145606 481 
1041 1064 17 0.058767751960375175 483 
1042 1064 18 0.086792042698962 479 
1043 1064 19 0.08304760333421138 476 
1044 1065 19 0.03433534878076955 476 
1045 1065 19 0.04038682795526215 478 
1046 1065 19 0.06975353835196964 490 
1047 1065 17 0.05192199045567212 478 
1048 1066 18 0.04068467119155314 475 
1049 1068 17 0.019219011715169643 473 
1050 1068 18 0.012793615487221063 474 
1051 1068 19 0.06538949553326241 480 
1052 1072 18 0.032984380595104175 485 
1053 1072 17 0.012377756353592118 490 
1054 1073 18 0.0654752246165083 478 
1055 1074 19 0.01353809970304927 488 
1056 1076 17 0.06120814983711036 481 
1057 1076 17 0.08932103900924092 479 
1058 1077 18 0.038825137417425715 483 
1059 1079 17 0.07149137884412794 487 
1060 1080 18 0.026296677450423998 480 
1061 1082 18 0.05762917504230687 479 
1062 1083 17 0.03748364289556362 486 
1063 1083 19 0.028746270076598752 485 
1064 1084 17 0.026877440586239823 479 
1065 1086 18 0.039489210587347216 473 
1066 1086 18 0.07062259674755673 493 
1067 1086 18 0.018101150772535983 490 
1068 1090 18 0.05591664316285652 483 
1069 1090 19 0.03623537326879104 487 
1070 1091 18 0.003025888335796893 481 
1071 1093 17 0.05768988748560548 489 
1072 1094 17 0.0891908915788596 473 
1073 1094 17 0.08526033164831721 473 
1074 1095 19 0.029007639601183414 490 
1075 1096 19 0.012994796833536906 488 
1076 1097 17 0.07717304757076088 474 
1077 1097 17 0.058678568134462976 476 
1078 1098 17 0.08689770337117735 481 
1079 1100 17 0.08787289784881264 492 
1080 1103 19 0.01724823769747945 475 
1081 1105 19 0.0755373933147006 491 
1082 1108 18 0.007948450550124803 478 
1083 1108 19 0.0016798969141547672 481 
1084 1109 18 0.023749377580258076 483 
1085 1110 17 0.05395381780243394 475 
1086 1112 18 0.07158800364735646 481 
1087 1112 18 0.04204192622334739 484 
1088 1113 18 0.013933385728322773 490 
1089 1114 19 0.08390064892522435 490 
1090 1115 17 0.07208851293297873 482 
1091 1117 18 0.021220424517788904 492 
1092 1118 18 0.05481259147443502 476 
1093 1120 18 0.021510356018381378 479 
1094 1122 17 0.03318308122883412 477 
1095 1124 18 0.021721876777974245 476 
1096 1125 19 0.023665694593034758 487 
1097 1126 19 0.04159016810276257 475 
1098 1126 17 0.08071063032271135 490 
1099 1126 17 0.022795231585167827 491 
1100 1127 18 0.02151965734139921 491 
1101 1127 18 0.04764638592949406 483 
1102 1127 18 0.012510688912276635 491 
1103 1128 17 0.03783953959305659 493 
1104 1129 18 0.028497311371974234 486 
1105 1129 18 0.014327964340027175 488 
1106 1132 17 0.04725820682993601 489 
1107 1132 19 0.08670733655259953 478 
1108 1133 17 0.050032720135736904 484 
1109 1133 17 0.041109909773452004 492 
1110 1133 19 0.0654057672471456 493 
1111 1134 19 0.03277166335146032 491 
1112 1134 18 0.01998380417739384 484 
1113 1134 18 0.08131732711933164 480 
1114 1134 19 0.01969071546038962 486 
1115 1137 18 0.029059379488700545 487 
1116 1139 18 0.04731145485456887 477 
1117 1139 19 0.028800797567636253 493 
1118 1141 19 0.05907228137253836 493 
1119 1141 17 0.07059385789123714 491 
1120 1142 17 0.05619616827395624 492 
1121 1142 18 0.012824106407456449 477 
1122 1143 18 0.03824182500674221 478 
1123 1144 19 0.013897878777862548 479 
1124 1144 17 0.06031455725452581 476 
1125 1145 19 0.08988010974261956 490 
1126 1152 19 0.05357038219440636 493 
1127 1152 18 0.06471307134495165 483 
1128 1153 17 0.007569819890423892 479 
1129 1153 17 0.08365960899890915 475 
1130 1154 19 0.017561806454321656 487 
1131 1155 17 0.0804447410715792 493 
1132 1156 19 0.05435553998361496 473 
1133 1157 17 0.06863537583457795 476 
1134 1158 19 0.01568427558666291 481 
1135 1158 18 0.07805654742897178 480 
1136 1158 19 0.07263261398073466 488 
1137 1161 19 0.03127524984303471 492 
1138 1161 19 0.011768668219519416 486 
1139 1162 19 0.05763603215069509 485 
1140 1162 19 0.021830839902607455 490 
1141 1162 19 0.01294830944475003 485 
1142 1162 17 0.08260281580139832 482 
1143 1165 17 0.0584201141856851 478 
1144 1165 19 0.05195330524728414 488 
1145 1169 18 0.08691912537026117 474 
1146 1169 17 0.0720931260475954 491 
1147 1170 17 0.0558458069106427 473 
1148 1171 19 0.0668232140567349 481 
1149 1171 18 0.03976990555141304 484 
1150 1172 17 0.07131500387528172 478 
1151 1173 18 0.05243869451401774 484 
1152 1174 18 0.04617077133114 473 
1153 1174 19 0.002339979335596069 477 
1154 1175 19 0.06162931122530399 487 
1155 1176 19 0.05025914772062813 490 
1156 1177 17 0.052010480749310896 492 
1157 1179 19 0.03020771053612229 485 
1158 1179 19 0.009007324305929432 476 
1159 1180 18 0.06792094496992188 476 
1160 1182 17 0.015133509314667157 476 
1161 1183 19 0.05001875122176519 490 
1162 1185 19 0.053451435007590295 474 
1163 1185 17 0.06865525350237638 476 
1164 1186 19 0.08229464810672944 473 
1165 1188 18 0.05097179375882303 490 
1166 1188 17 0.028625025773296134 477 
1167 1188 19 0.02447148761444814 477 
1168 1190 19 0.05705548485281075 490 
1169 1191 18 0.046632102068169354 481 
1170 1192 19 0.04178897870766413 482 
1171 1194 19 0.06250210190498286 476 
1172 1197 17 0.012455908113882894 491 
1173 1197 17 0.016866456785971106 483 
1174 1198 18 0.0814656667100226 477 
1175 1198 18 0.0775513421564672 486 
1176 1199 19 0.03421667314620393 489 
1177 1200 19 0.02826765322113249 484 
1178 1200 18 0.009638904461121384 483 
1179 1202 19 0.0019609007673879967 486 
1180 1202 17 0.016117297573611657 476 
1181 1202 18 0.03618557699048951 487 
1182 1203 17 0.02445846328791247 489 
1183 1204 19 0.04329210609748972 475 
1184 1204 17 0.0581068541122023 485 
1185 1205 17 0.06488774531470916 483 
1186 1205 19 0.059546228170093016 482 
1187 1205 19 0.0732150691283864 493 
1188 1208 19 0.060726645071014364 477 
1189 1210 17 0.05164589233057204 485 
1190 1213 17 0.047387020706737476 481 
1191 1213 18 0.0028708383974463923 490 
1192 1214 18 0.038581141783224464 491 
1193 1214 19 0.023862758950994153 487 
1194 1214 19 0.008317519684929739 475 
1195 1214 18 0.006924927819447356 474 
1196 1214 18 0.00604343199164253 488 
1197 1214 17 0.02008891260892406 483 
1198 1215 19 0.017902495847043787 491 
1199 1215 19 0.07855364871640498 483 
1200 1215 19 0.022409166208557332 489 
1201 1215 18 0.04867573279223561 477 
1202 1216 17 0.061410255185542585 474 
1203 1216 19 0.0026078032891828314 479 
1204 1217 18 0.07048976686616676 487 
1205 1217 18 0.05925342062111243 488 
1206 1217 18 0.043628335307649355 487 
1207 1217 19 0.05123540966473203 488 
1208 1218 17 0.0807947469167754 492 
1209 1220 19 0.025914291375065526 491 
1210 1223 18 0.0272167940845021 479 
1211 1225 18 0.06378295067875651 489 
1212 1226 17 0.0699133621366207 491 
1213 1227 18 0.04738207966507949 479 
1214 1228 19 0.028001101725991656 491 
1215 1228 17 0.08252403645985512 474 
1216 1229 17 0.03484408572818513 480 
1217 1230 19 0.031595599931483996 479 
1218 1231 17 0.06945398979853927 489 
1219 1231 17 0.03626824017152395 492 
1220 1232 19 0.07935492169994307 486 
1221 1234 19 0.05569757676481548 490 
1222 1234 17 0.03681161008686787 474 
1223 1234 19 0.018895574428525914 474 
1224 1236 19 0.07459008458241254 483 
1225 1237 19 0.049457005701368385 476 
1226 1237 18 0.06744247961502738 485 
1227 1238 19 0.05841906900422825 475 
1228 1239 19 0.07240572281683874 476 
1229 1240 17 0.03416281107429723 485 
1230 1241 17 0.04048690256124814 482 
1231 1244 18 0.03279899107135201 474 
1232 1251 19 0.03849328307431731 489 
1233 1251 18 0.07666682632208326 478 
1234 1252 17 0.013252064179464784 482 
1235 1252 19 0.024224721585116776 490 
1236 1252 17 0.013475596923258226 481 
1237 1253 17 0.07172531532816995 491 
1238 1255 17 0.08043812882443606 484 
1239 1258 19 0.05829615438912697 487 
1240 1261 17 0.012871100983747014 483 
1241 1262 18 0.07891463256523028 473 
1242 1262 17 0.03060065095279395 477 
1243 1262 17 0.08064788191499643 489 
1244 1263 18 0.060341686513536885 483 
1245 1263 19 0.003991483010071536 489 
1246 1265 19 0.08653405671002119 476 
1247 1265 17 0.018941100965995883 492 
1248 1266 18 0.041543108543675364 474 
1249 1266 19 0.08931340545358184 480 
1250 1267 19 0.017518857743943378 491 
1251 1268 17 0.06581980639747484 487 
1252 1268 18 0.0160981774377676 489 
1253 1270 19 0.0323666462454377 475 
1254 1271 19 0.07981008894345641 493 
1255 1273 17 0.04555987053226051 491 
1256 1273 19 0.0750909914713466 479 
1257 1273 19 0.02954784458814421 489 
1258 1275 19 0.08067874103369388 487 
1259 1275 17 0.07724877320434506 480 
1260 1275 18 0.0017436600622858208 493 
1261 1278 19 0.07319820247641137 478 
1262 1278 19 0.08202359424890912 476 
1263 1278 19 0.0435340335377557 488 
1264 1278 17 0.040733693421311085 482 
1265 1279 17 0.038018531045304976 476 
1266 1280 19 0.058211111781659906 475 
1267 1280 18 0.015436219314927745 475 
1268 1282 17 0.020928612330464058 477 
1269 1282 18 0.030771516303055347 480 
1270 1282 17 0.060164211184669185 481 
1271 1283 18 0.0547475655788683 490 
1272 1286 19 0.023886874025068578 474 
1273 1287 19 0.001025045709631216 487 
1274 1287 17 0.0894726221221343 488 
1275 1291 19 0.05480255604350605 477 
1276 1294 19 0.05087031487985914 491 
1277 1294 18 0.06116248272511682 493 
1278 1295 19 0.02587722631224876 481 
1279 1295 18 0.0034159956787989812 489 
1280 1297 17 0.05596262517187409 473 
1281 1297 18 0.038657288304133244 491 
1282 1298 17 0.05692322417412234 493 
1283 1298 17 0.019340610916706247 478 
1284 1299 17 0.07617835664384023 484 
1285 1300 17 0.0326088598388093 490 
1286 1303 19 0.045284612100543874 492 
1287 1305 19 0.07627134013283488 474 
1288 1305 18 0.07332576798241348 484 
1289 1305 19 0.08666929927228104 484 
1290 1307 17 0.02263751168808488 473 
1291 1307 17 0.039202059441668546 490 
1292 1308 18 0.08007842970093032 485 
1293 1309 19 0.033153920935472606 488 
1294 1310 19 0.02900598418398891 492 
1295 1311 18 0.04988338137073755 478 
1296 1311 17 0.04929777706498848 490 
1297 1313 17 0.04674295352772926 477 
1298 1314 17 0.012802370929410493 493 
1299 1314 17 0.04483901095622401 476 
1300 1316 19 0.04006756622695343 474 
1301 1317 17 0.027520278472833268 473 
1302 1317 17 0.039327577330865816 474 
1303 1318 19 0.050412560193284 485 
1304 1319 19 0.0233845282954122 474 
1305 1322 18 0.05665131006734822 474 
1306 1327 18 0.07975039375849942 489 
1307 1329 19 0.01166104821515038 475 
1308 1329 18 0.025211125540757186 491 
1309 1331 19 0.014538907732860592 493 
1310 1332 19 0.08002611293342721 485 
1311 1335 18 0.07701576744921136 489 
1312 1335 17 0.020645578259604835 481 
1313 1336 17 0.06162170589542036 480 
1314 1337 17 0.07976230312935004 482 
1315 1337 18 0.018804286014866445 483 
1316 1337 19 0.0455782874889656 474 
1317 1338 18 0.04610817955123909 493 
1318 1339 18 0.05093516139941702 487 
1319 1341 17 0.04985506038677052 475 
1320 1341 19 0.0354800829942165 489 
1321 1342 19 0.02820908170475691 493 
1322 1343 19 0.0018459740160596402 481 
1323 1344 19 0.05505656840474775 473 
1324 1345 19 0.0170638517854017 486 
1325 1346 19 0.0030777366434503236 485 
1326 1347 17 0.056018836483001155 487 
1327 1349 18 0.06426813675399852 473 
1328 1350 17 0.02199679800605124 486 
1329 1356 17 0.07242185723432773 490 
1330 1357 18 0.062326630388696874 487 
1331 1359 17 0.08366758215788626 476 
1332 1359 18 0.07549359369182919 486 
1333 1359 18 0.0758507614269247 476 
1334 1362 17 0.02446148210372687 482 
1335 1363 19 0.0706698715046083 483 
1336 1365 18 0.03163738645113223 486 
1337 1366 18 0.0230794915555395 482 
1338 1367 19 0.06253771730219866 475 
1339 1367 18 0.026479259584914566 485 
1340 1367 17 0.05448300661231057 480 
1341 1371 17 0.06426848050674948 483 
1342 1372 19 0.055586389215446654 476 
1343 1375 18 0.059877527855915456 474 
1344 1375 18 0.078343157414252 474 
1345 1375 19 0.006801991575650402 490 
1346 1376 19 0.026988120047006407 480 
1347 1376 18 0.018213817449448604 480 
1348 1378 18 0.0020882877542055716 476 
1349 1380 17 0.04070009624121456 493 
1350 1380 18 0.060391407560284646 479 
1351 1381 19 0.062278959879615736 478 
1352 1381 17 0.013966401366026601 481 
1353 1382 17 0.04447927238653037 481 
1354 1385 17 0.04843692344730247 490 
1355 1385 19 0.058678687579259176 481 
1356 1386 18 0.06386756317879777 475 
1357 1386 19 0.048497063533081794 489 
1358 1387 19 0.052818669850578884 489 
1359 1389 18 0.06698141953967192 478 
1360 1390 18 0.07936423271641475 487 
1361 1391 18 0.02338646279078519 475 
1362 1392 17 0.07494053500901716 483 
1363 1393 19 0.07775610117698077 474 
1364 1393 19 0.0016749458223219529 490 
1365 1394 18 0.035140147094889454 489 
1366 1394 17 0.04371847945211429 473 
1367 1394 17 0.00289054707872549 484 
1368 1394 17 0.01452681402809576 480 
1369 1394 17 0.08325831514364673 478 
1370 1397 19 0.029998646243951817 492 
1371 1399 17 0.04420460205074816 473 
1372 1400 17 0.06885400553476755 483 
1373 1401 17 0.025965124208678234 490 
1374 1403 17 0.032806820731189894 478 
1375 1404 19 0.016978188058942266 493 
1376 1404 19 0.05497060731145803 478 
1377 1405 19 0.060972182433475 492 
1378 1407 17 0.03745479495999634 493 
1379 1407 19 0.017294312714135326 487 
1380 1410 18 0.05807010689277218 482 
1381 1411 18 0.049408526773656286 475 
1382 1411 17 0.07113053469267441 484 
1383 1412 18 0.07146184902100175 482 
1384 1413 18 0.06231380116146422 485 
1385 1417 19 0.015516674368807909 476 
1386 1418 17 0.07806302686510033 476 
1387 1419 17 0.07172385406110414 484 
1388 1419 18 0.06296752535807627 490 
1389 1420 19 0.015734531802300777 492 
1390 1421 17 0.0713900981579054 486 
1391 1421 19 0.033120186954617215 491 
1392 1422 17 0.026151666234112945 489 
1393 1423 17 0.059438374799091656 476 
1394 1424 19 0.08025552987708197 491 
1395 1425 17 0.05472608941263552 482 
1396 1425 19 0.013040298566374533 484 
1397 1426 18 0.009615986700462677 491 
1398 1426 19 0.05059701588181344 489 
1399 1429 17 0.04148725497414353 491 
1400 1429 18 0.05646796416369345 483 
1401 1429 19 0.05132683703285421 476 
1402 1434 18 0.010750345025226204 490 
1403 1434 18 0.026480215131761443 483 
1404 1435 19 0.0582639022055694 490 
1405 1435 18 0.08238409395635397 480 
1406 1435 19 0.07811740500182711 477 
1407 1436 17 0.023794792985900964 475 
1408 1436 17 0.07992294435907583 475 
1409 1438 17 0.05933568065812556 473 
1410 1440 17 0.06697942463085368 486 
1411 1445 18 0.01130388162046661 483 
1412 1445 19 0.07523091316169168 474 
1413 1445 18 0.05333496350510831 491 
1414 1446 17 0.007732941340384419 473 
1415 1447 19 0.08975283461458411 492 
1416 1447 17 0.08709778088530598 489 
1417 1447 19 0.07888163147580861 482 
1418 1448 19 0.04246717827199575 475 
1419 1448 19 0.05573084026212039 493 
1420 1448 19 0.07404656210373833 491 
1421 1452 17 0.07357052857778017 476 
1422 1452 18 0.027111826691124052 487 
1423 1454 19 0.07395669052412354 474 
1424 1455 19 0.02031826614025881 474 
1425 1458 19 0.05511597682882198 486 
1426 1458 17 0.07262325175296844 493 
1427 1458 17 0.06639541427433057 484 
1428 1458 18 0.005094401759670475 493 
1429 1459 18 0.07753056989905538 484 
1430 1462 19 0.010383684116498686 489 
1431 1462 18 0.036654880003127235 488 
1432 1464 19 0.08674290961760812 492 
1433 1464 19 0.07329702695626365 477 
1434 1467 17 0.076797250092543 473 
1435 1468 17 0.05790872428115709 492 
1436 1470 17 0.02639320934966236 492 
1437 1470 18 0.046345048162885864 480 
1438 1470 19 0.0075271003052482174 490 
1439 1471 18 0.03873519321876265 486 
1440 1472 19 0.058920178242290344 489 
1441 1472 18 0.06237080881435205 486 
1442 1472 19 0.08621579061395816 489 
1443 1472 19 0.04588142420634215 491 
1444 1474 18 0.02416088335597085 491 
1445 1475 18 0.06254430008958421 480 
1446 1476 17 0.042009857858758125 485 
1447 1477 18 0.05595418558563066 473 
1448 1478 18 0.058330268560178034 476 
1449 1478 19 0.06836017655618487 477 
1450 1478 19 0.015185001933774714 478 
1451 1480 19 0.054306735469292156 484 
1452 1483 19 0.008041652977567653 493 
1453 1483 19 0.08035282066464204 480 
1454 1486 18 0.050627850104853316 488 
1455 1486 17 0.028289366469712366 475 
1456 1486 19 0.07494741572902171 487 
1457 1487 17 0.045346089175572465 482 
1458 1489 18 0.0570070126818228 485 
1459 1490 17 0.0582690708843023 484 
1460 1490 18 0.02472442195304501 482 
1461 1490 18 0.05353040650851526 487 
1462 1492 17 0.023560350008243015 473 
1463 1493 19 0.009315271637616657 482 
1464 1494 19 0.0715042528447675 479 
1465 1494 19 0.0619930263424985 475 
1466 1494 18 0.08096507050287123 474 
1467 1495 19 0.009078686747589004 477 
1468 1501 19 0.05437637720459938 485 
1469 1501 17 0.02792821130430587 474 
1470 1502 18 0.01830977582585029 489 
1471 1507 17 0.0644650176375326 475 
1472 1508 18 0.05162927507419264 480 
1473 1508 17 0.06533036416526074 483 
1474 1508 18 0.050785816670247806 478 
1475 1509 17 0.019591150355622 481 
1476 1510 19 0.0016961659426536278 482 
1477 1511 18 0.013523048989349092 493 
1478 1511 19 0.08524196932234038 483 
1479 1511 17 0.019613546004700652 483 
1480 1512 18 0.0890947772847293 492 
1481 1513 19 0.06302802908112123 489 
1482 1513 18 0.06556203977905364 484 
1483 1514 19 0.07853855320615831 484 
1484 1514 19 0.036161095868118505 477 
1485 1517 17 0.04765534893711825 485 
1486 1519 18 0.08822932922194934 488 
1487 1520 17 0.037812460675427324 476 
1488 1522 19 0.008240605311922916 481 
1489 1524 17 0.07837691160813867 476 
1490 1524 19 0.0734199466027126 488 
1491 1524 18 0.052810585190094524 487 
1492 1526 19 0.07822925274361159 493 
1493 1527 19 0.07750667136542097 473 
1494 1529 19 0.039707581772466395 476 
1495 1529 19 0.047406303911565556 481 
1496 1530 19 0.07852922168706075 480 
1497 1534 17 0.033285604783420984 484 
1498 1534 19 0.03051417489428614 485 
1499 1535 19 0.06451823149332987 481 
1500 1540 17 0.02701572490792712 488 
1501 1541 18 0.02372152533715903 493 
1502 1542 19 0.025013029858470516 489 
1503 1542 18 0.022831377697316246 483 
1504 1544 18 0.04689497611888345 474 
1505 1546 18 0.01107452310926316 488 
1506 1547 18 0.06518944901084814 488 
1507 1548 18 0.08899232446593008 474 
1508 1550 18 0.07522553688980653 481 
1509 1551 18 0.005402624150489197 482 
1510 1551 17 0.045515406767925225 490 
1511 1553 19 0.025287125429671233 489 
1512 1554 18 0.05721349891912424 485 
1513 1555 17 0.05688518886196638 478 
1514 1556 17 0.07434198502981715 475 
1515 1556 18 0.04533486733398587 489 
1516 1556 17 0.0884125837494294 474 
1517 1556 19 0.06896849910850449 493 
1518 1557 18 0.01583322941955579 474 
1519 1559 19 0.009530607225570389 486 
1520 1560 18 0.05918283594775112 475 
1521 1562 18 0.03635825920405902 483 
1522 1564 18 0.04541353198283818 490 
1523 1564 18 0.08196120778413207 487 
1524 1565 17 0.020975081452960745 493 
1525 1566 19 0.03470066926725505 473 
1526 1567 17 0.06851207328985899 483 
1527 1567 18 0.08244027970761257 488 
1528 1568 19 0.0877728501972056 493 
1529 1569 19 0.04339443408771134 485 
1530 1569 18 0.03446193206695686 482 
1531 1570 18 0.047822738072556166 487 
1532 1571 18 0.05475234814249725 489 
1533 1572 17 0.01449060784852323 476 
1534 1573 18 0.016277084381306404 476 
1535 1575 18 0.07337894654132787 493 
1536 1575 18 0.009768792521320124 487 
1537 1576 19 0.005557354711399677 490 
1538 1578 19 0.008298437997191587 492 
1539 1579 17 0.0392866375954448 484 
1540 1580 18 0.005194928999324418 492 
1541 1582 19 0.009648084422309168 490 
1542 1582 18 0.05250156142095873 475 
1543 1582 18 0.057911327124332515 473 
1544 1583 19 0.03941196682262916 484 
1545 1584 19 0.055408516009817915 483 
1546 1585 18 0.03368784394140194 473 
1547 1585 18 0.022701179662605257 473 
1548 1586 17 0.058323764376876905 473 
1549 1586 18 0.0448858608764908 474 
1550 1587 18 0.03858403644942963 480 
1551 1588 17 0.06656087595339913 493 
1552 1590 19 0.08246206279617929 481 
1553 1591 19 0.07286178356241631 487 
1554 1591 17 0.07006451440109965 492 
1555 1591 19 0.06476381202708612 486 
1556 1592 17 0.08203232780778744 485 
1557 1596 19 0.052492780506200654 491 
1558 1596 18 0.053718246025602066 491 
1559 1598 19 0.04742872173563406 487 
1560 1601 17 0.018397909184988126 493 
1561 1601 18 0.046543830999270785 478 
1562 1601 18 0.03854567135934909 488 
1563 1602 17 0.030376351380051035 478 
1564 1602 18 0.06768365810452892 485 
1565 1603 19 0.050834686056358706 484 
1566 1604 18 0.013135413160177568 475 
1567 1604 19 0.07346452983414581 483 
1568 1604 17 0.020331860434873564 491 
1569 1605 19 0.06677204632517954 476 
1570 1605 18 0.03786605894410989 487 
1571 1608 17 0.04546510894667723 473 
1572 1610 18 0.07440755662627101 475 
1573 1611 19 0.06946366654683889 480 
1574 1611 19 0.08079949730316809 479 
1575 1614 17 0.03685763202759493 481 
1576 1614 19 0.08629713977597606 482 
1577 1614 19 0.061432754444479015 478 
1578 1615 19 0.051779639635270144 476 
1579 1615 19 0.011345710118888516 485 
1580 1617 18 0.04153825901233186 476 
1581 1618 17 0.029330476836970966 473 
1582 1619 19 0.0374828761643079 483 
1583 1619 18 0.07748502408163978 482 
1584 1620 17 0.016431215640751236 491 
1585 1620 17 0.00436700570787299 477 
1586 1621 18 0.041905728565035834 488 
1587 1622 18 0.01904363690284425 476 
1588 1623 19 0.05575180772362525 488 
1589 1624 19 0.05851097073102082 486 
1590 1624 17 0.039944712531781335 493 
1591 1625 19 0.030808328239885486 480 
1592 1629 19 0.04987030807939194 491 
1593 1629 19 0.08165466783930718 478 
1594 1629 17 0.07678717123702641 486 
1595 1630 18 0.060115400416773164 491 
1596 1631 17 0.015422049367878748 490 
1597 1632 19 0.008104529113861182 477 
1598 1633 18 0.06361569656962361 487 
1599 1633 17 0.044777713314689625 491 
1600 1634 19 0.044845093342963174 487 
1601 1638 18 0.011847946346499875 488 
1602 1638 19 0.08450842093623501 481 
1603 1638 18 0.06016735618237615 486 
1604 1639 17 0.038936813266576144 479 
1605 1640 19 0.08619840225473123 482 
1606 1640 19 0.06165502218273075 482 
1607 1643 17 0.02264487443182573 480 
1608 1644 18 0.07932199015923949 488 
1609 1644 19 0.07474771163289634 490 
1610 1646 17 0.028095908700257143 482 
1611 1646 17 0.007116685467353443 493 
1612 1647 17 0.08791247726909031 485 
1613 1648 19 0.03137210912364074 489 
1614 1650 19 0.007408884686361197 478 
1615 1650 18 0.08968032478862777 481 
1616 1651 18 0.004082264773243379 493 
1617 1652 19 0.002694686793136526 485 
1618 1653 18 0.07338986426492602 477 
1619 1654 18 0.04870066547359697 490 
1620 1655 19 0.07326416486830184 485 
1621 1657 17 0.0731722429996451 490 
1622 1658 18 0.043742843566277445 491 
1623 1658 19 0.07958223720026399 477 
1624 1658 19 0.03662986997745189 483 
1625 1662 17 0.06943717172081493 486 
1626 1662 17 0.0314724203917997 476 
1627 1664 18 0.08051087623087054 482 
1628 1666 19 0.08758536229092502 483 
1629 1667 19 0.04688428249715412 488 
1630 1667 18 0.02061907315922844 481 
1631 1668 18 0.00260039323348844 484 
1632 1668 18 0.0757833443006776 478 
1633 1669 19 0.03897478451321835 485 
1634 1669 18 0.013450637358472538 492 
1635 1671 19 0.010653026525930077 491 
1636 1673 19 0.019371232191192776 482 
1637 1675 18 0.03653675517115594 491 
1638 1676 19 0.045951581219041616 488 
1639 1676 17 0.06253098938787231 489 
1640 1680 18 0.005140972837775079 479 
1641 1680 19 0.009692147311141843 480 
1642 1680 17 0.04207945228709533 473 
1643 1680 17 0.044068165102127084 478 
1644 1681 17 0.0764895576525875 493 
1645 1681 19 0.07322996513392765 491 
1646 1683 19 0.030664640077466086 477 
1647 1684 17 0.07022202440043845 483 
1648 1685 19 0.07539896146795298 493 
1649 1685 18 0.040326582414946445 479 
1650 1686 17 0.022751576939571826 484 
1651 1686 18 0.022848586597245542 482 
1652 1688 19 0.05570814469150826 489 
1653 1689 18 0.008551975241774482 485 
1654 1690 17 0.03479347010853504 482 
1655 1690 19 0.01904407617781423 492 
1656 1690 18 0.052917990950790535 479 
1657 1691 18 0.04456888911783534 473 
1658 1692 18 0.02509272578790523 481 
1659 1692 18 0.03910823739413453 491 
1660 1693 19 0.016084937676458713 486 
1661 1693 18 0.02071750802453995 479 
1662 1694 17 0.019433154392648564 492 
1663 1694 17 0.06246644514580467 489 
1664 1694 18 0.023905741473230845 477 
1665 1694 17 0.02793925706993874 474 
1666 1694 19 0.03820262586070915 474 
1667 1695 17 0.007081929309949051 486 
1668 1696 19 0.07609602988520647 491 
1669 1697 18 0.016450102575613527 493 
1670 1698 17 0.0863992544128325 493 
1671 1701 18 0.05676295253438088 491 
1672 1701 19 0.03388193215805405 482 
1673 1702 19 0.07596836375661072 482 
1674 1702 18 0.021487228737908162 491 
1675 1703 17 0.07992830015770262 493 
1676 1705 19 0.05718114163435882 480 
1677 1705 17 0.04269424222561838 489 
1678 1706 18 0.052733166059654224 479 
1679 1706 19 0.029977173521699534 483 
1680 1707 17 0.016650909575285373 477 
1681 1708 17 0.08171085927380053 478 
1682 1708 18 0.018497782662937945 478 
1683 1709 19 0.04846580089299531 492 
1684 1709 19 0.032355606175090666 482 
1685 1710 19 0.057026264207059814 488 
1686 1712 19 0.08129565046170252 477 
1687 1712 18 0.0851129351099753 476 
1688 1716 17 0.012082252697418146 483 
1689 1716 17 0.06338915840946129 474 
1690 1718 17 0.07105746638199617 493 
1691 1718 19 0.005681487595702448 483 
1692 1719 18 0.00497404110569251 492 
1693 1719 19 0.05875684940366884 484 
1694 1721 19 0.027133647218727436 481 
1695 1725 18 0.0341701751011355 476 
1696 1725 19 0.08642782442009661 490 
1697 1726 19 0.019773248529803528 483 
1698 1727 19 0.027679859355854257 482 
1699 1727 19 0.07716133549695865 490 
1700 1728 19 0.08129660624128959 479 
1701 1729 19 0.08701587092116235 485 
1702 1731 19 0.002479697275553856 489 
1703 1732 17 0.027759448084220876 478 
1704 1734 18 0.0578264616253762 475 
1705 1737 17 0.05819920789609844 488 
1706 1737 19 0.06643311861495971 476 
1707 1737 18 0.05033163414893338 493 
1708 1737 17 0.0032719509852569212 487 
1709 1738 19 0.00840612650375797 473 
1710 1739 19 0.06383848425896653 476 
1711 1739 19 0.04120308003286272 485 
1712 1740 18 0.07694335664736268 481 
1713 1740 19 0.0887561302131146 480 
1714 1741 19 0.058233014634376155 492 
1715 1741 17 0.06705528572632458 483 
1716 1744 18 0.03202686888609844 487 
1717 1745 17 0.005245192462245602 477 
1718 1751 19 0.04018002969635708 482 
1719 1752 19 0.037454652499864724 485 
1720 1753 19 0.08375137318579554 485 
1721 1754 18 0.015158353082773315 475 
1722 1754 19 0.08421311626114504 477 
1723 1755 17 0.07156074446125599 479 
1724 1755 19 0.002082734597339978 480 
1725 1757 17 0.05921904595923807 481 
1726 1758 18 0.03252381836839096 486 
1727 1759 19 0.0860952555564568 473 
1728 1762 19 0.022886934715401683 476 
1729 1764 18 0.07026369660521177 492 
1730 1765 17 0.02261100690145093 486 
1731 1766 19 0.035483047343106276 489 
1732 1768 17 0.012599694365365885 493 
1733 1770 19 0.010501189183663353 485 
1734 1771 19 0.019376918457687776 492 
1735 1771 17 0.07385139966869457 484 
1736 1772 17 0.03143560156685686 483 
1737 1773 19 0.004845486731873866 486 
1738 1773 19 0.018813859774678043 476 
1739 1773 19 0.05499035817373705 488 
1740 1775 18 0.07652084766931519 486 
1741 1775 18 0.0017983733709290015 479 
1742 1775 19 0.03025892304268178 475 
1743 1775 18 0.018974324291305973 484 
1744 1776 19 0.046873466877060024 491 
1745 1777 17 0.05209807829947789 483 
1746 1779 18 0.010853246152151132 478 
1747 1780 18 0.07789223807062752 474 
1748 1782 18 0.05727675259024333 483 
1749 1783 17 0.03475388643514188 489 
1750 1784 18 0.017257995218809195 491 
1751 1785 18 0.046691598945467754 488 
1752 1786 19 0.008426472466381658 482 
1753 1786 18 0.017532794232121212 482 
1754 1788 18 0.037592821994432354 488 
1755 1789 19 0.04234384521255917 493 
1756 1789 18 0.019890742186167158 488 
1757 1790 19 0.06826214296317755 483 
1758 1791 17 0.08864068653163994 484 
1759 1792 17 0.058756459484241366 476 
1760 1792 17 0.039773778378870854 474 
1761 1792 19 0.04297694226059884 478 
1762 1793 19 0.007070939159104349 476 
1763 1793 17 0.024939574532685638 490 
1764 1793 19 0.05387563600774267 489 
1765 1793 17 0.04376080872774603 482 
1766 1794 19 0.07540634265311666 480 
1767 1794 17 0.007051433065433564 492 
1768 1794 19 0.01688930001095279 492 
1769 1794 19 0.07804266402634526 490 
1770 1795 17 0.04663753712418897 475 
1771 1795 17 0.007303323597325597 492 
1772 1796 18 0.031060215403805498 491 
1773 1798 17 0.004477284186863021 483 
1774 1798 17 0.04686166443142426 481 
1775 1799 18 0.04323350338503409 480 
1776 1801 19 0.002629633448624333 484 
1777 1803 18 0.06827529914800294 480 
1778 1804 18 0.0376023580283405 486 
1779 1804 19 0.07891017783439327 484 
1780 1804 17 0.0662692936582155 476 
1781 1806 18 0.014275282105991115 475 
1782 1807 17 0.07155468612953893 487 
1783 1808 19 0.07934060015232929 484 
1784 1808 19 0.06138487218577109 488 
1785 1810 17 0.0680961713463566 489 
1786 1810 19 0.06747215404221191 487 
1787 1810 19 0.006515349725113179 479 
1788 1812 17 0.04998388278932933 483 
1789 1812 19 0.04138435731274578 485 
1790 1813 17 0.01070060289033739 486 
1791 1814 17 0.0823950222363549 482 
1792 1815 17 0.021642939603481945 488 
1793 1817 17 0.0593214165790927 481 
1794 1818 19 0.03339168058040603 481 
1795 1818 19 0.004961171078646931 487 
1796 1818 17 0.0013153816033004823 477 
1797 1818 19 0.05339310135601104 479 
1798 1819 17 0.05788093160948484 491 
1799 1819 17 0.03549137490506014 491 
1800 1820 19 0.05486973454505311 484 
1801 1822 17 0.07320756051395708 479 
1802 1822 17 0.07620109108295511 475 
1803 1823 19 0.07003972253510182 475 
1804 1825 18 0.06893543339165123 475 
1805 1825 18 0.08496693775151834 492 
1806 1826 19 0.05454322577011811 486 
1807 1828 18 0.00930139964442711 492 
1808 1830 18 0.05178738260642166 488 
1809 1833 17 0.03630805830222917 474 
1810 1835 18 0.029036690430170094 486 
1811 1835 17 0.06744861621395452 492 
1812 1836 17 0.08116007636967247 477 
1813 1837 19 0.06870102671606068 488 
1814 1840 17 0.07433766639475316 475 
1815 1840 19 0.04728689607483574 487 
1816 1840 17 0.07086218586574168 484 
1817 1843 19 0.04824603055374743 492 
1818 1843 17 0.0809993249649677 478 
1819 1845 19 0.04023493053892663 476 
1820 1845 19 0.039673732636213495 474 
1821 1845 19 0.07687253398055596 480 
1822 1846 19 0.08881081341668541 480 
1823 1847 19 0.051501313341416145 483 
1824 1848 18 0.006219392863633087 489 
1825 1849 17 0.06527032053881697 479 
1826 1850 17 0.03490642960554616 481 
1827 1850 19 0.02348586615370464 479 
1828 1851 18 0.08974062588590798 476 
1829 1851 17 0.005812631958736515 483 
1830 1852 18 0.002349384687617586 478 
1831 1852 17 0.04462287566947213 492 
1832 1853 17 0.06523173527604816 484 
1833 1855 18 0.009825965449207538 481 
1834 1855 19 0.021367096455919766 490 
1835 1857 19 0.04507296944460741 478 
1836 1858 18 0.03056993369300268 479 
1837 1858 19 0.006469249138478776 475 
1838 1860 17 0.07143435839321077 493 
1839 1860 17 0.08327475439631649 474 
1840 1863 17 0.0773150482764916 476 
1841 1863 18 0.03278410870597952 473 
1842 1864 18 0.03036050455020273 486 
1843 1866 18 0.0656371078464684 481 
1844 1866 19 0.00768647753355212 485 
1845 1868 18 0.009993206672004616 483 
1846 1869 18 0.06508505758244162 473 
1847 1869 19 0.01702629923511797 474 
1848 1869 17 0.08865993093281704 492 
1849 1872 19 0.08560785612411903 476 
1850 1872 17 0.049899792548285915 485 
1851 1872 18 0.010726840210658891 481 
1852 1874 19 0.04953994784718901 491 
1853 1874 17 0.04839153172582565 475 
1854 1875 17 0.02184664312003969 493 
1855 1876 19 0.04825694017515855 484 
1856 1876 18 0.04007110953824423 489 
1857 1880 18 0.012781540423652413 485 
1858 1880 18 0.05857850020039603 480 
1859 1881 17 0.04099947252592848 486 
1860 1882 19 0.007802946837074132 474 
1861 1882 18 0.08334441229958554 485 
1862 1884 17 0.0754591155294987 492 
1863 1885 18 0.020693048531358595 476 
1864 1885 19 0.03828496289521479 486 
1865 1885 19 0.040925652856277604 478 
1866 1886 17 0.0336697427360805 488 
1867 1886 19 0.08381971177522148 479 
1868 1887 19 0.08663344388857142 482 
1869 1888 17 0.05138255241479816 484 
1870 1888 18 0.03188796401692725 492 
1871 1889 18 0.022444585944707714 486 
1872 1890 19 0.01053992911207582 486 
1873 1892 17 0.03126939902319835 482 
1874 1894 17 0.03167858308341478 492 
1875 1894 18 0.02337343914528899 475 
1876 1897 17 0.05580556249634015 491 
1877 1899 19 0.0015357524283573897 475 
1878 1899 19 0.06630382338034864 476 
1879 1900 17 0.03867627269433688 473 
1880 1901 17 0.06540625198773821 473 
1881 1901 19 0.0777658327469331 491 
1882 1902 17 0.013712144378727933 489 
1883 1903 18 0.0679396041873057 484 
1884 1905 18 0.0072043321525504635 476 
1885 1906 17 0.06120238588719162 475 
1886 1906 17 0.05149067893954346 481 
1887 1906 17 0.04285750074825146 478 
1888 1906 19 0.04501150729337315 477 
1889 1908 17 0.08696689606788383 492 
1890 1909 18 0.047400328181130706 493 
1891 1909 17 0.0027982907303318342 487 
1892 1910 19 0.08605214574632734 486 
1893 1910 18 0.004307266306415227 483 
1894 1910 18 0.03487886437774902 484 
1895 1910 17 0.048928580345811316 492 
1896 1911 19 0.009109581530193766 480 
1897 1911 17 0.040430858112658244 474 
1898 1912 17 0.08353985701553623 477 
1899 1912 17 0.028671823877987 492 
1900 1913 19 0.05354645819608712 485 
1901 1913 17 0.013869347608268679 491 
1902 1913 18 0.04955438238025558 476 
1903 1914 18 0.009610558165890813 477 
1904 1915 17 0.033765993338073 480 
1905 1916 17 0.06579528288712175 487 
1906 1918 17 0.038334156780767764 492 
1907 1918 18 0.0626046029733691 489 
1908 1918 19 0.055861467050584784 476 
1909 1919 17 0.05680911405114254 482 
1910 1919 18 0.0513886542756817 492 
1911 1920 19 0.0177662326544157 475 
1912 1921 19 0.010341727140154112 489 
1913 1923 17 0.0638617384804408 492 
1914 1924 19 0.030123783589317766 493 
1915 1926 18 0.019061709828733193 488 
1916 1926 18 0.025620260822687622 491 
1917 1927 18 0.04572107450585376 493 
1918 1929 19 0.04510892836389883 482 
1919 1930 18 0.02783899556067968 477 
1920 1932 18 0.06195799264710206 490 
1921 1935 17 0.0045137358735792945 481 
1922 1935 17 0.07672957788365106 484 
1923 1936 18 0.08464348628892059 480 
1924 1936 17 0.07299069984209634 491 
1925 1937 18 0.02243832936714556 473 
1926 1938 18 0.0479893941190432 476 
1927 1939 18 0.030956322512057044 482 
1928 1939 18 0.010187706541491644 473 
1929 1941 18 0.03456238511591131 489 
1930 1941 17 0.019773874111251612 485 
1931 1941 18 0.06865424737038542 479 
1932 1941 18 0.08497709254264282 481 
1933 1941 19 0.07866708525273905 473 
1934 1941 18 0.024720294734080262 489 
1935 1942 19 0.015508324631663701 491 
1936 1943 19 0.07029079912350052 473 
1937 1943 18 0.08008698608099098 479 
1938 1943 17 0.038264729209685815 473 
1939 1944 18 0.06943370109675097 476 
1940 1944 19 0.024596907180917987 483 
1941 1946 17 0.08679641310745576 484 
1942 1946 19 0.035947312908118444 480 
1943 1947 18 0.07625948589033303 481 
1944 1948 17 0.03975974190823234 479 
1945 1950 17 0.0872853635761212 479 
1946 1951 17 0.005640238201095814 480 
1947 1951 19 0.06233096331449485 483 
1948 1952 19 0.053598391039214724 478 
1949 1954 18 0.08750286230576748 474 
1950 1959 19 0.03526189394907474 480 
1951 1960 18 0.03445017379998031 486 
1952 1960 19 0.06556911228273109 492 
1953 1961 18 0.03912057626166222 478 
1954 1962 18 0.04756820175669484 473 
1955 1963 17 0.08972708683530733 476 
1956 1965 18 0.03049598198586427 475 
1957 1965 19 0.07760959885079116 473 
1958 1966 19 0.029182837360254826 486 
1959 1966 17 0.04477692029345375 482 
1960 1968 17 0.07930011802605619 473 
1961 1970 18 0.04100958408918528 485 
1962 1972 18 0.03987194508115239 480 
1963 1973 19 0.08810065080386559 481 
1964 1973 17 0.08785349291990803 476 
1965 1974 18 0.015853373305065453 481 
1966 1975 19 0.07970414935541645 482 
1967 1976 17 0.05506591313490439 490 
1968 1978 17 0.027788094308183502 493 
1969 1978 17 0.08645397861120417 488 
1970 1979 17 0.036052411732252175 483 
1971 1979 19 0.03885578155557939 486 
1972 1980 19 0.020573375900003365 492 
1973 1981 19 0.03178766909953327 478 
1974 1982 19 0.0726997958381054 481 
1975 1982 19 0.07064714346571979 476 
1976 1982 19 0.06616221252253456 491 
1977 1982 17 0.025468911475476107 477 
1978 1985 17 0.0376423549529871 475 
1979 1985 17 0.03869012027422102 490 
1980 1986 18 0.01574129503510671 482 
1981 1987 19 0.06826240429844713 485 
1982 1987 19 0.03922930800498366 488 
1983 1987 18 0.0051021214364848485 489 
1984 1987 18 0.07112251556573057 479 
1985 1990 18 0.04003745598132631 483 
1986 1990 17 0.06729382121649904 476 
1987 1991 17 0.007913743279255347 481 
1988 1991 18 0.08745365414341653 478 
1989 1992 17 0.04417615714910577 490 
1990 1993 19 0.058711250538111784 493 
1991 1993 19 0.017431302432121862 473 
1992 1995 19 0.045428243292336454 488 
1993 1996 19 0.036195006863171016 490 
1994 1996 17 0.030304242815278614 486 
1995 1996 17 0.021586594715577678 492 
1996 1997 18 0.08121964209761331 492 
1997 1998 19 0.06679178369113216 489 
1998 2000 18 0.052569852081401164 491 
1999 2000 19 0.07503282792193938 489 
2000 0 19 0.009894327665109923 487 
