1 3 11 0.08154751791761897 340 
2 4 11 0.025146202629978305 342 
3 4 11 0.05619561538197102 322 
4 8 9 0.0767963697397603 327 
5 8 9 0.0033893829426449988 330 
6 9 11 0.0350089544910865 339 
7 13 11 0.03623339196428797 340 
8 15 10 0.07362933093745129 324 
9 15 10 0.01324762190332408 335 
10 20 9 0.034025578434108465 327 
11 20 10 0.037188901727370695 332 
12 21 10 0.06777091791405945 342 
13 22 9 0.07186854126768422 328 
14 25 11 0.008667059051778999 336 
15 26 10 0.045975443584764936 331 
16 28 9 0.02279631959072835 322 
17 28 11 0.06289546321223076 325 
18 31 10 0.026499658948157843 332 
19 31 10 0.014786491218550104 340 
20 32 10 0.04975964669688571 326 
21 32 10 0.004024810009148075 340 
22 36 9 0.07216038227233164 337 
23 36 11 0.04103180941908118 338 
24 36 10 0.045452190397027324 339 
25 36 11 0.03196849745631989 337 
26 37 10 0.08319114273056265 327 
27 38 10 0.013631731721641858 322 
28 40 10 0.051397796455266063 342 
29 40 11 0.04134566469530322 323 
30 40 11 0.013965161719005463 339 
31 43 11 0.018067199043937013 327 
32 43 9 0.08948758835577143 342 
33 44 10 0.05310912671721665 330 
34 45 9 0.044862623863958624 331 
35 45 10 0.07104766082623273 342 
36 46 9 0.03386958591313077 341 
37 48 11 0.03674624454506091 339 
38 52 9 0.04708197671564576 324 
39 55 11 0.05728325001249429 326 
40 57 11 0.01165638880618506 324 
41 58 10 0.06806417492067415 334 
42 58 9 0.07939009187450145 341 
43 59 11 0.06684700800289577 331 
44 60 11 0.08209853809286159 336 
45 63 9 0.07567171098531528 333 
46 64 11 0.03779202318172033 342 
47 64 11 0.019200316597475765 329 
48 67 10 0.056428331403259896 339 
49 67 11 0.04199383699542779 335 
50 68 11 0.08453302607261018 333 
51 69 10 0.07427385502073536 335 
52 70 10 0.019645105383168198 342 
53 71 11 0.047234094699433876 338 
54 74 10 0.08267283679389348 340 
55 74 11 0.08881849070922938 322 
56 74 9 0.05917702153025217 322 
57 78 9 0.048104736734272034 323 
58 80 11 0.06738841954759182 325 
59 82 9 0.0739107496043848 325 
60 82 10 0.03648267422717743 339 
61 83 9 0.003906532613549373 323 
62 84 10 0.03286141235369382 335 
63 87 10 0.048447534283750905 323 
64 88 9 0.05892417484868474 333 
65 88 10 0.08972868890339382 330 
66 88 11 0.07478871083607724 330 
67 89 10 0.08563689177327753 322 
68 90 10 0.008530901359937004 326 
69 91 10 0.0686059526535605 323 
70 91 11 0.015462062280332707 328 
71 91 11 0.013772021253293666 334 
72 93 10 0.05484039656144852 332 
73 95 10 0.012620903340998493 325 
74 95 10 0.06223396778246856 337 
75 96 9 0.05140657427860629 322 
76 99 9 0.021018075484000427 325 
77 102 10 0.008878340547445643 330 
78 104 11 0.025121885358973525 329 
79 106 11 0.03202372064495875 341 
80 108 9 0.0256035926617012 324 
81 109 10 0.04262665743244348 326 
82 115 10 0.025350113994594546 336 
83 116 11 0.04634504173864437 339 
84 116 9 0.05652991785107026 339 
85 117 10 0.06459203612973036 326 
86 119 9 0.021557153810924767 322 
87 121 11 0.023695600902007535 342 
88 122 9 0.03616192622261986 322 
89 122 10 0.052268805721187736 337 
90 123 9 0.07611406545895126 325 
91 127 11 0.01397098346987229 331 
92 127 9 0.01795421737633256 327 
93 128 10 0.06315180872689236 329 
94 128 10 0.025271480741944657 331 
95 129 9 0.0420060736574063 336 
96 129 10 0.07015234990521285 322 
97 131 11 0.04001215662234961 332 
98 131 10 0.06775062771263746 334 
99 132 11 0.03776861161396971 334 
100 132 9 0.024991077577261704 328 
101 133 9 0.027993737967670435 341 
102 133 10 0.0025539281008599797 322 
103 134 9 0.08374130002078957 328 
104 136 10 0.002395044006339296 338 
105 136 10 0.054094049901556564 332 
106 136 11 0.0734620251044193 342 
107 137 10 0.051020113729674174 342 
108 138 11 0.03242250565949796 323 
109 138 11 0.0020706782482650702 327 
110 138 9 0.08503364628572167 324 
111 138 11 0.0831247762211185 322 
112 138 10 0.08350635354189428 337 
113 139 11 0.06605598348529951 340 
114 140 9 0.04936272417391199 323 
115 143 9 0.07666224091396547 335 
116 146 10 0.016049025566108478 328 
117 148 10 0.03891017335383702 336 
118 148 10 0.03978459207996721 326 
119 149 10 0.08260500672228416 323 
120 150 9 0.08275429539289295 338 
121 152 11 0.07975142106829583 328 
122 156 10 0.08684718496948281 342 
123 157 10 0.030894792814812937 331 
124 158 11 0.032148721234093666 336 
125 159 10 0.020776257851772034 323 
126 159 9 0.027009965917700766 336 
127 161 10 0.014598903761916589 333 
128 162 9 0.03368421346229764 331 
129 162 10 0.07448837313084092 339 
130 165 9 0.011483585894987651 337 
131 167 11 0.047757431494693574 331 
132 168 10 0.0038715303734667586 329 
133 170 9 0.07885674775660316 342 
134 170 9 0.06579577699474536 334 
135 170 9 0.006504313434742828 341 
136 171 11 0.06994163879618148 340 
137 171 9 0.08448944825297018 330 
138 172 9 0.08823021787346028 338 
139 174 11 0.036922766029651825 341 
140 174 10 0.023482884740513372 335 
141 174 10 0.0465245833434 324 
142 174 11 0.046196272283821706 326 
143 175 11 0.020736195018215144 326 
144 175 10 0.032721463382912354 342 
145 175 9 0.0692277351153589 336 
146 176 11 0.030581081523788967 322 
147 176 10 0.08216664499573696 335 
148 177 10 0.07942682570328467 331 
149 179 10 0.04579135825688378 341 
150 181 11 0.03331654413094373 333 
151 181 9 0.0769581016649411 322 
152 182 11 0.003276364535389978 342 
153 183 9 0.06112337519708388 331 
154 183 10 0.045146600986214494 323 
155 186 9 0.07461419718181508 322 
156 188 10 0.07967504046076501 337 
157 188 9 0.02023916802221803 326 
158 188 9 0.04212276540368363 337 
159 189 11 0.07468129747150704 335 
160 189 10 0.06328544118622718 331 
161 192 11 0.06793760246856287 331 
162 193 9 0.025596413139371454 322 
163 194 11 0.026000682059998885 325 
164 196 11 0.05395359474099685 332 
165 197 9 0.03460690485449543 335 
166 197 11 0.03002594568850454 329 
167 198 9 0.0769336063349447 335 
168 198 9 0.007425073401849216 339 
169 198 10 0.0024970896093954136 330 
170 199 11 0.08734201043460944 323 
171 199 11 0.08298286932376818 341 
172 201 11 0.04392485289408719 342 
173 205 10 0.06921527049868041 332 
174 207 11 0.04511402521198959 342 
175 209 11 0.05150539729753288 322 
176 209 9 0.07107381444462856 335 
177 209 9 0.05864061075331033 334 
178 210 11 0.0382156184379587 327 
179 211 11 0.04972024312205163 334 
180 211 11 0.04480493373004431 342 
181 212 10 0.01056080511657342 341 
182 214 10 0.08006099830456669 337 
183 216 10 0.060591141394101176 325 
184 216 11 0.04658269375836248 324 
185 220 11 0.006801560411882598 326 
186 220 11 0.08851145319473097 329 
187 222 9 0.025779273099402776 327 
188 223 10 0.04194053084257511 323 
189 223 10 0.050623168317206035 328 
190 224 11 0.07864714634986356 325 
191 224 9 0.05795627637317167 330 
192 226 11 0.01387603699545455 325 
193 227 10 0.0705488834940226 324 
194 227 9 0.019229435213138846 327 
195 227 9 0.07176507565154873 340 
196 228 10 0.048358869669049995 338 
197 228 9 0.03252165517919655 333 
198 230 9 0.05780037792799272 324 
199 230 10 0.07297966802650785 328 
200 231 10 0.08366174449778313 339 
201 232 10 0.0800077773088879 323 
202 233 10 0.03888245927985432 330 
203 234 10 0.04240869634671673 334 
204 234 10 0.0381390727273685 328 
205 236 9 0.0666685591247607 329 
206 236 9 0.0073927227679373795 337 
207 238 11 0.06519840785209051 325 
208 242 9 0.0391600680907322 328 
209 243 10 0.07085304581202233 341 
210 244 10 0.04735909094219885 324 
211 245 11 0.01744021095857818 334 
212 245 10 0.022547676186543058 336 
213 245 10 0.03978699763869089 332 
214 247 11 0.018262435608617678 333 
215 247 11 0.05723023745124644 324 
216 247 10 0.056161396495631365 323 
217 248 10 0.03343506059340375 340 
218 249 11 0.07699280020050546 323 
219 249 9 0.053494396707000375 342 
220 251 11 0.03434674221340934 324 
221 252 11 0.015466514987327273 323 
222 253 11 0.018774732602914717 328 
223 254 10 0.018174440620485538 330 
224 254 9 0.0718064893753513 341 
225 254 10 0.02740199994602949 334 
226 256 11 0.04627683419936962 324 
227 257 10 0.007756604290100709 329 
228 258 11 0.03634119797810611 340 
229 258 11 0.07781660346627244 339 
230 259 10 0.07067452077634351 325 
231 259 10 0.013065634436265024 341 
232 260 9 0.05986553070400841 326 
233 260 9 0.02866776924901007 333 
234 261 9 0.05762506587629142 329 
235 261 9 0.00543798634824598 340 
236 263 9 0.010878654209898964 339 
237 264 10 0.08998532278902785 341 
238 265 10 0.07074093935207607 342 
239 265 11 0.041909655177695425 341 
240 265 11 0.026358539866261275 331 
241 265 9 0.05055012720356302 335 
242 267 9 0.08013020001493482 332 
243 268 11 0.02817351384011704 338 
244 268 11 0.001868019526107134 340 
245 269 11 0.0479342784798922 340 
246 269 9 0.06775185366002286 332 
247 271 9 0.0797745852574777 340 
248 271 9 0.08503882428663483 330 
249 275 9 0.0725481817784719 324 
250 275 9 0.07682251275435807 324 
251 276 9 0.04834183372890733 334 
252 276 9 0.0402330579115877 339 
253 276 9 0.03366501153156452 323 
254 279 9 0.024157598471728263 327 
255 279 9 0.0638093182900571 328 
256 282 11 0.007317403103723662 339 
257 285 11 0.06620810928097973 326 
258 287 10 0.016157569054084588 324 
259 287 11 0.06351679771199371 341 
260 288 10 0.021945891233620462 339 
261 288 11 0.04748475324760462 325 
262 290 10 0.005225874654378526 338 
263 290 10 0.008476368090979026 330 
264 290 9 0.08626658804576684 338 
265 291 9 0.037568180972408126 336 
266 291 9 0.03734214134339566 326 
267 292 9 0.07340158532652523 341 
268 293 11 0.07042051394426962 329 
269 294 9 0.010974824609312091 337 
270 294 9 0.00508515541409111 334 
271 295 11 0.0673819605582726 341 
272 296 9 0.014632725147372471 326 
273 298 9 0.025891406094098696 330 
274 300 9 0.032368559064294554 329 
275 301 10 0.004126767437058277 339 
276 303 11 0.024965572573393453 322 
277 304 11 0.016274293891653094 337 
278 304 9 0.07326242660670715 328 
279 305 9 0.011112211105746471 334 
280 305 10 0.07679766382231205 335 
281 305 9 0.025597180671373263 332 
282 306 9 0.08871814152251742 338 
283 306 9 0.07002410625328671 342 
284 306 11 0.023750281458407643 329 
285 309 9 0.06225606280025932 324 
286 310 9 0.06955209948246094 330 
287 311 11 0.07590620678318846 335 
288 311 9 0.0025657353354870856 338 
289 312 11 0.03592354146683671 334 
290 312 11 0.01999083194213284 324 
291 312 9 0.045687938262532445 328 
292 313 11 0.013357414168101593 341 
293 316 11 0.06534466356441584 332 
294 318 9 0.00893671306492562 335 
295 318 11 0.07114737845423527 335 
296 319 10 0.08388991724512773 326 
297 320 10 0.01777983010216594 329 
298 320 9 0.040650927740366945 322 
299 321 10 0.06923593182969306 324 
300 322 10 0.008832119516259316 341 
301 325 11 0.031203888613530975 339 
302 325 9 0.02801720636129649 335 
303 326 10 0.015690051564302726 325 
304 327 9 0.004860462449740743 342 
305 328 10 0.08174888014085524 331 
306 328 10 0.07166761203896771 334 
307 329 10 0.05620858419094279 334 
308 331 11 0.05907716318966486 341 
309 338 11 0.04527420753790827 342 
310 338 9 0.016746936654233272 336 
311 339 9 0.08299566587911782 331 
312 339 10 0.04028363113103615 335 
313 339 10 0.033658656345006824 331 
314 339 9 0.02325557858070708 333 
315 340 9 0.05775584314994121 341 
316 341 11 0.029091976798960542 333 
317 342 9 0.02508476450262521 334 
318 343 9 0.07158433185880242 339 
319 345 9 0.03731784138418866 337 
320 345 10 0.014927376882723113 325 
321 347 10 0.05225509201600348 342 
322 347 9 0.014476062011379354 325 
323 347 11 0.06809237713719775 336 
324 347 9 0.06825656996041293 333 
325 348 10 0.07960035574796234 342 
326 348 11 0.08677056056061994 332 
327 348 11 0.07302486039583773 337 
328 350 9 0.0014509178849251086 340 
329 350 11 0.07321598437565954 336 
330 350 10 0.08999718915997722 333 
331 350 11 0.026581245860341555 340 
332 350 11 0.08549549784206033 337 
333 350 10 0.07559543034482645 338 
334 350 9 0.03787947856641599 331 
335 352 9 0.06601463072810027 322 
336 352 11 0.044215411394532944 336 
337 352 11 0.08522053010615971 326 
338 354 9 0.02433233933540755 324 
339 358 11 0.01640518409996894 340 
340 358 9 0.06901181176943214 339 
341 359 11 0.08052037683786038 324 
342 359 11 0.05650874064145474 334 
343 361 11 0.02922763224293235 334 
344 361 9 0.06546468544415013 337 
345 362 11 0.08909160219279705 322 
346 362 10 0.06013772997653577 336 
347 362 9 0.008572470667811003 325 
348 363 9 0.06306495634729675 331 
349 364 10 0.07462992176638669 322 
350 366 9 0.020728510805318526 336 
351 367 10 0.025662435421505127 333 
352 368 10 0.07329850600725264 323 
353 368 9 0.0025221531047075023 338 
354 369 9 0.012602083330739894 330 
355 369 11 0.008274210095693197 334 
356 369 9 0.07343159652034185 341 
357 370 9 0.003844257419911578 337 
358 371 10 0.0785596296950219 340 
359 378 11 0.023808763569750525 328 
360 380 11 0.07217708964428923 327 
361 381 11 0.08155740708818177 323 
362 381 10 0.01437103460307156 342 
363 382 11 0.018746737148722183 332 
364 382 9 0.03652676318886092 330 
365 383 11 0.07512956584562452 327 
366 384 9 0.0868598555325736 329 
367 384 10 0.012556071409784157 342 
368 385 9 0.02391130025021628 335 
369 386 10 0.016245171499329945 335 
370 387 10 0.014472685077556686 329 
371 389 10 0.015217068527083068 342 
372 393 9 0.01296435648484643 333 
373 393 10 0.031652888473779034 330 
374 393 9 0.003163273860940256 328 
375 394 11 0.08344325344505006 341 
376 395 9 0.04696746131695373 326 
377 396 10 0.03479056018181517 325 
378 397 10 0.022911575347962093 326 
379 397 11 0.07632085303714148 333 
380 397 9 0.0679911774906199 340 
381 398 9 0.01252942073525289 341 
382 398 10 0.04787707906096187 336 
383 401 9 0.02477773250692524 331 
384 402 9 0.04133047337666778 328 
385 402 11 0.04216772875405451 323 
386 403 11 0.056215596036037846 322 
387 403 11 0.02481745266232117 323 
388 403 9 0.03439963539346708 342 
389 404 11 0.005250844537563073 329 
390 405 11 0.053121889298175747 322 
391 408 9 0.06114494396316666 341 
392 410 11 0.04938343143164583 330 
393 411 9 0.06787131574547668 329 
394 412 9 0.0010382391687067966 341 
395 414 11 0.07176720672394636 339 
396 415 11 0.01837004298653402 333 
397 416 9 0.04445190695715704 336 
398 416 10 0.009050745675712027 333 
399 416 9 0.07883412514018887 341 
400 417 11 0.005069711508229344 326 
401 420 10 0.06475981913394542 328 
402 421 10 0.06973815534415105 340 
403 425 11 0.026028774979775023 334 
404 427 11 0.0759063541408429 327 
405 431 9 0.075783105577815 337 
406 431 9 0.07525333292259613 323 
407 432 9 0.01450253546153409 333 
408 433 11 0.03979489432012903 341 
409 434 11 0.06436933077495058 325 
410 435 10 0.018702566900043648 340 
411 437 10 0.04470817882700506 333 
412 437 11 0.04664873195952602 329 
413 438 11 0.029553364660553156 324 
414 440 9 0.07581943001647413 327 
415 442 9 0.007643254773980274 331 
416 445 9 0.07911980714425296 338 
417 446 9 0.04776417276532639 340 
418 447 11 0.06562633803863452 340 
419 448 9 0.021444331017952074 325 
420 454 9 0.07515892775232949 330 
421 455 9 0.05874084399328932 332 
422 455 11 0.046432616839264175 342 
423 455 9 0.08048056125313527 322 
424 456 11 0.049582590879082684 329 
425 457 9 0.035285167484133254 330 
426 458 11 0.024939998727782676 322 
427 459 9 0.06165303856147066 326 
428 459 10 0.017138410400812692 322 
429 459 11 0.01308099976724314 341 
430 460 9 0.06453620352945993 334 
431 461 9 0.01692569752364369 322 
432 462 9 0.05365872790892932 328 
433 463 11 0.07167419287096269 328 
434 465 10 0.04436002310963754 324 
435 467 9 0.03638770940201134 322 
436 468 10 0.02372360331938591 331 
437 469 11 0.03364156668510579 342 
438 470 10 0.052305338807589044 331 
439 470 11 0.06636475357984442 324 
440 470 11 0.015220051257050515 340 
441 471 11 0.07894337582126455 331 
442 472 11 0.02945817166765594 337 
443 474 11 0.07910167266073813 333 
444 474 9 0.02962309201951223 335 
445 476 10 0.03678661927120559 325 
446 476 11 0.08198314304843334 340 
447 480 10 0.0015873680998535157 340 
448 480 9 0.045558686744039935 337 
449 480 11 0.01064835565474161 324 
450 480 9 0.07412032795772705 330 
451 481 11 0.051562753563302685 333 
452 481 10 0.05024165063009593 336 
453 481 11 0.06381217175678618 342 
454 483 11 0.05113359943568139 326 
455 484 11 0.03389119835118147 328 
456 485 11 0.024291269446474917 326 
457 488 9 0.0052439659173806165 326 
458 490 10 0.05128270648731224 334 
459 491 9 0.08500314696873673 328 
460 492 10 0.0709804726996903 329 
461 494 10 0.07147937584014266 340 
462 494 9 0.01210581419727318 332 
463 495 11 0.06891190807368529 325 
464 495 11 0.05043910035779666 329 
465 495 9 0.060523220736039565 325 
466 495 11 0.014843782155330023 323 
467 496 9 0.02041595191769813 322 
468 496 9 0.007751012321350802 339 
469 497 10 0.07468318911706483 324 
470 497 10 0.018300499201908255 331 
471 497 11 0.01949812414992711 325 
472 498 11 0.04770939563238463 327 
473 501 10 0.021875219761258974 339 
474 501 9 0.08738133780290533 337 
475 503 11 0.06652869408488359 338 
476 505 9 0.015047161016783491 329 
477 505 9 0.04996352948475479 335 
478 506 9 0.057299978926785414 333 
479 507 10 0.07632976443757315 332 
480 508 11 0.039232909916164696 342 
481 509 11 0.0011603422870232949 342 
482 511 11 0.06326143670638723 330 
483 515 9 0.025889491510191508 329 
484 516 11 0.014295051330397563 339 
485 518 11 0.029554960166658803 334 
486 520 9 0.05346243841865226 322 
487 522 9 0.0273180511325107 323 
488 524 10 0.02148857957596446 330 
489 524 10 0.020875410547388593 328 
490 525 11 0.049828436967105955 342 
491 527 10 0.027519415345204724 328 
492 527 9 0.007507974630023714 322 
493 528 10 0.07367739973652057 329 
494 530 10 0.02300594190408184 335 
495 530 10 0.006525628338916646 322 
496 530 11 0.07072172618935163 337 
497 532 10 0.050398623216952154 341 
498 532 9 0.019338526028224667 323 
499 532 9 0.001657344468586868 335 
500 533 10 0.057671168603563354 328 
501 533 11 0.06272162914726247 333 
502 533 11 0.03443198177117254 332 
503 534 10 0.02953398545714036 334 
504 536 9 0.03477288739536625 322 
505 538 10 0.037549723801894454 324 
506 539 9 0.006497582280951137 324 
507 541 9 0.08031359391300143 340 
508 542 11 0.0272450605372583 330 
509 542 11 0.04072038146258232 329 
510 543 10 0.0375615814679779 331 
511 544 9 0.03955613218357879 338 
512 545 11 0.009138199385529375 327 
513 546 10 0.008307437587921272 324 
514 546 11 0.044008102193201074 330 
515 548 10 0.055644528985911546 338 
516 550 9 0.02890871036946708 325 
517 551 11 0.030683091466458322 342 
518 553 9 0.008564163539900006 341 
519 554 11 0.025412298167840814 323 
520 554 10 0.050354850574339 327 
521 555 9 0.003586245947744693 339 
522 555 11 0.07450139856323625 334 
523 557 9 0.02048703423753346 328 
524 558 9 0.07466055749787198 331 
525 559 11 0.014052092337495391 325 
526 559 10 0.08957931689844072 339 
527 561 9 0.024016235686231412 337 
528 563 11 0.014048108861866238 326 
529 563 9 0.051521686985221075 335 
530 565 9 0.004403779172829414 326 
531 565 9 0.024684492958009032 323 
532 567 10 0.06205698745599169 329 
533 567 10 0.0035638874701454507 342 
534 568 9 0.03652304401355652 332 
535 568 11 0.005110647910766621 334 
536 568 10 0.08459211044539096 336 
537 568 10 0.07091301318595117 322 
538 569 9 0.01164922444978695 333 
539 569 9 0.07375473249816394 340 
540 569 9 0.04583920495106059 342 
541 570 11 0.005172618854526012 335 
542 571 10 0.04012448042834262 330 
543 571 9 0.05870515738066972 335 
544 571 10 0.08856088889723826 326 
545 572 9 0.007525277643899007 339 
546 577 10 0.07871875282172143 326 
547 577 10 0.0025729748640821596 325 
548 577 11 0.0016881565702431371 336 
549 579 11 0.02841721758440045 330 
550 580 9 0.002949334301000702 325 
551 581 10 0.03903753012663979 326 
552 584 9 0.01018210850540164 325 
553 586 9 0.03538728861875932 339 
554 586 11 0.07231794368965908 342 
555 586 9 0.061927274933869556 336 
556 587 11 0.023731177593632084 335 
557 588 11 0.0384240733363567 324 
558 588 9 0.062282061433548995 324 
559 589 10 0.008705250402244975 322 
560 589 11 0.03812438093300613 327 
561 590 10 0.04628752654795352 341 
562 590 11 0.06173880683729755 322 
563 592 9 0.021853036077143565 325 
564 592 11 0.08594446635198753 332 
565 593 11 0.019374146003565747 336 
566 593 9 0.0343813486537117 334 
567 595 11 0.03169693738268814 342 
568 599 10 0.014905727603464803 330 
569 600 9 0.03104252362014787 325 
570 600 10 0.07958522845031364 330 
571 601 11 0.023465673526823615 337 
572 601 9 0.048749383301660995 327 
573 601 10 0.03527793041593809 333 
574 602 11 0.08212157907427488 333 
575 607 11 0.03864060394283276 333 
576 615 9 0.029199205023101787 336 
577 617 10 0.00910477882819619 323 
578 618 11 0.027888214402440197 342 
579 619 9 0.02859938560262846 333 
580 620 9 0.08872761007860275 335 
581 620 10 0.06046208003191262 334 
582 620 11 0.012479006056339177 325 
583 621 11 0.05770763832558109 342 
584 621 11 0.04762800056974633 342 
585 621 9 0.04965112089729088 332 
586 623 11 0.036945067255655356 325 
587 625 9 0.009482386159557904 330 
588 627 9 0.048303912033367306 332 
589 627 11 0.06423412887106164 334 
590 628 9 0.06436180263128555 329 
591 628 10 0.042744829217045706 334 
592 629 10 0.01613090224110844 333 
593 629 9 0.06282635846818238 330 
594 631 10 0.06088613779581219 328 
595 632 10 0.08231937098888473 324 
596 632 11 0.006196232767499283 330 
597 632 10 0.05821540595201064 336 
598 633 11 0.05041050115319678 332 
599 638 9 0.06529902355256081 330 
600 640 11 0.04152102560850666 334 
601 640 9 0.017734132297768587 341 
602 640 10 0.08370158537165213 324 
603 640 11 0.05789039568719948 332 
604 640 10 0.07548483189235926 335 
605 641 9 0.051938358771867726 328 
606 642 10 0.02384900625214631 326 
607 644 9 0.0603217209281474 340 
608 646 11 0.003072244908484096 334 
609 648 11 0.002125581864470471 342 
610 649 11 0.044163696744334895 335 
611 650 10 0.03794083112530954 327 
612 650 9 0.01693697551423211 339 
613 650 10 0.0776359238202632 325 
614 650 10 0.06523612774031642 329 
615 651 10 0.018033169307606574 342 
616 652 10 0.028230314191381417 330 
617 655 9 0.014909681620828036 341 
618 655 9 0.041591238334671335 327 
619 655 9 0.08567519821270463 333 
620 657 11 0.052703350717829195 341 
621 657 10 0.01690583282024782 326 
622 659 9 0.08704576438686595 322 
623 659 10 0.04541275964576505 327 
624 659 11 0.028352266836972194 327 
625 661 9 0.007376723974019669 326 
626 661 10 0.06368171690807152 339 
627 663 11 0.01269122593360119 326 
628 664 9 0.015990813574867136 327 
629 665 10 0.05048273989797038 337 
630 666 9 0.015795866212401675 322 
631 667 9 0.07933805216612706 325 
632 670 10 0.07071776890700159 333 
633 670 9 0.07306853003700682 334 
634 670 10 0.028207797337167856 334 
635 672 9 0.015899846273923594 327 
636 673 10 0.02255129257658075 330 
637 674 11 0.015883229469174347 324 
638 675 9 0.053423953475684634 342 
639 676 9 0.04948426356861142 327 
640 678 9 0.07474009926369837 326 
641 678 10 0.0332158391856873 324 
642 679 9 0.012013912589488928 322 
643 679 9 0.005368305582915915 338 
644 680 9 0.012560333409319707 338 
645 681 9 0.08350071514613028 327 
646 682 11 0.04224528512097921 333 
647 683 11 0.005231628347879692 327 
648 686 10 0.06084154533559366 335 
649 686 11 0.04612096567926675 338 
650 687 10 0.05935344858725584 336 
651 689 10 0.0527668945818324 337 
652 689 10 0.08618533473139502 328 
653 689 11 0.03840505961721948 341 
654 691 11 0.011190336911830457 328 
655 694 11 0.062167216219246826 329 
656 696 9 0.03250398853854517 328 
657 698 9 0.0858419357426196 329 
658 700 11 0.07830307358891705 331 
659 701 11 0.07670422385806148 326 
660 701 11 0.06760013070915845 324 
661 702 10 0.08709335948519799 330 
662 703 9 0.07728832409891986 323 
663 705 11 0.05513896111003108 331 
664 706 11 0.07033919771457804 337 
665 706 10 0.0012118248156636397 338 
666 706 11 0.0064906862599223205 337 
667 707 9 0.008881501243526452 342 
668 708 11 0.04100086365396829 326 
669 708 11 0.02663925951930424 334 
670 709 9 0.01913049185008217 330 
671 709 11 0.08147878282851799 337 
672 710 9 0.012161737491001634 330 
673 710 11 0.015233398657961993 335 
674 710 10 0.06360257668193582 334 
675 713 10 0.007168219713233966 323 
676 713 11 0.08708812449439102 324 
677 713 11 0.04472257120961936 342 
678 714 11 0.04867305827014874 326 
679 714 9 0.02048498815708931 328 
680 714 11 0.05883419687497674 326 
681 714 10 0.07593982367008732 335 
682 715 9 0.08366397064575609 332 
683 716 10 0.026867108370065115 337 
684 717 9 0.03796416406504741 332 
685 717 11 0.012486536011248304 328 
686 719 9 0.0586451205504305 342 
687 719 11 0.07997870546198174 327 
688 719 10 0.0017396177120313039 339 
689 720 9 0.055415058788394235 329 
690 721 10 0.045625912433136614 322 
691 721 11 0.03733626770701364 340 
692 722 11 0.08182406955410838 341 
693 723 11 0.07740750205562762 333 
694 724 11 0.06286681759062515 335 
695 724 10 0.06784578963738536 338 
696 726 11 0.05686736966663521 331 
697 726 9 0.03204174904381271 336 
698 727 10 0.05629424544650558 330 
699 727 11 0.06938008016058911 326 
700 728 9 0.07844497515696801 335 
701 729 11 0.07545713501893601 340 
702 729 10 0.013967070682040433 323 
703 729 9 0.02606631649921032 338 
704 730 11 0.06066861919772266 330 
705 731 11 0.07794680670552344 322 
706 731 10 0.07595655021833582 334 
707 733 9 0.021230099513023428 328 
708 734 11 0.07293093100934697 328 
709 735 11 0.02259790498059756 340 
710 735 11 0.013622306326331737 328 
711 735 9 0.027121660523603423 340 
712 736 9 0.034491832857753216 335 
713 737 11 0.028270885402565962 324 
714 738 9 0.019973621790897553 329 
715 739 11 0.0066419536111277265 323 
716 739 10 0.08957909178994858 323 
717 740 11 0.03582827444918006 339 
718 741 9 0.03721571410014604 329 
719 743 11 0.035450805179653606 330 
720 743 11 0.04950904887225111 332 
721 743 9 0.05721108641731451 327 
722 745 9 0.05207238871169057 331 
723 748 11 0.06537816407421625 326 
724 749 9 0.039238520252310116 339 
725 749 9 0.06440440462482301 335 
726 750 9 0.003510065509510535 324 
727 751 11 0.037243753486387456 329 
728 751 9 0.047911586136382675 335 
729 752 9 0.07904837930854629 334 
730 753 9 0.08299425164109514 328 
731 754 11 0.029623307409369633 335 
732 754 9 0.02265347833928527 328 
733 755 9 0.038176586193072445 333 
734 756 10 0.04421458001636288 323 
735 758 10 0.03054203279992395 326 
736 758 10 0.07534835893972427 339 
737 759 11 0.04383279691432388 332 
738 760 9 0.04519434337019753 323 
739 761 11 0.01973152803560609 328 
740 761 10 0.08565160809781473 333 
741 761 11 0.03296152580312302 340 
742 763 9 0.06806813430139723 331 
743 764 10 0.06699426108520366 336 
744 765 9 0.06665243213265745 332 
745 766 10 0.04619656002665257 322 
746 766 9 0.03254958221255779 338 
747 767 10 0.009123467925263303 325 
748 770 10 0.041256483440622674 330 
749 771 10 0.042806535081604744 326 
750 771 10 0.07309200870174383 333 
751 774 11 0.051417812183501645 330 
752 775 11 0.05486020198010003 323 
753 775 10 0.009598490595054413 342 
754 776 11 0.07643980406308455 331 
755 777 10 0.0101803186092141 322 
756 777 11 0.0764110512618758 341 
757 777 9 0.025120525426201617 340 
758 781 10 0.007805336001363422 332 
759 781 11 0.03818403177952735 325 
760 782 10 0.05571270650434839 333 
761 782 9 0.005983344341813306 323 
762 783 10 0.085964636554454 327 
763 783 9 0.021650437891706457 327 
764 785 9 0.07728170077999584 325 
765 785 9 0.027373952521573836 340 
766 786 10 0.020695836814799556 336 
767 787 10 0.05628064304782832 335 
768 787 10 0.05494554524678327 340 
769 787 11 0.01946480831306268 329 
770 788 9 0.007020478251790291 328 
771 789 11 0.027367647256037082 342 
772 790 9 0.03198282973829485 336 
773 790 9 0.025175345862334206 337 
774 791 11 0.052759525521875725 337 
775 791 10 0.05159651896081815 337 
776 792 9 0.03519112405754404 337 
777 792 11 0.07059815308431704 331 
778 793 9 0.024531865081870614 340 
779 793 11 0.08721745481270864 337 
780 793 9 0.07825951398362746 322 
781 794 10 0.0633413413082125 322 
782 798 10 0.004430805222578325 331 
783 798 10 0.015167238350623835 332 
784 799 9 0.03537719625951881 333 
785 800 11 0.009766355980357033 342 
786 801 10 0.019741695042719897 334 
787 801 9 0.03134336235752036 326 
788 805 9 0.027925810834612107 335 
789 805 11 0.018287102558440817 330 
790 806 9 0.06786893503112831 327 
791 808 9 0.057403638428048256 337 
792 809 11 0.023203686300476527 337 
793 809 10 0.018493702215260466 335 
794 810 9 0.03218296797131836 330 
795 810 9 0.05862319902815572 337 
796 812 9 0.05758546020006882 323 
797 812 10 0.08413859544992554 336 
798 814 9 0.008923743971924147 330 
799 817 10 0.0037134265174745087 335 
800 818 10 0.006948235557175355 337 
801 819 11 0.02464045588792333 338 
802 819 11 0.004328508677451083 341 
803 821 9 0.04156056225736683 340 
804 824 11 0.014760047030818596 339 
805 826 10 0.0012428555828719 323 
806 829 10 0.01980512157417287 327 
807 829 10 0.003037423566813727 323 
808 830 10 0.06641751853150869 326 
809 830 9 0.017198741892888555 331 
810 832 9 0.002855630435326202 322 
811 832 10 0.01848095759401178 342 
812 833 9 0.05103583173639766 332 
813 833 9 0.04204743651517437 324 
814 834 11 0.02986790388435228 326 
815 834 9 0.08991987769610199 330 
816 836 9 0.04639389313640485 332 
817 836 10 0.007681108802127039 323 
818 837 9 0.024410012514839097 335 
819 839 9 0.0662360786342465 324 
820 839 9 0.05941211085729969 330 
821 840 9 0.0791872876237636 333 
822 841 10 0.07047846034338001 340 
823 844 9 0.009177294908636172 327 
824 845 10 0.02318256404384876 334 
825 847 10 0.008468448661135747 328 
826 848 11 0.02519637284668246 323 
827 848 11 0.004957858422725143 330 
828 850 9 0.029390098234800294 325 
829 851 9 0.033655865105745926 330 
830 853 10 0.06228868726941873 333 
831 855 11 0.04328695519660818 341 
832 856 9 0.053143575239135085 323 
833 856 10 0.008635847633352782 322 
834 858 11 0.03699956187848284 323 
835 858 11 0.040831300660223425 338 
836 859 10 0.03095299390934359 339 
837 861 9 0.031003379111243776 323 
838 861 10 0.06856079312728394 336 
839 862 10 0.025978819041280833 339 
840 863 10 0.013228017642516889 336 
841 863 9 0.04382358122622006 329 
842 864 9 0.03331010256251425 325 
843 864 9 0.04616087342451294 337 
844 866 10 0.033286339376445595 334 
845 870 10 0.03870551371327082 331 
846 871 10 0.050816477294454314 323 
847 872 11 0.0055057247803506895 326 
848 875 10 0.025346425973824426 337 
849 875 9 0.05439504585026869 326 
850 876 11 0.053265781653939304 328 
851 878 9 0.015213186484184096 323 
852 880 11 0.0339180356899656 336 
853 881 10 0.058598290782796006 327 
854 883 11 0.053640534598983644 324 
855 883 9 0.08643608534204233 329 
856 885 9 0.02400301580457281 326 
857 885 11 0.02985654779006623 328 
858 886 11 0.001076361408601949 334 
859 886 10 0.05959339426380394 327 
860 886 9 0.07203120457313615 331 
861 888 10 0.05456735888461313 328 
862 889 10 0.05293240108088118 323 
863 891 9 0.04215913177046011 329 
864 892 10 0.05053837371966917 340 
865 894 11 0.005797522161739026 330 
866 894 11 0.04646932601913241 332 
867 894 9 0.05454741994907064 340 
868 894 10 0.022809836826343445 323 
869 896 11 0.003563267228543593 330 
870 897 10 0.041428446149523075 333 
871 897 9 0.07614268313055816 340 
872 907 9 0.008579993140705677 333 
873 908 10 0.07349832705694559 329 
874 909 9 0.043083412106376215 322 
875 910 9 0.0264318518825722 336 
876 910 11 0.08289453767587676 338 
877 911 9 0.07505217734532403 341 
878 912 10 0.004896664145188755 328 
879 913 9 0.008595528472569698 324 
880 913 10 0.04073160150547819 326 
881 917 11 0.016137937924723653 323 
882 917 10 0.0382856034007531 325 
883 919 11 0.05195845566356494 337 
884 919 10 0.012652216862672882 327 
885 923 9 0.0039990157752246075 336 
886 924 9 0.06914390057855703 334 
887 924 11 0.03871245388749764 322 
888 925 11 0.08396004372772721 328 
889 926 11 0.0821551837528531 334 
890 926 10 0.0696971620680487 334 
891 927 11 0.030754626720255498 333 
892 927 11 0.0016950525646821542 331 
893 927 9 0.0649985609352958 326 
894 928 9 0.05893512357950883 340 
895 928 9 0.056450643577042735 324 
896 928 10 0.07977161067261779 339 
897 929 9 0.013552678455716907 330 
898 929 10 0.07619312480014913 329 
899 930 9 0.0874600602504683 336 
900 930 11 0.017608881110224597 325 
901 931 10 0.08978916161158429 338 
902 933 11 0.0032621837682704066 336 
903 933 11 0.05893365648566918 334 
904 934 11 0.05080082812151324 340 
905 934 9 0.012763646234014131 342 
906 934 11 0.08362623134637262 336 
907 936 11 0.08337831943016684 337 
908 936 11 0.004971237521678144 338 
909 936 9 0.06308833713704284 326 
910 938 10 0.058906168043168186 328 
911 938 9 0.06780070544852702 333 
912 939 11 0.07741017377155976 337 
913 941 11 0.05918157439716316 339 
914 941 10 0.04421987275032515 341 
915 941 10 0.07407677611524521 326 
916 941 10 0.050571493933511305 337 
917 942 9 0.02185279088560649 339 
918 944 10 0.0556734389476124 323 
919 947 11 0.03801119826437425 334 
920 949 11 0.07798032661006768 328 
921 951 10 0.015752176546535417 322 
922 952 10 0.022839958165468285 326 
923 955 10 0.013722150357608709 328 
924 957 9 0.0701946291275681 332 
925 957 10 0.0841814376473609 339 
926 958 9 0.08222568415491745 329 
927 958 11 0.0012938472061005627 333 
928 960 10 0.054245349607152396 339 
929 962 11 0.024995707450357365 325 
930 963 10 0.055109474457463926 327 
931 963 10 0.032936805730485644 328 
932 964 11 0.06925743073324314 329 
933 965 9 0.07476256215631728 337 
934 966 9 0.049147573816160375 324 
935 967 9 0.005742319880373372 325 
936 968 11 0.012392579058604823 324 
937 969 11 0.07264698232070434 328 
938 972 9 0.08613257253244225 339 
939 973 10 0.08678417147017177 330 
940 975 9 0.051862352363810725 342 
941 976 9 0.02199442037050625 323 
942 980 10 0.07092554429881574 328 
943 980 10 0.050109155137549925 323 
944 980 10 0.06187735375601798 333 
945 980 10 0.028298420520563004 336 
946 982 9 0.08931085828207416 333 
947 983 11 0.033378182451391264 336 
948 983 10 0.01152151867469562 323 
949 984 9 0.07254442040396965 322 
950 985 11 0.08958695014868015 331 
951 986 9 0.07256433242134455 327 
952 987 10 0.06641695068136039 323 
953 987 11 0.015161396796808568 339 
954 989 9 0.08210607325037647 333 
955 990 10 0.05325241771762498 326 
956 990 9 0.03811840853442828 334 
957 991 11 0.07544146777555143 329 
958 992 11 0.025686211547693072 329 
959 996 10 0.07927823818288086 333 
960 1000 11 0.08979694143430564 341 
961 1001 9 0.08608949471619085 336 
962 1001 10 0.0148793651565363 333 
963 1001 9 0.03351085734112931 336 
964 1001 11 0.041715696756853604 339 
965 1004 10 0.05815798119563413 334 
966 1005 9 0.021048831360062987 324 
967 1007 10 0.02173016785944865 322 
968 1008 9 0.05783566854997723 332 
969 1008 10 0.03858910906215131 334 
970 1014 11 0.027562104769873544 336 
971 1015 11 0.07057704882433369 335 
972 1016 10 0.030052226028102494 340 
973 1017 11 0.006558455021387873 336 
974 1018 9 0.04323263479058563 335 
975 1018 9 0.07321720061639844 328 
976 1020 10 0.08257284855698419 338 
977 1020 11 0.05558810621602044 330 
978 1023 10 0.0801738173975523 324 
979 1024 9 0.03543841136698244 338 
980 1025 11 0.08261962082360444 323 
981 1025 10 0.0809301489551197 327 
982 1026 10 0.07931464109550831 323 
983 1027 10 0.034831064044185955 330 
984 1028 9 0.02500823573151224 329 
985 1028 10 0.0718948614416292 342 
986 1029 11 0.05486985499117268 329 
987 1029 9 0.0393650224149923 327 
988 1029 10 0.003091414770551667 323 
989 1031 9 0.0816345787420764 335 
990 1033 11 0.016355462351504736 336 
991 1033 11 0.08522251916731931 333 
992 1034 10 0.024931188968546344 338 
993 1035 11 0.02120704945073325 337 
994 1036 10 0.08304170662055699 331 
995 1036 10 0.08070019223694916 342 
996 1037 11 0.04871043173177167 329 
997 1038 11 0.006635478671894775 324 
998 1039 9 0.025097674925463807 333 
999 1039 9 0.006582057842446224 328 
1000 1040 11 0.08363243128116703 342 
1001 1040 11 0.04696209316380162 325 
1002 1040 10 0.0073992467202837866 327 
1003 1040 9 0.009574345455399733 330 
1004 1041 10 0.03892385896712966 327 
1005 1046 9 0.0038056810063757706 332 
1006 1046 9 0.06784374187665905 331 
1007 1046 9 0.050579748733608335 341 
1008 1048 9 0.05024041239574419 336 
1009 1049 10 0.035142438891012324 338 
1010 1050 11 0.08281944835154915 338 
1011 1050 10 0.0024259272960893657 333 
1012 1052 10 0.06483601180607843 333 
1013 1052 11 0.03748418401999272 330 
1014 1052 10 0.0525922634785898 332 
1015 1053 10 0.041245033536140334 342 
1016 1056 11 0.02178812890014439 334 
1017 1056 10 0.04938148321814639 339 
1018 1058 11 0.05301840903948502 326 
1019 1059 9 0.03547284565878847 334 
1020 1062 11 0.02723864787151076 327 
1021 1062 10 0.03436949296060107 333 
1022 1062 11 0.029682321671239298 325 
1023 1062 9 0.07002362762733252 327 
1024 1063 10 0.08576951851085589 341 
1025 1065 11 0.08462684689187083 330 
1026 1066 9 0.001034419557213051 329 
1027 1067 11 0.023287004220863102 336 
1028 1067 10 0.04855407512007088 331 
1029 1068 10 0.031372777728699966 335 
1030 1068 11 0.08819577175214544 324 
1031 1069 10 0.040119970315687745 342 
1032 1069 11 0.07180571145048435 338 
1033 1070 9 0.031083066425195822 328 
1034 1070 9 0.014088236018082147 329 
1035 1070 11 0.04964524749602099 335 
1036 1070 10 0.08893540053659216 328 
1037 1071 11 0.025857444997148555 338 
1038 1071 10 0.051704615618296326 339 
1039 1071 9 0.08402802029386325 334 
1040 1073 10 0.0589373350220498 325 
1041 1074 11 0.0693964167456202 322 
1042 1074 10 0.03262529373083221 340 
1043 1075 10 0.025487023544177666 335 
1044 1077 10 0.07665555019609374 342 
1045 1078 9 0.023396531875802047 329 
1046 1079 10 0.08273842725266443 331 
1047 1079 11 0.0766109024307026 325 
1048 1080 11 0.08026658718305925 324 
1049 1080 11 0.04465299091174259 322 
1050 1082 10 0.02421396802194982 334 
1051 1085 10 0.011061018946355684 330 
1052 1086 9 0.04094278849559009 333 
1053 1087 9 0.016355557135405225 329 
1054 1088 10 0.014456409220247511 338 
1055 1089 10 0.06546427590565973 331 
1056 1091 9 0.0471793722221481 324 
1057 1091 9 0.049350875367696015 326 
1058 1091 9 0.042659362774317124 328 
1059 1091 9 0.04840600473806982 334 
1060 1092 11 0.014868879669336834 328 
1061 1092 10 0.061335016237515236 342 
1062 1093 9 0.0024051711208943234 339 
1063 1093 11 0.03533898624749806 332 
1064 1093 10 0.03001893704043098 335 
1065 1096 9 0.08110698685460367 333 
1066 1097 10 0.07972639464095554 333 
1067 1099 11 0.027123398821692183 328 
1068 1100 9 0.08829064653691855 332 
1069 1102 11 0.07574435954020138 325 
1070 1107 10 0.08731046398483082 331 
1071 1108 10 0.05543167718152935 332 
1072 1108 11 0.04778484636496185 326 
1073 1111 10 0.05052237086755248 334 
1074 1112 9 0.04672661208148426 327 
1075 1112 9 0.049579823861393015 322 
1076 1112 11 0.00815662662973472 336 
1077 1114 11 0.04604081309355994 342 
1078 1116 9 0.07235541460405018 331 
1079 1118 11 0.057761935960498126 341 
1080 1119 11 0.055525246589902655 340 
1081 1121 11 0.04918623875882665 335 
1082 1125 10 0.0754333965011299 338 
1083 1127 10 0.01779118535880587 331 
1084 1129 9 0.03689562808843771 334 
1085 1132 10 0.08772484545590781 331 
1086 1135 11 0.04429821858779368 324 
1087 1136 9 0.020256088831411757 342 
1088 1137 9 0.05526446103674766 328 
1089 1138 9 0.02914733510998403 325 
1090 1140 10 0.022222765154670795 332 
1091 1142 9 0.08282698003028195 325 
1092 1142 10 0.02737504573611968 338 
1093 1146 9 0.0030008075815488333 339 
1094 1146 10 0.025784717941048745 324 
1095 1146 9 0.006177535847679628 337 
1096 1147 10 0.07590978978137493 341 
1097 1147 11 0.006417882284173352 330 
1098 1147 9 0.01656459288931445 333 
1099 1147 11 0.007789881040142342 338 
1100 1147 11 0.04043309136232896 329 
1101 1147 10 0.04158009648752522 322 
1102 1147 9 0.05414067283323322 335 
1103 1148 10 0.061228070357551005 327 
1104 1151 9 0.07215168111418009 338 
1105 1152 9 0.02483085293553214 332 
1106 1152 9 0.032797324786683305 341 
1107 1156 9 0.03606076876660708 328 
1108 1157 10 0.019792672616364516 338 
1109 1157 10 0.0024281695765820737 323 
1110 1157 10 0.04754947905644723 341 
1111 1158 11 0.019802027342741724 330 
1112 1159 11 0.05914878769687751 338 
1113 1162 10 0.04643754500410488 328 
1114 1162 10 0.08330349965067872 341 
1115 1164 11 0.011633187939367032 331 
1116 1167 9 0.04443970391730238 334 
1117 1167 9 0.013654044683939381 331 
1118 1168 11 0.03851151762389046 338 
1119 1169 9 0.07405089153113037 330 
1120 1172 9 0.04179525523457357 334 
1121 1172 10 0.043823604634676896 327 
1122 1173 9 0.04759544603562769 334 
1123 1174 9 0.014808150569648876 328 
1124 1175 10 0.01726420010742844 339 
1125 1177 11 0.013059287054110223 337 
1126 1178 9 0.08154925586748392 332 
1127 1180 11 0.08490472190469105 333 
1128 1181 10 0.06063623399078585 342 
1129 1181 10 0.042203777712284736 325 
1130 1183 10 0.04891656434670185 323 
1131 1186 9 0.03173474670297807 331 
1132 1187 11 0.04368998628317629 341 
1133 1187 9 0.08394213327010575 337 
1134 1187 9 0.015203054603179833 337 
1135 1188 9 0.07780134484690727 332 
1136 1189 11 0.08332372241753352 336 
1137 1189 11 0.009772464054291701 331 
1138 1192 10 0.05343242251223712 327 
1139 1193 10 0.030539344360685946 336 
1140 1193 10 0.02289799110812046 323 
1141 1193 10 0.022129702277466568 326 
1142 1195 11 0.08490908406559498 339 
1143 1196 11 0.023604573680483232 325 
1144 1197 11 0.03975111956833049 322 
1145 1199 11 0.06755125680341954 341 
1146 1200 11 0.06553874477589898 330 
1147 1201 11 0.01799904621278536 326 
1148 1203 11 0.019832958095782408 334 
1149 1204 10 0.06294004057273374 325 
1150 1204 9 0.03747819574315993 323 
1151 1204 10 0.04432674304040584 336 
1152 1205 11 0.05244394994417395 333 
1153 1206 10 0.0615510488937045 332 
1154 1206 9 0.05061135197631001 330 
1155 1208 10 0.061626922207050336 340 
1156 1210 9 0.048591903849759234 341 
1157 1210 11 0.047583926572379705 328 
1158 1211 10 0.08892259373242423 330 
1159 1211 11 0.03932657636354931 335 
1160 1212 11 0.003853843851565627 339 
1161 1213 9 0.05878913877448725 333 
1162 1213 11 0.07987318339929741 324 
1163 1213 10 0.05293221367375877 324 
1164 1214 10 0.08329641609314846 340 
1165 1216 9 0.05664269484622252 336 
1166 1216 10 0.08854976349948948 329 
1167 1217 9 0.06165836910148567 330 
1168 1218 10 0.058364118803213585 336 
1169 1219 11 0.023360470249355135 340 
1170 1220 9 0.010561145028236546 340 
1171 1220 10 0.024539391632591424 341 
1172 1222 9 0.03719494404696161 336 
1173 1222 11 0.030826080862939222 335 
1174 1223 11 0.032212489694955944 332 
1175 1227 9 0.055691301568936744 327 
1176 1227 11 0.014233173942465573 330 
1177 1228 11 0.05574647744687431 330 
1178 1229 10 0.07190562010916565 333 
1179 1229 11 0.029442167071464524 334 
1180 1231 10 0.011449443005130944 340 
1181 1232 11 0.027851281320611813 332 
1182 1232 11 0.0017167338343361542 331 
1183 1232 11 0.03633814834366419 324 
1184 1233 10 0.02086046349712548 332 
1185 1234 10 0.024101930196342474 329 
1186 1234 11 0.0631761198271839 330 
1187 1235 11 0.0618384407380194 334 
1188 1235 9 0.030081335662346925 326 
1189 1236 9 0.05235277277265088 331 
1190 1238 9 0.059568014279240376 340 
1191 1240 9 0.046170578545519404 342 
1192 1241 11 0.080965916344381 328 
1193 1245 9 0.023022663901952428 327 
1194 1245 11 0.037534678695032235 339 
1195 1246 9 0.03962727388141728 324 
1196 1246 9 0.08403663482617584 324 
1197 1246 11 0.0690273744555301 325 
1198 1247 9 0.08798820110789791 334 
1199 1247 9 0.08534362816648805 339 
1200 1248 9 0.05982875300515936 334 
1201 1249 11 0.02921907804301644 327 
1202 1249 10 0.0441386989916579 331 
1203 1250 10 0.06922339521881121 327 
1204 1250 9 0.07256663955776214 327 
1205 1252 10 0.03729791201358358 326 
1206 1252 10 0.03502763417377392 332 
1207 1253 10 0.08065314365299545 333 
1208 1253 11 0.0015645564003263814 332 
1209 1254 11 0.022824086525785575 340 
1210 1258 9 0.040032499610000036 334 
1211 1259 11 0.002437779567520677 338 
1212 1259 11 0.026039979921298907 329 
1213 1261 11 0.03853261909138697 335 
1214 1261 10 0.061790217805462275 334 
1215 1261 9 0.04633855736788319 333 
1216 1262 10 0.08342658930870685 329 
1217 1262 10 0.02288644222629889 332 
1218 1262 10 0.05505564472300255 323 
1219 1263 10 0.053376809767026565 326 
1220 1265 11 0.06269710240509278 342 
1221 1267 9 0.06729852669664273 326 
1222 1268 9 0.0012530063259266445 338 
1223 1268 10 0.019794815149083905 329 
1224 1268 9 0.004800927121050369 330 
1225 1269 11 0.05285790616977562 342 
1226 1269 9 0.028464467534121032 330 
1227 1270 11 0.04031161835265242 328 
1228 1272 10 0.041205290917150514 327 
1229 1272 11 0.0026853824118618806 339 
1230 1273 11 0.07062828882321392 322 
1231 1274 11 0.05562524913978997 324 
1232 1275 10 0.020750645645347857 342 
1233 1275 11 0.0678467978309837 322 
1234 1275 11 0.009782510608124594 324 
1235 1276 9 0.019682359566244506 331 
1236 1277 9 0.04608421620165815 329 
1237 1277 10 0.043733802553164586 333 
1238 1278 11 0.0429620268024781 323 
1239 1278 10 0.022401685961372927 329 
1240 1279 9 0.06740556169694302 329 
1241 1280 10 0.05525636836158373 326 
1242 1282 11 0.028935347356374076 328 
1243 1282 10 0.03912536477273539 339 
1244 1286 10 0.005230822990672007 327 
1245 1286 11 0.036828027659247184 338 
1246 1289 9 0.0736455417427339 325 
1247 1291 10 0.0436637692509667 323 
1248 1291 10 0.03343479036244668 334 
1249 1292 11 0.07123855307718638 327 
1250 1292 9 0.043311700033697706 327 
1251 1293 9 0.053915440943747325 328 
1252 1295 11 0.023707004337888384 329 
1253 1295 11 0.06851960916186954 333 
1254 1296 10 0.007304594993624299 328 
1255 1296 9 0.012087610273350858 340 
1256 1296 11 0.0854503797164299 339 
1257 1298 10 0.08846004055780507 336 
1258 1300 11 0.007739544330695471 332 
1259 1301 11 0.08860338841255437 326 
1260 1301 11 0.06061015416147313 339 
1261 1304 9 0.0018494945729145872 333 
1262 1305 11 0.04807226917764366 339 
1263 1306 11 0.06252272113809827 325 
1264 1306 10 0.04412354674561726 331 
1265 1307 10 0.05516989530957486 322 
1266 1308 9 0.016206778988820624 337 
1267 1309 10 0.01384709384297559 330 
1268 1309 10 0.03917993475895104 326 
1269 1310 9 0.014071793449176792 324 
1270 1311 9 0.04194739338499636 338 
1271 1313 9 0.03643043679072789 332 
1272 1314 9 0.04656103199464827 332 
1273 1314 10 0.05518258090135613 328 
1274 1316 10 0.015318832085356126 326 
1275 1318 11 0.013966983206412736 334 
1276 1318 11 0.08068869514096923 335 
1277 1319 11 0.03288820734822277 322 
1278 1321 9 0.0076270235380056775 330 
1279 1322 9 0.08239001313520004 327 
1280 1324 11 0.05207636479307503 329 
1281 1324 9 0.0810436064165707 329 
1282 1327 10 0.05711133462574521 325 
1283 1327 10 0.003519512908427865 333 
1284 1328 10 0.031971743443668786 341 
1285 1329 9 0.05936368891498663 326 
1286 1330 10 0.04039289253896817 340 
1287 1332 10 0.05646945707996707 334 
1288 1333 10 0.05835828070462967 331 
1289 1334 11 0.03712995138929177 341 
1290 1335 11 0.07870959726487908 336 
1291 1337 10 0.011927326573896266 323 
1292 1341 10 0.008791005752262365 332 
1293 1342 9 0.07654614196687763 322 
1294 1344 9 0.02643281777944417 328 
1295 1345 11 0.0675050806479948 330 
1296 1345 11 0.011728896971970361 327 
1297 1349 9 0.07055546992236215 342 
1298 1350 10 0.027779041936664153 328 
1299 1351 11 0.07203155335299266 326 
1300 1353 9 0.08885817270123696 327 
1301 1355 9 0.0808002119136409 341 
1302 1355 11 0.07487561478319144 333 
1303 1358 10 0.08583581723784976 324 
1304 1359 10 0.0027795071771700543 340 
1305 1359 10 0.06924013119623108 332 
1306 1360 9 0.04612355915378224 337 
1307 1360 9 0.07793684386795277 333 
1308 1361 9 0.06334052709845879 334 
1309 1367 10 0.07280641748663051 330 
1310 1368 10 0.054476658253432585 325 
1311 1370 10 0.08421970989779798 322 
1312 1370 9 0.08264569881456754 334 
1313 1370 9 0.0611689935927986 329 
1314 1372 10 0.06296280916918966 329 
1315 1372 11 0.07821654080176262 326 
1316 1373 9 0.0187264339751348 340 
1317 1374 11 0.06143943051332154 332 
1318 1375 10 0.07968913856146097 341 
1319 1375 9 0.05115199979232626 338 
1320 1376 9 0.04533283237674942 338 
1321 1377 10 0.06050262025939679 326 
1322 1378 11 0.04211042759380266 326 
1323 1378 10 0.0856317636136563 328 
1324 1380 9 0.07523410041674945 334 
1325 1380 9 0.012643577579271936 325 
1326 1380 10 0.06414660327144682 324 
1327 1382 9 0.003953064256718892 324 
1328 1383 11 0.027266693735293196 323 
1329 1383 10 0.05039458471458333 331 
1330 1387 11 0.012607104296341626 335 
1331 1387 11 0.05311083503004288 324 
1332 1388 9 0.04565939796542606 333 
1333 1388 10 0.024137665928715704 334 
1334 1390 10 0.05994295492876482 327 
1335 1390 11 0.0888450627853808 331 
1336 1392 9 0.045091715171589136 336 
1337 1398 10 0.06621410624367492 333 
1338 1400 10 0.08432601649308517 336 
1339 1402 10 0.06012184759094665 328 
1340 1403 11 0.013838609145308468 330 
1341 1404 11 0.06754926392655075 338 
1342 1405 10 0.018428903229585812 327 
1343 1405 10 0.07557888096025075 339 
1344 1406 11 0.004335992634952223 338 
1345 1409 11 0.04129746169113966 331 
1346 1409 9 0.026252022002062347 342 
1347 1409 11 0.03813023145047845 331 
1348 1409 9 0.04396430370755967 340 
1349 1411 11 0.043110743797509885 341 
1350 1414 9 0.08359913029742379 335 
1351 1414 11 0.03876718939160221 326 
1352 1422 10 0.060401396098933476 341 
1353 1427 10 0.03821045110892945 335 
1354 1427 11 0.0023377195765235 323 
1355 1428 10 0.06875561734686193 338 
1356 1428 11 0.04558048795857955 328 
1357 1428 10 0.0679713570455214 332 
1358 1428 11 0.050007536999004135 339 
1359 1429 9 0.0843712718245743 336 
1360 1429 10 0.02571082920578286 334 
1361 1431 9 0.07623632901701663 332 
1362 1431 10 0.029109370774243686 338 
1363 1433 10 0.039656040545399514 342 
1364 1435 9 0.06892551673603033 323 
1365 1435 9 0.04794010089991204 332 
1366 1435 11 0.05594620731198132 325 
1367 1436 10 0.019426897382971584 336 
1368 1436 11 0.03979828864996688 333 
1369 1437 9 0.03141349685515597 327 
1370 1438 10 0.02830408205413756 325 
1371 1438 9 0.05712419934130741 327 
1372 1441 11 0.07722739728881983 338 
1373 1442 10 0.06979626511499562 322 
1374 1443 9 0.028797008623035563 324 
1375 1445 9 0.046859201890125025 334 
1376 1445 9 0.047652331456521126 337 
1377 1446 9 0.07551428209035246 341 
1378 1447 10 0.08641533850690987 340 
1379 1447 11 0.00468330764531821 341 
1380 1450 11 0.0897644680426023 323 
1381 1453 10 0.06775181702484646 322 
1382 1458 10 0.024380997193518907 329 
1383 1458 10 0.059276457143077596 342 
1384 1459 11 0.04516190971283267 335 
1385 1460 10 0.03598303205765016 324 
1386 1460 11 0.08260085920557779 341 
1387 1461 10 0.03308866710987385 336 
1388 1461 11 0.06785624625465288 324 
1389 1462 10 0.08847282039594595 342 
1390 1464 9 0.03551243420405043 342 
1391 1464 10 0.06854529430758267 338 
1392 1465 9 0.01995599140904584 332 
1393 1465 11 0.047423842253303136 340 
1394 1465 10 0.009456210374739402 341 
1395 1468 11 0.005852434940257498 333 
1396 1468 9 0.05248010071868896 327 
1397 1471 11 0.028518390582847865 323 
1398 1474 10 0.03459407304425848 325 
1399 1474 9 0.0265266754525808 338 
1400 1475 10 0.08321902009058732 323 
1401 1475 11 0.08331150532194477 337 
1402 1477 10 0.08372188802648556 339 
1403 1477 11 0.028564176328088612 330 
1404 1480 11 0.04401331138177861 328 
1405 1481 11 0.00952280742166385 322 
1406 1481 10 0.037429022008551624 326 
1407 1481 9 0.03402685644544616 327 
1408 1482 11 0.0600494052893804 329 
1409 1485 11 0.04949174408133202 339 
1410 1485 11 0.03824258584574265 326 
1411 1486 9 0.08172865578943789 335 
1412 1486 11 0.0017060622272066922 341 
1413 1487 9 0.07858634708194594 339 
1414 1488 10 0.08725082432020832 337 
1415 1489 9 0.017991294492373744 322 
1416 1491 10 0.029138105039795786 328 
1417 1492 11 0.050489662172955835 339 
1418 1492 9 0.027464706238483908 339 
1419 1494 9 0.08355310873585098 330 
1420 1495 11 0.01851058323898593 338 
1421 1495 10 0.021757321007120994 336 
1422 1496 10 0.004957052683493611 326 
1423 1497 11 0.07336127687603129 331 
1424 1504 11 0.05136465292955026 342 
1425 1504 10 0.036334212956073794 323 
1426 1507 10 0.07160008031709178 322 
1427 1508 11 0.017905861387176505 341 
1428 1508 9 0.0067426718876361855 330 
1429 1509 9 0.011832851840571024 342 
1430 1509 11 0.048797196617426514 330 
1431 1510 11 0.0296137099025223 342 
1432 1510 10 0.007192801995239462 339 
1433 1510 9 0.0038595490521962446 333 
1434 1510 10 0.04175147165251325 333 
1435 1511 10 0.03697273280974718 340 
1436 1512 9 0.0041484400223057594 334 
1437 1512 9 0.030452327626984008 335 
1438 1513 9 0.04639790753912358 327 
1439 1513 11 0.031053342582985356 326 
1440 1514 10 0.025291054210709953 336 
1441 1515 11 0.08211496228663781 329 
1442 1515 11 0.07869270949631248 324 
1443 1515 10 0.05392863441988337 337 
1444 1516 9 0.05003421032294121 323 
1445 1519 9 0.02815321437123305 335 
1446 1520 9 0.024999352146974654 331 
1447 1520 9 0.06394728855826878 327 
1448 1520 9 0.03372042689461428 341 
1449 1520 10 0.019690444893270917 342 
1450 1521 10 0.03287329465680622 337 
1451 1522 10 0.08458981954887607 323 
1452 1522 10 0.028634315564298025 338 
1453 1524 9 0.018210945917086156 334 
1454 1528 11 0.015572253126350862 340 
1455 1529 10 0.004890262170237786 336 
1456 1529 9 0.062159895028685644 342 
1457 1530 10 0.04051038680210814 342 
1458 1532 9 0.05109429687338985 324 
1459 1533 9 0.016028804686212327 333 
1460 1533 9 0.06638364499553222 332 
1461 1534 10 0.01697067320446084 335 
1462 1534 10 0.05799725065092815 333 
1463 1535 11 0.0380722084022671 327 
1464 1536 9 0.010256684683981877 342 
1465 1536 11 0.006081120403410782 326 
1466 1536 9 0.013032594434345495 324 
1467 1537 11 0.014440745191517782 328 
1468 1538 9 0.06386133785736539 328 
1469 1539 10 0.0829202420812443 333 
1470 1539 9 0.0834415215124566 328 
1471 1541 9 0.05539508487503183 338 
1472 1543 11 0.014507593713002188 325 
1473 1544 9 0.02150778688006016 323 
1474 1546 9 0.03937191129325268 327 
1475 1551 11 0.03150720157960398 324 
1476 1553 9 0.025475138002955987 328 
1477 1555 10 0.02404729280845867 337 
1478 1555 10 0.002531238964825139 341 
1479 1556 11 0.04595031410379894 334 
1480 1557 9 0.004021233247132839 332 
1481 1557 11 0.04926260057643424 330 
1482 1557 9 0.07537182886182832 341 
1483 1558 10 0.015673917249284488 324 
1484 1558 10 0.01835902928637026 326 
1485 1560 11 0.02491894349959206 329 
1486 1560 9 0.07842435397325721 323 
1487 1560 10 0.02648235152014973 327 
1488 1561 10 0.0712319425073342 330 
1489 1561 11 0.05058783179912562 326 
1490 1561 11 0.05753855098949662 324 
1491 1561 9 0.06519420083302226 335 
1492 1561 11 0.004318988848874643 322 
1493 1563 11 0.028656293885461415 332 
1494 1564 10 0.011578073817658512 336 
1495 1564 11 0.07398253292809204 335 
1496 1564 9 0.0016931636344288917 337 
1497 1566 9 0.08506921337675866 323 
1498 1566 10 0.04512514525384015 328 
1499 1566 10 0.0845146968237404 326 
1500 1567 9 0.0025537579049926974 324 
1501 1567 9 0.014542283937290835 328 
1502 1567 10 0.08038883647621314 329 
1503 1573 10 0.06318344428224847 334 
1504 1573 11 0.057006606297382065 333 
1505 1575 9 0.07528272947372493 339 
1506 1575 11 0.002048439014588197 334 
1507 1576 10 0.05379801845305854 336 
1508 1577 10 0.07679043182802625 332 
1509 1577 10 0.07993478238413608 326 
1510 1577 9 0.03037817187544357 329 
1511 1577 10 0.0023568126840768848 330 
1512 1578 11 0.006481392498666791 328 
1513 1579 9 0.07726242798829658 337 
1514 1580 9 0.03220245988996152 332 
1515 1582 11 0.04604914063391359 336 
1516 1582 9 0.0654813870427135 335 
1517 1583 9 0.013841341759831347 333 
1518 1584 10 0.009911902169924776 329 
1519 1585 10 0.06293540027810315 335 
1520 1585 11 0.05895903394773444 331 
1521 1585 9 0.021974817693285145 322 
1522 1586 9 0.010508038221074444 341 
1523 1586 11 0.05283069125885254 325 
1524 1587 11 0.04434777173542918 331 
1525 1587 9 0.07238171547888564 330 
1526 1588 10 0.017787062806961247 327 
1527 1589 9 0.014927212831982492 327 
1528 1591 9 0.02887241613803249 329 
1529 1591 9 0.06645612693489798 337 
1530 1591 11 0.025463190109572677 324 
1531 1593 10 0.018715883984035876 329 
1532 1594 11 0.005167495799492045 339 
1533 1594 9 0.008220424917202835 339 
1534 1596 10 0.03635448261694229 338 
1535 1596 10 0.04329926934927637 326 
1536 1597 10 0.05679713704451326 342 
1537 1597 9 0.07557652366128458 339 
1538 1598 9 0.08423851685080058 340 
1539 1600 10 0.027415477300376866 337 
1540 1601 11 0.06557725081887732 324 
1541 1602 9 0.033646703660377295 325 
1542 1605 9 0.08312968176834408 340 
1543 1607 11 0.06258541664899492 332 
1544 1608 11 0.08359148977385031 335 
1545 1608 9 0.088645633684853 327 
1546 1610 9 0.026324761028499174 342 
1547 1610 10 0.08828620908038412 340 
1548 1610 10 0.0457224816163984 328 
1549 1612 10 0.043227902173121585 336 
1550 1614 11 0.04279059891610802 326 
1551 1614 11 0.004245959306642849 335 
1552 1614 9 0.07602532412436273 325 
1553 1615 9 0.07395886458403995 336 
1554 1616 10 0.04745450414523533 324 
1555 1616 10 0.03299179547436012 323 
1556 1618 10 0.053066165324701126 328 
1557 1619 10 0.05870168856100654 342 
1558 1620 11 0.07786618767323945 330 
1559 1620 10 0.04013524919827083 326 
1560 1621 10 0.015242653136991913 334 
1561 1622 10 0.01218323103598569 335 
1562 1623 11 0.06207624561622586 326 
1563 1627 9 0.03099261790986924 324 
1564 1628 9 0.04919040190424854 340 
1565 1629 10 0.025215776701240828 332 
1566 1630 9 0.0674527971650924 323 
1567 1633 9 0.02147444643785645 338 
1568 1634 10 0.06880565284522339 337 
1569 1636 10 0.057529331489998246 325 
1570 1638 10 0.08434972011640933 337 
1571 1640 11 0.002970295117836089 336 
1572 1640 9 0.02503748368184571 325 
1573 1642 10 0.0200911353953347 326 
1574 1642 10 0.022059259887921637 329 
1575 1646 9 0.015304789244116181 324 
1576 1647 9 0.03603571527654802 335 
1577 1648 11 0.05352041421140061 334 
1578 1649 9 0.004575052513452457 322 
1579 1649 11 0.03650729800110902 333 
1580 1650 10 0.06103021211615023 331 
1581 1651 11 0.05294333795784081 341 
1582 1652 9 0.008466088142391486 338 
1583 1653 10 0.041331772347685994 334 
1584 1653 10 0.05109571175771874 324 
1585 1657 9 0.07713476884025143 329 
1586 1657 11 0.05169596836267566 335 
1587 1657 11 0.013916786077652742 325 
1588 1657 10 0.014393766274971496 333 
1589 1657 9 0.0742445715199882 323 
1590 1657 9 0.050781580246794786 334 
1591 1658 11 0.049064598163601196 338 
1592 1658 10 0.00262907580636197 334 
1593 1658 10 0.0293234061847108 328 
1594 1659 10 0.07213732353538438 324 
1595 1659 10 0.0642451546894897 334 
1596 1661 11 0.015465867034016107 328 
1597 1661 9 0.06800046865188787 329 
1598 1661 10 0.004616994034809739 326 
1599 1661 11 0.05091043723749932 322 
1600 1663 11 0.04781442856619161 337 
1601 1663 10 0.08034058485389116 329 
1602 1663 10 0.06033928179372935 329 
1603 1663 10 0.05666159781623303 331 
1604 1663 11 0.02350254431750343 340 
1605 1664 9 0.03392520535437999 338 
1606 1667 11 0.004889130089068849 332 
1607 1667 11 0.059728707616470186 325 
1608 1669 10 0.06188975257109064 335 
1609 1670 9 0.04616761214629098 339 
1610 1672 10 0.06751070344844297 335 
1611 1672 10 0.04174977996849888 333 
1612 1672 10 0.08876555446554199 329 
1613 1672 10 0.07635527810189115 324 
1614 1673 11 0.015375127534185136 338 
1615 1673 10 0.0235146879223871 338 
1616 1675 11 0.026423020817422642 332 
1617 1678 10 0.051479884391790465 335 
1618 1680 9 0.058549843884370116 326 
1619 1682 10 0.0632425346184151 338 
1620 1682 11 0.015666127604766822 339 
1621 1683 11 0.05044304179966425 341 
1622 1683 10 0.014657148437816746 340 
1623 1685 11 0.07341203650102812 332 
1624 1686 11 0.08531536615475917 332 
1625 1687 10 0.06378447408508425 322 
1626 1688 10 0.04547004342623826 342 
1627 1690 10 0.02261475973939413 330 
1628 1690 11 0.0773163414638141 326 
1629 1690 11 0.06196315207638758 337 
1630 1692 9 0.03106996820463582 325 
1631 1692 10 0.0074169531383188984 332 
1632 1696 9 0.028398195955819768 341 
1633 1697 11 0.058264818794200604 333 
1634 1697 10 0.05883574753302792 326 
1635 1697 11 0.0016233554380526481 333 
1636 1698 10 0.009609334707825459 336 
1637 1699 9 0.03847759525355538 322 
1638 1699 9 0.016395641153582486 333 
1639 1699 11 0.08437997942263993 340 
1640 1700 9 0.02407402724052037 327 
1641 1700 9 0.08587106699781541 336 
1642 1702 10 0.02305506352902656 338 
1643 1702 11 0.028626044840891277 337 
1644 1702 9 0.08828296514838792 342 
1645 1702 9 0.013796144409424511 342 
1646 1703 9 0.08049786965174 331 
1647 1703 9 0.029971784880667533 334 
1648 1707 11 0.05956155156033727 331 
1649 1707 10 0.014471625809131826 332 
1650 1707 10 0.019713148627707244 342 
1651 1708 9 0.012770871576923623 327 
1652 1709 9 0.04372111036953393 323 
1653 1709 10 0.045110748531630135 335 
1654 1709 10 0.07533696876388082 340 
1655 1710 10 0.010979711718349168 329 
1656 1710 10 0.06674053087461508 323 
1657 1712 11 0.0226498890017629 323 
1658 1713 11 0.05947583563294671 323 
1659 1713 11 0.012234518515806148 325 
1660 1714 10 0.013410754996072794 336 
1661 1715 9 0.040708376425825 339 
1662 1715 11 0.01261760675275159 342 
1663 1715 10 0.03754500508975812 335 
1664 1716 11 0.008594559838158631 337 
1665 1717 9 0.038281359226368696 335 
1666 1717 11 0.055040470915309586 327 
1667 1720 10 0.0584695530525058 328 
1668 1720 9 0.01677224975052218 337 
1669 1722 9 0.009239851104479193 333 
1670 1722 9 0.06900775785317834 341 
1671 1722 11 0.03346202391728296 329 
1672 1723 10 0.008824994803361314 334 
1673 1724 10 0.025336341403087267 331 
1674 1724 11 0.05826260098928071 332 
1675 1725 11 0.01830300690384649 330 
1676 1726 10 0.05407214410693512 338 
1677 1727 10 0.0846814478819701 336 
1678 1728 11 0.010985262702523996 337 
1679 1728 9 0.045351036481135386 342 
1680 1729 11 0.07468746237774666 325 
1681 1729 11 0.06486377375185064 338 
1682 1730 10 0.004904009732380017 334 
1683 1730 10 0.07050687751384782 338 
1684 1730 9 0.065946601149063 337 
1685 1731 11 0.08839074521403713 339 
1686 1732 10 0.0616212565352928 339 
1687 1732 10 0.073819799178465 334 
1688 1734 9 0.010405380822965465 342 
1689 1735 11 0.014624983217739595 322 
1690 1737 11 0.05231931348800961 337 
1691 1737 9 0.011682298465255321 324 
1692 1737 9 0.048925922665573246 322 
1693 1738 9 0.05948083113733439 334 
1694 1739 9 0.01654834905066336 326 
1695 1739 11 0.0013537132342963736 338 
1696 1740 9 0.005379770359261852 327 
1697 1741 9 0.012788808797641639 329 
1698 1742 9 0.06349131986643065 327 
1699 1743 11 0.041509349921635 338 
1700 1744 10 0.02887808509577109 336 
1701 1744 10 0.04747333623438352 340 
1702 1745 11 0.06611131860853017 322 
1703 1746 9 0.07437495187751723 339 
1704 1746 10 0.015689580860223727 341 
1705 1747 11 0.03266811178563737 336 
1706 1749 11 0.015723721099662528 322 
1707 1750 10 0.08023315792098933 322 
1708 1750 9 0.058468291974936484 336 
1709 1751 9 0.08829537358596243 335 
1710 1752 10 0.06699525723229507 338 
1711 1753 10 0.08164471015259066 340 
1712 1755 9 0.028434446739881308 332 
1713 1755 11 0.04252631346226193 328 
1714 1755 11 0.054222677423357096 324 
1715 1757 11 0.03751871929210796 340 
1716 1757 9 0.035055767209987966 322 
1717 1760 10 0.016796499829459834 329 
1718 1760 11 0.028103432529888315 339 
1719 1760 10 0.05369275852985503 337 
1720 1762 9 0.008063126079575603 336 
1721 1762 10 0.0839928394366777 322 
1722 1764 9 0.06703492862609992 334 
1723 1764 11 0.08227422202573469 337 
1724 1765 11 0.0020193694410006683 339 
1725 1765 10 0.03240754144334899 328 
1726 1766 11 0.003900778800804075 331 
1727 1766 9 0.011286073258262728 332 
1728 1767 10 0.017008360179559485 340 
1729 1769 11 0.08620733231083647 340 
1730 1770 10 0.061830412670297964 338 
1731 1770 9 0.006943857214810675 325 
1732 1770 9 0.03202854319104945 334 
1733 1771 10 0.06696992517529039 333 
1734 1773 9 0.08372494951724581 331 
1735 1773 10 0.017337285101068363 332 
1736 1773 9 0.027367522288089922 340 
1737 1774 10 0.02841416798295317 336 
1738 1774 10 0.022076287290004812 328 
1739 1774 11 0.07611837356673655 337 
1740 1778 11 0.06747410454693893 334 
1741 1781 11 0.0015103900115835834 327 
1742 1782 10 0.01897109405131644 328 
1743 1784 10 0.08700635443274556 332 
1744 1784 11 0.04553187098349644 335 
1745 1784 11 0.04446094302181736 341 
1746 1784 10 0.03850402258226288 328 
1747 1786 9 0.08891617643795403 340 
1748 1786 10 0.0548894624490314 329 
1749 1789 10 0.06591072607243402 334 
1750 1790 10 0.012225456913132118 336 
1751 1791 11 0.027289592219304906 322 
1752 1791 9 0.027201348857956713 322 
1753 1791 11 0.07156680985619228 338 
1754 1792 10 0.04392900959045718 328 
1755 1793 9 0.07111247399361005 327 
1756 1793 10 0.04275233281631934 334 
1757 1794 11 0.04646498557080418 327 
1758 1795 10 0.014478633160566915 339 
1759 1795 11 0.06950626243757468 324 
1760 1796 10 0.03825831592616069 327 
1761 1796 9 0.08134307740810569 322 
1762 1797 10 0.0745306424133216 328 
1763 1797 10 0.014934110320224046 322 
1764 1798 11 0.05796630591964319 323 
1765 1799 10 0.06732953740914169 336 
1766 1799 9 0.0524947303415527 334 
1767 1799 9 0.001534879967561702 327 
1768 1800 11 0.0858305760264655 338 
1769 1801 11 0.032941573229758936 325 
1770 1803 10 0.016749723809379977 322 
1771 1803 9 0.04929875325789474 330 
1772 1804 11 0.07501143685026125 332 
1773 1805 11 0.08130346283132715 324 
1774 1806 9 0.056938096484358915 334 
1775 1806 11 0.03543491726622326 334 
1776 1807 10 0.060420979612568614 341 
1777 1807 11 0.06049423000976145 330 
1778 1810 11 0.05936124366054712 322 
1779 1811 11 0.017404497122686668 340 
1780 1814 10 0.04322734228298776 332 
1781 1816 10 0.022718705600917755 322 
1782 1816 10 0.017302968222225292 340 
1783 1816 10 0.00445703141474999 329 
1784 1817 11 0.08423389926456933 332 
1785 1819 9 0.019376833268336217 340 
1786 1820 10 0.06507565275168399 341 
1787 1821 9 0.046870675038934856 332 
1788 1822 11 0.08949756124708798 331 
1789 1823 9 0.06379563200200951 331 
1790 1825 11 0.006950037419196689 342 
1791 1825 11 0.028432841499767787 334 
1792 1826 10 0.06465975554471572 333 
1793 1827 11 0.07474169667145367 324 
1794 1827 10 0.07583407997463916 334 
1795 1828 11 0.0773689120244586 329 
1796 1831 11 0.07113039607950514 333 
1797 1831 9 0.04503164668653363 332 
1798 1832 10 0.039511614735523684 341 
1799 1832 11 0.06321441012896149 325 
1800 1832 10 0.05540257738200905 324 
1801 1833 9 0.018384780933642503 329 
1802 1834 9 0.033410611353762214 337 
1803 1836 9 0.014751338415759273 341 
1804 1836 9 0.012342290089957662 341 
1805 1837 10 0.06382467798956351 330 
1806 1837 9 0.023699341725344436 327 
1807 1837 9 0.054048314764352505 332 
1808 1837 9 0.061266220447464464 324 
1809 1838 11 0.08924837701964318 339 
1810 1839 10 0.07586199558046387 332 
1811 1841 11 0.01970068946253829 332 
1812 1841 10 0.03420886444515253 339 
1813 1841 9 0.054673126372987595 327 
1814 1842 11 0.08207479988952779 332 
1815 1842 11 0.015620002495091833 328 
1816 1844 9 0.059743870467607985 335 
1817 1844 9 0.042365891653425566 340 
1818 1844 10 0.0686739186913064 338 
1819 1844 10 0.03885448651214397 337 
1820 1847 10 0.04124939777602433 332 
1821 1848 11 0.029760528832619038 328 
1822 1848 11 0.07986420749871961 339 
1823 1848 11 0.07540298880091593 338 
1824 1849 11 0.06430486668167568 330 
1825 1851 11 0.03843056111396006 327 
1826 1851 9 0.012228725150474865 338 
1827 1853 10 0.025428863994199528 329 
1828 1853 9 0.02239076689438284 334 
1829 1855 10 0.04073313559078047 328 
1830 1855 10 0.03090265945579842 329 
1831 1856 10 0.034173298882137874 338 
1832 1857 11 0.06523758654884816 331 
1833 1857 11 0.0639775774730822 328 
1834 1857 9 0.05525536954729151 333 
1835 1858 10 0.07124126170220281 332 
1836 1859 9 0.014126831455355045 335 
1837 1859 11 0.0070004247661976955 341 
1838 1859 11 0.07300877897912685 333 
1839 1859 9 0.08870853961716968 322 
1840 1860 9 0.06599105626399979 338 
1841 1860 10 0.003320573422429471 330 
1842 1861 11 0.008637260290496798 342 
1843 1861 9 0.011002560283168782 331 
1844 1862 9 0.032828854506804825 334 
1845 1862 9 0.08579868403253961 330 
1846 1862 10 0.03356115234452642 342 
1847 1863 10 0.08699720391985409 331 
1848 1863 10 0.08661270349616387 333 
1849 1865 10 0.006287193820361057 333 
1850 1866 11 0.031492889044330195 342 
1851 1867 11 0.07160684848110191 324 
1852 1868 11 0.07431210143014426 322 
1853 1869 10 0.004671124072816961 333 
1854 1869 9 0.022989345048891104 325 
1855 1869 10 0.014471656422384776 327 
1856 1871 10 0.05298139960505731 326 
1857 1873 9 0.06900614381089605 330 
1858 1873 10 0.0699401897048285 332 
1859 1874 9 0.0817454336167286 323 
1860 1874 11 0.04921540235194198 338 
1861 1874 11 0.013129614473418361 323 
1862 1875 9 0.06503959133744561 341 
1863 1876 9 0.0675269880604392 334 
1864 1876 11 0.0337584740768871 333 
1865 1876 11 0.07493390499878755 340 
1866 1877 11 0.027583840671343673 332 
1867 1880 9 0.0841169951858951 335 
1868 1881 9 0.010904203592655447 335 
1869 1884 9 0.039362638994670546 337 
1870 1884 10 0.01765624442387729 335 
1871 1885 10 0.06301322952285837 324 
1872 1885 11 0.05355580846229492 333 
1873 1886 10 0.04125114420189267 327 
1874 1887 10 0.08651077335333489 328 
1875 1887 10 0.017275141609642723 335 
1876 1887 10 0.008565661427652626 334 
1877 1889 10 0.07903991247222358 335 
1878 1890 11 0.04952916724480901 337 
1879 1892 9 0.055413776967812675 329 
1880 1894 11 0.058928079073339544 327 
1881 1894 9 0.07262361546947764 340 
1882 1894 9 0.07932778170158196 335 
1883 1895 9 0.047121863533344736 329 
1884 1897 10 0.008636408762854307 330 
1885 1898 9 0.07111824668365394 337 
1886 1900 10 0.014243195347214337 331 
1887 1901 9 0.005867600307167624 340 
1888 1901 11 0.07258215746085882 326 
1889 1902 11 0.06429134030753768 339 
1890 1903 11 0.06639576036793098 333 
1891 1905 10 0.024092663676690343 323 
1892 1905 11 0.0853881462245698 334 
1893 1905 9 0.0179330603073015 333 
1894 1906 10 0.01821927405139114 339 
1895 1906 9 0.07216782011432667 335 
1896 1906 9 0.07168491659668418 327 
1897 1907 10 0.07426294510823996 339 
1898 1909 11 0.08574153869984502 333 
1899 1910 9 0.01794767863734247 336 
1900 1911 10 0.049762614993791664 332 
1901 1911 9 0.06569872988836516 323 
1902 1911 9 0.07415852835779664 331 
1903 1911 10 0.00867518396164439 327 
1904 1911 11 0.06814288267542498 326 
1905 1913 10 0.021643818701555854 333 
1906 1914 10 0.02121125856588467 333 
1907 1915 11 0.07709926388117663 339 
1908 1915 11 0.05431357692389241 333 
1909 1916 11 0.07138989856133343 331 
1910 1916 11 0.03214022224246034 324 
1911 1919 9 0.05651801032715073 325 
1912 1920 10 0.0498463232557325 329 
1913 1922 9 0.027692323771611835 323 
1914 1924 9 0.011165855119069461 327 
1915 1925 10 0.019285186774190118 324 
1916 1925 11 0.015071524857284142 338 
1917 1927 9 0.05592945563000518 335 
1918 1927 11 0.08607817948662624 342 
1919 1930 10 0.004054176122303805 335 
1920 1930 10 0.07235473222423242 322 
1921 1930 10 0.05108362554912499 334 
1922 1931 11 0.05656231009782582 328 
1923 1932 11 0.07492660013784484 324 
1924 1933 11 0.019377135191143223 335 
1925 1933 9 0.06632169151586433 340 
1926 1933 11 0.016974641854199002 328 
1927 1934 11 0.010377004592683245 329 
1928 1934 9 0.012850431322833644 342 
1929 1934 9 0.025416282881187687 329 
1930 1936 10 0.07523047418179998 333 
1931 1937 10 0.005101575456449601 331 
1932 1939 10 0.03907863672683494 339 
1933 1940 9 0.07632665378691778 322 
1934 1940 10 0.030500539864180515 341 
1935 1942 9 0.07928486047952925 331 
1936 1945 11 0.03218825343916754 338 
1937 1947 9 0.0441555999943404 339 
1938 1947 9 0.008867262236376142 339 
1939 1948 10 0.0810400344619235 329 
1940 1949 9 0.07390150206065138 336 
1941 1949 9 0.08972076060082815 325 
1942 1950 9 0.07952054784998579 330 
1943 1955 10 0.019271457934879038 337 
1944 1956 10 0.05250507727406206 323 
1945 1959 10 0.010178118759714805 341 
1946 1960 10 0.005600883745684476 334 
1947 1961 11 0.05446176040235688 338 
1948 1961 11 0.0485489956740796 332 
1949 1963 9 0.07299710565870923 334 
1950 1963 11 0.08837883747805954 337 
1951 1963 10 0.0637929251866703 326 
1952 1963 11 0.024763613674173325 327 
1953 1963 11 0.06849704976337712 330 
1954 1964 11 0.07420925164719601 335 
1955 1965 9 0.08522918263478842 330 
1956 1965 11 0.08808231846932571 342 
1957 1965 9 0.06347728635596238 340 
1958 1965 11 0.022784123724096446 328 
1959 1966 11 0.06404959173346303 333 
1960 1966 10 0.012700200210104106 329 
1961 1968 11 0.04130968974107646 333 
1962 1969 10 0.056517544760783515 324 
1963 1972 11 0.08378991118141421 330 
1964 1972 11 0.008635077246925024 322 
1965 1974 11 0.021491844281307838 323 
1966 1975 11 0.017851424974650542 323 
1967 1975 10 0.03617821387603004 331 
1968 1976 9 0.008076192335078499 328 
1969 1976 9 0.03146107679759342 324 
1970 1976 10 0.08646807233062548 334 
1971 1976 9 0.021448087691586442 331 
1972 1977 10 0.035181369971427755 331 
1973 1977 9 0.047009530021925726 338 
1974 1977 9 0.027175254372721523 323 
1975 1978 11 0.04749010919174535 333 
1976 1978 9 0.03363405476465213 335 
1977 1982 10 0.05179273215661549 336 
1978 1983 9 0.028514859830238395 324 
1979 1985 11 0.08765860203109165 331 
1980 1985 10 0.04724078254555958 332 
1981 1986 11 0.010485403658782002 324 
1982 1987 11 0.02945800986784595 327 
1983 1989 9 0.007717838553480929 322 
1984 1989 10 0.029377953802927168 334 
1985 1990 9 0.008053843858412773 341 
1986 1990 9 0.016676168543874142 324 
1987 1992 10 0.030126958114105366 336 
1988 1992 10 0.023528803917742855 338 
1989 1993 11 0.06306221099433766 335 
1990 1993 10 0.07874405274096981 330 
1991 1994 10 0.021653568158277268 331 
1992 1998 10 0.041257680670534876 342 
1993 1998 9 0.042310033952621555 325 
1994 1998 9 0.0828709889691251 329 
1995 1998 9 0.03140004568883788 333 
1996 1999 10 0.03509712763317771 327 
1997 1999 10 0.05396929163179353 331 
1998 2000 11 0.06267821278476828 332 
1999 2000 11 0.016410484905173453 328 
2000 0 10 0.08234395242000546 322 
