1 52 181 0.3781679901366094 2312 
2 52 185 0.1591263013415863 2376 
3 52 186 0.6419098957033935 2184 
4 52 189 0.8681706927991257 2181 
5 52 176 0.27477668619408696 2234 
6 52 178 0.578285007955805 2209 
7 52 193 0.18448521193882197 2322 
8 52 187 0.24298652912261184 2297 
9 52 181 0.5968250016394286 2270 
10 52 187 0.7566739596805375 2192 
11 52 176 0.2145116937181384 2323 
12 52 193 0.8769272260865316 2361 
13 52 178 0.5382769573808642 2201 
14 52 179 0.39193364193802116 2368 
15 52 182 0.3015455047787249 2257 
16 52 194 0.7670948726572622 2278 
17 52 180 0.471522219546858 2206 
18 52 174 0.5381240981881326 2300 
19 52 190 0.04857685682697809 2371 
20 52 180 0.6661789903785039 2323 
21 52 180 0.5812580490670263 2205 
22 54 175 0.2524983335457529 2287 
23 54 185 0.4220508955186634 2275 
24 54 193 0.5807137693160571 2274 
25 54 188 0.8453214138924402 2191 
26 54 190 0.5065625907435435 2314 
27 74 175 0.13638160393422205 2210 
28 74 181 0.11238878968441356 2291 
29 74 179 0.8159490667968927 2226 
30 74 178 0.8904002162513599 2277 
31 74 186 0.10481060765989188 2283 
32 74 179 0.3272037128378021 2218 
33 74 179 0.5985370423892025 2203 
34 74 189 0.8553567250275412 2227 
35 74 180 0.629635358572404 2216 
36 74 194 0.7825887187677473 2332 
37 74 191 0.4506206210058985 2275 
38 74 192 0.7594078878757496 2254 
39 74 189 0.6028846860900396 2232 
40 74 177 0.7140880087432482 2354 
41 74 183 0.8275151083352351 2202 
42 74 184 0.8605992932739438 2208 
43 74 177 0.7173050733508792 2221 
44 74 180 0.6564131426463435 2321 
45 74 186 0.3318683913724271 2369 
46 74 187 0.125718220245532 2274 
47 74 185 0.13579165052716824 2349 
48 74 175 0.46077790725400053 2257 
49 74 179 0.7681838449203651 2311 
50 74 193 0.1738182816971406 2280 
51 75 191 0.721102938365516 2269 
52 75 176 0.7340442285269155 2274 
53 75 174 0.8324590974081786 2228 
54 75 176 0.08070653219894783 2260 
55 75 177 0.770637683826158 2374 
56 75 192 0.026610857103130506 2182 
57 75 177 0.46748220475251745 2279 
58 75 178 0.15512003394274962 2294 
59 75 183 0.5730477478863651 2266 
60 75 186 0.029429737606069484 2193 
61 75 182 0.852744422096502 2270 
62 75 187 0.7603870615836119 2231 
63 75 181 0.6581129437659656 2226 
64 75 176 0.1372324132878715 2373 
65 75 188 0.4629383262497419 2325 
66 75 181 0.7466380985687802 2220 
67 75 179 0.54388937419759 2364 
68 75 190 0.33475142845479566 2270 
69 75 191 0.6493569891604976 2192 
70 75 181 0.3421287254464027 2254 
71 75 177 0.8783224703443473 2267 
72 75 176 0.0829467271704063 2266 
73 75 174 0.05994566946207804 2343 
74 118 177 0.7282368834641115 2208 
75 118 180 0.08497559614308708 2273 
76 118 185 0.49007474118145317 2223 
77 118 181 0.26539341855459075 2284 
78 118 184 0.693542232733144 2201 
79 118 182 0.5220432436961797 2360 
80 118 174 0.7020803644900799 2180 
81 118 178 0.23252229242220504 2235 
82 118 188 0.24252131744096894 2186 
83 118 177 0.368494484595084 2363 
84 118 189 0.1209864623350656 2221 
85 118 182 0.19509930628200553 2328 
86 118 177 0.7278078253960747 2272 
87 118 194 0.6015986883997034 2186 
88 118 184 0.39518586922152277 2241 
89 118 190 0.2796030410653434 2308 
90 118 178 0.029659701521737566 2359 
91 118 177 0.33591226070680213 2331 
92 118 192 0.831078963868188 2183 
93 118 175 0.44573193490096175 2287 
94 118 194 0.17295951350117672 2276 
95 118 177 0.7337340546124351 2271 
96 118 181 0.3701385181075561 2338 
97 219 189 0.2412668170981337 2266 
98 219 174 0.46076773814498617 2232 
99 219 190 0.2807463517639277 2285 
100 219 182 0.45736861926069633 2248 
101 219 177 0.8532921806629716 2210 
102 219 176 0.15055588676126863 2202 
103 219 189 0.8225404369756764 2375 
104 219 182 0.6673824913210767 2279 
105 219 187 0.47970944020827155 2249 
106 219 183 0.13545042738386795 2279 
107 219 184 0.15499153066376226 2186 
108 219 174 0.08429416235666436 2356 
109 219 189 0.7452846349368987 2362 
110 219 194 0.05059336097792167 2367 
111 219 183 0.69181924389415 2377 
112 219 187 0.8747286206984279 2306 
113 219 186 0.022209680264030838 2371 
114 219 190 0.7755460871626053 2319 
115 219 175 0.8057434040578048 2245 
116 219 174 0.6466367063173056 2190 
117 219 177 0.07248840588637777 2298 
118 240 185 0.07681231306754956 2182 
119 240 193 0.2592420905319474 2216 
120 240 179 0.21895084131440823 2256 
121 240 191 0.050648204689687705 2181 
122 240 193 0.304135844323269 2234 
123 240 182 0.6837138015515397 2327 
124 240 183 0.7740086450712823 2187 
125 240 192 0.8989471176393116 2229 
126 240 178 0.2725097499981392 2277 
127 240 178 0.6748474351287357 2349 
128 240 187 0.7557677188609305 2222 
129 240 180 0.7449154869077328 2225 
130 240 180 0.8660288210373929 2313 
131 240 187 0.831835946997736 2337 
132 240 193 0.7885185115587523 2343 
133 240 180 0.868770062238861 2237 
134 240 183 0.8456038636265001 2345 
135 240 180 0.2948987879338891 2353 
136 240 178 0.37349032525807957 2292 
137 240 189 0.40709318906500885 2305 
138 240 186 0.5357531418619226 2360 
139 240 192 0.30389675561766294 2225 
140 240 185 0.45397601721984404 2355 
141 240 178 0.48265663532122993 2248 
142 258 184 0.3112518888438249 2349 
143 258 179 0.2603055921331522 2302 
144 258 184 0.23715694062969914 2188 
145 258 174 0.3306204354685346 2265 
146 258 190 0.4423828232515137 2297 
147 258 186 0.8215817862407347 2311 
148 258 184 0.7370994278937746 2256 
149 258 183 0.7563730721690547 2252 
150 258 175 0.24604088483325653 2192 
151 258 182 0.40736626834438305 2226 
152 258 180 0.8549044287855267 2277 
153 258 178 0.8447704550892335 2303 
154 258 177 0.3445846758123336 2287 
155 258 192 0.05798851280301033 2178 
156 258 176 0.5209367046138013 2318 
157 258 175 0.5704004088577924 2191 
158 258 194 0.4648437825639857 2194 
159 258 182 0.38690631932284913 2209 
160 258 191 0.17368267807043336 2218 
161 301 176 0.06696172726816943 2350 
162 301 188 0.6493919771914377 2217 
163 301 180 0.8961558595223343 2248 
164 301 190 0.6396919259604739 2360 
165 301 177 0.5989101948012976 2249 
166 301 176 0.6055741691129692 2219 
167 301 181 0.36226817020868873 2200 
168 301 193 0.14665767341556532 2188 
169 301 177 0.7425815895606236 2187 
170 301 187 0.8693288718738437 2280 
171 301 190 0.7576140966027509 2252 
172 301 174 0.8537927225572151 2186 
173 301 188 0.4921915598070677 2299 
174 301 182 0.03407623428481695 2270 
175 301 191 0.19541297333639499 2287 
176 301 185 0.04572582798626996 2193 
177 301 179 0.7669397619700651 2203 
178 301 183 0.4732314984812097 2192 
179 302 181 0.5606609551672879 2254 
180 302 177 0.6143809457297257 2187 
181 302 189 0.6429018648609045 2237 
182 302 184 0.7329313568395275 2299 
183 302 175 0.7600135450444523 2308 
184 302 176 0.07119352956930475 2209 
185 302 193 0.5624473255275111 2212 
186 302 193 0.2599415016379004 2345 
187 302 192 0.5773603892838224 2258 
188 302 175 0.6216779702760231 2211 
189 302 176 0.8124515025866621 2256 
190 302 175 0.7302075717678831 2194 
191 302 186 0.2072252286700239 2191 
192 302 181 0.1866765404061704 2272 
193 302 186 0.3628601672926015 2362 
194 302 185 0.15676360516201598 2343 
195 302 190 0.3640353160165858 2198 
196 302 184 0.7181360593997362 2178 
197 302 179 0.6494947403926056 2349 
198 302 178 0.6510024118975862 2343 
199 302 179 0.7460844806927879 2374 
200 302 181 0.22967912885776137 2246 
201 302 176 0.7507114975045864 2378 
202 303 185 0.3555602435494018 2352 
203 303 189 0.4018800656245215 2350 
204 303 180 0.06533432393384707 2376 
205 303 194 0.8891496873439358 2313 
206 303 194 0.5030503795923975 2314 
207 303 189 0.7776572563844537 2272 
208 303 189 0.7061090032799022 2362 
209 303 185 0.8863916828157676 2333 
210 303 193 0.7747018436448746 2271 
211 303 183 0.12705397964289417 2214 
212 303 179 0.12980987788918036 2283 
213 303 185 0.013837161487069188 2312 
214 303 174 0.6282528676566431 2254 
215 303 176 0.6074996106173013 2302 
216 303 186 0.03716783832718509 2216 
217 303 176 0.5445918604254268 2301 
218 320 187 0.8822729502574266 2245 
219 320 181 0.31477174425181575 2302 
220 320 189 0.05850678764524218 2200 
221 320 175 0.544856173717834 2220 
222 320 181 0.379816131682752 2231 
223 320 178 0.7394169598838766 2337 
224 320 188 0.0549290779717419 2184 
225 320 174 0.23496882967833585 2208 
226 320 194 0.24096202382979692 2194 
227 320 190 0.7986991080421173 2219 
228 320 189 0.0811509799018783 2221 
229 320 186 0.23375372027018065 2185 
230 320 194 0.8698279225116208 2241 
231 320 180 0.5761833310249789 2227 
232 320 184 0.6406322507234056 2349 
233 320 189 0.7116743789222081 2353 
234 320 194 0.01829541967897791 2303 
235 320 177 0.365344348231103 2319 
236 320 191 0.5075253711058139 2194 
237 320 192 0.8456372120588476 2224 
238 320 191 0.3528994134546396 2204 
239 320 180 0.5641690971535137 2351 
240 336 185 0.5498115153205014 2334 
241 336 188 0.8642727633369126 2253 
242 336 193 0.6145980459285715 2300 
243 336 176 0.26649376959325793 2180 
244 336 188 0.7843338136995857 2280 
245 336 182 0.5381849556964301 2229 
246 336 183 0.14246984327430082 2272 
247 336 189 0.3893805508553826 2274 
248 336 183 0.651262213220983 2363 
249 336 193 0.07853326390442938 2290 
250 336 194 0.6476190488954955 2209 
251 336 185 0.2592220098817288 2253 
252 336 179 0.6902902797675701 2361 
253 336 180 0.5686847620493365 2260 
254 336 193 0.4874053689340124 2277 
255 336 181 0.5693871958936907 2194 
256 336 175 0.1955575020182906 2366 
257 336 184 0.10826091301767733 2377 
258 357 191 0.21778639405672703 2246 
259 357 188 0.3096328395501075 2251 
260 357 174 0.7526064165608288 2276 
261 357 186 0.05107998437169286 2254 
262 357 191 0.3461549769928558 2345 
263 357 188 0.5073834518591462 2244 
264 357 183 0.5927434116425225 2205 
265 357 189 0.06151990012835556 2188 
266 357 186 0.5795565677694136 2230 
267 357 180 0.6221852476735761 2282 
268 357 178 0.01849200659857536 2193 
269 357 188 0.851534611059174 2305 
270 357 182 0.8114071407905669 2192 
271 357 176 0.6173737360271734 2201 
272 357 176 0.38520471356702585 2347 
273 357 194 0.11441105309551633 2203 
274 357 185 0.5147901328456056 2258 
275 357 191 0.516741140744433 2197 
276 357 187 0.425683586860489 2197 
277 357 175 0.34949585607185657 2206 
278 357 192 0.44942383227402644 2251 
279 357 174 0.4299864706378311 2231 
280 357 193 0.3913239444289173 2371 
281 357 184 0.7615263627982766 2305 
282 398 183 0.17310897208419482 2188 
283 398 193 0.6631623497530987 2227 
284 398 189 0.3351300035528673 2283 
285 398 186 0.11266565172457406 2194 
286 398 192 0.6574514676306218 2352 
287 398 190 0.29898765392421084 2361 
288 398 175 0.4223629657263681 2201 
289 398 187 0.4898000752265595 2331 
290 398 174 0.14668281000333883 2330 
291 398 182 0.43299439418189795 2256 
292 398 183 0.2864979072344357 2298 
293 398 190 0.8704968079693295 2218 
294 398 189 0.23842807103125208 2292 
295 398 182 0.6788136639230604 2291 
296 398 179 0.4282752492371968 2184 
297 398 178 0.8447576986574514 2232 
298 398 184 0.8461442576952812 2336 
299 398 186 0.38038832662257116 2309 
300 398 188 0.8415721000204677 2276 
301 420 184 0.43102572216152163 2222 
302 420 190 0.4042476728513764 2329 
303 420 190 0.2536262100434645 2289 
304 420 183 0.41933451750314926 2378 
305 420 185 0.6896488806045872 2240 
306 420 183 0.533455281147482 2311 
307 420 180 0.8182081167270465 2298 
308 420 180 0.7120314917028343 2280 
309 420 175 0.38962062903395284 2211 
310 420 180 0.38033212627789886 2201 
311 420 186 0.03246941277350557 2182 
312 420 174 0.514538929978226 2275 
313 420 187 0.7509570388785877 2197 
314 420 180 0.7261147560693677 2373 
315 420 176 0.5924872335719831 2233 
316 420 187 0.8164502259967565 2235 
317 420 189 0.22605652065443252 2178 
318 420 189 0.15753712652749002 2293 
319 420 176 0.44747457938441054 2296 
320 439 180 0.3866075836015013 2202 
321 439 186 0.8375416274380962 2256 
322 439 174 0.4702909297081281 2304 
323 439 176 0.58529614859665 2329 
324 439 190 0.6201476176656132 2295 
325 439 182 0.4821898566865579 2343 
326 439 191 0.3245622633645766 2346 
327 439 189 0.762985363944079 2269 
328 439 193 0.05846339880439861 2323 
329 439 185 0.2848286734990153 2213 
330 439 194 0.31806199794638473 2205 
331 439 188 0.8168043527321711 2324 
332 439 190 0.17219841324358812 2210 
333 439 185 0.8479655822571132 2365 
334 439 190 0.8891524666835654 2240 
335 439 181 0.48136448047744135 2360 
336 502 187 0.5608243616238309 2251 
337 502 179 0.45291960784433716 2226 
338 502 188 0.17334992457455314 2339 
339 502 178 0.369219383696538 2362 
340 502 182 0.2152165590649778 2203 
341 502 184 0.45268309549248154 2260 
342 502 182 0.48461542404051833 2376 
343 502 188 0.08531450754979072 2243 
344 502 191 0.8610409960831455 2208 
345 502 182 0.07860458423862135 2187 
346 502 181 0.2516012986429308 2345 
347 502 180 0.3038750418068965 2352 
348 502 186 0.6340080239906045 2183 
349 502 174 0.16466181907994676 2197 
350 502 182 0.7487559137181627 2272 
351 502 185 0.5659456493935584 2218 
352 502 194 0.27413902454056066 2352 
353 502 184 0.26912159529494356 2340 
354 502 190 0.31121939106373797 2179 
355 502 188 0.5167183556401919 2331 
356 502 193 0.81752052161833 2282 
357 525 183 0.5918948137261196 2187 
358 525 182 0.2792899827205028 2344 
359 525 190 0.042216662843954096 2374 
360 525 189 0.5714936153527626 2293 
361 525 185 0.7817385533351573 2350 
362 525 190 0.3231191970465059 2373 
363 525 182 0.20622733832718948 2214 
364 525 179 0.3065747432875478 2244 
365 525 190 0.42536745416177063 2180 
366 525 183 0.42782455004234465 2204 
367 525 182 0.4515304325329697 2252 
368 525 176 0.4812908996822706 2218 
369 525 182 0.38332386178249156 2299 
370 525 178 0.7531470344039173 2333 
371 525 193 0.33631759913804493 2279 
372 525 182 0.8782090390482585 2269 
373 525 176 0.04436640924137863 2288 
374 525 179 0.5374901574216945 2184 
375 525 192 0.25870848509436595 2297 
376 525 179 0.21485726892909116 2378 
377 525 179 0.6060839449432837 2217 
378 525 187 0.6164768779461685 2292 
379 525 194 0.2203748214219038 2180 
380 546 180 0.7667395042017893 2327 
381 546 178 0.17808709930546093 2304 
382 546 187 0.46006895808079956 2360 
383 546 175 0.04738300500586425 2355 
384 546 175 0.6282802028763455 2184 
385 546 180 0.03926220493679954 2300 
386 546 177 0.5770672888108875 2290 
387 546 194 0.05949562524608862 2251 
388 546 192 0.21232047242066257 2234 
389 546 179 0.8905878693905437 2370 
390 546 182 0.6737013338304906 2326 
391 546 180 0.44645222334506396 2301 
392 546 189 0.8711927862033056 2349 
393 546 182 0.7117092041627922 2190 
394 546 183 0.011437423268171258 2253 
395 546 186 0.19017823018229857 2259 
396 546 191 0.41854189129234176 2204 
397 567 177 0.3412158176835076 2361 
398 567 180 0.18965718241340793 2316 
399 567 186 0.3981604238249361 2254 
400 567 185 0.18126514848496775 2318 
401 567 179 0.7045332805972697 2367 
402 567 190 0.10368834470543681 2247 
403 567 184 0.8922675167371813 2277 
404 567 193 0.5959494081551542 2313 
405 567 174 0.8339764180121585 2327 
406 567 188 0.5041525428522694 2346 
407 567 180 0.20485978647032008 2315 
408 567 191 0.06659945782622172 2228 
409 567 190 0.29186619748494386 2245 
410 567 176 0.7884951786039746 2371 
411 567 190 0.23405799321522427 2206 
412 567 176 0.3007754979253547 2337 
413 567 174 0.6838378210671233 2262 
414 567 177 0.3528767519463036 2278 
415 567 187 0.4986839747950151 2258 
416 567 190 0.30559006396775784 2372 
417 567 191 0.7173822176528962 2252 
418 567 194 0.6700830702146355 2305 
419 567 180 0.34796555938470725 2188 
420 610 179 0.060978960921805006 2364 
421 610 191 0.4888949060899585 2365 
422 610 191 0.21154280235280526 2252 
423 610 177 0.47622181482481346 2190 
424 610 180 0.08560139437769083 2297 
425 610 188 0.651228677649619 2192 
426 610 192 0.04038011267587568 2264 
427 610 179 0.034439041957932744 2239 
428 610 174 0.8528992610395417 2224 
429 610 190 0.13663538362114458 2375 
430 610 192 0.2866169808235172 2321 
431 610 183 0.6636386531579825 2184 
432 610 178 0.8932936885667991 2260 
433 610 180 0.7962332287157821 2271 
434 610 184 0.01814317914276954 2289 
435 610 188 0.16973116713700448 2361 
436 610 184 0.18856136186738454 2367 
437 610 180 0.8590761440089068 2365 
438 610 187 0.5066770218552313 2350 
439 611 183 0.8056963529051552 2253 
440 611 179 0.38311767025242205 2346 
441 611 180 0.8055563096398695 2283 
442 611 183 0.574797798001981 2267 
443 611 182 0.21476481608216152 2285 
444 611 178 0.8111065125044267 2197 
445 611 181 0.31980101513141457 2253 
446 611 194 0.398232241119768 2178 
447 611 189 0.29018091239385146 2180 
448 611 194 0.5564987516863806 2266 
449 611 188 0.4637502762547389 2272 
450 611 186 0.5778996570610754 2205 
451 611 181 0.16063608785201974 2319 
452 611 179 0.5877484999026942 2353 
453 611 186 0.40926983890473917 2265 
454 611 189 0.01246753438382184 2256 
455 612 188 0.6724440833302257 2210 
456 612 177 0.24608408936790474 2235 
457 612 189 0.3142762373167293 2221 
458 612 178 0.5203063730218432 2193 
459 612 191 0.31328745983798767 2312 
460 612 189 0.6699314259362055 2357 
461 612 189 0.6261598293255319 2314 
462 612 188 0.22319517572755668 2235 
463 612 174 0.5919688186608432 2182 
464 612 185 0.29134798710635046 2247 
465 612 180 0.44408593996430146 2193 
466 612 185 0.4384066729877277 2333 
467 612 174 0.1892418675164003 2199 
468 612 189 0.7469392435329195 2246 
469 612 175 0.1333012813731046 2255 
470 612 183 0.7835576981225846 2327 
471 612 187 0.5457307238694027 2273 
472 612 185 0.8654798819607814 2196 
473 612 189 0.4287607940782773 2180 
474 612 174 0.7406893324129771 2188 
475 612 184 0.7673624973621578 2326 
476 612 186 0.1475630489654802 2274 
477 612 186 0.7869606745734046 2340 
478 612 187 0.17553385592022192 2286 
479 613 177 0.6878290238267433 2342 
480 613 178 0.5404430538467782 2180 
481 613 189 0.2996054452621122 2313 
482 613 187 0.11079652972970212 2244 
483 613 176 0.5925743999748887 2211 
484 613 178 0.639524289290679 2273 
485 613 185 0.08887582947752691 2293 
486 613 189 0.5523184162848854 2182 
487 613 177 0.7847401394224096 2294 
488 613 182 0.5000927896583575 2375 
489 613 178 0.3320391332874901 2258 
490 613 188 0.7496879741554136 2193 
491 613 189 0.7836368399777727 2216 
492 613 177 0.2795079890885158 2241 
493 613 181 0.7200239900345065 2333 
494 613 185 0.515801269553385 2336 
495 613 184 0.07283950641974639 2295 
496 613 174 0.6702333559929088 2194 
497 613 187 0.7028771414533047 2316 
498 613 178 0.28827031857210383 2321 
499 613 178 0.49438380504157625 2294 
500 613 176 0.3575233498777618 2250 
501 613 181 0.03515368998341296 2218 
502 633 192 0.08338341140475224 2258 
503 633 194 0.7289557571247928 2357 
504 633 187 0.06885388480899994 2278 
505 633 175 0.13320199183002335 2292 
506 633 184 0.549119696524332 2340 
507 633 181 0.5932269706854906 2264 
508 633 190 0.4737169984157799 2207 
509 633 194 0.3570479733948292 2313 
510 633 186 0.07897728269972036 2203 
511 633 174 0.7776038081180652 2192 
512 633 188 0.19791746596965076 2323 
513 633 176 0.3048463035756667 2276 
514 633 190 0.12017666800479927 2247 
515 633 174 0.514787629888086 2224 
516 633 174 0.0670665127028604 2342 
517 633 191 0.6844439912841291 2235 
518 633 187 0.59028624963082 2350 
519 633 175 0.7433844268110618 2342 
520 633 188 0.5797125370524249 2215 
521 633 183 0.24414104877398746 2307 
522 633 194 0.5831416447281511 2191 
523 633 191 0.17442215533562705 2271 
524 634 175 0.771289933248752 2272 
525 634 174 0.8256511272602827 2301 
526 634 175 0.18081149678306066 2258 
527 634 188 0.6750546314095158 2325 
528 634 188 0.6722103202603789 2305 
529 634 194 0.6426850022204648 2192 
530 634 177 0.5368512309510534 2202 
531 634 184 0.8985550169592401 2226 
532 634 180 0.10901947285967717 2201 
533 634 178 0.816058405381393 2197 
534 634 181 0.33948639925557567 2249 
535 634 180 0.8737189163131385 2228 
536 634 178 0.4729415113469217 2206 
537 634 191 0.8372282580187357 2371 
538 634 192 0.06517517620939892 2290 
539 634 178 0.7530416800587438 2245 
540 634 187 0.0916099930043236 2362 
541 634 182 0.1534173705184318 2258 
542 634 180 0.7976058219607794 2355 
543 634 174 0.3215147880880467 2235 
544 634 183 0.5535742821066179 2242 
545 636 188 0.7059343261175549 2219 
546 636 189 0.5962585756331298 2183 
547 636 186 0.3527635702130934 2194 
548 636 176 0.45499215684585903 2297 
549 636 186 0.7677643643230176 2367 
550 636 182 0.34657826523992863 2240 
551 636 191 0.4721959684642369 2268 
552 636 183 0.6078858050461727 2309 
553 636 188 0.6654483747777561 2261 
554 636 194 0.27148164129587843 2305 
555 636 187 0.7447131674911759 2253 
556 636 181 0.787201917955949 2260 
557 636 181 0.3093150386115658 2343 
558 636 188 0.25466645676089344 2321 
559 636 187 0.5598546476989357 2377 
560 636 181 0.8899586859257355 2276 
561 636 187 0.35741824934203303 2243 
562 636 183 0.12859079409420618 2374 
563 636 194 0.1026402861315107 2238 
564 636 183 0.16992054450064864 2194 
565 636 182 0.847638822464337 2370 
566 636 181 0.7919757858260404 2262 
567 649 185 0.6462734191932951 2213 
568 649 182 0.6144104002280094 2318 
569 649 183 0.47103855075898293 2359 
570 649 193 0.040627590627064024 2226 
571 649 180 0.07689251297850729 2339 
572 649 177 0.18108843990173046 2298 
573 649 184 0.03197313075610094 2340 
574 649 185 0.18190047844700066 2369 
575 649 181 0.28431197130826846 2269 
576 649 180 0.6506653055956338 2267 
577 649 181 0.7322651710065488 2238 
578 649 180 0.6715467040849867 2249 
579 649 191 0.13822813080487753 2309 
580 649 180 0.7547181216059834 2180 
581 649 185 0.2526447539528045 2369 
582 649 177 0.4860027990126217 2179 
583 649 191 0.6465676547193007 2337 
584 649 177 0.5810320948081829 2226 
585 649 190 0.40853811684882585 2280 
586 649 180 0.4345169842683709 2378 
587 649 180 0.5476107160220504 2267 
588 649 189 0.7534718340035014 2301 
589 667 188 0.6067550427528561 2279 
590 667 178 0.6472283758481973 2252 
591 667 179 0.3400246552921472 2319 
592 667 194 0.3923965171844743 2373 
593 667 184 0.6170025093498357 2359 
594 667 180 0.04417015454579492 2258 
595 667 191 0.1794032337459734 2335 
596 667 190 0.3601377853033829 2241 
597 667 174 0.11909945463834049 2198 
598 667 188 0.22600622409532456 2247 
599 667 191 0.23798710456859537 2329 
600 667 191 0.20166644530537317 2249 
601 667 183 0.4446555388118823 2358 
602 667 174 0.5428529962094165 2287 
603 667 189 0.035344200959205804 2259 
604 667 174 0.7133719388790258 2328 
605 667 180 0.19142646406436983 2233 
606 667 191 0.8241931792653576 2193 
607 667 177 0.4384983483541723 2279 
608 667 193 0.5865654821078279 2311 
609 667 193 0.4453314828367123 2292 
610 684 181 0.4383111452234118 2183 
611 684 183 0.026373911693876442 2299 
612 684 179 0.36230389339818203 2280 
613 684 191 0.7775094912754847 2230 
614 684 191 0.10598249693915014 2330 
615 684 178 0.06292672913596335 2215 
616 684 176 0.5892989911262383 2213 
617 684 193 0.6572718460210566 2222 
618 684 174 0.14443295315980217 2337 
619 684 178 0.01881900080482979 2278 
620 684 189 0.42805437003575025 2298 
621 684 187 0.8463581344625515 2210 
622 684 186 0.6542069044066732 2185 
623 684 187 0.2026235851064049 2359 
624 684 182 0.018790208950343713 2189 
625 684 177 0.749466862121679 2371 
626 684 186 0.7339660227028162 2212 
627 684 182 0.6149862028696103 2366 
628 684 178 0.700530475958654 2277 
629 684 183 0.04610280062767195 2200 
630 684 185 0.2979103562411916 2208 
631 684 182 0.25910195309810374 2341 
632 684 193 0.4915764094776579 2186 
633 703 188 0.21804305183503758 2363 
634 703 181 0.24968453770005203 2375 
635 703 178 0.2702538780870256 2308 
636 703 178 0.264791544163177 2345 
637 703 186 0.07966915491952473 2372 
638 703 177 0.6039219568757063 2275 
639 703 177 0.6552731275102979 2195 
640 703 192 0.5134312896966058 2314 
641 703 187 0.8104164175733757 2192 
642 703 187 0.055558845271640615 2352 
643 703 179 0.3845016775083838 2201 
644 703 183 0.7665841492786227 2268 
645 703 180 0.08944076775547553 2257 
646 703 189 0.6200401787518531 2354 
647 703 178 0.6492987873041055 2348 
648 703 186 0.5158921634580966 2218 
649 745 177 0.06298006042675461 2281 
650 745 191 0.2860540679386915 2248 
651 745 193 0.1007753358956988 2338 
652 745 184 0.4185148608170111 2193 
653 745 178 0.3297230005143983 2230 
654 745 188 0.8706661702519949 2263 
655 745 174 0.7763765246998982 2332 
656 745 193 0.19693195977120176 2350 
657 745 175 0.18620996806199638 2220 
658 745 178 0.06498510991759691 2245 
659 745 181 0.8643789377689657 2194 
660 745 191 0.43880632283955756 2301 
661 745 191 0.8120660330077393 2182 
662 745 182 0.18174520188786408 2338 
663 745 181 0.823058548800255 2356 
664 745 179 0.5007428060916196 2195 
665 745 183 0.3867492913245016 2369 
666 747 181 0.2779499534373801 2332 
667 747 193 0.13312749748755812 2210 
668 747 191 0.36465682283202 2264 
669 747 178 0.2923585541459373 2258 
670 747 174 0.4916563061614239 2238 
671 747 179 0.12866177177573018 2304 
672 747 191 0.15268601894066733 2205 
673 747 175 0.06820001017832887 2229 
674 747 182 0.41186505983365146 2309 
675 747 189 0.3539234480935778 2323 
676 747 186 0.6535043514387978 2322 
677 747 180 0.8635553782976699 2273 
678 747 175 0.09990690575441465 2305 
679 747 191 0.12981407611025048 2296 
680 747 194 0.6224137740513284 2307 
681 747 177 0.17395950670019406 2312 
682 747 174 0.8229203904226069 2302 
683 747 182 0.7352051642042274 2329 
684 765 184 0.5945303344196824 2298 
685 765 188 0.523790291429506 2292 
686 765 180 0.5010223419657173 2346 
687 765 184 0.6535865858875618 2355 
688 765 176 0.549767380183479 2374 
689 765 192 0.6193158238522737 2346 
690 765 176 0.06121490473355536 2252 
691 765 189 0.24051804990467818 2282 
692 765 185 0.06093164031831233 2343 
693 765 193 0.4810456704956204 2358 
694 765 187 0.20682375840417552 2320 
695 765 183 0.5617539187087635 2267 
696 765 188 0.5704872285228496 2300 
697 765 190 0.6455529062333082 2181 
698 765 176 0.5804761221552023 2304 
699 765 185 0.34138731130002226 2335 
700 765 192 0.6663434858930672 2222 
701 765 176 0.03417211367263986 2264 
702 765 190 0.8201335733635474 2276 
703 766 181 0.5207475982165777 2309 
704 766 188 0.8736224078382228 2264 
705 766 189 0.8637096061127254 2305 
706 766 187 0.7361289119816187 2238 
707 766 182 0.4920802638889025 2232 
708 766 181 0.24078358076606765 2240 
709 766 177 0.6963055471097126 2213 
710 766 174 0.6915395810592995 2182 
711 766 175 0.44982108417759586 2206 
712 766 192 0.22232687594732134 2256 
713 766 191 0.43507483528597085 2298 
714 766 187 0.4824758533050817 2269 
715 766 188 0.4171894757534639 2281 
716 766 186 0.7207666440531014 2274 
717 766 180 0.7381994036121707 2323 
718 766 183 0.7216289927983393 2210 
719 766 194 0.662506178577545 2278 
720 766 191 0.6855398205320863 2371 
721 766 193 0.6279981605504075 2347 
722 766 187 0.452476309010195 2199 
723 766 188 0.49987307313042584 2182 
724 786 181 0.1173564607418082 2208 
725 786 175 0.29804086767706933 2228 
726 786 185 0.1442026926382653 2348 
727 786 191 0.6245232424110436 2225 
728 786 193 0.19422804664579962 2250 
729 786 186 0.011880025792811964 2355 
730 786 191 0.7925159288199185 2258 
731 786 184 0.3454412104159076 2269 
732 786 192 0.10081592867862743 2217 
733 786 193 0.4507998207803037 2228 
734 786 180 0.4612935696002648 2212 
735 786 188 0.4140522161436291 2348 
736 786 177 0.7055607761534917 2221 
737 786 186 0.6672123989227485 2294 
738 786 176 0.39739806413916356 2286 
739 786 181 0.3311070599654568 2290 
740 786 191 0.019511306673394013 2320 
741 786 177 0.4407802970831059 2316 
742 786 193 0.709213321813687 2255 
743 786 194 0.1681300608330692 2371 
744 786 180 0.3446824864760884 2349 
745 809 179 0.010595053806067112 2231 
746 809 175 0.3889628355789696 2373 
747 809 178 0.04451595320922374 2356 
748 809 178 0.46652879539709363 2278 
749 809 178 0.5371558055247161 2302 
750 809 192 0.1679870816186803 2214 
751 809 177 0.14740214024807108 2374 
752 809 174 0.7726236279749386 2270 
753 809 192 0.24733407882804975 2374 
754 809 184 0.5812223312914438 2320 
755 809 191 0.28077093440175743 2179 
756 809 186 0.5986875322149473 2206 
757 809 185 0.23760940199505387 2312 
758 809 183 0.8818430194941248 2313 
759 809 193 0.6958674167152249 2224 
760 809 191 0.24380686843198762 2273 
761 809 192 0.2472582646857906 2262 
762 809 190 0.30087258697992547 2329 
763 809 192 0.8326161731028336 2212 
764 809 191 0.39076453673807443 2336 
765 825 194 0.7652945938646238 2284 
766 825 186 0.6405486656398478 2330 
767 825 191 0.604893775403323 2204 
768 825 190 0.6874434466469725 2250 
769 825 191 0.8036000011480401 2337 
770 825 176 0.6956765839332826 2302 
771 825 184 0.815723680581314 2248 
772 825 192 0.6546340203247776 2295 
773 825 179 0.7416485686539508 2261 
774 825 190 0.6329446121165273 2272 
775 825 180 0.3694760629996037 2221 
776 825 174 0.8055903565818888 2316 
777 825 188 0.8411318730274282 2364 
778 825 192 0.22462815390683946 2313 
779 825 193 0.1386020280791825 2273 
780 825 177 0.13017373612534353 2207 
781 825 191 0.657101365811396 2304 
782 825 194 0.13009921586407813 2199 
783 825 194 0.21849011354521264 2312 
784 825 192 0.44102052595691865 2349 
785 825 184 0.08528139918945969 2267 
786 886 186 0.6734210493323793 2348 
787 886 188 0.8323836253385969 2266 
788 886 190 0.6304120258827264 2205 
789 886 189 0.07319209999947451 2264 
790 886 179 0.5798807746464796 2281 
791 886 176 0.447424906145037 2266 
792 886 188 0.5700079174168801 2241 
793 886 193 0.08553432002070006 2266 
794 886 189 0.5018756484173534 2302 
795 886 192 0.7435344440662258 2266 
796 886 175 0.48478548784264963 2350 
797 886 178 0.0768340430308746 2213 
798 886 181 0.07780310063263794 2281 
799 886 180 0.6218711433216504 2273 
800 886 175 0.8158683508053588 2190 
801 886 175 0.45041751584251527 2259 
802 886 191 0.7530082674387059 2203 
803 886 187 0.5807949475920361 2300 
804 886 180 0.7895230637458702 2333 
805 886 186 0.03354573499781931 2341 
806 886 178 0.07355733448397779 2256 
807 886 183 0.5679320370649362 2197 
808 886 194 0.8899038727403564 2266 
809 909 183 0.2992742518325618 2256 
810 909 190 0.8817425808624177 2283 
811 909 180 0.680710942131271 2255 
812 909 184 0.23598164392931123 2279 
813 909 181 0.7953249049387664 2222 
814 909 190 0.6826439779689453 2226 
815 909 178 0.3309130566711598 2310 
816 909 191 0.04646110327090357 2187 
817 909 177 0.321237301184655 2291 
818 909 186 0.7910746080748 2311 
819 909 181 0.781572394513577 2221 
820 909 185 0.14480527529653414 2181 
821 909 183 0.13283519956059758 2218 
822 909 183 0.8901865676732539 2182 
823 909 189 0.012221754871491885 2324 
824 909 178 0.2914153830416686 2261 
825 991 191 0.019924723869002105 2357 
826 991 174 0.3585419474753167 2277 
827 991 190 0.771851084564475 2344 
828 991 184 0.17627630217493745 2319 
829 991 177 0.5139119100642073 2190 
830 991 194 0.30174202354571594 2291 
831 991 189 0.13836651011763168 2294 
832 991 175 0.7047073393076482 2308 
833 991 193 0.40789201042117124 2331 
834 991 181 0.3974151583834163 2281 
835 991 187 0.1499414199202614 2319 
836 991 190 0.5831904192927582 2247 
837 991 182 0.8482272418593262 2249 
838 991 175 0.6935827036153057 2343 
839 991 187 0.5669533174701105 2198 
840 991 190 0.41195786043622384 2302 
841 991 179 0.49422638051947737 2236 
842 991 177 0.8856745783597612 2252 
843 991 189 0.7091839888534778 2332 
844 991 179 0.5428577059117695 2319 
845 991 178 0.6515178554138747 2178 
846 1010 188 0.17700797949539326 2309 
847 1010 192 0.5317671653335626 2297 
848 1010 187 0.371087341054945 2327 
849 1010 183 0.8797931562173864 2366 
850 1010 182 0.5567328608258245 2241 
851 1010 194 0.8398037337488501 2256 
852 1010 193 0.6337391699624466 2330 
853 1010 178 0.8615517109584511 2311 
854 1010 183 0.3533495585817012 2274 
855 1010 181 0.7534508611480862 2216 
856 1010 188 0.6124172315227582 2281 
857 1010 194 0.7673383135654774 2284 
858 1010 176 0.8160008562196982 2256 
859 1010 179 0.41113150987393116 2180 
860 1010 194 0.6015318628418764 2205 
861 1010 193 0.2139186648855411 2325 
862 1010 193 0.7130514011351368 2275 
863 1010 176 0.7384200226421075 2284 
864 1010 187 0.4259245376842998 2236 
865 1010 194 0.626497317617044 2302 
866 1010 174 0.067323692723865 2252 
867 1010 192 0.5325476363664501 2223 
868 1010 194 0.6653491202669322 2240 
869 1010 191 0.8283898614067983 2212 
870 1012 179 0.1672831215322551 2371 
871 1012 187 0.07601437179675544 2299 
872 1012 184 0.4179355298536948 2237 
873 1012 185 0.748399789570249 2244 
874 1012 179 0.7548846293813344 2290 
875 1012 191 0.5560428059802994 2305 
876 1012 179 0.03618651762363546 2278 
877 1012 192 0.3954545769755843 2226 
878 1012 184 0.023899183043771192 2215 
879 1012 193 0.09656819553739994 2306 
880 1012 182 0.6726970613817083 2252 
881 1012 177 0.4113785319087275 2341 
882 1012 182 0.7427102188670921 2233 
883 1012 178 0.18011281688021352 2184 
884 1012 180 0.761129656311661 2371 
885 1012 192 0.8532321701632611 2206 
886 1028 180 0.5282077646986344 2276 
887 1028 174 0.4116323392039327 2297 
888 1028 183 0.37347474207877784 2302 
889 1028 177 0.7857490301958361 2191 
890 1028 182 0.23883277852380097 2204 
891 1028 183 0.21608514332428463 2274 
892 1028 177 0.4507157008389563 2321 
893 1028 187 0.7811047131590422 2370 
894 1028 177 0.21216335148935206 2243 
895 1028 191 0.07081618791026259 2361 
896 1028 177 0.5293048109976876 2374 
897 1028 181 0.0644179876548161 2204 
898 1028 189 0.5157988807093301 2235 
899 1028 176 0.5593781756449571 2234 
900 1028 189 0.6207893906064675 2190 
901 1028 186 0.19429970403670463 2326 
902 1028 184 0.28083670307198805 2191 
903 1028 177 0.7163190136942841 2274 
904 1028 178 0.7306035772126871 2305 
905 1028 185 0.11353901372697639 2254 
906 1028 175 0.30746489799190346 2261 
907 1028 178 0.4746470787475036 2262 
908 1028 194 0.6615317390205355 2289 
909 1029 189 0.5305315977797618 2316 
910 1029 176 0.8958902060275324 2285 
911 1029 190 0.47873558724889786 2216 
912 1029 178 0.6926153607509871 2302 
913 1029 191 0.4419593817326389 2330 
914 1029 185 0.674691765456331 2304 
915 1029 183 0.4351295775822704 2312 
916 1029 179 0.8198403248399545 2323 
917 1029 178 0.3967792880984272 2328 
918 1029 177 0.3049392128356276 2368 
919 1029 194 0.09847009424461006 2358 
920 1029 177 0.12970690191301867 2236 
921 1029 176 0.5389084492448575 2369 
922 1029 176 0.7314230795654428 2301 
923 1029 184 0.6047675933127878 2338 
924 1029 194 0.7466050706864656 2339 
925 1029 179 0.7330104253498092 2195 
926 1029 178 0.24739195732267366 2215 
927 1029 182 0.4762819964122807 2334 
928 1029 184 0.43443588496956015 2371 
929 1029 186 0.2769114399224131 2354 
930 1045 183 0.6548407558152696 2279 
931 1045 177 0.013773841441293422 2316 
932 1045 189 0.8213736971602689 2230 
933 1045 190 0.8934558802138198 2181 
934 1045 186 0.4823929095382973 2378 
935 1045 189 0.2617981332153964 2360 
936 1045 179 0.5579057224051064 2368 
937 1045 182 0.7025565035217671 2210 
938 1045 189 0.5302273196879443 2370 
939 1045 174 0.5987273842563934 2205 
940 1045 184 0.11544605844695088 2303 
941 1045 192 0.10798431335292238 2366 
942 1045 182 0.5317063059576979 2328 
943 1045 190 0.40080845889105515 2264 
944 1045 174 0.2305913664329699 2296 
945 1045 187 0.8788598479152538 2196 
946 1045 179 0.6275001545823726 2196 
947 1045 191 0.2634468361713506 2223 
948 1045 194 0.19838228835332772 2301 
949 1045 181 0.4972890461074978 2321 
950 1045 194 0.04042938360757163 2354 
951 1064 188 0.18954088340082087 2248 
952 1064 188 0.7188602008705269 2207 
953 1064 192 0.6075355411109703 2196 
954 1064 180 0.04326708076444483 2338 
955 1064 184 0.013621966378686755 2358 
956 1064 194 0.2994435717927788 2277 
957 1064 174 0.021311915815698326 2327 
958 1064 176 0.6763492303774017 2301 
959 1064 194 0.8435436837870901 2329 
960 1064 180 0.7464811654416804 2306 
961 1064 192 0.7573313826872937 2329 
962 1064 175 0.397216915005165 2256 
963 1064 193 0.42070789090212324 2345 
964 1064 193 0.7521749404420527 2225 
965 1064 176 0.23617168010802733 2301 
966 1064 184 0.3665419274129789 2345 
967 1064 180 0.1251733247104444 2265 
968 1064 187 0.42954358959136374 2191 
969 1064 182 0.40696030924201176 2364 
970 1064 181 0.5259434598367912 2243 
971 1064 181 0.6365384469870147 2180 
972 1064 185 0.13787209342642726 2214 
973 1064 183 0.06976216161726977 2229 
974 1065 182 0.7093444904507408 2330 
975 1065 185 0.5977381856072977 2304 
976 1065 178 0.7305022825777201 2194 
977 1065 176 0.08435768389297967 2262 
978 1065 191 0.6446227090938466 2302 
979 1065 180 0.646207286029932 2273 
980 1065 174 0.13174594131152026 2195 
981 1065 191 0.20397996892472506 2259 
982 1065 176 0.2926936263837952 2310 
983 1065 185 0.7088248542230395 2209 
984 1065 175 0.4299221462631617 2306 
985 1065 177 0.45888753141150845 2320 
986 1065 193 0.3719909310166118 2360 
987 1065 178 0.7684425692820175 2247 
988 1065 194 0.09778381738104942 2350 
989 1065 191 0.09112104816296676 2337 
990 1065 191 0.2338041576900545 2303 
991 1084 176 0.8286983948292509 2370 
992 1084 175 0.8882028504558452 2340 
993 1084 174 0.20207704218586472 2353 
994 1084 191 0.8335834699745304 2340 
995 1084 192 0.33312374241416576 2375 
996 1084 192 0.053343871509932965 2302 
997 1084 180 0.8425467220353788 2306 
998 1084 194 0.5843447613037531 2245 
999 1084 181 0.629448023349254 2365 
1000 1084 188 0.7044465101643823 2209 
1001 1084 193 0.5462031614071505 2292 
1002 1084 191 0.6818280728943628 2281 
1003 1084 187 0.6331158640727501 2320 
1004 1084 192 0.22608513093779262 2343 
1005 1084 194 0.7272676342058295 2317 
1006 1084 181 0.6318698461022658 2341 
1007 1084 193 0.7975241547260816 2327 
1008 1084 178 0.08763313540350509 2198 
1009 1084 192 0.46099140455815674 2267 
1010 1085 180 0.10869320630051552 2318 
1011 1085 188 0.6127165749271964 2331 
1012 1085 192 0.39098746475865087 2212 
1013 1085 188 0.042122053238515235 2373 
1014 1085 185 0.8307036957890006 2325 
1015 1085 183 0.5739051809804898 2237 
1016 1085 177 0.7980577043897649 2330 
1017 1085 187 0.719697835812786 2232 
1018 1085 185 0.36081670759551904 2352 
1019 1085 183 0.504126412130675 2347 
1020 1085 182 0.1348960305369229 2231 
1021 1085 194 0.7769998591365744 2336 
1022 1085 189 0.7765019745021884 2348 
1023 1085 187 0.7635006259160825 2195 
1024 1085 185 0.013361431536852562 2363 
1025 1085 194 0.44287843429899454 2268 
1026 1085 184 0.48147157333192886 2254 
1027 1085 176 0.14031080382852817 2351 
1028 1101 190 0.6973758121164588 2299 
1029 1101 184 0.6586286232072722 2215 
1030 1101 189 0.16289013874273564 2275 
1031 1101 184 0.5351157015738588 2328 
1032 1101 192 0.24244496692169634 2187 
1033 1101 190 0.22922624788025442 2244 
1034 1101 194 0.5495087619169543 2280 
1035 1101 187 0.27524352808683056 2305 
1036 1101 186 0.6869331670786873 2368 
1037 1101 189 0.8413724746455598 2289 
1038 1101 174 0.3361459979029976 2367 
1039 1101 194 0.07884512657165417 2365 
1040 1101 192 0.32498346040021503 2259 
1041 1101 186 0.8460484266292002 2344 
1042 1101 182 0.2436706822897476 2311 
1043 1101 192 0.010885058320039996 2272 
1044 1101 177 0.6671807797124157 2353 
1045 1117 175 0.08671902622004568 2202 
1046 1117 183 0.583568093860907 2357 
1047 1117 186 0.0832081042801796 2300 
1048 1117 182 0.4049826039519562 2229 
1049 1117 181 0.7063099267578797 2246 
1050 1117 174 0.1462012145857095 2235 
1051 1117 175 0.3095563027816588 2371 
1052 1117 187 0.45043679360079725 2345 
1053 1117 179 0.40299387290789146 2266 
1054 1117 182 0.26235286070716723 2297 
1055 1117 180 0.1924792701925325 2216 
1056 1117 185 0.8329450451151321 2230 
1057 1117 174 0.3819951771724325 2205 
1058 1117 180 0.46317002933011014 2334 
1059 1117 193 0.8383803188107322 2321 
1060 1117 188 0.42952953492001367 2268 
1061 1117 176 0.2950940381439339 2366 
1062 1117 176 0.2887315765208579 2279 
1063 1117 187 0.09607887593659976 2329 
1064 1137 184 0.829835805832798 2337 
1065 1137 182 0.8900112134559924 2227 
1066 1137 178 0.6123042809378845 2267 
1067 1137 193 0.3665230384234735 2184 
1068 1137 193 0.852506648853644 2308 
1069 1137 177 0.5860472502768285 2286 
1070 1137 180 0.5039215412375816 2315 
1071 1137 184 0.8289992803354344 2305 
1072 1137 182 0.07047908282583991 2326 
1073 1137 191 0.060272816377194595 2314 
1074 1137 176 0.07361597353551648 2220 
1075 1137 193 0.6358326327539372 2227 
1076 1137 179 0.5744756400214113 2235 
1077 1137 176 0.018787518041678976 2346 
1078 1137 182 0.10676271903934503 2369 
1079 1137 181 0.7379527146617756 2224 
1080 1137 179 0.3787195411908311 2243 
1081 1137 189 0.6776952578097727 2365 
1082 1137 187 0.3668079956863459 2231 
1083 1137 185 0.4022975996699315 2218 
1084 1229 179 0.21259375209325876 2296 
1085 1229 189 0.8682912798486205 2376 
1086 1229 181 0.7765743467894799 2178 
1087 1229 174 0.017367504319747547 2356 
1088 1229 184 0.45142248513834937 2322 
1089 1229 179 0.6448381200393741 2271 
1090 1229 192 0.47147250141023805 2222 
1091 1229 183 0.36947947361676875 2201 
1092 1229 192 0.4251793130997801 2200 
1093 1229 193 0.5180588574026894 2349 
1094 1229 189 0.1529736502137338 2196 
1095 1229 191 0.7861754401184039 2350 
1096 1229 189 0.5615916496792378 2227 
1097 1229 185 0.5401363506895112 2331 
1098 1229 174 0.7196523227804776 2352 
1099 1229 183 0.4692453816547956 2186 
1100 1229 190 0.5771189713311345 2344 
1101 1230 194 0.4645270270705012 2181 
1102 1230 180 0.8119733685033649 2291 
1103 1230 181 0.8704696288013702 2235 
1104 1230 191 0.4729236511394264 2334 
1105 1230 178 0.4541216191819132 2372 
1106 1230 178 0.28738051658281977 2216 
1107 1230 183 0.3246430152930488 2239 
1108 1230 191 0.6900031064628559 2199 
1109 1230 179 0.7214842772256034 2289 
1110 1230 178 0.6264941665521083 2323 
1111 1230 180 0.3758337255952664 2304 
1112 1230 192 0.01451331642696731 2255 
1113 1230 179 0.6587600899204231 2218 
1114 1230 186 0.5778585021826237 2242 
1115 1230 175 0.0651531387353597 2311 
1116 1230 177 0.7801920142004682 2205 
1117 1231 175 0.3031726867969139 2366 
1118 1231 189 0.12265554429043726 2288 
1119 1231 181 0.03283275635201714 2341 
1120 1231 181 0.6308863628692912 2179 
1121 1231 183 0.09725357081948925 2365 
1122 1231 193 0.5591650452945393 2367 
1123 1231 191 0.4471710527207329 2235 
1124 1231 178 0.290413137732314 2324 
1125 1231 178 0.14260905029101498 2262 
1126 1231 192 0.10405837222773655 2271 
1127 1231 180 0.5881350679018571 2300 
1128 1231 190 0.8797697158931289 2276 
1129 1231 192 0.8626368503328924 2364 
1130 1231 181 0.8745106936504768 2347 
1131 1231 193 0.056148997624793286 2374 
1132 1231 178 0.17973506148293386 2374 
1133 1231 180 0.6812604537681642 2220 
1134 1231 182 0.21361725667932707 2263 
1135 1231 180 0.566635329759681 2360 
1136 1288 186 0.2857954905524165 2358 
1137 1288 180 0.23461893900665748 2236 
1138 1288 189 0.40320619779578726 2216 
1139 1288 183 0.844953375686197 2324 
1140 1288 194 0.8369902745326736 2330 
1141 1288 188 0.10650111656950687 2341 
1142 1288 188 0.04638530524358708 2215 
1143 1288 194 0.4709797543731995 2258 
1144 1288 190 0.7054937008403193 2325 
1145 1288 190 0.5551575748560791 2234 
1146 1288 179 0.6247344425999145 2184 
1147 1288 186 0.4880901994860204 2181 
1148 1288 178 0.15372121935151367 2296 
1149 1288 188 0.04109576319951217 2269 
1150 1288 184 0.7682401510642511 2246 
1151 1288 193 0.43323716745155055 2319 
1152 1288 185 0.616647620629525 2317 
1153 1288 192 0.3779293265701938 2183 
1154 1288 175 0.40425653088385705 2223 
1155 1292 194 0.7870510544296216 2351 
1156 1292 191 0.3569344803719602 2237 
1157 1292 181 0.5301244240904187 2268 
1158 1292 179 0.8233222586253187 2256 
1159 1292 176 0.07550748761413759 2231 
1160 1292 194 0.46967748191070413 2190 
1161 1292 192 0.1606135194325889 2299 
1162 1292 179 0.8911102393302609 2249 
1163 1292 179 0.13030117649292494 2272 
1164 1292 180 0.05935887853736198 2325 
1165 1292 185 0.7846643546941936 2307 
1166 1292 182 0.4896421683697101 2194 
1167 1292 188 0.8909673241402915 2251 
1168 1292 177 0.08669909305144875 2191 
1169 1292 184 0.4376028152729227 2336 
1170 1292 185 0.4284840977851192 2236 
1171 1292 183 0.278622860746704 2304 
1172 1292 183 0.4226314985266434 2233 
1173 1309 192 0.12797722427662764 2235 
1174 1309 189 0.08018219746594445 2208 
1175 1309 179 0.454665366496388 2360 
1176 1309 180 0.15364649749117412 2195 
1177 1309 188 0.5270251556024401 2301 
1178 1309 179 0.7287198684729808 2179 
1179 1309 179 0.35099196674652305 2343 
1180 1309 182 0.43024011629233094 2261 
1181 1309 180 0.5598206459455768 2235 
1182 1309 189 0.23608713789372554 2291 
1183 1309 193 0.3877306926758226 2213 
1184 1309 193 0.5511000833419576 2291 
1185 1309 177 0.28775067992146613 2258 
1186 1309 177 0.7210947475034694 2334 
1187 1309 193 0.3032017997368947 2184 
1188 1309 190 0.17394559935901457 2302 
1189 1309 174 0.6796376294555375 2343 
1190 1310 182 0.8177202732211675 2327 
1191 1310 176 0.838471854598593 2209 
1192 1310 174 0.45511818871406723 2280 
1193 1310 191 0.6915698405143758 2261 
1194 1310 177 0.8514018829169274 2342 
1195 1310 181 0.5414696270590318 2344 
1196 1310 182 0.8483594558676656 2352 
1197 1310 185 0.32861016315033875 2270 
1198 1310 174 0.010608867753977732 2326 
1199 1310 193 0.7392994310716267 2286 
1200 1310 184 0.20349982539883754 2266 
1201 1310 188 0.5260059502012941 2348 
1202 1310 193 0.2634512798854114 2185 
1203 1310 174 0.5876505113373691 2368 
1204 1310 183 0.7595645146571915 2348 
1205 1310 176 0.41330321364465455 2267 
1206 1310 182 0.5996722891070321 2316 
1207 1310 174 0.12212704902490723 2210 
1208 1310 176 0.03937832326270797 2351 
1209 1310 186 0.6545158386681598 2205 
1210 1310 177 0.5957776115486023 2310 
1211 1310 179 0.1826855234612065 2226 
1212 1310 194 0.15560245616740398 2349 
1213 1328 193 0.7074871951689543 2211 
1214 1328 192 0.3404278730222863 2216 
1215 1328 177 0.6258251116451312 2359 
1216 1328 175 0.7007439725262494 2369 
1217 1328 191 0.28359108511611886 2350 
1218 1328 193 0.490244376781319 2193 
1219 1328 185 0.6687364578388846 2194 
1220 1328 178 0.7759136842098361 2278 
1221 1328 190 0.04538637230438078 2366 
1222 1328 189 0.5141972305516228 2214 
1223 1328 183 0.5085061254396568 2365 
1224 1328 191 0.23097002602645064 2295 
1225 1328 181 0.3575373257786491 2301 
1226 1328 185 0.01025712451249848 2315 
1227 1328 178 0.13287063966281454 2248 
1228 1328 186 0.0944885382253329 2188 
1229 1347 189 0.5908962519543443 2319 
1230 1347 190 0.7326070012487267 2358 
1231 1347 192 0.874285132307928 2207 
1232 1347 178 0.49837441988919423 2212 
1233 1347 191 0.4191773123395481 2329 
1234 1347 182 0.2049142905693575 2334 
1235 1347 179 0.8784124892616247 2231 
1236 1347 175 0.7861016591936572 2263 
1237 1347 174 0.6181147064430605 2257 
1238 1347 186 0.8466263061841678 2355 
1239 1347 179 0.09124866244432044 2277 
1240 1347 184 0.4812328060746542 2324 
1241 1347 190 0.683080080511252 2233 
1242 1347 193 0.26997883394376887 2260 
1243 1347 189 0.20437113045161875 2248 
1244 1347 178 0.6981750552479905 2268 
1245 1347 189 0.3145386161412813 2308 
1246 1347 182 0.5108495619950725 2375 
1247 1347 181 0.6757386642934189 2360 
1248 1347 187 0.3499260616288884 2358 
1249 1347 188 0.410221394824459 2216 
1250 1347 184 0.6004157921380997 2361 
1251 1348 194 0.8486682631445857 2345 
1252 1348 187 0.07204695912595112 2279 
1253 1348 188 0.45396666077843223 2354 
1254 1348 180 0.800008244724912 2255 
1255 1348 182 0.8056237645081773 2311 
1256 1348 184 0.46335469789412637 2351 
1257 1348 178 0.8540891477834205 2367 
1258 1348 185 0.6243609007659314 2207 
1259 1348 184 0.30227710914631606 2281 
1260 1348 190 0.4177792440356435 2367 
1261 1348 176 0.36213640452988616 2375 
1262 1348 182 0.4293410289332575 2263 
1263 1348 189 0.28816170844319555 2294 
1264 1348 190 0.5145889284240834 2330 
1265 1348 185 0.7701944664222319 2237 
1266 1348 192 0.012552275061453703 2270 
1267 1348 181 0.1451758564823511 2201 
1268 1348 191 0.8076130750645182 2275 
1269 1348 179 0.3573170687636877 2262 
1270 1348 175 0.24899587973697077 2347 
1271 1349 184 0.17057663024270842 2221 
1272 1349 194 0.41013620303168363 2301 
1273 1349 187 0.7059100775636779 2280 
1274 1349 179 0.32078154404523196 2352 
1275 1349 184 0.739268928594993 2239 
1276 1349 182 0.046774460146364806 2202 
1277 1349 175 0.4358237774848404 2363 
1278 1349 188 0.3901041492962468 2295 
1279 1349 177 0.22807304397464098 2255 
1280 1349 181 0.11642035648194202 2302 
1281 1349 183 0.25448432139758986 2183 
1282 1349 182 0.5257457576960797 2363 
1283 1349 191 0.23378907708147778 2257 
1284 1349 191 0.024473853151834438 2269 
1285 1349 188 0.6733103152235097 2368 
1286 1349 193 0.20072986161458814 2265 
1287 1371 193 0.22679688820707725 2179 
1288 1371 182 0.06590744489447808 2178 
1289 1371 174 0.5909961592840186 2206 
1290 1371 180 0.2293312214935537 2297 
1291 1371 194 0.5221875899825186 2314 
1292 1371 189 0.7395785830130334 2299 
1293 1371 186 0.3876463079073091 2319 
1294 1371 185 0.5266418220784947 2308 
1295 1371 181 0.44263632031201244 2220 
1296 1371 182 0.5465642116041171 2364 
1297 1371 183 0.12974124897879688 2220 
1298 1371 177 0.2635331311489116 2342 
1299 1371 179 0.6874313077958508 2187 
1300 1371 178 0.4184310383162741 2329 
1301 1371 189 0.1643914841976047 2181 
1302 1371 187 0.8576804518969737 2211 
1303 1371 191 0.3416020983949206 2314 
1304 1371 177 0.3838557806347383 2196 
1305 1371 177 0.1087082176145577 2186 
1306 1371 184 0.3714945544932265 2183 
1307 1371 177 0.38705202166494457 2286 
1308 1371 193 0.5719703448493244 2308 
1309 1392 182 0.27589096815664405 2185 
1310 1392 185 0.4721557072659215 2259 
1311 1392 177 0.7935419557450953 2200 
1312 1392 177 0.8379484204343436 2315 
1313 1392 190 0.3954891995433492 2311 
1314 1392 183 0.6498100996679692 2284 
1315 1392 182 0.5715916981229057 2364 
1316 1392 186 0.4515847167636205 2270 
1317 1392 187 0.030233920405503344 2340 
1318 1392 190 0.816182154684496 2308 
1319 1392 174 0.7915323563250654 2328 
1320 1392 174 0.8511983544757618 2277 
1321 1392 194 0.08220061897375927 2252 
1322 1392 188 0.3425160950339439 2238 
1323 1392 181 0.5667821703856366 2291 
1324 1392 191 0.23752876336800083 2282 
1325 1392 189 0.7516553640584166 2279 
1326 1392 181 0.832017078597946 2311 
1327 1392 179 0.6366053360480656 2288 
1328 1430 185 0.25136201284535714 2349 
1329 1430 175 0.09374296885437179 2241 
1330 1430 179 0.5373030491446011 2274 
1331 1430 177 0.6823171475343005 2357 
1332 1430 190 0.7084027039431798 2259 
1333 1430 181 0.31417241492167736 2209 
1334 1430 193 0.013680514362283673 2317 
1335 1430 174 0.613281954343747 2302 
1336 1430 193 0.14341843342474958 2363 
1337 1430 186 0.41966716732358705 2367 
1338 1430 176 0.5666268005075362 2286 
1339 1430 179 0.16700857583409925 2227 
1340 1430 178 0.5769439851727052 2229 
1341 1430 183 0.7842993256199029 2282 
1342 1430 189 0.8012369716090602 2348 
1343 1430 189 0.4996926561396512 2271 
1344 1430 193 0.5096514277155793 2355 
1345 1430 178 0.26725951028212636 2358 
1346 1430 191 0.6106985596616602 2378 
1347 1510 181 0.08168440183934202 2378 
1348 1510 185 0.7663398551236761 2178 
1349 1510 189 0.534636845350404 2239 
1350 1510 188 0.07640184374862033 2219 
1351 1510 183 0.7126749069564509 2199 
1352 1510 174 0.15534796798175704 2194 
1353 1510 185 0.5651623845923004 2263 
1354 1510 192 0.5188936340649255 2195 
1355 1510 184 0.7667310712764719 2336 
1356 1510 193 0.37081355897234936 2340 
1357 1510 194 0.7362407051405034 2294 
1358 1510 189 0.5344164273822778 2251 
1359 1510 177 0.7630092161850384 2191 
1360 1510 182 0.7855794611712469 2301 
1361 1510 176 0.7903273215711074 2290 
1362 1510 188 0.3345939112188975 2296 
1363 1510 176 0.07565134184777286 2184 
1364 1510 176 0.6761699139653689 2275 
1365 1510 177 0.02182588719925242 2364 
1366 1510 177 0.6111398464498932 2361 
1367 1510 193 0.1436717945093105 2256 
1368 1510 186 0.47980547809735163 2313 
1369 1510 175 0.13494319099408977 2204 
1370 1510 187 0.049860370523125946 2190 
1371 1527 190 0.0700105116939981 2323 
1372 1527 180 0.5749220497161547 2354 
1373 1527 178 0.6293897663712376 2355 
1374 1527 184 0.2782292231104464 2304 
1375 1527 191 0.5599067644972832 2260 
1376 1527 185 0.7982413287636054 2244 
1377 1527 190 0.14530447928699494 2365 
1378 1527 189 0.21753947544690705 2279 
1379 1527 176 0.027714448912320784 2267 
1380 1527 174 0.5949037950858227 2336 
1381 1527 182 0.2639692706318531 2377 
1382 1527 184 0.2946830473140065 2223 
1383 1527 182 0.6088633559190141 2206 
1384 1527 192 0.8305857706713201 2279 
1385 1527 186 0.44895932496693824 2226 
1386 1527 187 0.16695642182199394 2299 
1387 1527 174 0.644824410030672 2313 
1388 1527 185 0.413028353473933 2192 
1389 1527 182 0.8352165273941398 2225 
1390 1528 183 0.3622064340847113 2247 
1391 1528 176 0.5057938979395576 2269 
1392 1528 190 0.5659513911171866 2334 
1393 1528 176 0.6639995268313603 2216 
1394 1528 186 0.3272666638007134 2211 
1395 1528 176 0.6321315432572989 2292 
1396 1528 180 0.3998285808554282 2198 
1397 1528 192 0.3398513640417121 2333 
1398 1528 182 0.8925116410133367 2366 
1399 1528 185 0.5267793945660868 2256 
1400 1528 186 0.1922813827656883 2375 
1401 1528 176 0.8047756486638077 2193 
1402 1528 190 0.5710566732048241 2273 
1403 1528 193 0.4525040612470478 2199 
1404 1528 178 0.12263545829103686 2208 
1405 1528 184 0.2843780762920004 2366 
1406 1528 175 0.053139610374932394 2304 
1407 1528 174 0.11797737331392134 2181 
1408 1529 190 0.026162101183436953 2297 
1409 1529 177 0.7271998438396396 2305 
1410 1529 190 0.15973872109541304 2188 
1411 1529 192 0.1467736328582552 2208 
1412 1529 188 0.39477023687583324 2198 
1413 1529 189 0.03169000292355316 2213 
1414 1529 188 0.2501572250790698 2370 
1415 1529 192 0.34349074314641737 2325 
1416 1529 188 0.8511229124351637 2287 
1417 1529 192 0.11174922443388598 2187 
1418 1529 185 0.5005367949090397 2292 
1419 1529 178 0.16688784987582767 2357 
1420 1529 191 0.5749022429668373 2196 
1421 1529 189 0.19798861633731438 2327 
1422 1529 185 0.20415870526128865 2331 
1423 1529 174 0.7750100414901191 2216 
1424 1529 189 0.21299760749252453 2234 
1425 1529 185 0.22608894975068347 2216 
1426 1529 175 0.7072663447491819 2299 
1427 1529 193 0.3089931568946499 2200 
1428 1529 182 0.8288660456922695 2341 
1429 1549 183 0.08000334586395132 2270 
1430 1549 178 0.05273748190801788 2240 
1431 1549 181 0.6096552080141785 2299 
1432 1549 178 0.5779984572529276 2310 
1433 1549 181 0.8061965434787264 2278 
1434 1549 180 0.6007858726844997 2311 
1435 1549 175 0.2392445031886212 2190 
1436 1549 185 0.13152984594476053 2329 
1437 1549 178 0.14507128791105417 2247 
1438 1549 185 0.686239923843451 2248 
1439 1549 181 0.5348332694816865 2236 
1440 1549 182 0.12523093708548874 2250 
1441 1549 186 0.13573671410937968 2320 
1442 1549 192 0.3638528387124284 2262 
1443 1549 193 0.19153702973510076 2289 
1444 1549 185 0.5992095220565703 2259 
1445 1549 186 0.39654819662278584 2325 
1446 1549 185 0.1256979832244618 2325 
1447 1549 186 0.8925714893147464 2355 
1448 1549 183 0.6039511759672546 2263 
1449 1550 177 0.8435522226501183 2237 
1450 1550 178 0.3053721942492892 2183 
1451 1550 192 0.042780985651606825 2236 
1452 1550 175 0.29630204764347157 2311 
1453 1550 182 0.03824425537619988 2317 
1454 1550 189 0.6282387945210912 2356 
1455 1550 181 0.669525902325624 2238 
1456 1550 187 0.7922822345944217 2309 
1457 1550 184 0.610597371092089 2199 
1458 1550 191 0.61357890070726 2284 
1459 1550 178 0.029088842537658664 2356 
1460 1550 179 0.4908842168542966 2263 
1461 1550 191 0.37827252403881423 2349 
1462 1550 185 0.03197021363897507 2210 
1463 1550 187 0.8248603781136284 2248 
1464 1550 175 0.2460258823687275 2334 
1465 1550 194 0.5370786846654657 2183 
1466 1550 178 0.7028851862712379 2254 
1467 1550 191 0.6015755691031462 2182 
1468 1550 181 0.10663868408444484 2242 
1469 1550 177 0.8033113511679284 2346 
1470 1553 182 0.7552758262948404 2267 
1471 1553 189 0.19974625242715605 2193 
1472 1553 177 0.5051606526799645 2372 
1473 1553 186 0.5464461396471374 2248 
1474 1553 187 0.3754093265033622 2251 
1475 1553 184 0.4216591897735461 2282 
1476 1553 191 0.47416489295956 2359 
1477 1553 190 0.798094874325685 2220 
1478 1553 181 0.21928684751490324 2257 
1479 1553 176 0.7669903305348802 2362 
1480 1553 192 0.4299369106451213 2279 
1481 1553 178 0.07884169268739155 2353 
1482 1553 175 0.5901525142160607 2233 
1483 1553 189 0.518909384647944 2303 
1484 1553 193 0.16464637871756588 2355 
1485 1553 193 0.5113291634270996 2218 
1486 1553 177 0.26937050498944115 2343 
1487 1553 179 0.5017691786263246 2217 
1488 1553 193 0.8641409354306367 2363 
1489 1553 178 0.1366328911204261 2270 
1490 1553 191 0.8805749965265316 2355 
1491 1553 186 0.8589346023748312 2294 
1492 1553 177 0.6535553613755176 2179 
1493 1554 174 0.2698762624231198 2369 
1494 1554 183 0.7451779973293388 2283 
1495 1554 177 0.8951731102272874 2290 
1496 1554 192 0.08474871740393386 2194 
1497 1554 177 0.16793083072531279 2190 
1498 1554 191 0.43916180906360375 2268 
1499 1554 185 0.55141207901958 2294 
1500 1554 186 0.8419099815682776 2221 
1501 1554 175 0.24767238678073372 2201 
1502 1554 180 0.5124798089002034 2289 
1503 1554 186 0.689546442319558 2337 
1504 1554 191 0.8585678425492868 2203 
1505 1554 194 0.2616123977182134 2266 
1506 1554 181 0.2272595253853439 2377 
1507 1554 178 0.04364524849410152 2361 
1508 1554 183 0.7428486917826208 2192 
1509 1554 182 0.3347951336561369 2369 
1510 1582 180 0.10711065772633518 2241 
1511 1582 182 0.6459325919680048 2360 
1512 1582 190 0.6715292938225493 2287 
1513 1582 178 0.10358748820161305 2359 
1514 1582 183 0.37176943249580524 2368 
1515 1582 176 0.15712292792983615 2223 
1516 1582 181 0.18939692972940494 2212 
1517 1582 189 0.05388456381420689 2334 
1518 1582 193 0.5477786900245031 2274 
1519 1582 183 0.8587550052775513 2372 
1520 1582 188 0.3010206568208874 2268 
1521 1582 190 0.7887390518163818 2284 
1522 1582 179 0.48042650655913205 2181 
1523 1582 179 0.28485626105087136 2290 
1524 1582 184 0.7570671988725398 2232 
1525 1582 185 0.22653566718103038 2338 
1526 1582 194 0.7446689237225813 2309 
1527 1635 188 0.15250183292767383 2318 
1528 1635 192 0.30354829053808463 2356 
1529 1635 193 0.8682186194538645 2336 
1530 1635 180 0.22036610104062418 2311 
1531 1635 174 0.05141498460408168 2254 
1532 1635 175 0.45304489577903995 2353 
1533 1635 192 0.497272010283852 2242 
1534 1635 179 0.6917949960954406 2181 
1535 1635 177 0.8793099446193753 2241 
1536 1635 175 0.012467696479769232 2297 
1537 1635 186 0.04531017049294076 2367 
1538 1635 174 0.16146883799515693 2324 
1539 1635 190 0.3341729670938661 2361 
1540 1635 176 0.09584015206645312 2350 
1541 1635 183 0.7431958898551977 2236 
1542 1635 188 0.39616365862659464 2187 
1543 1635 179 0.11444433116659919 2230 
1544 1635 194 0.4624413143997071 2242 
1545 1635 194 0.07581740635338408 2223 
1546 1635 191 0.4460362976051804 2267 
1547 1635 183 0.06006879723762136 2312 
1548 1635 180 0.6396875783707993 2193 
1549 1636 182 0.7375743838190797 2376 
1550 1636 179 0.6225378827975321 2330 
1551 1636 188 0.3241720171165474 2221 
1552 1636 192 0.6622729255840495 2368 
1553 1636 192 0.7788798971155763 2277 
1554 1636 187 0.8589151436237114 2214 
1555 1636 194 0.03024779513671748 2377 
1556 1636 178 0.06939118253504131 2373 
1557 1636 192 0.7209164064225034 2320 
1558 1636 185 0.14496495354895125 2355 
1559 1636 191 0.49744264781721004 2368 
1560 1636 180 0.6760616135256212 2290 
1561 1636 178 0.2250080142013329 2355 
1562 1636 183 0.3944410807833589 2185 
1563 1636 177 0.3902093534758475 2270 
1564 1636 176 0.2620062854354349 2354 
1565 1636 185 0.8643876061568866 2295 
1566 1638 174 0.6873674697792403 2293 
1567 1638 186 0.30314966575333896 2209 
1568 1638 189 0.357323397657478 2304 
1569 1638 185 0.42704157433240486 2216 
1570 1638 189 0.2552178432652318 2315 
1571 1638 178 0.055732294475883355 2314 
1572 1638 186 0.39575219044774473 2300 
1573 1638 185 0.29928866516889285 2194 
1574 1638 189 0.2573647448175425 2322 
1575 1638 189 0.7760451515402899 2306 
1576 1638 192 0.0771792405070396 2275 
1577 1638 182 0.1550705467779372 2333 
1578 1638 179 0.37781086301690975 2352 
1579 1638 192 0.11488340299465388 2328 
1580 1638 182 0.1819590147628147 2226 
1581 1638 188 0.7387631967679136 2345 
1582 1659 181 0.7626778152552324 2304 
1583 1659 189 0.3929610187471198 2287 
1584 1659 188 0.30143207367953007 2280 
1585 1659 174 0.3313581070096387 2340 
1586 1659 175 0.3923095036372729 2203 
1587 1659 184 0.28925024629249985 2353 
1588 1659 188 0.8672727095474483 2323 
1589 1659 192 0.15045211109649992 2182 
1590 1659 184 0.23531491252644499 2248 
1591 1659 182 0.8645468981056329 2325 
1592 1659 181 0.6550765292153112 2180 
1593 1659 176 0.15343577831593957 2223 
1594 1659 181 0.3696838919625485 2301 
1595 1659 176 0.6186775670620547 2373 
1596 1659 176 0.6898385702994352 2369 
1597 1659 179 0.09881382704290023 2369 
1598 1659 179 0.49200440811689605 2197 
1599 1659 187 0.5118269739724381 2228 
1600 1681 186 0.025406273414122285 2232 
1601 1681 192 0.7823846117365103 2235 
1602 1681 194 0.242060269262595 2339 
1603 1681 179 0.626951390917274 2285 
1604 1681 193 0.422307889715826 2350 
1605 1681 174 0.1553894276577533 2229 
1606 1681 190 0.37217377363518117 2180 
1607 1681 181 0.4196552369442087 2367 
1608 1681 174 0.2007720602222684 2184 
1609 1681 177 0.21735798475641288 2287 
1610 1681 179 0.19011909259533993 2270 
1611 1681 182 0.6349516303112649 2363 
1612 1681 187 0.5735705485149073 2323 
1613 1681 180 0.5162528970544682 2338 
1614 1681 175 0.843837877589082 2193 
1615 1681 179 0.33069793083548754 2237 
1616 1681 185 0.7249764971039153 2222 
1617 1681 185 0.8023139990645725 2261 
1618 1724 184 0.2666745297551453 2293 
1619 1724 185 0.536122548573866 2304 
1620 1724 193 0.7716000395298543 2272 
1621 1724 184 0.8748270491069173 2194 
1622 1724 181 0.3909428830630832 2309 
1623 1724 179 0.04394531248351926 2293 
1624 1724 184 0.8212579262084443 2241 
1625 1724 186 0.8626815303878271 2271 
1626 1724 179 0.33182111814076687 2285 
1627 1724 191 0.017437346297272817 2214 
1628 1724 187 0.5762328337261767 2377 
1629 1724 176 0.34250618678805866 2327 
1630 1724 181 0.6304637557284646 2206 
1631 1724 189 0.6526884940612104 2235 
1632 1724 182 0.47390235480621584 2200 
1633 1724 189 0.8494991420426997 2274 
1634 1724 188 0.4844472258967467 2181 
1635 1741 191 0.8485260911972717 2269 
1636 1741 182 0.6385565051535054 2370 
1637 1741 191 0.3809843165697788 2202 
1638 1741 177 0.5495237603949693 2363 
1639 1741 175 0.5258567362883282 2357 
1640 1741 175 0.4559382545996394 2305 
1641 1741 182 0.1453114725253188 2265 
1642 1741 179 0.7378349180342993 2335 
1643 1741 181 0.1366595738350846 2335 
1644 1741 174 0.806905678933861 2191 
1645 1741 181 0.3740477811031843 2325 
1646 1741 192 0.6661570985104875 2281 
1647 1741 178 0.47603103086621895 2305 
1648 1741 189 0.6722641507546255 2367 
1649 1741 181 0.08732238367049058 2267 
1650 1741 184 0.7326766313833764 2179 
1651 1741 188 0.7978489448945153 2374 
1652 1741 191 0.5654770742331588 2315 
1653 1741 174 0.8409342397969221 2278 
1654 1741 194 0.2077675016666431 2373 
1655 1741 190 0.16014419553613352 2309 
1656 1741 191 0.3096753185226193 2290 
1657 1741 193 0.4467301658822413 2295 
1658 1741 191 0.6951429875590884 2279 
1659 1742 186 0.8708151325432286 2317 
1660 1742 181 0.3208112201749637 2309 
1661 1742 176 0.2289676416147467 2338 
1662 1742 194 0.49873446546896044 2229 
1663 1742 182 0.2221348567128861 2279 
1664 1742 191 0.8207947860700368 2308 
1665 1742 192 0.6181127995426022 2250 
1666 1742 186 0.6389020947674179 2323 
1667 1742 175 0.7069461524866262 2314 
1668 1742 194 0.6157579692854018 2210 
1669 1742 188 0.7240642156628292 2301 
1670 1742 184 0.8625296849367667 2326 
1671 1742 186 0.5524160335353149 2322 
1672 1742 194 0.5087983513027681 2231 
1673 1742 188 0.3774132144224699 2266 
1674 1742 187 0.6938091289446452 2251 
1675 1742 181 0.7909779135996017 2366 
1676 1742 176 0.30324378914032435 2219 
1677 1742 192 0.341551909846543 2267 
1678 1742 185 0.8890331839316136 2278 
1679 1742 179 0.7451770021375433 2222 
1680 1742 186 0.0657219490019257 2189 
1681 1762 183 0.8096862566317305 2304 
1682 1762 185 0.5623507497322928 2190 
1683 1762 177 0.8288855264994823 2357 
1684 1762 179 0.06735788817875635 2224 
1685 1762 177 0.11272073321228313 2185 
1686 1762 176 0.8377698739571052 2221 
1687 1762 180 0.41972440592486854 2234 
1688 1762 193 0.619198897107787 2356 
1689 1762 175 0.07975972056862704 2369 
1690 1762 185 0.43982720773947565 2206 
1691 1762 177 0.7909359548082707 2345 
1692 1762 175 0.42666091423959146 2320 
1693 1762 176 0.10084044224222487 2374 
1694 1762 182 0.8172720746155645 2211 
1695 1762 191 0.10640897114113472 2308 
1696 1762 178 0.0420604209360616 2345 
1697 1762 175 0.5132507848838307 2253 
1698 1762 188 0.08902210619357724 2275 
1699 1762 188 0.30216661427981745 2234 
1700 1764 194 0.5096935259910346 2332 
1701 1764 177 0.14072875962567713 2351 
1702 1764 192 0.5185784514085041 2193 
1703 1764 179 0.07215207967802255 2254 
1704 1764 186 0.7308037640540079 2361 
1705 1764 177 0.010384382117781022 2263 
1706 1764 191 0.5948338416054363 2338 
1707 1764 186 0.10412777737981956 2182 
1708 1764 190 0.839186068807301 2374 
1709 1764 189 0.12802921892301414 2332 
1710 1764 182 0.010357288123862664 2249 
1711 1764 176 0.6742486460816784 2281 
1712 1764 181 0.43326704502176827 2280 
1713 1764 181 0.07063284456072161 2361 
1714 1764 180 0.011589944348220716 2211 
1715 1764 174 0.15704555023678698 2315 
1716 1764 179 0.7682170159289592 2188 
1717 1764 177 0.7929807018557109 2291 
1718 1764 189 0.20911842360139668 2311 
1719 1764 179 0.7139628790348705 2208 
1720 1764 175 0.15609951980774214 2271 
1721 1764 179 0.7947831276082032 2282 
1722 1764 179 0.25615150348342686 2253 
1723 1764 176 0.12090565306138798 2368 
1724 1765 185 0.5572124024140618 2242 
1725 1765 188 0.345128926051837 2203 
1726 1765 192 0.48499692257695715 2188 
1727 1765 192 0.08720320552906681 2185 
1728 1765 177 0.46228887594539736 2362 
1729 1765 175 0.5642659710983527 2259 
1730 1765 192 0.03912693726875453 2301 
1731 1765 177 0.7937284113744442 2221 
1732 1765 174 0.06754859304205117 2246 
1733 1765 185 0.7977285702562333 2182 
1734 1765 182 0.41012003983200934 2233 
1735 1765 192 0.5984162481597516 2293 
1736 1765 190 0.16189299300035817 2202 
1737 1765 180 0.345744581338199 2276 
1738 1765 189 0.21681556660943246 2224 
1739 1765 188 0.5866478068494039 2246 
1740 1765 185 0.2967519069849018 2190 
1741 1815 180 0.03974979400497445 2182 
1742 1815 189 0.6164441173698862 2325 
1743 1815 183 0.39936558366384095 2183 
1744 1815 183 0.10428528434489351 2198 
1745 1815 185 0.48352439447876544 2261 
1746 1815 193 0.4618609389565503 2338 
1747 1815 193 0.1025379368976988 2262 
1748 1815 176 0.10775520834609964 2350 
1749 1815 187 0.09393373606121727 2378 
1750 1815 193 0.2661423377965874 2260 
1751 1815 186 0.057763573887065864 2325 
1752 1815 177 0.8009299142674654 2250 
1753 1815 187 0.3516583747875655 2209 
1754 1815 175 0.8564539881127028 2201 
1755 1815 185 0.18632759168057372 2255 
1756 1815 193 0.49097065961646164 2206 
1757 1815 177 0.7134771134631654 2291 
1758 1815 176 0.7940851258049942 2326 
1759 1815 179 0.8469683996704241 2229 
1760 1815 177 0.25610416960182414 2234 
1761 1815 189 0.05872361568822799 2263 
1762 1816 184 0.16923021251935444 2298 
1763 1816 192 0.24114235742676138 2202 
1764 1816 181 0.737618133024473 2193 
1765 1816 183 0.6685173756556188 2195 
1766 1816 194 0.744519601598693 2303 
1767 1816 184 0.2422694240423407 2368 
1768 1816 185 0.48423104353043944 2321 
1769 1816 174 0.4578835093478573 2191 
1770 1816 191 0.42945340253788145 2264 
1771 1816 193 0.819659539949519 2190 
1772 1816 181 0.6228948926946418 2371 
1773 1816 193 0.8510255059589454 2223 
1774 1816 181 0.7860047046506339 2245 
1775 1816 189 0.7950425996842905 2311 
1776 1816 176 0.8692659970413825 2248 
1777 1816 192 0.4227090878981119 2237 
1778 1816 187 0.5374610598698398 2263 
1779 1816 178 0.27932302283592503 2336 
1780 1816 179 0.6447171862165915 2353 
1781 1816 186 0.5692513449537014 2350 
1782 1831 182 0.47992743961017165 2367 
1783 1831 183 0.4031551252015538 2245 
1784 1831 180 0.8656272800187156 2244 
1785 1831 188 0.761785078462295 2372 
1786 1831 179 0.3431814536538447 2340 
1787 1831 193 0.38995983828420905 2301 
1788 1831 183 0.32174176603829424 2181 
1789 1831 178 0.2870902066320808 2208 
1790 1831 189 0.07199008941973635 2254 
1791 1831 177 0.7334384799776337 2252 
1792 1831 180 0.15276719188979032 2245 
1793 1831 186 0.8047954928637066 2341 
1794 1831 183 0.17252680745718627 2193 
1795 1831 176 0.12924801382257917 2303 
1796 1831 177 0.7037088652145292 2370 
1797 1831 194 0.8932995302897777 2278 
1798 1832 191 0.3900755943143527 2198 
1799 1832 188 0.0729251012258096 2350 
1800 1832 185 0.4190790274375983 2364 
1801 1832 178 0.2534004445456636 2212 
1802 1832 193 0.8874441289544707 2307 
1803 1832 192 0.7979768968149185 2349 
1804 1832 188 0.3513350292215736 2277 
1805 1832 181 0.021450543930278503 2280 
1806 1832 186 0.821735193423918 2306 
1807 1832 178 0.5978799069323739 2186 
1808 1832 187 0.5962271850332218 2281 
1809 1832 190 0.2184187349071953 2239 
1810 1832 179 0.15918638920607117 2321 
1811 1832 183 0.23743281137459957 2344 
1812 1832 189 0.25708083840116264 2278 
1813 1832 187 0.12167000891117043 2285 
1814 1832 182 0.4144908256507843 2236 
1815 1873 187 0.8222444565681946 2204 
1816 1873 181 0.151052947027933 2283 
1817 1873 182 0.36443084056089586 2284 
1818 1873 176 0.7318593501061348 2245 
1819 1873 184 0.5815672183947641 2307 
1820 1873 177 0.5269136467763194 2213 
1821 1873 193 0.8921676810629482 2250 
1822 1873 189 0.6193968266642773 2285 
1823 1873 183 0.7758876487841373 2375 
1824 1873 175 0.18068217243263282 2286 
1825 1873 176 0.7323720788943577 2361 
1826 1873 178 0.14529709811469277 2306 
1827 1873 176 0.5446563738690103 2186 
1828 1873 178 0.3546381749699779 2311 
1829 1873 184 0.6572153580629734 2332 
1830 1873 186 0.3997460086861805 2350 
1831 1874 190 0.685242081255054 2197 
1832 1874 177 0.8527524437247869 2267 
1833 1874 175 0.26939186423389727 2362 
1834 1874 180 0.41937922701480573 2194 
1835 1874 179 0.1579117477175292 2340 
1836 1874 192 0.035932275894550114 2224 
1837 1874 179 0.8315662390703926 2333 
1838 1874 176 0.25969714376025016 2345 
1839 1874 193 0.44071358827457674 2222 
1840 1874 187 0.7250128977373963 2211 
1841 1874 185 0.43590766311732415 2265 
1842 1874 186 0.32793418595029283 2338 
1843 1874 188 0.6816310928586303 2317 
1844 1874 185 0.2013023413438876 2197 
1845 1874 185 0.41803215589711257 2369 
1846 1874 178 0.11637134826271296 2212 
1847 1874 193 0.07652526917747003 2362 
1848 1874 175 0.2366721993900325 2318 
1849 1874 188 0.2389195779525561 2370 
1850 1874 183 0.07410235656508654 2330 
1851 1875 181 0.8489657382691532 2196 
1852 1875 192 0.35877490883416874 2306 
1853 1875 181 0.3629724763734592 2231 
1854 1875 177 0.5876645280777731 2369 
1855 1875 179 0.47014406495443906 2356 
1856 1875 191 0.6709064662436887 2355 
1857 1875 187 0.279333887049835 2234 
1858 1875 188 0.14308538275676136 2225 
1859 1875 187 0.2807752134221598 2223 
1860 1875 192 0.24080544134701412 2260 
1861 1875 184 0.3896054414006561 2325 
1862 1875 183 0.8200381676556053 2262 
1863 1875 177 0.18084439855560408 2218 
1864 1875 189 0.8117961258867539 2337 
1865 1875 188 0.2570917317062871 2227 
1866 1875 193 0.6641801317155995 2356 
1867 1875 184 0.5200319612205235 2359 
1868 1875 187 0.7299201119685748 2259 
1869 1875 176 0.5534949897278517 2196 
1870 1875 194 0.759590483702693 2326 
1871 1875 177 0.3885819488580262 2335 
1872 1875 185 0.475434476218983 2281 
1873 1914 175 0.04387770143572443 2294 
1874 1914 194 0.0124590619182925 2308 
1875 1914 176 0.6086824029470049 2309 
1876 1914 194 0.7520820999970299 2365 
1877 1914 193 0.12035446571641395 2314 
1878 1914 175 0.7722256888358349 2227 
1879 1914 193 0.5844064788910035 2361 
1880 1914 186 0.16998897282440012 2355 
1881 1914 192 0.8261162528124891 2263 
1882 1914 178 0.8056028097199385 2209 
1883 1914 184 0.22791325378695396 2354 
1884 1914 183 0.8885866239275224 2267 
1885 1914 175 0.20419101567103928 2256 
1886 1914 192 0.2752441389563043 2295 
1887 1914 190 0.8924051011499229 2283 
1888 1914 191 0.6601597073562206 2303 
1889 1914 188 0.2954692175647535 2353 
1890 1914 189 0.2116325181238884 2273 
1891 1914 186 0.636300979588649 2322 
1892 1914 186 0.4137055994061281 2255 
1893 1915 183 0.042263381284408416 2372 
1894 1915 193 0.8143846243756222 2210 
1895 1915 191 0.3641926718315577 2298 
1896 1915 175 0.3410539840095296 2188 
1897 1915 183 0.27462925674188754 2344 
1898 1915 193 0.6384389318725547 2213 
1899 1915 192 0.24223211632992647 2286 
1900 1915 193 0.4439675013104474 2341 
1901 1915 175 0.35448114670792547 2286 
1902 1915 179 0.4407857952734569 2247 
1903 1915 177 0.03482847887621102 2225 
1904 1915 178 0.36207181100961183 2237 
1905 1915 182 0.08158695513645486 2215 
1906 1915 179 0.19498843315759415 2300 
1907 1915 175 0.15331977783582296 2187 
1908 1915 176 0.3747307418972261 2195 
1909 1915 185 0.584855222538244 2254 
1910 1915 183 0.5387622554726459 2324 
1911 1915 182 0.06577853277605908 2327 
1912 1915 193 0.2715354645697124 2370 
1913 1915 188 0.18299577077799822 2207 
1914 1955 186 0.5936149682192152 2337 
1915 1955 176 0.49983412441421987 2220 
1916 1955 186 0.6593957936162519 2243 
1917 1955 184 0.8548273849122404 2252 
1918 1955 184 0.5331076907850604 2347 
1919 1955 177 0.718540101457335 2273 
1920 1955 178 0.014196327002460467 2251 
1921 1955 182 0.8862453587226631 2197 
1922 1955 186 0.47806025339343877 2347 
1923 1955 178 0.10944959657738923 2318 
1924 1955 193 0.12920947412715195 2213 
1925 1955 182 0.01692874625013829 2287 
1926 1955 175 0.7902151526744815 2319 
1927 1955 191 0.5127168453234952 2265 
1928 1955 174 0.41909468232909647 2192 
1929 1955 178 0.6423627451163658 2240 
1930 1955 190 0.7137037932014283 2256 
1931 1955 188 0.7118533904916919 2212 
1932 1955 190 0.8243646240803679 2208 
1933 1955 174 0.17117066320390248 2364 
1934 1955 179 0.7629272816142928 2285 
1935 1955 191 0.26722648742760147 2355 
1936 1957 184 0.48605711506760757 2277 
1937 1957 192 0.8841368547075051 2266 
1938 1957 179 0.6160552761927062 2292 
1939 1957 185 0.8865615562375477 2214 
1940 1957 178 0.6250104023191514 2243 
1941 1957 182 0.4831669701971708 2333 
1942 1957 186 0.34313735957804276 2372 
1943 1957 175 0.5989722058599409 2373 
1944 1957 177 0.1296573724803213 2318 
1945 1957 188 0.44380435849470096 2358 
1946 1957 193 0.37082759564791445 2207 
1947 1957 191 0.6550904156681393 2351 
1948 1957 181 0.388724444542389 2326 
1949 1957 183 0.17841683659821822 2310 
1950 1957 177 0.6728643499645575 2319 
1951 1957 183 0.8643772262103999 2309 
1952 1957 189 0.050196883583053825 2204 
1953 1957 194 0.7154764420045464 2351 
1954 1957 181 0.14469015747393782 2284 
1955 1977 194 0.5815725305025774 2353 
1956 1977 176 0.8641993889021622 2207 
1957 1977 191 0.36306230249021115 2183 
1958 1977 178 0.5535830891511538 2216 
1959 1977 190 0.13249510578970716 2181 
1960 1977 175 0.8419456124267797 2193 
1961 1977 178 0.5881587614525938 2234 
1962 1977 194 0.2354352021401768 2293 
1963 1977 175 0.5520901746971193 2219 
1964 1977 181 0.5803593806683254 2252 
1965 1977 192 0.07454542900534983 2240 
1966 1977 187 0.4004612272985721 2233 
1967 1977 183 0.13025171932803614 2230 
1968 1977 174 0.14012068440718228 2240 
1969 1977 184 0.22843033317841685 2321 
1970 1977 187 0.09338264655958507 2371 
1971 1977 187 0.3009526727671557 2224 
1972 1977 190 0.011181463368683118 2220 
1973 1977 192 0.2507000582815945 2291 
1974 1977 192 0.36879820963078036 2198 
1975 1977 188 0.7572238978982847 2324 
1976 1977 185 0.20380292863552962 2234 
1977 1999 189 0.12476948283328673 2205 
1978 1999 192 0.8804332541267277 2285 
1979 1999 179 0.7275016831918922 2276 
1980 1999 193 0.7791266659895 2255 
1981 1999 177 0.7388159694329434 2197 
1982 1999 181 0.5698169562296684 2377 
1983 1999 179 0.2216882211100802 2251 
1984 1999 186 0.8663162504818338 2285 
1985 1999 178 0.6945164976160094 2324 
1986 1999 183 0.35995060659932304 2289 
1987 1999 183 0.7414367843526132 2339 
1988 1999 182 0.5762999278471181 2263 
1989 1999 192 0.34950008206481853 2367 
1990 1999 191 0.5323323231690769 2254 
1991 1999 188 0.5954311895855698 2351 
1992 1999 185 0.4521872898072461 2303 
1993 1999 190 0.3110940319991472 2271 
1994 1999 191 0.2202843770090042 2281 
1995 1999 192 0.6708723129863987 2214 
1996 1999 179 0.24330853534510843 2231 
1997 1999 181 0.19876534723188435 2184 
1998 1999 177 0.5585149309683023 2270 
1999 2000 183 0.7558056288547828 2351 
2000 0 179 0.8541503995453118 2278 
