1 18 122 0.15089626116577967 3064 
2 18 137 0.7139165282105776 3072 
3 18 123 0.2507078274201176 3102 
4 18 122 0.617791226038569 3154 
5 18 122 0.17967234987972025 3046 
6 18 123 0.20978578197590683 3004 
7 18 139 0.65412005747857 2969 
8 18 121 0.7827775096350289 2988 
9 18 139 0.7466180063965494 3019 
10 18 127 0.23919256748502324 2970 
11 18 135 0.4490164022926625 3143 
12 18 120 0.8813734646821302 3055 
13 18 129 0.5005547969012683 3043 
14 18 121 0.04224637960004248 2975 
15 18 127 0.24129483252634906 3082 
16 18 137 0.8024307120084851 3081 
17 18 132 0.0275879650189269 2993 
18 97 136 0.015597345943724153 3027 
19 97 122 0.560018193852988 3010 
20 97 137 0.8238101945159853 3119 
21 97 131 0.1802633057544132 2976 
22 97 127 0.4148990538721033 3033 
23 97 124 0.35714991458379697 2961 
24 97 135 0.061782405650883526 2996 
25 97 119 0.21138233751302746 3033 
26 97 134 0.17053422655445147 2976 
27 97 138 0.6520125942420509 3082 
28 97 139 0.142382960642968 3111 
29 97 138 0.4789179342574961 3104 
30 97 130 0.26782482268858737 3037 
31 97 138 0.756617969680241 3083 
32 97 127 0.7015924338626182 3055 
33 97 132 0.20048080660774242 2972 
34 97 120 0.8236311432472226 3014 
35 97 122 0.34652583326946584 3084 
36 97 125 0.4053014613086355 3020 
37 97 124 0.4280506813600722 3025 
38 97 121 0.649099083838283 3050 
39 97 132 0.5291624328354749 3097 
40 97 120 0.6893434768182829 3119 
41 97 124 0.1901658786802876 3148 
42 133 131 0.36439477776277773 3070 
43 133 130 0.6111771407752369 2976 
44 133 136 0.43563457424909174 3006 
45 133 133 0.6795782079623466 3028 
46 133 136 0.41302967913740973 2996 
47 133 127 0.3233106383952897 3068 
48 133 130 0.44393464656731907 3007 
49 133 138 0.760457379082624 3099 
50 133 125 0.2568183928709977 3146 
51 133 129 0.22384823140060445 3125 
52 133 123 0.14261686869483292 2991 
53 133 134 0.4325994106705667 3009 
54 133 130 0.7483847490809329 2999 
55 133 124 0.44237488886457044 2995 
56 133 127 0.34018204272479696 3115 
57 133 119 0.445593219533285 2965 
58 133 124 0.3836675918547994 3109 
59 133 131 0.7436626944697406 2998 
60 133 136 0.740633257759359 3110 
61 133 131 0.18849056762591979 3086 
62 133 132 0.5548947630025597 3117 
63 134 131 0.07332387186676617 2995 
64 134 133 0.0937849232801099 3099 
65 134 121 0.010266851808378715 3077 
66 134 136 0.06798811594831591 3061 
67 134 133 0.867262298307309 3034 
68 134 130 0.7405567811418358 3128 
69 134 120 0.8158517183259816 3086 
70 134 129 0.3617465536071961 3093 
71 134 128 0.6128009559800688 3147 
72 134 136 0.8017143366329892 2983 
73 134 128 0.8082734233563871 3114 
74 134 126 0.7859699229448399 2993 
75 134 130 0.8884449247676062 3020 
76 134 133 0.1580249500415051 2983 
77 134 122 0.8106418481102897 3067 
78 134 136 0.19940756677178026 3020 
79 134 119 0.28627930305691646 2972 
80 134 138 0.18751991774723756 3052 
81 155 132 0.058892125469508304 2998 
82 155 129 0.8956506644460782 3055 
83 155 122 0.4196540992276214 2963 
84 155 127 0.4254767384625184 3035 
85 155 125 0.38479973687989366 2975 
86 155 131 0.6662513132856284 3035 
87 155 119 0.31483784253089725 3012 
88 155 139 0.44037377243477405 3092 
89 155 131 0.3312843457245454 3054 
90 155 126 0.20228589460828206 3123 
91 155 133 0.38998981765933916 3055 
92 155 134 0.7966496967912732 3088 
93 155 137 0.4731185098981815 3034 
94 155 124 0.851328683170167 3138 
95 155 123 0.7017013466086575 3098 
96 155 137 0.3878448330851684 3149 
97 173 131 0.6028215980276785 3107 
98 173 129 0.5159837628599764 2981 
99 173 137 0.020722857094693153 2964 
100 173 125 0.820146639896485 3100 
101 173 128 0.5497303434798871 3098 
102 173 121 0.11876421535499795 3097 
103 173 127 0.8913931865578846 3090 
104 173 132 0.5934741723705198 3094 
105 173 138 0.15745267847411681 3095 
106 173 132 0.7250103203838576 3045 
107 173 119 0.06595986968332275 2962 
108 173 121 0.7458109984928295 3044 
109 173 120 0.06416164213158193 3153 
110 173 120 0.6314898701389403 3053 
111 173 132 0.38832657061023096 3080 
112 173 131 0.6513534760342327 3098 
113 211 120 0.6328288677246692 2992 
114 211 123 0.2523681692732035 3114 
115 211 128 0.7027676006575964 3040 
116 211 126 0.4147255138834616 3140 
117 211 138 0.8179829235089457 3017 
118 211 136 0.28014105711783094 3148 
119 211 137 0.5523669063299432 2957 
120 211 125 0.7128873244632299 3074 
121 211 134 0.0792436858852102 3043 
122 211 121 0.2416141060783922 3122 
123 211 138 0.5483952350082687 3135 
124 211 135 0.6601317591942671 3046 
125 211 128 0.10738991656183883 2968 
126 211 126 0.09234993896112159 3150 
127 211 131 0.1166105857795406 3015 
128 211 138 0.44307595613290196 3120 
129 211 124 0.534652330575689 3054 
130 211 119 0.36021387670353927 2957 
131 211 135 0.21248989689952885 3135 
132 211 120 0.17026925248975336 2991 
133 232 134 0.4210871891928559 3035 
134 232 133 0.734789702198898 3020 
135 232 119 0.6740337540271782 3083 
136 232 120 0.8528331104947041 3015 
137 232 126 0.207549979574497 3112 
138 232 129 0.36032853451717567 3094 
139 232 137 0.7237020511669452 2987 
140 232 131 0.850883958289421 3094 
141 232 119 0.656148101500906 3073 
142 232 129 0.6355156724981115 2973 
143 232 138 0.8490982561365846 3121 
144 232 139 0.12601326000529564 2981 
145 232 134 0.6796498139345026 3032 
146 232 136 0.07704563486817358 2967 
147 232 119 0.18766086144338673 3019 
148 232 122 0.5949658992869252 2997 
149 288 137 0.8968497632509752 3039 
150 288 134 0.731642713791829 3123 
151 288 131 0.24214855192141047 2982 
152 288 139 0.022284173786752348 3119 
153 288 135 0.49513622273546687 3046 
154 288 130 0.44484403901595904 3097 
155 288 129 0.14781493873453266 3148 
156 288 124 0.733320757639871 3048 
157 288 138 0.6331763603985431 3070 
158 288 137 0.49364042594017593 3140 
159 288 127 0.36798444537584435 3000 
160 288 138 0.11006643658147763 3005 
161 288 120 0.46590705623179396 3030 
162 288 128 0.40019160269006854 3007 
163 288 130 0.4582930631852518 2996 
164 288 133 0.6574731470981424 2994 
165 288 121 0.3050696959473416 3028 
166 288 123 0.7265842020563658 3135 
167 288 123 0.04404773891460886 2980 
168 288 133 0.4289026749010811 3121 
169 288 126 0.10842165347129074 3004 
170 288 119 0.47316363002865786 3036 
171 288 139 0.22420290853704766 3030 
172 303 138 0.8177624118192216 3016 
173 303 133 0.8895191296083936 2990 
174 303 131 0.2942086416328479 3048 
175 303 129 0.7387128921657647 3153 
176 303 139 0.17929055937450689 3087 
177 303 124 0.10275142876381156 3010 
178 303 133 0.17578767683306226 2955 
179 303 139 0.6007869758686121 3001 
180 303 136 0.8982794142443021 3078 
181 303 136 0.8990608509066677 3053 
182 303 132 0.7646035754425274 2971 
183 303 134 0.6679361243741112 3008 
184 303 120 0.7775476977908392 3012 
185 303 124 0.1722352394005496 3150 
186 303 129 0.8612037596816767 2993 
187 303 121 0.09269730612216293 3107 
188 303 126 0.10904880096354794 3018 
189 303 120 0.19932825800311332 2956 
190 303 131 0.473322265350873 2971 
191 303 134 0.7580191388066073 2983 
192 303 129 0.49216006138566104 3100 
193 303 121 0.516674929047473 3006 
194 304 121 0.32424222229144656 2978 
195 304 130 0.21576445610044695 3102 
196 304 135 0.20332123044210074 2967 
197 304 133 0.21582568735338173 3147 
198 304 136 0.3158218321441466 2960 
199 304 127 0.3390480505328835 3012 
200 304 127 0.22041284943587852 3043 
201 304 132 0.5774895831321982 2981 
202 304 127 0.4516213555854913 3058 
203 304 138 0.7163881239558338 3106 
204 304 136 0.8949382511991526 3112 
205 304 135 0.7220508919712648 3128 
206 304 139 0.8837770018261397 2985 
207 304 134 0.8792860323010483 2955 
208 304 123 0.6781479384707179 3004 
209 304 131 0.5527699881291603 3022 
210 304 130 0.11383247840510761 3074 
211 327 120 0.02481500416471908 3046 
212 327 133 0.8888809599452719 2968 
213 327 127 0.7285145055146927 3128 
214 327 137 0.21041267347339093 3144 
215 327 121 0.21857205328802384 3001 
216 327 135 0.8306975916720251 3124 
217 327 127 0.7882962123117885 3026 
218 327 134 0.18864298034308463 3043 
219 327 130 0.6734117711339336 3136 
220 327 128 0.6059524018486561 3097 
221 327 120 0.21615436275258323 3002 
222 327 121 0.7733177641649449 2963 
223 327 127 0.6110346338437592 2959 
224 327 135 0.6890271260169708 3068 
225 327 132 0.8033674814552801 3005 
226 327 135 0.4578695665180904 2995 
227 327 133 0.13729549429337154 3118 
228 327 126 0.13716111331626168 2988 
229 327 136 0.6477579722137021 3084 
230 327 134 0.6391977222556066 3028 
231 327 132 0.5107320444884396 3125 
232 370 124 0.27232117857893634 3089 
233 370 131 0.036452580810603125 3057 
234 370 126 0.6834115307951774 3003 
235 370 133 0.5958227983592259 3061 
236 370 124 0.1827269864528179 2976 
237 370 131 0.8387172447237646 2975 
238 370 130 0.5274842378934295 3139 
239 370 135 0.8029539747507828 3079 
240 370 130 0.8398284190108801 3042 
241 370 127 0.4466782567391473 3114 
242 370 126 0.793350255106991 2989 
243 370 132 0.39974932267490726 2996 
244 370 120 0.2413818598974106 3120 
245 370 132 0.02089521564895759 3037 
246 370 138 0.7041389495204647 3067 
247 370 136 0.03158369232700623 3064 
248 370 136 0.41278364973412773 3005 
249 370 139 0.6629820707827495 2999 
250 372 136 0.39374027553990576 3123 
251 372 125 0.8965358172766117 3142 
252 372 127 0.2248356380522661 3004 
253 372 124 0.8550148053344251 3086 
254 372 121 0.014009054144328164 3084 
255 372 123 0.7803089059035353 2985 
256 372 128 0.8151854575609246 3029 
257 372 139 0.6405038344390228 3080 
258 372 136 0.7204037134992713 3020 
259 372 122 0.47005872436238266 3031 
260 372 125 0.08020979576939397 3107 
261 372 125 0.14149880057326286 3104 
262 372 126 0.7184183838368609 3016 
263 372 127 0.0762756512206823 2976 
264 372 131 0.689875697932174 2996 
265 372 139 0.8743199076066744 3065 
266 372 131 0.5954086023543647 3000 
267 372 128 0.3971556281450562 3118 
268 373 138 0.6196419987942767 3054 
269 373 137 0.5127280815287136 2973 
270 373 124 0.82464521668853 2990 
271 373 121 0.43966978008081953 3118 
272 373 122 0.1306299841747392 3139 
273 373 130 0.2925932111606608 2977 
274 373 134 0.5569580684392517 3083 
275 373 119 0.7167441728046723 2996 
276 373 135 0.845207188870629 2956 
277 373 124 0.8958927725187369 2967 
278 373 137 0.8082061145175975 3060 
279 373 129 0.24294351147343066 3090 
280 373 121 0.189126409162753 3073 
281 373 123 0.1149859454592109 3015 
282 373 132 0.35704255175206207 3025 
283 373 134 0.25301666669711875 3078 
284 373 128 0.891137565390908 3146 
285 373 139 0.3475497596990875 2962 
286 387 128 0.43766656423631334 2975 
287 387 124 0.34074664311463454 3128 
288 387 126 0.3712369310083377 3100 
289 387 127 0.8967691686782302 3110 
290 387 121 0.7380812405444206 3086 
291 387 139 0.5912822642324264 2987 
292 387 119 0.3273471148196903 3083 
293 387 131 0.7963325048212081 3049 
294 387 120 0.3760150876683014 3147 
295 387 126 0.823920293337075 2967 
296 387 138 0.1686118586341707 3017 
297 387 133 0.16774309211388308 3029 
298 387 129 0.5215103370653269 3118 
299 387 125 0.48247642343185243 3121 
300 387 133 0.12733839315312268 2981 
301 387 133 0.4090612437537719 3010 
302 387 132 0.3322399925554318 3060 
303 409 120 0.4868323351100755 3047 
304 409 136 0.28229763061421376 3042 
305 409 120 0.6002402496950349 3123 
306 409 138 0.4671870152269637 2992 
307 409 128 0.0459607625974894 2986 
308 409 129 0.6262318160312671 3061 
309 409 122 0.4926315511156403 3118 
310 409 138 0.5537070420088042 3060 
311 409 127 0.649669721554589 3035 
312 409 124 0.6430456050701868 3065 
313 409 128 0.49494633874790617 3140 
314 409 131 0.5074569096080184 3150 
315 409 135 0.1495669315301991 3050 
316 409 139 0.7134003907228774 3009 
317 409 134 0.3550049142242236 2973 
318 409 128 0.31244840722931394 2989 
319 409 139 0.6901356359860047 3042 
320 409 132 0.687797947129928 3042 
321 409 122 0.20276851732896245 3128 
322 409 135 0.3648857243841696 3094 
323 409 134 0.13099699975770845 2991 
324 409 124 0.27147835912172746 3130 
325 409 130 0.21650946956258563 3138 
326 409 124 0.6178476219390563 3039 
327 428 127 0.3809016679288447 3024 
328 428 133 0.49379329746456097 3117 
329 428 133 0.7022220939956463 3037 
330 428 132 0.7835559623311991 3038 
331 428 126 0.7439211010396906 3137 
332 428 123 0.5341721207489156 3082 
333 428 121 0.10084154798048552 3128 
334 428 122 0.2763367804942164 3092 
335 428 121 0.6261684832123979 3099 
336 428 124 0.479363020693547 2972 
337 428 129 0.4404719147699619 3143 
338 428 120 0.32506267217135204 2982 
339 428 128 0.7202360284242477 3151 
340 428 135 0.12503535968420368 3041 
341 428 126 0.567521618498446 2981 
342 428 119 0.31099162396466346 3145 
343 428 136 0.2483964008350885 3099 
344 428 133 0.28991992079044665 2999 
345 445 119 0.7605470102091978 3036 
346 445 123 0.0424355866189392 2999 
347 445 126 0.8120041163219969 2993 
348 445 133 0.7464067534215868 2991 
349 445 125 0.706383293648074 3090 
350 445 123 0.16282806259472138 3096 
351 445 127 0.5012646190323966 2963 
352 445 136 0.6326706171724764 3044 
353 445 133 0.3958588129241021 2987 
354 445 120 0.4829259805484738 2967 
355 445 127 0.4836207767266238 3032 
356 445 127 0.27860522344641325 3011 
357 445 134 0.8793341551276933 3126 
358 445 127 0.5153089556162097 3097 
359 445 123 0.632664817590501 3060 
360 445 129 0.04078948806047169 3084 
361 445 130 0.12003736716074281 2969 
362 445 137 0.8078014676664349 3020 
363 445 135 0.022307600154177654 3004 
364 445 134 0.5209533425856097 3154 
365 445 123 0.15285901333966848 3137 
366 445 135 0.8952033303689951 3055 
367 445 127 0.20216380231610892 3039 
368 467 130 0.676897946446464 3077 
369 467 122 0.7284154041287989 3111 
370 467 138 0.3576052879671604 2986 
371 467 121 0.5294192096872679 3029 
372 467 133 0.46725120291972155 3138 
373 467 123 0.09889125259499695 3016 
374 467 129 0.7129103467862319 3059 
375 467 125 0.4453702852344274 3114 
376 467 126 0.30518196434290107 3140 
377 467 122 0.4419487259380955 3045 
378 467 129 0.2785466265825653 3150 
379 467 133 0.634006985333241 3089 
380 467 126 0.22353407032657632 3148 
381 467 133 0.33186933688846054 3084 
382 467 136 0.7671989559652357 2988 
383 467 133 0.8659417084496673 3155 
384 467 123 0.47290375236388205 3037 
385 467 136 0.8955667610276834 3010 
386 508 137 0.8631284989112784 3018 
387 508 129 0.6436856440790029 3013 
388 508 126 0.6113276286515674 3120 
389 508 126 0.23100522881465052 3147 
390 508 120 0.2723949435253771 3155 
391 508 125 0.16544469449842408 2995 
392 508 122 0.641219432731008 3083 
393 508 127 0.4783824814321058 2997 
394 508 130 0.7040153086211184 3012 
395 508 132 0.6703519274845692 3015 
396 508 121 0.2981418373024714 3075 
397 508 137 0.6518838928468177 3071 
398 508 134 0.668129203900637 2995 
399 508 121 0.8640158911720933 3113 
400 508 138 0.18820077796098836 2976 
401 508 124 0.400948071736545 3009 
402 508 124 0.09515319883830263 3034 
403 508 119 0.2878021998219101 2957 
404 508 131 0.7048656989814559 3023 
405 508 126 0.4871761291755814 3050 
406 508 139 0.37443229679957307 3026 
407 508 132 0.2845319660957596 3111 
408 508 134 0.7108190739653248 3149 
409 509 126 0.41903970142399266 3052 
410 509 119 0.8442006999608436 2958 
411 509 137 0.5191748719276864 3079 
412 509 128 0.11834632494500831 3052 
413 509 136 0.16863072804804008 3063 
414 509 132 0.39599291707512213 3138 
415 509 132 0.2575607669156091 2957 
416 509 121 0.3481028776413274 3130 
417 509 124 0.7438964969183368 3098 
418 509 133 0.3442536072820251 3128 
419 509 123 0.43650077155530853 3117 
420 509 124 0.8119386521991713 2972 
421 509 123 0.15214530876142077 3103 
422 509 128 0.7820806931574908 3148 
423 509 139 0.5634785380625844 2981 
424 509 137 0.39436701289184656 3099 
425 509 119 0.3335839771137714 3095 
426 509 121 0.7084212442091776 3037 
427 509 138 0.5869266173584915 2959 
428 560 122 0.6189385721270834 3019 
429 560 139 0.1885991481925148 3026 
430 560 123 0.6856421919194519 3039 
431 560 137 0.21302615661815452 3007 
432 560 119 0.5135957763978238 3029 
433 560 136 0.08499794784781986 2972 
434 560 120 0.1163432953809023 3127 
435 560 123 0.8359351520091586 2964 
436 560 127 0.23281538954650297 3096 
437 560 134 0.35781024522861277 2975 
438 560 122 0.3730509541621965 3056 
439 560 127 0.8238564985565268 3028 
440 560 119 0.7342406757971147 3116 
441 560 131 0.34316592585677197 3079 
442 560 123 0.02572164709460266 3125 
443 560 124 0.03171021123920748 3051 
444 562 128 0.23482895916605634 2963 
445 562 129 0.7335155849330558 3078 
446 562 131 0.6982789664805352 2981 
447 562 126 0.41433092608886807 3072 
448 562 134 0.15492299833912093 3108 
449 562 135 0.4166441879329831 3055 
450 562 131 0.799447828466044 2990 
451 562 125 0.24551322500173833 3111 
452 562 125 0.051501020742603376 2964 
453 562 135 0.03971149296386486 3064 
454 562 120 0.6586368543831654 3050 
455 562 138 0.36555120863670826 3009 
456 562 126 0.46398996349483146 3121 
457 562 138 0.7934232526280842 3126 
458 562 122 0.834721285187746 3028 
459 562 138 0.2172287980272711 3005 
460 562 127 0.8758196892169718 3054 
461 562 123 0.025310118086937193 3113 
462 562 124 0.25027513732728307 3013 
463 562 128 0.13171045325270975 3014 
464 562 137 0.4429944837636723 3069 
465 562 130 0.2691490478525948 3039 
466 562 128 0.4935735941342358 2998 
467 599 139 0.8644557108966151 2959 
468 599 138 0.7741206725588026 3007 
469 599 138 0.18857354302915894 3136 
470 599 134 0.036548820411683045 3050 
471 599 123 0.15784162076577612 2996 
472 599 124 0.5037792958392423 3044 
473 599 136 0.5816474738160459 3055 
474 599 133 0.38330221582697166 3028 
475 599 130 0.8619988194371534 3114 
476 599 134 0.3734728023252285 3032 
477 599 126 0.4425484483086813 3117 
478 599 121 0.5025683503787385 3105 
479 599 136 0.7835150893481776 3083 
480 599 129 0.08950514519197261 2982 
481 599 136 0.6124299565069851 3055 
482 599 131 0.38576612830711776 3024 
483 599 131 0.3529073914710074 3086 
484 599 136 0.8605793117418348 2964 
485 599 130 0.26313935640994607 3060 
486 599 126 0.1540606698535135 2956 
487 601 123 0.5844073201776274 2981 
488 601 127 0.24299454508666657 3012 
489 601 130 0.6905004935890449 3078 
490 601 139 0.14168549358002272 2979 
491 601 125 0.1373444753547078 2976 
492 601 121 0.44926068717883844 2973 
493 601 130 0.8830184502223865 3033 
494 601 123 0.09063561795083074 3126 
495 601 125 0.7688350996477895 3124 
496 601 126 0.6034050763203944 3075 
497 601 127 0.5667336125315198 3051 
498 601 123 0.8024913869551011 2986 
499 601 135 0.5742946810871641 2982 
500 601 121 0.24871933874919797 3074 
501 601 133 0.42846576472136005 3096 
502 601 138 0.6863666832791325 3049 
503 601 137 0.2764085232657656 2999 
504 601 131 0.32887451683572316 2981 
505 601 137 0.35097563254500824 3138 
506 601 120 0.07234142674385512 3148 
507 601 127 0.48282390101106976 3117 
508 618 123 0.5708031671970759 3080 
509 618 131 0.413148020859668 3135 
510 618 130 0.8579928995145785 3137 
511 618 123 0.8109992713499122 3143 
512 618 133 0.26305366528747065 3080 
513 618 124 0.23880100572716648 3009 
514 618 129 0.6443263163831522 3131 
515 618 134 0.7185700855634849 3027 
516 618 136 0.685681479682054 3015 
517 618 137 0.3287152693758096 3036 
518 618 125 0.40340528906067225 3043 
519 618 123 0.2968032317628427 3115 
520 618 129 0.340150304118241 3052 
521 618 129 0.11967569611185631 3084 
522 618 139 0.43709768978687263 3033 
523 618 128 0.5189815024420642 3001 
524 619 136 0.28700412343339565 3016 
525 619 132 0.37746027505323004 3051 
526 619 131 0.1714486855574754 3053 
527 619 122 0.19353161004518418 2958 
528 619 133 0.5933636895636607 2973 
529 619 131 0.24940014536137434 2973 
530 619 131 0.6408889520655181 3086 
531 619 127 0.1495912048998551 3130 
532 619 128 0.49992862330111865 3057 
533 619 137 0.7515505083906407 3134 
534 619 136 0.1636637093996395 2972 
535 619 124 0.8689503581826958 3072 
536 619 120 0.6573870549932046 3045 
537 619 123 0.5178206438781856 2988 
538 619 129 0.3090426419099702 3098 
539 619 121 0.03208274143576674 2986 
540 619 119 0.3136097860087976 3119 
541 619 131 0.8840104061845078 3067 
542 620 120 0.6816776632267334 2957 
543 620 136 0.4064533781582995 3155 
544 620 128 0.23462406988885273 2962 
545 620 129 0.2658323420243111 3026 
546 620 130 0.8038222522600459 3095 
547 620 119 0.34976941468099265 2989 
548 620 125 0.03523554026988186 3110 
549 620 123 0.21905374919451764 3012 
550 620 138 0.13054426402592073 3148 
551 620 135 0.16076553139893812 2987 
552 620 119 0.8857364537939908 3135 
553 620 131 0.7501253246216137 3112 
554 620 123 0.07494283164750486 3109 
555 620 121 0.5028002316849198 3119 
556 620 121 0.41711644814782706 2970 
557 620 125 0.5003630056948404 3123 
558 620 136 0.7809209012711095 2962 
559 620 133 0.449395375016387 3031 
560 637 122 0.6671021194278088 3098 
561 637 128 0.1875242958225909 3130 
562 637 136 0.09605443452378169 3143 
563 637 123 0.5334862273075867 3018 
564 637 126 0.33799041024752513 3017 
565 637 121 0.4733985419149846 3008 
566 637 130 0.5305655169712256 3085 
567 637 128 0.4964061429723531 3028 
568 637 125 0.039452192636610976 3106 
569 637 121 0.04517819237926682 3137 
570 637 122 0.2841593425643189 3070 
571 637 120 0.8257894520568354 3017 
572 637 132 0.5239735051073464 3123 
573 637 128 0.5386846478837671 3008 
574 637 128 0.8100610919808371 3017 
575 637 139 0.608542271182494 3076 
576 637 122 0.09813171599305674 3143 
577 638 127 0.725819673656189 3142 
578 638 131 0.0898521100135748 2997 
579 638 122 0.8131053100890965 3125 
580 638 134 0.7172039225169327 3013 
581 638 128 0.12269096797482182 3061 
582 638 123 0.3546638501682678 3039 
583 638 129 0.7462752771273807 3155 
584 638 134 0.8456463981549108 2963 
585 638 129 0.4962448838175915 2989 
586 638 132 0.6270337605406019 3013 
587 638 132 0.8556906419929928 3145 
588 638 135 0.8179305877293483 3044 
589 638 123 0.23136297835788877 3098 
590 638 119 0.20436313506791115 3080 
591 638 129 0.563399574881597 3031 
592 638 126 0.2005191612425262 3045 
593 638 130 0.5636168872115176 3017 
594 638 120 0.6504837051186929 3109 
595 638 124 0.4074926288575504 3017 
596 638 125 0.06808135206546526 2987 
597 638 135 0.27069753247904926 3108 
598 638 138 0.7121226363054459 2969 
599 680 137 0.056069661887371926 3149 
600 680 119 0.02085934683746072 3023 
601 680 119 0.02481968681002574 2987 
602 680 119 0.3670937066119943 2992 
603 680 129 0.24192261302991294 3030 
604 680 120 0.48756610399327577 3059 
605 680 138 0.24555511229491525 3048 
606 680 136 0.22336744845094453 3105 
607 680 136 0.4413369310098361 3117 
608 680 128 0.3832129402031182 3062 
609 680 120 0.3591286995710544 3102 
610 680 134 0.3198412738597766 3087 
611 680 132 0.3187070898397503 3134 
612 680 137 0.4445893814751573 3131 
613 680 135 0.7479958482803155 3083 
614 680 135 0.8334851048943738 3076 
615 680 135 0.718973562937045 2955 
616 680 136 0.18196974701936655 3047 
617 680 134 0.8675891382928581 3035 
618 696 136 0.6748624778839973 3042 
619 696 130 0.5203800479908559 3069 
620 696 120 0.24705206498814997 3069 
621 696 132 0.7817686913934482 3017 
622 696 133 0.6432847293889482 3135 
623 696 122 0.4974778568731834 3108 
624 696 125 0.07277041651117223 3045 
625 696 139 0.7807946997110049 3082 
626 696 127 0.26756906800762836 3124 
627 696 127 0.5519253486474092 3130 
628 696 121 0.17688627587304298 3143 
629 696 129 0.11593161540076938 3075 
630 696 119 0.7806668791050136 3087 
631 696 138 0.019214843485880453 3004 
632 696 122 0.7335471042408326 3116 
633 696 128 0.6399208521893647 3003 
634 696 131 0.06970447287041254 2972 
635 696 121 0.6641710131406214 3004 
636 696 128 0.3417227630511462 3035 
637 712 124 0.38984995803553396 2995 
638 712 137 0.7926778698848647 3118 
639 712 129 0.6665657804414755 3108 
640 712 126 0.719143389942416 3000 
641 712 135 0.38727615231299284 3115 
642 712 133 0.8419595596800088 2984 
643 712 123 0.08621776517798775 3006 
644 712 127 0.5930688399021848 3003 
645 712 132 0.2968932047744508 2994 
646 712 138 0.027403179347231757 3098 
647 712 130 0.32253514732503635 2977 
648 712 134 0.4807897918870669 3068 
649 712 139 0.8441492978815553 3051 
650 712 119 0.2502595054616007 3001 
651 712 137 0.8283203997517896 2976 
652 712 137 0.7884091462417884 3116 
653 712 139 0.2845695192394825 3001 
654 712 128 0.8914052909228246 3019 
655 712 124 0.8858580204571198 3038 
656 712 134 0.5081944467528426 3107 
657 712 125 0.35891276819714135 3086 
658 712 119 0.7611329736068857 3109 
659 712 138 0.5542944246897481 3078 
660 714 135 0.23469227736037857 2985 
661 714 134 0.10172037018506312 3010 
662 714 119 0.5055586752143856 3064 
663 714 124 0.6161788738279032 3039 
664 714 136 0.6310881272861872 3122 
665 714 135 0.8435702849861381 3009 
666 714 133 0.06728205049405393 3034 
667 714 138 0.4644071953047455 3118 
668 714 123 0.30836431248170654 3010 
669 714 120 0.8043021091841213 2965 
670 714 137 0.3129356709370762 2975 
671 714 131 0.0570695543093657 2965 
672 714 136 0.5053558463720365 3029 
673 714 124 0.8938186067216722 3093 
674 714 120 0.8266587190763741 3054 
675 714 131 0.45558987849271415 3030 
676 714 132 0.49728271105348715 2979 
677 714 129 0.4799883275448822 3122 
678 714 119 0.5253465204766818 3111 
679 714 131 0.13177230347675492 3057 
680 777 133 0.6436630096265654 3034 
681 777 122 0.5419398700346947 2971 
682 777 127 0.6715553992451119 2998 
683 777 123 0.6635347353820111 2979 
684 777 134 0.8347534719094521 3121 
685 777 128 0.8073405385059561 3035 
686 777 120 0.5343808781623077 3023 
687 777 129 0.8172581686455332 2984 
688 777 131 0.5924750466109748 3078 
689 777 138 0.34362116595475317 3076 
690 777 127 0.7343401459002753 3144 
691 777 136 0.8373702901326009 3043 
692 777 133 0.12449628058752625 3076 
693 777 133 0.8818607006657542 3099 
694 777 135 0.42529313252886114 3140 
695 777 126 0.024806241639234027 3135 
696 778 138 0.5067375091787526 3072 
697 778 126 0.1804089549696549 3114 
698 778 120 0.8335883746459146 3087 
699 778 121 0.8071864500120014 3006 
700 778 132 0.37598010145613875 2994 
701 778 139 0.653474483497263 3100 
702 778 136 0.7487353142578721 3105 
703 778 134 0.1482924468283593 3066 
704 778 127 0.4202493356986021 3059 
705 778 138 0.8903338531947664 3101 
706 778 139 0.2697553248540317 3039 
707 778 138 0.4068789913789314 3012 
708 778 120 0.3492132234139915 2958 
709 778 136 0.1519342927936493 2970 
710 778 125 0.7222490047897212 3021 
711 778 126 0.344989975363928 3133 
712 794 123 0.4601431929126808 2968 
713 794 136 0.5868449323573519 2988 
714 794 122 0.803497805946265 3003 
715 794 125 0.2363406383280885 3063 
716 794 127 0.18243179981141672 3117 
717 794 124 0.6563735284159402 3038 
718 794 122 0.2220806638706725 3046 
719 794 137 0.1702609651887854 2968 
720 794 129 0.790913331308679 2997 
721 794 124 0.3756195329196822 3136 
722 794 134 0.6335569160150113 2991 
723 794 121 0.8935795461723092 2992 
724 794 139 0.2765055192411838 2983 
725 794 138 0.8090388565363266 2955 
726 794 125 0.6690321609444779 3026 
727 794 136 0.11397174858900382 3045 
728 794 134 0.6974205453372072 3029 
729 794 125 0.2608055948295011 3016 
730 794 133 0.3030669430376863 3009 
731 794 131 0.18629634303668655 3026 
732 794 134 0.08484021554883821 2980 
733 794 137 0.705343888944341 2966 
734 794 129 0.6317660199083615 3023 
735 794 119 0.3405161596371111 3123 
736 796 124 0.3176268975187744 3099 
737 796 123 0.3995066466703538 3082 
738 796 125 0.4163767480374078 3128 
739 796 135 0.31706443191688477 3089 
740 796 124 0.41763308555261475 3059 
741 796 130 0.023851868336895687 3029 
742 796 130 0.022940576376196013 3138 
743 796 127 0.06902994067867566 3123 
744 796 123 0.6018172922880017 3123 
745 796 124 0.4019745600659943 3035 
746 796 136 0.22679896079085404 2966 
747 796 135 0.6735540771891434 2966 
748 796 122 0.5729460217741108 3021 
749 796 129 0.05667234289727264 3155 
750 796 137 0.6706810646486248 3031 
751 796 119 0.7910959157915027 3113 
752 796 124 0.6045210871211133 3058 
753 796 126 0.40557415129413926 3104 
754 796 135 0.6780729829584833 2991 
755 796 126 0.8724481826563819 3028 
756 796 134 0.7240548605607335 2955 
757 796 137 0.6986250226365031 3151 
758 799 126 0.8933838914326949 3036 
759 799 136 0.6672918772230256 2981 
760 799 124 0.6747012419580964 3002 
761 799 125 0.01060794068186304 3074 
762 799 125 0.588295068418901 3046 
763 799 127 0.10920169126826573 3107 
764 799 120 0.7571332359894136 3022 
765 799 119 0.2364076039904306 3093 
766 799 121 0.04919111070956978 2968 
767 799 130 0.5478774704935807 3068 
768 799 139 0.8876854511980701 3139 
769 799 128 0.8220782368079408 3114 
770 799 130 0.3456211806109877 3135 
771 799 135 0.5730740959877727 3116 
772 799 121 0.5648854510829101 3084 
773 799 121 0.7796081335934705 3094 
774 799 134 0.8023705135262362 3038 
775 799 124 0.10810642570951973 2986 
776 799 123 0.7406390664057585 2972 
777 812 132 0.41664752382973896 2986 
778 812 137 0.5038536619956807 2987 
779 812 123 0.02303977819240418 3123 
780 812 138 0.5354783077100763 3091 
781 812 127 0.26881561882023153 2978 
782 812 139 0.8703592125256726 3101 
783 812 125 0.6193099086186795 3073 
784 812 136 0.03828433978745776 2999 
785 812 129 0.34239938474533743 3099 
786 812 125 0.8992285231263489 2971 
787 812 125 0.6418590041053139 3017 
788 812 123 0.3244981214062157 3154 
789 812 139 0.379196986181896 2962 
790 812 122 0.6201323464495502 3091 
791 812 129 0.7206704060922781 3103 
792 812 128 0.19964437476710173 3120 
793 812 121 0.18149236014998374 3055 
794 848 119 0.682318145140802 3042 
795 848 132 0.8908232260106411 3088 
796 848 128 0.0637248162473294 3140 
797 848 134 0.8758417837346818 3118 
798 848 128 0.7753971106233944 3024 
799 848 131 0.2110877398928798 3065 
800 848 139 0.41823661079894625 3001 
801 848 127 0.30829301960022976 3012 
802 848 123 0.3634901567716681 3049 
803 848 128 0.7509001824367155 2998 
804 848 132 0.8004939017859325 2955 
805 848 125 0.24503211867731597 3024 
806 848 130 0.3833159706851573 3079 
807 848 136 0.5835401857262107 3132 
808 848 137 0.0191668581767817 3101 
809 848 131 0.17445093738804487 3029 
810 848 133 0.46360137500120574 3153 
811 848 125 0.34710548490443094 3147 
812 870 126 0.34832787689486194 2978 
813 870 127 0.021926718980055597 3079 
814 870 131 0.37320528646371726 2985 
815 870 136 0.30402237942766186 3013 
816 870 134 0.5995066716831056 3080 
817 870 125 0.6704877054842717 3060 
818 870 125 0.5711766558575353 3045 
819 870 129 0.378739778898577 3036 
820 870 119 0.21336100109413872 3085 
821 870 122 0.05210320942981479 3029 
822 870 134 0.8357975803880505 2982 
823 870 137 0.5655406394634692 3016 
824 870 136 0.35375491724255603 2978 
825 870 119 0.5634899385774742 3089 
826 870 121 0.6487345778018526 3005 
827 870 127 0.3189740802487863 3135 
828 870 125 0.45904788739739294 3080 
829 889 133 0.28421367096912764 2990 
830 889 126 0.2649974562989419 3129 
831 889 127 0.03370250465770785 2982 
832 889 126 0.367190450050495 2955 
833 889 121 0.06397219780008508 3141 
834 889 133 0.5215266737310323 2991 
835 889 136 0.25062137340524526 3034 
836 889 137 0.2607242978330975 3145 
837 889 123 0.10846025782695871 3000 
838 889 128 0.16874732552493296 3128 
839 889 136 0.3631453342101602 3025 
840 889 132 0.8998336606997313 2999 
841 889 122 0.04823582749916143 3111 
842 889 128 0.6762627748462551 3125 
843 889 136 0.8664982234456048 2979 
844 889 126 0.6259354163789197 2997 
845 889 120 0.1960623633849626 3022 
846 889 134 0.5300815378074737 3083 
847 889 119 0.7039848600295042 2993 
848 909 139 0.5334041603732089 3115 
849 909 132 0.3923720484339924 2957 
850 909 130 0.7687384542666009 3147 
851 909 135 0.29316147415856464 3019 
852 909 136 0.5702537527415594 3085 
853 909 120 0.4316060172539516 2965 
854 909 136 0.18562257841064073 3130 
855 909 119 0.7305403635790231 3106 
856 909 123 0.24720733346742596 3088 
857 909 132 0.19469975613676854 3015 
858 909 135 0.0800349678567831 3041 
859 909 120 0.6203009725806273 2994 
860 909 136 0.41620065668446293 3110 
861 909 122 0.3304629703702134 3098 
862 909 121 0.25099389656997434 3084 
863 909 139 0.246817837624093 3056 
864 909 125 0.3211893108517944 3029 
865 909 120 0.4098363801389722 2993 
866 909 126 0.2856084001825054 3063 
867 909 139 0.48684781314650555 3036 
868 909 125 0.3264580154130229 2994 
869 909 121 0.8075082922203506 3057 
870 932 131 0.1602144358394548 3044 
871 932 138 0.32128395512725055 3149 
872 932 133 0.45055225122075043 3129 
873 932 133 0.4672094406340924 3082 
874 932 129 0.3710378510029452 3034 
875 932 130 0.20977948835976626 2978 
876 932 133 0.6283020753746592 3070 
877 932 137 0.3912081363520016 3035 
878 932 120 0.10163884947672573 3148 
879 932 124 0.545119243645194 2961 
880 932 122 0.7286844394105426 3057 
881 932 133 0.1658671355332651 3122 
882 932 134 0.47331704153818605 3114 
883 932 135 0.3396741687724357 3151 
884 932 134 0.34195037903893255 3090 
885 932 126 0.5421754123821702 2971 
886 932 137 0.39223071105753654 3029 
887 932 125 0.2122802289939652 3122 
888 932 133 0.12686226188691097 3143 
889 933 122 0.7719348034143947 3000 
890 933 123 0.28240834179151997 2966 
891 933 135 0.6897722010890243 2977 
892 933 139 0.4836197086400863 3032 
893 933 137 0.8637349402041904 3059 
894 933 139 0.4826278849225223 3026 
895 933 128 0.7440450817582862 2988 
896 933 137 0.8883794982715689 3079 
897 933 129 0.8885225549738124 3009 
898 933 130 0.6744434717486035 3033 
899 933 134 0.5293453936163647 3030 
900 933 133 0.3869117041969151 3068 
901 933 123 0.4763516178340604 2993 
902 933 129 0.04876437208772749 3137 
903 933 119 0.8628190122421242 3007 
904 933 133 0.22679459583782455 3150 
905 933 126 0.8719213301886041 3048 
906 933 124 0.6881711708078988 3008 
907 933 136 0.3694964417497771 2994 
908 933 136 0.6545500904913264 2992 
909 948 137 0.17279488259937373 2971 
910 948 122 0.8499101096953555 3103 
911 948 126 0.7304524572587692 3036 
912 948 125 0.4556359778651282 3013 
913 948 130 0.6909946505735173 3005 
914 948 125 0.029334284560263046 3128 
915 948 136 0.8679333678555555 3016 
916 948 121 0.8630247635191519 3041 
917 948 127 0.6292253071550314 3053 
918 948 136 0.24826840973605327 3077 
919 948 138 0.6975836840767407 2972 
920 948 134 0.35874489754158284 3113 
921 948 124 0.26794653079621483 3114 
922 948 136 0.8732971841028196 2956 
923 948 126 0.03210072801479892 3075 
924 948 123 0.7456075175083179 3020 
925 948 139 0.7212663276256118 3083 
926 948 123 0.09080470064426382 2958 
927 948 135 0.12533988084147543 3043 
928 948 127 0.8441315251484425 2994 
929 948 127 0.2465953114943528 3129 
930 948 130 0.8472276387221197 3087 
931 948 120 0.606401129488248 3013 
932 987 132 0.685378211706612 3134 
933 987 131 0.7606227783595592 3049 
934 987 126 0.8721151920982465 3124 
935 987 131 0.8366621172283055 3081 
936 987 120 0.06930987915062826 3077 
937 987 120 0.05375496906552934 3139 
938 987 129 0.03696154143876602 3084 
939 987 128 0.16512918547460204 3131 
940 987 126 0.5211003239108435 3064 
941 987 127 0.13930164927153504 3106 
942 987 126 0.7932597132198571 3027 
943 987 136 0.07093881101545646 3043 
944 987 136 0.31385227599842563 2993 
945 987 133 0.395291453498338 3130 
946 987 121 0.14045710427954208 3118 
947 987 127 0.8519090601717042 3094 
948 1029 124 0.4756405800664034 3001 
949 1029 120 0.26397745530940264 3134 
950 1029 139 0.5444184608017691 3123 
951 1029 134 0.3565949410135529 2991 
952 1029 122 0.7047416915817217 3051 
953 1029 133 0.2027818538766991 2985 
954 1029 121 0.1734892351207909 3107 
955 1029 133 0.280403918969051 3064 
956 1029 130 0.2892674727931342 3016 
957 1029 136 0.2094373918433465 2979 
958 1029 137 0.5649080544321885 3029 
959 1029 124 0.8540867212087352 3139 
960 1029 133 0.2821633166853304 3152 
961 1029 137 0.8220402947470591 2983 
962 1029 133 0.6876043184512912 2996 
963 1029 127 0.6028513722640783 3076 
964 1029 120 0.733376279408755 3036 
965 1061 133 0.21014827680084583 3023 
966 1061 124 0.5905198543186623 2974 
967 1061 122 0.7608227163471037 3135 
968 1061 121 0.6755333406754822 3133 
969 1061 132 0.6373421233380644 3102 
970 1061 125 0.7273507075108139 3008 
971 1061 120 0.7676028548524456 3052 
972 1061 139 0.6775766899693801 3108 
973 1061 128 0.8316702833988815 3115 
974 1061 124 0.7096306818552894 3044 
975 1061 130 0.3151969307006359 3110 
976 1061 129 0.3255355336595302 3032 
977 1061 122 0.18033487192704664 2991 
978 1061 135 0.35063143022353405 3068 
979 1061 126 0.4376551546597877 2992 
980 1061 136 0.19988954076831592 3122 
981 1061 132 0.06039157909487829 3101 
982 1061 130 0.4108235330168586 3070 
983 1061 137 0.19837915817429302 3043 
984 1061 122 0.7133787373919158 3024 
985 1061 137 0.5507524302805056 3085 
986 1061 133 0.25361032065033473 3107 
987 1197 136 0.8420453846923457 3136 
988 1197 135 0.3782011041464394 3060 
989 1197 129 0.8265044615393428 2971 
990 1197 124 0.15949296758804407 3108 
991 1197 134 0.48336310742391336 3104 
992 1197 132 0.5507036437523685 3060 
993 1197 119 0.8138737707963892 3119 
994 1197 120 0.514631466795073 3119 
995 1197 134 0.8848308739382102 3104 
996 1197 134 0.5336458148110104 3039 
997 1197 125 0.264387886620907 3116 
998 1197 123 0.3744849672473501 2956 
999 1197 124 0.7673810809956111 3082 
1000 1197 126 0.20641723583978727 3041 
1001 1197 134 0.20741990529773238 3104 
1002 1197 135 0.7551439695664095 3013 
1003 1197 121 0.10995920371506598 3037 
1004 1197 135 0.7967232293228597 3108 
1005 1197 130 0.701124205788095 3050 
1006 1198 130 0.14280356130221927 3142 
1007 1198 126 0.7273469802345296 3070 
1008 1198 124 0.040266007348331107 3112 
1009 1198 127 0.6148788252902307 3060 
1010 1198 122 0.2498846641374419 2956 
1011 1198 120 0.6665206764138946 3050 
1012 1198 124 0.254525636583662 2996 
1013 1198 126 0.5917206302607517 3119 
1014 1198 133 0.19974116655195862 3077 
1015 1198 125 0.4285974645854748 2986 
1016 1198 121 0.5173637569700648 3009 
1017 1198 120 0.7508439235998655 3035 
1018 1198 122 0.7332567941060465 3065 
1019 1198 131 0.21560167334208843 2982 
1020 1198 124 0.5550932347897122 2978 
1021 1198 128 0.45825412512503555 3145 
1022 1198 132 0.8730621976482014 2979 
1023 1198 139 0.10027706874319015 3018 
1024 1198 130 0.5245897556773238 3006 
1025 1198 121 0.21019444193105336 3024 
1026 1198 134 0.8898663020500875 3026 
1027 1198 123 0.35285417119041157 3135 
1028 1198 139 0.42167482877464385 3029 
1029 1218 133 0.5478951621241459 3039 
1030 1218 121 0.15936077347028973 3116 
1031 1218 137 0.873434854906866 3022 
1032 1218 123 0.5502050755318785 3099 
1033 1218 138 0.4675906078536766 3051 
1034 1218 138 0.7544462718799351 3000 
1035 1218 137 0.31535044862020206 3057 
1036 1218 136 0.14919333585995934 3139 
1037 1218 134 0.047095121210811206 3048 
1038 1218 134 0.6994139397607172 3063 
1039 1218 129 0.6352584436198003 3077 
1040 1218 126 0.2755875858977043 3146 
1041 1218 134 0.36924704065542036 3017 
1042 1218 121 0.5842151276302874 2982 
1043 1218 137 0.5328749987273327 2992 
1044 1218 129 0.03661355773740664 3031 
1045 1225 119 0.013972190376706509 2992 
1046 1225 128 0.2640960203386505 3110 
1047 1225 136 0.07569362917906387 2999 
1048 1225 125 0.5487256866671781 3091 
1049 1225 127 0.6109128250315228 3126 
1050 1225 125 0.8953152478721431 3078 
1051 1225 124 0.5220410679750184 3000 
1052 1225 123 0.49441966802530385 3127 
1053 1225 133 0.4023052691287285 3022 
1054 1225 130 0.06939674762858138 3097 
1055 1225 128 0.23777819040774067 3061 
1056 1225 125 0.5749247880059107 3029 
1057 1225 123 0.26283102055842794 2994 
1058 1225 127 0.783201397572155 3110 
1059 1225 124 0.6180150199502088 3064 
1060 1225 119 0.09431072085399188 3118 
1061 1241 120 0.2705548105294527 3128 
1062 1241 134 0.8223357260476676 3084 
1063 1241 130 0.5824328541860591 3146 
1064 1241 129 0.09827055624941192 3134 
1065 1241 127 0.15566388711278153 3073 
1066 1241 135 0.8151989068100411 3027 
1067 1241 124 0.6385180156813205 3080 
1068 1241 137 0.5948698607259361 3032 
1069 1241 131 0.8861330345049334 3100 
1070 1241 126 0.33312127144051545 3060 
1071 1241 119 0.18192022016194406 3064 
1072 1241 132 0.2732293304520602 3112 
1073 1241 129 0.6094333377400925 3050 
1074 1241 131 0.4576626849869409 3070 
1075 1241 130 0.07504557012150545 3121 
1076 1241 126 0.35334649702751597 3110 
1077 1241 121 0.26839576709205637 3035 
1078 1241 132 0.5845448574180434 3153 
1079 1241 122 0.3751151446202803 3137 
1080 1241 123 0.606767134838796 3108 
1081 1241 131 0.6803820684004023 3031 
1082 1241 130 0.16508010141805812 3070 
1083 1241 134 0.3232841869359016 3032 
1084 1241 123 0.465221250119205 3034 
1085 1243 121 0.0893383685876287 2993 
1086 1243 133 0.04614005516221274 3022 
1087 1243 130 0.6410312001966539 3003 
1088 1243 130 0.5265048366515729 3057 
1089 1243 121 0.6110079687590442 3095 
1090 1243 123 0.47056317015359644 3036 
1091 1243 138 0.6615645550895649 3056 
1092 1243 133 0.39261384280355816 3109 
1093 1243 139 0.21579580697985123 3011 
1094 1243 128 0.7753864153375027 3098 
1095 1243 130 0.8823780105704698 3100 
1096 1243 120 0.5387226565011559 3069 
1097 1243 133 0.08445397603120937 3029 
1098 1243 130 0.33031541139950826 3086 
1099 1243 120 0.2395488709996422 3133 
1100 1243 128 0.312984963066993 3150 
1101 1243 132 0.4238498767198779 3077 
1102 1243 139 0.36415864655552604 3152 
1103 1243 137 0.6848172737483036 2984 
1104 1243 136 0.15329526082997735 3147 
1105 1243 119 0.798961752141579 2980 
1106 1243 132 0.6263002170043196 3046 
1107 1243 136 0.16910819305216357 3006 
1108 1243 120 0.6067487639698739 3020 
1109 1259 121 0.6009041029625376 2964 
1110 1259 129 0.6795423592333213 3115 
1111 1259 137 0.6327604253567118 3071 
1112 1259 132 0.7381722628464199 2961 
1113 1259 134 0.8405707976352568 3051 
1114 1259 133 0.43412469005614 2969 
1115 1259 137 0.2663743720681981 3125 
1116 1259 123 0.5715635179449966 3075 
1117 1259 119 0.8612519402326093 3126 
1118 1259 134 0.2783977972644243 3124 
1119 1259 123 0.011673298367930731 3070 
1120 1259 135 0.8576151673212724 3081 
1121 1259 120 0.4037788982822416 3055 
1122 1259 138 0.5302684962844066 3064 
1123 1259 130 0.5434379275348165 3078 
1124 1259 139 0.7985750420055135 3053 
1125 1259 128 0.6238207179842424 2963 
1126 1259 135 0.23230374064628542 3113 
1127 1259 131 0.3277206418212058 3146 
1128 1259 125 0.061606783300082416 3035 
1129 1259 119 0.6171786083845247 3006 
1130 1259 132 0.8070972387770861 3068 
1131 1259 136 0.13807759494147898 2963 
1132 1259 128 0.7888769766044883 3004 
1133 1263 133 0.6564135627909288 2979 
1134 1263 126 0.24502301981883737 2962 
1135 1263 124 0.11773275379305907 2987 
1136 1263 127 0.2656914116074472 2991 
1137 1263 120 0.6061797604597816 2974 
1138 1263 126 0.22886945335115785 3070 
1139 1263 132 0.1961649673694908 3131 
1140 1263 135 0.6195468926815656 3155 
1141 1263 138 0.3989886916015056 3034 
1142 1263 137 0.7773857068592073 3012 
1143 1263 124 0.1335460354873574 3034 
1144 1263 138 0.16164030224165202 3069 
1145 1263 128 0.634443450269397 3044 
1146 1263 138 0.1708639774052409 3129 
1147 1263 134 0.28312457779732003 2967 
1148 1263 139 0.41753932779708736 3143 
1149 1263 123 0.6329759642857186 3090 
1150 1263 123 0.565474868026987 3010 
1151 1263 129 0.8976524316471758 3052 
1152 1263 133 0.2102461178742547 3024 
1153 1263 125 0.8890840833474032 3114 
1154 1263 131 0.7392472684951351 3077 
1155 1263 128 0.13232673131722944 3073 
1156 1263 120 0.29354500497998365 3145 
1157 1295 123 0.8176896656202144 3139 
1158 1295 119 0.1583012454752425 3109 
1159 1295 130 0.05956225327264344 3002 
1160 1295 134 0.13159248899232678 3050 
1161 1295 119 0.4518089098483402 2991 
1162 1295 126 0.17544358860271123 2979 
1163 1295 132 0.5320119835377891 2990 
1164 1295 135 0.7228558359584185 3013 
1165 1295 130 0.8031153569037058 2990 
1166 1295 137 0.7092516204234076 3089 
1167 1295 123 0.11187346236116329 3146 
1168 1295 138 0.7174062062801284 3017 
1169 1295 129 0.7961338526334691 3008 
1170 1295 131 0.04745780334095502 3153 
1171 1295 134 0.26713042117720964 3101 
1172 1295 137 0.6912966355864998 3095 
1173 1295 135 0.5154131184448703 3056 
1174 1295 126 0.054120811058524926 3092 
1175 1295 136 0.14491872891224042 3044 
1176 1295 123 0.6770873586168598 2982 
1177 1295 139 0.7598412448554964 3066 
1178 1295 137 0.04140924699001242 3121 
1179 1346 121 0.29953660375592817 3050 
1180 1346 132 0.06553001813581615 3110 
1181 1346 127 0.795946352782132 2976 
1182 1346 135 0.5981052910838023 3103 
1183 1346 122 0.13537519425316383 3054 
1184 1346 120 0.24519711393940233 3087 
1185 1346 125 0.5420302791377346 3137 
1186 1346 125 0.17236523335879061 3081 
1187 1346 119 0.6496617053738392 3134 
1188 1346 126 0.2998403639531908 3122 
1189 1346 123 0.14633776898477324 2966 
1190 1346 137 0.021385197187878506 3020 
1191 1346 134 0.45735100106772214 2996 
1192 1346 119 0.6673108877924094 3051 
1193 1346 139 0.824323913192559 2979 
1194 1346 138 0.32240258692898865 3009 
1195 1346 135 0.559677353026885 3120 
1196 1346 122 0.8521454162639671 2959 
1197 1366 120 0.7142000356277379 3053 
1198 1366 122 0.8079511668485875 3037 
1199 1366 132 0.07336480465787237 3133 
1200 1366 132 0.17089604337740888 2991 
1201 1366 124 0.44221146517301124 3138 
1202 1366 119 0.6967587135575671 2987 
1203 1366 123 0.5265748333223083 3060 
1204 1366 123 0.0999447448864998 2987 
1205 1366 127 0.5057980015038863 3024 
1206 1366 138 0.7393459947831097 3039 
1207 1366 128 0.8433358456981389 3025 
1208 1366 123 0.24222184939247643 3054 
1209 1366 119 0.3816579743749712 2969 
1210 1366 125 0.2789403311948166 2957 
1211 1366 120 0.2713529286229231 3114 
1212 1366 135 0.28647670617542886 2955 
1213 1366 133 0.06856180875492988 3020 
1214 1366 120 0.46270692401458247 3078 
1215 1366 122 0.7388601255006986 2955 
1216 1366 132 0.6465946174923243 3045 
1217 1366 134 0.12445823030846151 3155 
1218 1367 119 0.5301389468964601 3135 
1219 1367 135 0.4841709913196712 3064 
1220 1367 123 0.32004243693236617 3015 
1221 1367 122 0.6225150028792056 2988 
1222 1367 128 0.023013914067567018 3136 
1223 1367 135 0.27593007802816305 3111 
1224 1367 124 0.2190357874086392 2960 
1225 1367 120 0.21914155630525065 3134 
1226 1367 122 0.09746928281289124 3073 
1227 1367 132 0.21375617089985732 3003 
1228 1367 119 0.5100793675897376 3102 
1229 1367 128 0.41515864747878833 2971 
1230 1367 130 0.6854575384241317 3114 
1231 1367 121 0.6921929442175168 3055 
1232 1367 125 0.6779031463868121 3100 
1233 1367 119 0.22733692260636082 3004 
1234 1367 126 0.11712849851884594 2961 
1235 1367 133 0.24348911993547676 3141 
1236 1367 138 0.024052248556231535 3005 
1237 1367 130 0.8233525544679063 3118 
1238 1367 129 0.5709810954080452 3129 
1239 1367 120 0.5332270250879554 3112 
1240 1367 134 0.6678798108640406 3057 
1241 1368 130 0.4027338002856029 3143 
1242 1368 139 0.30510402860917696 3120 
1243 1368 122 0.4297399613956038 3104 
1244 1368 134 0.8666532254897029 3004 
1245 1368 122 0.0791480167864049 3088 
1246 1368 122 0.5039104789734838 3044 
1247 1368 119 0.6564994596283666 3061 
1248 1368 123 0.26208405163278564 3138 
1249 1368 119 0.4357564787325016 3117 
1250 1368 124 0.8802452297769039 2962 
1251 1368 137 0.11886511375116184 2986 
1252 1368 125 0.26282993297017665 3042 
1253 1368 120 0.34911286331400015 3124 
1254 1368 119 0.7754596943551962 3087 
1255 1368 122 0.19619214621432288 2969 
1256 1368 122 0.3940431807646772 3130 
1257 1368 123 0.3996119237824518 3004 
1258 1412 128 0.3166165299791927 3143 
1259 1412 137 0.7481492428280502 3016 
1260 1412 135 0.1113059255137976 3070 
1261 1412 119 0.40772496343596254 3044 
1262 1412 139 0.29522347964398005 2986 
1263 1412 126 0.03560822528631994 3135 
1264 1412 135 0.25589616444841656 3032 
1265 1412 120 0.7515697835894222 2963 
1266 1412 137 0.8384137954701072 3053 
1267 1412 123 0.24555399652601612 3109 
1268 1412 119 0.3030421306507029 3052 
1269 1412 128 0.13879494848400442 3001 
1270 1412 139 0.8063624934829853 2991 
1271 1412 138 0.6172681844257244 3067 
1272 1412 126 0.44031479133426266 2973 
1273 1413 138 0.7471465481680007 3149 
1274 1413 129 0.4446484754098393 3060 
1275 1413 123 0.5130270921547763 3056 
1276 1413 130 0.11706658862567149 3118 
1277 1413 133 0.4131731407712856 3027 
1278 1413 124 0.8147423222193948 3131 
1279 1413 130 0.6183677340857452 3010 
1280 1413 120 0.5380625539552535 3043 
1281 1413 126 0.38867311415041417 2963 
1282 1413 138 0.857883216337722 2980 
1283 1413 139 0.7671560320994404 3008 
1284 1413 124 0.487193869747573 3107 
1285 1413 120 0.30336582171748244 3021 
1286 1413 132 0.2866062282091342 3120 
1287 1413 119 0.7675996220048201 2992 
1288 1413 135 0.7805145490935419 3128 
1289 1413 127 0.633703348745938 3135 
1290 1413 134 0.5722856191322545 3152 
1291 1413 119 0.12349491856383193 3069 
1292 1413 119 0.022047770963224925 2985 
1293 1413 133 0.782246321960336 3108 
1294 1413 125 0.4224994714687035 3005 
1295 1414 132 0.7915407774293717 2963 
1296 1414 121 0.3497991135249757 3085 
1297 1414 134 0.6824357344284923 3136 
1298 1414 119 0.5155029307162096 3154 
1299 1414 134 0.27867585300623443 2978 
1300 1414 138 0.5393735302301147 3069 
1301 1414 132 0.42249085475000253 3111 
1302 1414 135 0.5381834089925276 2994 
1303 1414 124 0.2537013454923621 2968 
1304 1414 127 0.8897457746487907 2971 
1305 1414 126 0.422542039300498 3100 
1306 1414 137 0.6791732609832914 3024 
1307 1414 120 0.7344253318357695 2982 
1308 1414 120 0.3972342599644596 3113 
1309 1414 132 0.3640013493222781 3038 
1310 1414 126 0.35809252052103785 2959 
1311 1496 130 0.44217274999967726 3072 
1312 1496 129 0.7632319399229449 3013 
1313 1496 120 0.2919638189466226 3011 
1314 1496 127 0.14857650025680716 2974 
1315 1496 127 0.4925184234214781 3002 
1316 1496 128 0.5541401681726164 3130 
1317 1496 139 0.2608441875575682 3035 
1318 1496 131 0.18359053536031444 3141 
1319 1496 136 0.20130618225451935 2981 
1320 1496 119 0.1510699893020819 2958 
1321 1496 139 0.31394679160699945 2972 
1322 1496 131 0.8202938233680669 3015 
1323 1496 127 0.3232238105484579 3098 
1324 1496 119 0.01869044698367635 3054 
1325 1496 139 0.3638896853359971 3049 
1326 1496 126 0.661564345034738 2990 
1327 1496 128 0.10973544433757311 3099 
1328 1496 127 0.21323981314465662 3028 
1329 1496 127 0.2989192586736567 3126 
1330 1503 139 0.238259218750024 3128 
1331 1503 125 0.3584199460326691 3002 
1332 1503 131 0.6597641592996175 2966 
1333 1503 136 0.21338760995800174 2955 
1334 1503 128 0.11304221640740594 3025 
1335 1503 119 0.278918971123915 2983 
1336 1503 125 0.7107867689996026 3082 
1337 1503 122 0.23946436389869258 3079 
1338 1503 133 0.050941659278291675 3018 
1339 1503 130 0.6149266105462513 3082 
1340 1503 134 0.3183310893771489 2969 
1341 1503 130 0.46214425916701707 3123 
1342 1503 136 0.2913354598444132 3053 
1343 1503 138 0.056004351427367254 2986 
1344 1503 134 0.816119250414299 2986 
1345 1503 126 0.11338926397491922 3128 
1346 1518 129 0.5374391095997478 3061 
1347 1518 138 0.052157636445327 3067 
1348 1518 138 0.27494501536414684 3154 
1349 1518 130 0.8477854757156617 3004 
1350 1518 119 0.6935303984725059 3142 
1351 1518 126 0.21816905867174502 3063 
1352 1518 124 0.7889747341828914 3042 
1353 1518 133 0.4044896851266946 2964 
1354 1518 131 0.30094241883833706 2976 
1355 1518 130 0.696944460346559 3088 
1356 1518 126 0.8167369836958527 3007 
1357 1518 124 0.5427558405807446 2973 
1358 1518 121 0.5069098654308802 3035 
1359 1518 138 0.7831431005971566 3060 
1360 1518 126 0.06296909042435968 3098 
1361 1518 134 0.41820952486787394 2975 
1362 1518 129 0.8004074689969233 3036 
1363 1518 139 0.14762004045982044 3058 
1364 1518 119 0.7521746494554211 3134 
1365 1518 134 0.08655694556346717 3019 
1366 1519 137 0.7826209574328366 3101 
1367 1519 127 0.7338103709375883 2970 
1368 1519 139 0.4336642540016627 3082 
1369 1519 125 0.3202151822326701 3059 
1370 1519 139 0.17445713389164005 3018 
1371 1519 139 0.6762855802596748 2990 
1372 1519 130 0.06660242337519774 3031 
1373 1519 135 0.3482488562891247 3026 
1374 1519 130 0.05128152527265343 3009 
1375 1519 119 0.49939220375358145 3122 
1376 1519 124 0.1894613429349684 3129 
1377 1519 137 0.4064521189459702 2982 
1378 1519 139 0.29778492908415133 3036 
1379 1519 127 0.4538477684698326 2980 
1380 1519 138 0.1654028480368697 3056 
1381 1519 139 0.10207579691135549 3142 
1382 1519 139 0.4914691991229439 2995 
1383 1519 132 0.7711096140765307 3060 
1384 1519 119 0.14871479760754347 3056 
1385 1519 125 0.036884755558822105 3059 
1386 1519 122 0.7436464282445557 3009 
1387 1519 129 0.12381139451094286 2979 
1388 1519 120 0.11472494431417858 3150 
1389 1520 125 0.4101586545216654 3054 
1390 1520 130 0.26649170547107776 3146 
1391 1520 132 0.04046329156316569 3013 
1392 1520 119 0.14527405729755877 3149 
1393 1520 125 0.8695742274563335 3057 
1394 1520 125 0.4915957848544884 3074 
1395 1520 138 0.8359152365204339 2975 
1396 1520 136 0.4785314280137799 3004 
1397 1520 126 0.5818464116472105 3031 
1398 1520 132 0.7287639665894599 2985 
1399 1520 137 0.7315916320767503 3081 
1400 1520 139 0.8093314365698504 3064 
1401 1520 125 0.2544005105685647 2997 
1402 1520 121 0.6806889321615668 3016 
1403 1520 120 0.34760293111316115 3000 
1404 1520 120 0.8201713280697857 2982 
1405 1520 137 0.266284533789085 2987 
1406 1520 138 0.17775604412801677 3067 
1407 1520 135 0.889292725692539 2973 
1408 1520 134 0.5769514638727725 2960 
1409 1520 138 0.5161530485164711 3153 
1410 1520 127 0.4130612396121196 2999 
1411 1520 136 0.27117553313313947 3108 
1412 1535 128 0.5241288809600352 2977 
1413 1535 136 0.201796914968731 3079 
1414 1535 139 0.15070827193573405 3017 
1415 1535 134 0.39462658163044834 3123 
1416 1535 124 0.8182323511829823 2967 
1417 1535 128 0.6951651842507842 3153 
1418 1535 133 0.4806209203417358 3003 
1419 1535 122 0.5904341130453661 2988 
1420 1535 130 0.6005622553306953 3026 
1421 1535 135 0.5549301716318148 3113 
1422 1535 126 0.1337225406366931 3070 
1423 1535 125 0.37464439799588917 3143 
1424 1535 119 0.5834867432464738 3116 
1425 1535 129 0.6477275521567544 2984 
1426 1535 127 0.8100188224598119 2976 
1427 1535 125 0.04550103130562955 3121 
1428 1535 127 0.7064831683811126 3104 
1429 1535 129 0.8744004297451169 2957 
1430 1535 127 0.03234598953718131 3002 
1431 1535 126 0.36447877948384116 3130 
1432 1535 120 0.62034947905266 3094 
1433 1535 135 0.5615392355136243 3041 
1434 1557 120 0.6316495083768384 3073 
1435 1557 123 0.06729027065570212 2996 
1436 1557 120 0.5485961164624581 3144 
1437 1557 133 0.5730928930099319 3042 
1438 1557 133 0.6015280592952568 3063 
1439 1557 122 0.08553072721077057 3133 
1440 1557 128 0.5405024453713021 3077 
1441 1557 138 0.7188943720931645 3050 
1442 1557 130 0.612926061692344 3071 
1443 1557 124 0.738378167602608 3053 
1444 1557 119 0.12687406363507212 3028 
1445 1557 132 0.7304030758941942 3049 
1446 1557 127 0.6923943732435176 3103 
1447 1557 132 0.1597156510402596 3050 
1448 1557 135 0.6089875485618967 2995 
1449 1557 120 0.6565298531196025 3084 
1450 1557 126 0.3101877284893411 3039 
1451 1557 125 0.3026180435120731 3105 
1452 1557 127 0.5425234525792487 3146 
1453 1557 120 0.25440672541346515 3107 
1454 1557 120 0.6933811737687523 3014 
1455 1579 134 0.5679414239855023 3006 
1456 1579 138 0.6051461777384103 3153 
1457 1579 122 0.5570141601082536 2986 
1458 1579 132 0.022517903187857 3116 
1459 1579 121 0.40832958331896235 2980 
1460 1579 124 0.37531295850181234 3089 
1461 1579 119 0.5029121138426673 3142 
1462 1579 127 0.6861277726072953 3061 
1463 1579 119 0.879325777528463 3041 
1464 1579 126 0.8555717056018457 3104 
1465 1579 128 0.780375997173433 2967 
1466 1579 129 0.22214815998079698 3051 
1467 1579 128 0.5955138633793897 3015 
1468 1579 138 0.6893935062479 3043 
1469 1579 122 0.745959470713754 3042 
1470 1579 137 0.7589022506568521 2977 
1471 1579 134 0.12410394166827317 3045 
1472 1579 120 0.51925498790447 3147 
1473 1579 138 0.20069314027722937 3132 
1474 1579 128 0.16498108990791088 3133 
1475 1580 134 0.27541547024903706 3033 
1476 1580 120 0.3706501342544535 3046 
1477 1580 137 0.6650015580559286 3121 
1478 1580 128 0.2735048609257859 2970 
1479 1580 137 0.7956390586834245 3063 
1480 1580 127 0.1710955479873571 3082 
1481 1580 128 0.8099547283559364 3117 
1482 1580 129 0.37491792384060835 3032 
1483 1580 119 0.40296092155234814 3116 
1484 1580 137 0.685729908612536 2958 
1485 1580 124 0.5523099155760065 3015 
1486 1580 138 0.01252151782244916 2977 
1487 1580 133 0.20338169130805786 2985 
1488 1580 119 0.33512233318674456 2969 
1489 1580 129 0.864404204008721 3044 
1490 1580 131 0.17538218844818035 3124 
1491 1580 119 0.07548082005024483 3002 
1492 1580 133 0.5217835683464518 3052 
1493 1580 119 0.27362946151542006 3006 
1494 1580 130 0.8947871474963485 3149 
1495 1580 136 0.3645027272745155 3036 
1496 1581 121 0.319769700304222 3025 
1497 1581 125 0.6599548373195814 2959 
1498 1581 133 0.254839876991091 3012 
1499 1581 122 0.13925134076054876 3142 
1500 1581 137 0.10672582331677426 3142 
1501 1581 129 0.5038290768201701 3090 
1502 1581 139 0.4157892685990609 3144 
1503 1581 128 0.7019563287697592 2970 
1504 1581 137 0.7965940993728 3136 
1505 1581 130 0.7276598330920001 2959 
1506 1581 137 0.012981525391064844 2968 
1507 1581 126 0.43715410410325817 2981 
1508 1581 126 0.3335289036228296 3017 
1509 1581 131 0.6386737789667849 2955 
1510 1581 139 0.6663227698765853 2990 
1511 1581 129 0.507090097369005 3087 
1512 1581 137 0.7121632801656129 3098 
1513 1581 131 0.1419626006953844 3092 
1514 1581 123 0.5895132067268466 3093 
1515 1581 134 0.1196994004272021 3105 
1516 1581 128 0.48932599308273034 3026 
1517 1581 134 0.019541060782294013 3135 
1518 1603 137 0.30966072762742297 2958 
1519 1603 125 0.7711841321864624 3049 
1520 1603 124 0.19936163244087612 3086 
1521 1603 125 0.7068085824198873 3063 
1522 1603 129 0.036515829505606064 3058 
1523 1603 137 0.45565164440675143 3104 
1524 1603 130 0.8746608422300257 3021 
1525 1603 120 0.6173487928400061 2997 
1526 1603 122 0.3925054258729993 3121 
1527 1603 128 0.6485479559064752 2994 
1528 1603 133 0.2844353327012636 3135 
1529 1603 119 0.491093976051766 3016 
1530 1603 134 0.22816498958234127 3025 
1531 1603 120 0.14179350301314353 3052 
1532 1603 126 0.8551434966990692 3129 
1533 1603 133 0.39497703328285355 3152 
1534 1603 127 0.8630076224257008 2976 
1535 1604 137 0.8018101375580833 3123 
1536 1604 121 0.7600311136496789 3019 
1537 1604 119 0.7526195241194683 2987 
1538 1604 127 0.626756733872405 3079 
1539 1604 131 0.3954907674953061 3029 
1540 1604 132 0.536131552643211 3010 
1541 1604 138 0.6371301757380634 3021 
1542 1604 125 0.7444018627419182 3044 
1543 1604 132 0.11280878078819914 3083 
1544 1604 119 0.6870880549028712 3097 
1545 1604 132 0.6795002735406172 2981 
1546 1604 123 0.3831044729395078 3033 
1547 1604 123 0.023472736475703946 3153 
1548 1604 125 0.4950963424314102 3084 
1549 1604 133 0.5879163458937557 3093 
1550 1604 133 0.47670351680672984 3028 
1551 1604 130 0.8125609356688192 3113 
1552 1604 136 0.34025393909807394 3077 
1553 1604 122 0.12853718719845986 2989 
1554 1604 129 0.2771466142720974 3041 
1555 1604 119 0.48925515789420254 3037 
1556 1604 127 0.6727816795252274 3040 
1557 1605 120 0.483332109374011 2981 
1558 1605 131 0.8610805178194463 3108 
1559 1605 130 0.8217014919163828 3048 
1560 1605 126 0.6924003688038882 2959 
1561 1605 130 0.7769345787223705 3148 
1562 1605 138 0.4056849484346844 3023 
1563 1605 135 0.3115605061449701 3058 
1564 1605 121 0.5430659274748265 3003 
1565 1605 126 0.10318917365792944 3010 
1566 1605 126 0.8713392426234945 3090 
1567 1605 127 0.2274337458611496 2984 
1568 1605 135 0.03778352332311822 3020 
1569 1605 125 0.6589526453097958 3059 
1570 1605 131 0.8903995630307857 3037 
1571 1605 124 0.4405202177050314 3051 
1572 1605 133 0.8212639006829451 3124 
1573 1605 138 0.20358006392368083 3018 
1574 1605 126 0.7017623716057182 2992 
1575 1605 138 0.7098427128951333 3029 
1576 1605 134 0.33814834282717954 3008 
1577 1605 135 0.5294728908848939 3113 
1578 1605 131 0.6747095410168896 3122 
1579 1606 130 0.018263167564248117 3074 
1580 1606 121 0.4235470264011265 3110 
1581 1606 134 0.4531166431258332 3064 
1582 1606 139 0.5309105911799512 3106 
1583 1606 138 0.4575893720542226 3100 
1584 1606 129 0.7562327240702343 3154 
1585 1606 124 0.03815973716119678 3151 
1586 1606 128 0.789889312257686 3074 
1587 1606 135 0.8581274608005749 3122 
1588 1606 119 0.7217516282227056 3024 
1589 1606 121 0.8266349529078416 3041 
1590 1606 134 0.3444829778305994 3127 
1591 1606 132 0.4409117199705512 3142 
1592 1606 137 0.1985948845401497 3028 
1593 1606 126 0.6154821982492173 3086 
1594 1606 127 0.5980296067907263 3106 
1595 1606 125 0.5124690858359637 3050 
1596 1606 135 0.4411555740918509 3087 
1597 1606 139 0.5565418951581959 3151 
1598 1606 124 0.32582705688062724 3129 
1599 1606 125 0.3784946756028502 3149 
1600 1606 131 0.41669839451182356 2982 
1601 1606 120 0.5985694163613297 3114 
1602 1606 123 0.6368430749387881 3044 
1603 1667 132 0.7725715027451208 3132 
1604 1667 130 0.17638517236882623 3039 
1605 1667 124 0.8087505920015705 3062 
1606 1667 121 0.7318431882503671 2986 
1607 1667 133 0.3730232934671049 3095 
1608 1667 120 0.2328683330586446 3074 
1609 1667 128 0.8702894284354828 3033 
1610 1667 138 0.8392919996973758 3083 
1611 1667 139 0.5404690400409631 3148 
1612 1667 127 0.6875987785700786 3097 
1613 1667 130 0.10642320694369836 2990 
1614 1667 130 0.012220560009523512 2992 
1615 1667 128 0.8524119415377234 3102 
1616 1667 130 0.6601030138215821 3051 
1617 1667 122 0.8075504690237597 3075 
1618 1667 122 0.4297844223912588 3011 
1619 1667 125 0.4821824941016067 2961 
1620 1667 131 0.5845191638211968 3101 
1621 1667 123 0.2498466322523614 2970 
1622 1668 133 0.16673727350462236 3038 
1623 1668 124 0.18680690211436793 2992 
1624 1668 127 0.09421109272866471 2968 
1625 1668 133 0.47893898184839434 3015 
1626 1668 135 0.23853924231135168 3053 
1627 1668 135 0.30064141210653483 3134 
1628 1668 126 0.6029990413151023 3036 
1629 1668 121 0.8551562373079223 3012 
1630 1668 131 0.19428396560846461 3152 
1631 1668 135 0.4195462158264724 2978 
1632 1668 126 0.6680809532768307 3101 
1633 1668 119 0.34258145769557974 3081 
1634 1668 133 0.8995168215634735 3122 
1635 1668 127 0.8354380916600058 2962 
1636 1668 138 0.44309436765996446 3054 
1637 1668 125 0.30548143784572646 2971 
1638 1668 128 0.06083606049435844 3077 
1639 1668 135 0.826740931014161 3137 
1640 1668 121 0.8710544667277864 2987 
1641 1668 123 0.7259835359742469 2973 
1642 1668 138 0.5926032757314081 3130 
1643 1668 132 0.4191361668533741 3004 
1644 1668 126 0.3209696697783664 3003 
1645 1668 137 0.8006261421294086 2990 
1646 1669 130 0.21975815440437707 3087 
1647 1669 119 0.1591951138365576 3153 
1648 1669 122 0.6984057290737398 3047 
1649 1669 139 0.23136115586579328 3011 
1650 1669 131 0.6986614911138895 3021 
1651 1669 122 0.2551895845260755 3021 
1652 1669 132 0.7288967002596327 3071 
1653 1669 131 0.6659424554691931 3125 
1654 1669 133 0.33682068181183544 3101 
1655 1669 126 0.16206365455720606 3080 
1656 1669 126 0.06950772478369568 2990 
1657 1669 133 0.8365126369607853 3035 
1658 1669 139 0.3407487299543615 3054 
1659 1669 133 0.6582261719614789 3046 
1660 1669 123 0.857843680510397 3131 
1661 1669 122 0.7545276352908153 3004 
1662 1669 137 0.46176850842984735 3141 
1663 1669 123 0.8254922527119025 3064 
1664 1669 135 0.17720839452563164 3086 
1665 1669 128 0.7474006317235902 3021 
1666 1669 137 0.39127222404542367 3137 
1667 1730 138 0.750996036128615 3017 
1668 1730 135 0.2401432828387923 2984 
1669 1730 138 0.18982414399991973 3057 
1670 1730 137 0.5848633888318914 3099 
1671 1730 120 0.2602302165519774 3060 
1672 1730 137 0.6181566395584533 3149 
1673 1730 135 0.3273357490171347 3008 
1674 1730 128 0.4117345777315302 3011 
1675 1730 132 0.48912067205289694 3085 
1676 1730 123 0.2409212523244688 2997 
1677 1730 121 0.7075052171131258 3130 
1678 1730 132 0.2880975982439978 3008 
1679 1730 125 0.6586902252026604 3007 
1680 1730 130 0.12893837943844463 2993 
1681 1730 126 0.2718223110252289 3064 
1682 1730 136 0.11988708885735744 2984 
1683 1730 137 0.33976721250093717 3064 
1684 1730 134 0.6165257665199402 3013 
1685 1730 134 0.5075470560551526 3036 
1686 1730 122 0.5822177810503457 3083 
1687 1730 134 0.12893460184272207 3074 
1688 1730 136 0.7914962186274382 3029 
1689 1730 130 0.5950121604950763 3033 
1690 1731 132 0.18775094343568338 3148 
1691 1731 137 0.745685208777236 3150 
1692 1731 128 0.20672225243172235 3097 
1693 1731 122 0.6868212841937534 3127 
1694 1731 136 0.8043953590667243 3100 
1695 1731 124 0.08058493493576714 2991 
1696 1731 121 0.86121515655953 2972 
1697 1731 134 0.7775318808319333 2991 
1698 1731 138 0.08524886666056508 3021 
1699 1731 127 0.5169768014106687 3032 
1700 1731 123 0.0653347212439058 3138 
1701 1731 134 0.6731952245288658 3106 
1702 1731 120 0.6800130281408149 3018 
1703 1731 121 0.6282485770770806 3011 
1704 1731 119 0.801107862226346 3080 
1705 1731 136 0.7369669252862467 3047 
1706 1731 129 0.617624051549684 2956 
1707 1731 128 0.26676223793387144 3015 
1708 1731 137 0.8531299283276685 3071 
1709 1731 135 0.2509706661171909 2995 
1710 1752 130 0.566677685578964 2977 
1711 1752 126 0.40459323721396834 3043 
1712 1752 135 0.2873840072055906 3047 
1713 1752 134 0.4363138356380917 3006 
1714 1752 138 0.38693647913186885 3147 
1715 1752 120 0.7368920292677296 3120 
1716 1752 130 0.4211490834721994 2963 
1717 1752 137 0.11855561344436324 2959 
1718 1752 123 0.5700764878728408 3037 
1719 1752 121 0.773071606436902 3068 
1720 1752 127 0.1600715662597608 2988 
1721 1752 139 0.6702567152727967 3046 
1722 1752 124 0.01681789156279956 3042 
1723 1752 124 0.3658322093292862 3150 
1724 1752 136 0.36387716711207246 2967 
1725 1752 130 0.7483859236247583 3131 
1726 1752 134 0.26303404494701227 2984 
1727 1752 130 0.15913755495756363 3143 
1728 1752 119 0.3013987729309489 2964 
1729 1752 132 0.13920987827009695 2974 
1730 1773 124 0.48036090053156727 3136 
1731 1773 122 0.41730148056722893 3003 
1732 1773 124 0.2317234109679038 3146 
1733 1773 128 0.04368488164371042 2973 
1734 1773 126 0.3240093998698566 3101 
1735 1773 122 0.500966023940932 3088 
1736 1773 122 0.6895881731136784 3108 
1737 1773 125 0.8174278729430147 3134 
1738 1773 123 0.10577482191755959 3142 
1739 1773 133 0.8765039199101037 3036 
1740 1773 123 0.4886984842695841 3021 
1741 1773 132 0.8847748715607411 2996 
1742 1773 122 0.5024420970713079 2959 
1743 1773 120 0.3132877470906687 3098 
1744 1773 124 0.5279362256405878 3040 
1745 1773 137 0.10835986867784231 2995 
1746 1773 138 0.08925718463383692 3057 
1747 1773 127 0.2717198577229568 3135 
1748 1773 134 0.7391891947864764 2992 
1749 1773 126 0.266081441415984 3027 
1750 1773 132 0.05086869905118611 3048 
1751 1773 128 0.6778054545532302 3001 
1752 1775 135 0.15879174382025485 3057 
1753 1775 137 0.8444293092951894 3109 
1754 1775 128 0.20157809593007478 3051 
1755 1775 126 0.7388489967846226 3120 
1756 1775 138 0.4086275631184034 3033 
1757 1775 124 0.36040677344140953 3081 
1758 1775 123 0.2983827976770413 2975 
1759 1775 122 0.76223288440606 3140 
1760 1775 123 0.30557142976735574 3118 
1761 1775 125 0.15140226367604734 3121 
1762 1775 135 0.42484634091765755 3015 
1763 1775 119 0.058470076804488694 3034 
1764 1775 130 0.7758332431770696 3002 
1765 1775 120 0.12228116997261786 2998 
1766 1775 119 0.03855179993768127 3109 
1767 1775 122 0.8645300658281763 3089 
1768 1775 123 0.1911819804726869 3031 
1769 1775 124 0.0371049644810573 2999 
1770 1775 123 0.32830179619867494 2965 
1771 1775 129 0.11678644436706859 3103 
1772 1775 134 0.5578096131033424 3131 
1773 1817 130 0.20071664836414368 3070 
1774 1817 123 0.3174510323296741 3085 
1775 1817 139 0.6048380513652589 3103 
1776 1817 128 0.3349492394652618 3077 
1777 1817 124 0.07431889977922645 3047 
1778 1817 129 0.7147753346176704 3150 
1779 1817 133 0.3836762801402895 3045 
1780 1817 123 0.6210339145546042 3118 
1781 1817 130 0.5706982130102569 2961 
1782 1817 133 0.08371281523709201 2989 
1783 1817 120 0.10566128591290694 3118 
1784 1817 130 0.1956076152480704 3055 
1785 1817 132 0.2730073869116006 3059 
1786 1817 127 0.32469002204181047 3097 
1787 1817 136 0.10085354654835157 3143 
1788 1817 124 0.20617896542674605 3142 
1789 1817 121 0.19512724731513983 3084 
1790 1817 136 0.34917228008843615 3099 
1791 1817 126 0.10805870395504925 3050 
1792 1817 136 0.0928547476061425 3028 
1793 1817 137 0.2145438741843819 2974 
1794 1817 129 0.89157845965418 3002 
1795 1817 136 0.874929003937824 3005 
1796 1817 122 0.8621689189662881 3122 
1797 1857 119 0.32434415580513143 2957 
1798 1857 126 0.4415495877789901 3075 
1799 1857 127 0.8809899438110893 3108 
1800 1857 134 0.8368240032807889 2983 
1801 1857 123 0.4651115384483221 3010 
1802 1857 139 0.09681401144759588 3067 
1803 1857 123 0.7614198536649786 3058 
1804 1857 120 0.49059119241902666 3005 
1805 1857 124 0.6414925352660397 3076 
1806 1857 138 0.23532198654962277 2994 
1807 1857 126 0.6715685736619846 3127 
1808 1857 125 0.8242095006715657 2955 
1809 1857 135 0.5577056123887701 3062 
1810 1857 124 0.7706254682705154 2970 
1811 1857 138 0.3475071021297194 3135 
1812 1857 121 0.8143548070103701 3010 
1813 1857 127 0.5977874630924913 2965 
1814 1857 122 0.7484394398947327 3141 
1815 1857 133 0.5598555107362688 3116 
1816 1857 119 0.28339971263567254 2956 
1817 1874 136 0.6836053864015488 3135 
1818 1874 130 0.12856543246630592 2992 
1819 1874 131 0.16442307865398104 3055 
1820 1874 129 0.5091494158302177 3002 
1821 1874 122 0.17089115386576342 2975 
1822 1874 124 0.08801894671702451 3064 
1823 1874 127 0.0822610419815531 3097 
1824 1874 122 0.12418244773278593 3145 
1825 1874 128 0.30444084381601544 2986 
1826 1874 125 0.21743867385584725 2987 
1827 1874 123 0.07065458686479101 2965 
1828 1874 137 0.8354712555509538 3096 
1829 1874 125 0.8330795252394299 2983 
1830 1874 137 0.4816242553602085 3089 
1831 1874 139 0.022981030120448248 3107 
1832 1874 123 0.32239982217070495 3004 
1833 1874 139 0.8051154768276894 3054 
1834 1874 133 0.30874003898859487 3029 
1835 1874 122 0.013639461487655782 2961 
1836 1875 139 0.4713673923071028 2971 
1837 1875 122 0.5324426588991478 2982 
1838 1875 122 0.5776985385255456 3006 
1839 1875 128 0.8331380240532411 3145 
1840 1875 124 0.18942083450039476 3067 
1841 1875 134 0.88963171530931 3152 
1842 1875 123 0.36919090904072926 2960 
1843 1875 119 0.17765015565630665 3083 
1844 1875 129 0.32388875663920114 2998 
1845 1875 136 0.7256796488389082 3129 
1846 1875 125 0.741023110295247 3122 
1847 1875 132 0.4485909119307676 3098 
1848 1875 131 0.1392935712195705 3127 
1849 1875 126 0.6220803797492734 3037 
1850 1875 131 0.11197790847717853 2974 
1851 1875 138 0.7549351721429017 3037 
1852 1875 131 0.4146995716672625 3151 
1853 1875 133 0.7712417003300656 3022 
1854 1875 136 0.10611867314196635 3100 
1855 1875 131 0.4595715544678554 3055 
1856 1875 125 0.6387090241148577 3095 
1857 1891 138 0.3760030927763143 3024 
1858 1891 135 0.6164826868163552 3097 
1859 1891 136 0.6524848772789683 3055 
1860 1891 122 0.7803166843632545 3079 
1861 1891 129 0.3407020662706891 3024 
1862 1891 129 0.33328396268928945 3015 
1863 1891 129 0.13494830531622465 3086 
1864 1891 125 0.3663711971917009 3128 
1865 1891 133 0.36251397432961663 3107 
1866 1891 130 0.17033258761830075 3104 
1867 1891 129 0.3581999108825993 3110 
1868 1891 127 0.754464897823887 3044 
1869 1891 133 0.3908661820579032 3007 
1870 1891 125 0.16285090761272383 3059 
1871 1891 131 0.5592392740595065 3148 
1872 1891 136 0.11670065084631977 2957 
1873 1891 132 0.023854752355052113 3111 
1874 1909 130 0.7403065077817607 3085 
1875 1909 129 0.09306789103945023 3133 
1876 1909 133 0.05778468983969344 3044 
1877 1909 131 0.5805439720213471 2978 
1878 1909 127 0.43437129066764807 3071 
1879 1909 127 0.2806262868590876 2975 
1880 1909 126 0.1258850760509619 3058 
1881 1909 125 0.043763191765680984 2956 
1882 1909 133 0.38990065245395183 3121 
1883 1909 119 0.14913152986203712 3155 
1884 1909 123 0.826190903404585 3074 
1885 1909 135 0.508319239175961 3053 
1886 1909 121 0.8204143183867455 3118 
1887 1909 131 0.0628419555616601 3026 
1888 1909 120 0.15995099405410218 2997 
1889 1909 136 0.6948010915992877 3122 
1890 1909 121 0.1378539097203128 3096 
1891 1910 127 0.4239537664979761 3111 
1892 1910 123 0.42436326980782835 3036 
1893 1910 128 0.2759124024075311 3139 
1894 1910 129 0.62442737762706 3069 
1895 1910 121 0.40986616978124285 3122 
1896 1910 119 0.7304116071563485 3135 
1897 1910 131 0.8520475116783591 3068 
1898 1910 128 0.6249382782320013 3009 
1899 1910 125 0.17260684679600188 2986 
1900 1910 120 0.7998968298234556 2985 
1901 1910 119 0.756384290230024 3074 
1902 1910 128 0.7309941307125879 3080 
1903 1910 123 0.5479262102636506 3122 
1904 1910 138 0.32562929683567604 3143 
1905 1910 121 0.17974130822421158 3014 
1906 1910 138 0.6055709843278764 2962 
1907 1910 134 0.24159673755755032 2963 
1908 1910 138 0.3019920600961228 3087 
1909 1954 135 0.7962851878616491 3078 
1910 1954 134 0.878600047102722 2984 
1911 1954 120 0.059381422327317315 3062 
1912 1954 121 0.1172474337860832 3007 
1913 1954 131 0.052581072640721885 3048 
1914 1954 126 0.27790210295612494 3082 
1915 1954 136 0.8323345988959867 2999 
1916 1954 126 0.47443340313137744 3108 
1917 1954 127 0.04117171458317206 3066 
1918 1954 127 0.8724812362603872 3013 
1919 1954 132 0.14251615798956604 3128 
1920 1954 132 0.8991376690821988 3121 
1921 1954 128 0.5669073485374473 3072 
1922 1954 123 0.8544987815911124 3025 
1923 1954 132 0.8964917975915364 3003 
1924 1954 136 0.7322385887130454 3048 
1925 1954 124 0.43539357849884786 3046 
1926 1954 129 0.8280312686658244 3089 
1927 1954 121 0.6576773958161383 3133 
1928 1954 129 0.21337607413806897 3111 
1929 1954 125 0.28781942194371685 2996 
1930 1954 128 0.3693270139517038 3067 
1931 1956 139 0.832750687789335 3016 
1932 1956 135 0.8565211106683397 3036 
1933 1956 120 0.5714242405520061 3135 
1934 1956 137 0.2858929369485502 3117 
1935 1956 126 0.07513139108588587 2985 
1936 1956 139 0.6297856400539431 3036 
1937 1956 129 0.021158478395289487 3006 
1938 1956 132 0.3515290257862153 3031 
1939 1956 124 0.706392357601867 3130 
1940 1956 139 0.6804325103728638 3065 
1941 1956 126 0.06452458549105256 2972 
1942 1956 139 0.26770834041709873 2980 
1943 1956 129 0.8074394158029474 2993 
1944 1956 134 0.8634129646683687 2956 
1945 1956 124 0.5391999076477241 3055 
1946 1956 132 0.5861334943672785 3141 
1947 1956 139 0.6198885685428117 3054 
1948 1956 120 0.055567719146602995 3142 
1949 1956 137 0.4112049603374274 3002 
1950 1956 126 0.1841880812206731 3094 
1951 1956 127 0.856639225806142 3119 
1952 1956 138 0.16520525531204142 3145 
1953 1956 119 0.4690590290307207 3079 
1954 1977 131 0.40343021473186247 3117 
1955 1977 139 0.1722913386293114 3079 
1956 1977 122 0.7272319813607104 3005 
1957 1977 137 0.4749174080994849 3049 
1958 1977 121 0.3597585691773053 3016 
1959 1977 135 0.7627575213042694 3152 
1960 1977 128 0.7012112351181925 3042 
1961 1977 138 0.34473379303309837 3073 
1962 1977 125 0.5227691171287522 3131 
1963 1977 129 0.3748977055220906 3092 
1964 1977 126 0.21197029542159243 3069 
1965 1977 132 0.23345492747497013 3081 
1966 1977 126 0.05753567860021106 3027 
1967 1977 122 0.2736181762098135 3133 
1968 1977 120 0.17290716278341947 3104 
1969 1977 125 0.8972107679560645 3155 
1970 1977 124 0.8477316786582249 3122 
1971 1977 122 0.402539488314952 2989 
1972 1977 128 0.20467489997146704 3144 
1973 1977 128 0.510217996244129 3139 
1974 1977 133 0.2874818877771337 3096 
1975 1977 127 0.8476435221844267 3130 
1976 1977 138 0.2559544579893391 2994 
1977 1999 121 0.34200173315965476 3090 
1978 1999 127 0.4169324598010888 2971 
1979 1999 139 0.23431105767352925 3100 
1980 1999 126 0.6069857953025906 2990 
1981 1999 136 0.45896354293308955 3058 
1982 1999 136 0.15655958703900982 3086 
1983 1999 136 0.8867726646575469 3148 
1984 1999 132 0.42392865647759864 3079 
1985 1999 132 0.19497911119234942 3010 
1986 1999 119 0.6203177761906862 2974 
1987 1999 137 0.7125224234240753 3112 
1988 1999 126 0.48400033146577714 3051 
1989 1999 120 0.2542997501995557 3083 
1990 1999 130 0.8211633035067031 3048 
1991 1999 128 0.4276222594715588 3079 
1992 1999 124 0.1479265879621339 2975 
1993 1999 128 0.5060005731251838 2959 
1994 1999 132 0.707765120473023 2998 
1995 1999 131 0.1436397755855537 2995 
1996 1999 131 0.4178938712845295 2990 
1997 1999 126 0.5631049921689184 3035 
1998 1999 125 0.19770880196748455 3032 
1999 2000 134 0.30350494196693695 3032 
2000 0 128 0.8687301734503083 3025 
